-2.432000000000000000e+03
-2.476000000000000000e+03
-2.312000000000000000e+03
-2.392000000000000000e+03
-2.408000000000000000e+03
-2.412000000000000000e+03
-2.492000000000000000e+03
-2.540000000000000000e+03
-2.472000000000000000e+03
-2.300000000000000000e+03
-2.496000000000000000e+03
-2.420000000000000000e+03
-2.284000000000000000e+03
-2.360000000000000000e+03
-2.448000000000000000e+03
-2.404000000000000000e+03
-2.368000000000000000e+03
-2.468000000000000000e+03
-2.320000000000000000e+03
-2.400000000000000000e+03
-2.500000000000000000e+03
-2.464000000000000000e+03
-2.416000000000000000e+03
-2.456000000000000000e+03
-2.488000000000000000e+03
-2.308000000000000000e+03
-2.328000000000000000e+03
-2.324000000000000000e+03
-2.572000000000000000e+03
-2.372000000000000000e+03
-2.288000000000000000e+03
-2.332000000000000000e+03
-2.376000000000000000e+03
-2.676000000000000000e+03
-2.532000000000000000e+03
-2.364000000000000000e+03
-2.388000000000000000e+03
-2.516000000000000000e+03
-2.304000000000000000e+03
-2.440000000000000000e+03
-2.504000000000000000e+03
-2.460000000000000000e+03
-2.296000000000000000e+03
-2.344000000000000000e+03
-2.612000000000000000e+03
-2.628000000000000000e+03
-2.428000000000000000e+03
-2.436000000000000000e+03
-2.484000000000000000e+03
-2.508000000000000000e+03
-2.568000000000000000e+03
-2.444000000000000000e+03
-2.564000000000000000e+03
-2.256000000000000000e+03
-2.560000000000000000e+03
-2.548000000000000000e+03
-2.520000000000000000e+03
-2.240000000000000000e+03
-2.356000000000000000e+03
-2.544000000000000000e+03
-2.212000000000000000e+03
-2.276000000000000000e+03
-2.272000000000000000e+03
-2.396000000000000000e+03
-2.164000000000000000e+03
-2.316000000000000000e+03
-2.268000000000000000e+03
-2.200000000000000000e+03
-2.528000000000000000e+03
-2.608000000000000000e+03
-2.536000000000000000e+03
-2.672000000000000000e+03
-2.604000000000000000e+03
-2.552000000000000000e+03
-2.640000000000000000e+03
-2.180000000000000000e+03
-2.352000000000000000e+03
-2.512000000000000000e+03
-2.384000000000000000e+03
-2.584000000000000000e+03
-2.656000000000000000e+03
-2.380000000000000000e+03
-2.092000000000000000e+03
-2.292000000000000000e+03
-2.340000000000000000e+03
-2.208000000000000000e+03
-2.556000000000000000e+03
-2.616000000000000000e+03
-2.424000000000000000e+03
-2.452000000000000000e+03
-2.260000000000000000e+03
-2.192000000000000000e+03
-2.188000000000000000e+03
-2.248000000000000000e+03
-2.664000000000000000e+03
-2.480000000000000000e+03
-2.252000000000000000e+03
-2.232000000000000000e+03
-2.264000000000000000e+03
-2.228000000000000000e+03
-2.068000000000000000e+03
-2.220000000000000000e+03
-2.056000000000000000e+03
-2.156000000000000000e+03
-2.348000000000000000e+03
-2.524000000000000000e+03
-2.172000000000000000e+03
-2.336000000000000000e+03
-2.576000000000000000e+03
-2.280000000000000000e+03
-2.600000000000000000e+03
-2.636000000000000000e+03
-2.588000000000000000e+03
-2.596000000000000000e+03
-2.580000000000000000e+03
-2.116000000000000000e+03
-2.204000000000000000e+03
-2.644000000000000000e+03
-2.244000000000000000e+03
-2.168000000000000000e+03
-2.144000000000000000e+03
-2.632000000000000000e+03
-2.592000000000000000e+03
-2.688000000000000000e+03
-2.236000000000000000e+03
-2.808000000000000000e+03
-2.624000000000000000e+03
-2.148000000000000000e+03
-2.620000000000000000e+03
-2.136000000000000000e+03
-2.680000000000000000e+03
-2.652000000000000000e+03
-2.224000000000000000e+03
-2.160000000000000000e+03
-2.196000000000000000e+03
-2.724000000000000000e+03
-2.696000000000000000e+03
-2.684000000000000000e+03
-2.756000000000000000e+03
-2.704000000000000000e+03
-2.072000000000000000e+03
-2.648000000000000000e+03
-2.216000000000000000e+03
-2.692000000000000000e+03
-2.152000000000000000e+03
-2.184000000000000000e+03
-2.176000000000000000e+03
-2.120000000000000000e+03
-2.752000000000000000e+03
-2.816000000000000000e+03
-2.712000000000000000e+03
-2.100000000000000000e+03
-2.708000000000000000e+03
-2.700000000000000000e+03
-2.720000000000000000e+03
-2.096000000000000000e+03
-2.132000000000000000e+03
-2.140000000000000000e+03
-2.668000000000000000e+03
-2.716000000000000000e+03
-2.764000000000000000e+03
-2.660000000000000000e+03
-2.128000000000000000e+03
-2.124000000000000000e+03
-2.732000000000000000e+03
-2.796000000000000000e+03
-2.736000000000000000e+03
-2.088000000000000000e+03
-2.804000000000000000e+03
-2.740000000000000000e+03
-2.044000000000000000e+03
-2.728000000000000000e+03
-2.800000000000000000e+03
-2.076000000000000000e+03
-2.748000000000000000e+03
-2.104000000000000000e+03
-2.768000000000000000e+03
-2.108000000000000000e+03
-2.780000000000000000e+03
-2.080000000000000000e+03
-2.784000000000000000e+03
-2.112000000000000000e+03
-2.744000000000000000e+03
-2.012000000000000000e+03
-2.772000000000000000e+03
-2.812000000000000000e+03
-2.832000000000000000e+03
-2.084000000000000000e+03
-2.760000000000000000e+03
-2.788000000000000000e+03
-2.028000000000000000e+03
-2.776000000000000000e+03
-2.048000000000000000e+03
-2.844000000000000000e+03
-2.840000000000000000e+03
-2.016000000000000000e+03
-2.064000000000000000e+03
-1.972000000000000000e+03
-2.060000000000000000e+03
-2.032000000000000000e+03
-2.880000000000000000e+03
-2.052000000000000000e+03
-2.036000000000000000e+03
-2.836000000000000000e+03
-2.008000000000000000e+03
-1.992000000000000000e+03
-2.792000000000000000e+03
-2.824000000000000000e+03
-2.852000000000000000e+03
