-8.080000000000000000e+02
-7.400000000000000000e+02
-7.880000000000000000e+02
-8.560000000000000000e+02
-7.960000000000000000e+02
-8.720000000000000000e+02
-1.028000000000000000e+03
-9.280000000000000000e+02
-7.200000000000000000e+02
-6.760000000000000000e+02
-8.200000000000000000e+02
-8.960000000000000000e+02
-9.200000000000000000e+02
-8.760000000000000000e+02
-9.040000000000000000e+02
-1.020000000000000000e+03
-8.440000000000000000e+02
-8.840000000000000000e+02
-9.080000000000000000e+02
-8.880000000000000000e+02
-7.080000000000000000e+02
-6.920000000000000000e+02
-8.240000000000000000e+02
-7.840000000000000000e+02
-7.160000000000000000e+02
-8.520000000000000000e+02
-7.800000000000000000e+02
-8.640000000000000000e+02
-1.048000000000000000e+03
-8.600000000000000000e+02
-8.400000000000000000e+02
-8.800000000000000000e+02
-7.640000000000000000e+02
-8.320000000000000000e+02
-7.520000000000000000e+02
-9.320000000000000000e+02
-8.000000000000000000e+02
-9.120000000000000000e+02
-8.160000000000000000e+02
-6.880000000000000000e+02
-1.044000000000000000e+03
-7.280000000000000000e+02
-7.600000000000000000e+02
-9.000000000000000000e+02
-6.360000000000000000e+02
-8.480000000000000000e+02
-7.720000000000000000e+02
-6.840000000000000000e+02
-8.280000000000000000e+02
-7.760000000000000000e+02
-9.160000000000000000e+02
-7.120000000000000000e+02
-7.240000000000000000e+02
-7.320000000000000000e+02
-6.560000000000000000e+02
-9.760000000000000000e+02
-8.120000000000000000e+02
-6.680000000000000000e+02
-7.360000000000000000e+02
-6.440000000000000000e+02
-8.680000000000000000e+02
-7.480000000000000000e+02
-9.960000000000000000e+02
-9.640000000000000000e+02
-9.360000000000000000e+02
-8.040000000000000000e+02
-6.200000000000000000e+02
-6.040000000000000000e+02
-7.560000000000000000e+02
-6.960000000000000000e+02
-6.640000000000000000e+02
-8.360000000000000000e+02
-1.000000000000000000e+03
-7.000000000000000000e+02
-7.040000000000000000e+02
-6.160000000000000000e+02
-6.800000000000000000e+02
-7.920000000000000000e+02
-7.680000000000000000e+02
-9.800000000000000000e+02
-9.720000000000000000e+02
-6.520000000000000000e+02
-8.920000000000000000e+02
-6.240000000000000000e+02
-6.080000000000000000e+02
-6.400000000000000000e+02
-6.480000000000000000e+02
-5.560000000000000000e+02
-1.008000000000000000e+03
-9.560000000000000000e+02
-9.840000000000000000e+02
-5.920000000000000000e+02
-6.720000000000000000e+02
-5.640000000000000000e+02
-9.440000000000000000e+02
-6.120000000000000000e+02
-5.960000000000000000e+02
-9.600000000000000000e+02
-9.240000000000000000e+02
-9.480000000000000000e+02
-7.440000000000000000e+02
-9.400000000000000000e+02
-5.800000000000000000e+02
-5.880000000000000000e+02
-9.680000000000000000e+02
-1.016000000000000000e+03
-9.520000000000000000e+02
-9.880000000000000000e+02
-6.320000000000000000e+02
-6.280000000000000000e+02
-9.920000000000000000e+02
-6.600000000000000000e+02
-1.080000000000000000e+03
-1.004000000000000000e+03
-1.148000000000000000e+03
-1.012000000000000000e+03
-1.032000000000000000e+03
-5.480000000000000000e+02
-1.040000000000000000e+03
-1.064000000000000000e+03
-1.036000000000000000e+03
-1.024000000000000000e+03
-6.000000000000000000e+02
-5.840000000000000000e+02
-5.600000000000000000e+02
-1.096000000000000000e+03
-5.120000000000000000e+02
-5.440000000000000000e+02
-5.320000000000000000e+02
-5.240000000000000000e+02
-4.480000000000000000e+02
-1.072000000000000000e+03
-1.052000000000000000e+03
-5.760000000000000000e+02
-5.720000000000000000e+02
-5.680000000000000000e+02
-5.160000000000000000e+02
-5.200000000000000000e+02
-5.360000000000000000e+02
-1.060000000000000000e+03
-1.056000000000000000e+03
-1.092000000000000000e+03
-1.068000000000000000e+03
-5.520000000000000000e+02
-1.156000000000000000e+03
-5.280000000000000000e+02
-5.000000000000000000e+02
-1.084000000000000000e+03
-1.088000000000000000e+03
-4.680000000000000000e+02
-4.960000000000000000e+02
-1.076000000000000000e+03
-1.104000000000000000e+03
-1.124000000000000000e+03
-1.136000000000000000e+03
-4.760000000000000000e+02
-1.108000000000000000e+03
-4.520000000000000000e+02
-1.116000000000000000e+03
-5.400000000000000000e+02
-1.212000000000000000e+03
-4.720000000000000000e+02
-1.140000000000000000e+03
-1.100000000000000000e+03
-4.920000000000000000e+02
-5.040000000000000000e+02
-1.152000000000000000e+03
-4.800000000000000000e+02
-5.080000000000000000e+02
-1.128000000000000000e+03
-4.840000000000000000e+02
-1.120000000000000000e+03
-4.400000000000000000e+02
-1.164000000000000000e+03
-4.600000000000000000e+02
-4.880000000000000000e+02
-1.160000000000000000e+03
-1.132000000000000000e+03
