-5.720000000000000000e+03
-5.804000000000000000e+03
-5.908000000000000000e+03
-5.968000000000000000e+03
-5.780000000000000000e+03
-5.952000000000000000e+03
-6.096000000000000000e+03
-5.912000000000000000e+03
-5.964000000000000000e+03
-5.984000000000000000e+03
-6.028000000000000000e+03
-6.008000000000000000e+03
-5.924000000000000000e+03
-5.844000000000000000e+03
-5.736000000000000000e+03
-5.732000000000000000e+03
-5.884000000000000000e+03
-5.832000000000000000e+03
-5.836000000000000000e+03
-5.916000000000000000e+03
-5.808000000000000000e+03
-5.796000000000000000e+03
-5.936000000000000000e+03
-5.784000000000000000e+03
-5.948000000000000000e+03
-6.040000000000000000e+03
-6.108000000000000000e+03
-5.932000000000000000e+03
-6.004000000000000000e+03
-5.860000000000000000e+03
-6.056000000000000000e+03
-5.896000000000000000e+03
-5.856000000000000000e+03
-6.036000000000000000e+03
-5.816000000000000000e+03
-5.612000000000000000e+03
-5.776000000000000000e+03
-5.852000000000000000e+03
-5.716000000000000000e+03
-5.576000000000000000e+03
-5.980000000000000000e+03
-5.960000000000000000e+03
-6.064000000000000000e+03
-5.824000000000000000e+03
-5.704000000000000000e+03
-5.848000000000000000e+03
-6.000000000000000000e+03
-5.728000000000000000e+03
-5.740000000000000000e+03
-6.016000000000000000e+03
-5.676000000000000000e+03
-5.724000000000000000e+03
-5.764000000000000000e+03
-5.608000000000000000e+03
-5.496000000000000000e+03
-5.376000000000000000e+03
-5.476000000000000000e+03
-5.480000000000000000e+03
-5.520000000000000000e+03
-5.684000000000000000e+03
-5.464000000000000000e+03
-5.572000000000000000e+03
-5.604000000000000000e+03
-5.552000000000000000e+03
-5.660000000000000000e+03
-5.564000000000000000e+03
-5.536000000000000000e+03
-5.384000000000000000e+03
-5.380000000000000000e+03
-5.644000000000000000e+03
-5.956000000000000000e+03
-6.112000000000000000e+03
-5.904000000000000000e+03
-5.996000000000000000e+03
-5.820000000000000000e+03
-5.972000000000000000e+03
-5.800000000000000000e+03
-5.828000000000000000e+03
-5.944000000000000000e+03
-5.872000000000000000e+03
-5.888000000000000000e+03
-6.188000000000000000e+03
-5.900000000000000000e+03
-5.688000000000000000e+03
-5.768000000000000000e+03
-5.772000000000000000e+03
-5.988000000000000000e+03
-5.696000000000000000e+03
-5.600000000000000000e+03
-5.748000000000000000e+03
-5.632000000000000000e+03
-5.596000000000000000e+03
-5.840000000000000000e+03
-5.760000000000000000e+03
-5.640000000000000000e+03
-5.864000000000000000e+03
-5.812000000000000000e+03
-5.928000000000000000e+03
-5.992000000000000000e+03
-5.876000000000000000e+03
-5.940000000000000000e+03
-5.752000000000000000e+03
-5.692000000000000000e+03
-6.020000000000000000e+03
-5.652000000000000000e+03
-5.556000000000000000e+03
-5.588000000000000000e+03
-5.540000000000000000e+03
-5.708000000000000000e+03
-5.680000000000000000e+03
-5.616000000000000000e+03
-5.484000000000000000e+03
-5.592000000000000000e+03
-5.568000000000000000e+03
-5.744000000000000000e+03
-5.528000000000000000e+03
-5.512000000000000000e+03
-5.648000000000000000e+03
-5.620000000000000000e+03
-5.340000000000000000e+03
-5.468000000000000000e+03
-5.456000000000000000e+03
-5.436000000000000000e+03
-5.656000000000000000e+03
-6.052000000000000000e+03
-5.868000000000000000e+03
-5.892000000000000000e+03
-5.792000000000000000e+03
-5.920000000000000000e+03
-5.508000000000000000e+03
-6.048000000000000000e+03
-5.668000000000000000e+03
-6.072000000000000000e+03
-6.068000000000000000e+03
-6.024000000000000000e+03
-5.788000000000000000e+03
-6.044000000000000000e+03
-6.076000000000000000e+03
-6.012000000000000000e+03
-5.580000000000000000e+03
-5.488000000000000000e+03
-5.672000000000000000e+03
-5.584000000000000000e+03
-5.560000000000000000e+03
-5.880000000000000000e+03
-5.756000000000000000e+03
-5.712000000000000000e+03
-5.664000000000000000e+03
-5.452000000000000000e+03
-6.136000000000000000e+03
-5.624000000000000000e+03
-6.120000000000000000e+03
-6.032000000000000000e+03
-6.088000000000000000e+03
-5.976000000000000000e+03
-5.412000000000000000e+03
-5.504000000000000000e+03
-5.700000000000000000e+03
-6.080000000000000000e+03
-5.524000000000000000e+03
-5.636000000000000000e+03
-6.208000000000000000e+03
-6.164000000000000000e+03
-5.472000000000000000e+03
-5.396000000000000000e+03
-5.444000000000000000e+03
-5.352000000000000000e+03
-5.544000000000000000e+03
-5.460000000000000000e+03
-6.092000000000000000e+03
-6.116000000000000000e+03
-6.104000000000000000e+03
-6.124000000000000000e+03
-6.060000000000000000e+03
-5.516000000000000000e+03
-5.492000000000000000e+03
-5.288000000000000000e+03
-5.424000000000000000e+03
-5.628000000000000000e+03
-5.432000000000000000e+03
-5.500000000000000000e+03
-5.532000000000000000e+03
-5.440000000000000000e+03
-6.168000000000000000e+03
-6.176000000000000000e+03
-6.100000000000000000e+03
-5.548000000000000000e+03
-6.140000000000000000e+03
-6.148000000000000000e+03
-6.156000000000000000e+03
-6.084000000000000000e+03
-6.128000000000000000e+03
-6.144000000000000000e+03
-6.308000000000000000e+03
-6.192000000000000000e+03
-6.180000000000000000e+03
-5.344000000000000000e+03
-5.420000000000000000e+03
-5.428000000000000000e+03
-5.448000000000000000e+03
-6.152000000000000000e+03
-6.248000000000000000e+03
-5.360000000000000000e+03
-6.240000000000000000e+03
-5.392000000000000000e+03
-5.416000000000000000e+03
-5.372000000000000000e+03
-6.224000000000000000e+03
-5.400000000000000000e+03
-5.404000000000000000e+03
-5.304000000000000000e+03
-5.204000000000000000e+03
-5.252000000000000000e+03
-5.268000000000000000e+03
-5.192000000000000000e+03
-6.132000000000000000e+03
-6.172000000000000000e+03
-6.200000000000000000e+03
-5.328000000000000000e+03
-5.364000000000000000e+03
-5.332000000000000000e+03
-5.212000000000000000e+03
-5.276000000000000000e+03
-5.356000000000000000e+03
-5.228000000000000000e+03
-5.316000000000000000e+03
-5.388000000000000000e+03
-5.296000000000000000e+03
-6.256000000000000000e+03
-6.184000000000000000e+03
-6.204000000000000000e+03
-5.348000000000000000e+03
-5.336000000000000000e+03
-5.368000000000000000e+03
-6.236000000000000000e+03
-5.324000000000000000e+03
-5.408000000000000000e+03
-6.288000000000000000e+03
-6.220000000000000000e+03
-6.228000000000000000e+03
-5.320000000000000000e+03
-6.212000000000000000e+03
-6.232000000000000000e+03
-6.216000000000000000e+03
-5.284000000000000000e+03
-6.160000000000000000e+03
-6.196000000000000000e+03
-5.264000000000000000e+03
-5.196000000000000000e+03
-5.224000000000000000e+03
-5.188000000000000000e+03
-5.280000000000000000e+03
-5.308000000000000000e+03
-6.296000000000000000e+03
-6.252000000000000000e+03
-5.312000000000000000e+03
-5.240000000000000000e+03
-5.220000000000000000e+03
-6.328000000000000000e+03
-5.216000000000000000e+03
-5.232000000000000000e+03
-6.260000000000000000e+03
-6.292000000000000000e+03
-5.300000000000000000e+03
-5.248000000000000000e+03
-6.272000000000000000e+03
-6.284000000000000000e+03
-5.272000000000000000e+03
-6.244000000000000000e+03
-6.336000000000000000e+03
-5.256000000000000000e+03
-5.200000000000000000e+03
-6.348000000000000000e+03
-5.144000000000000000e+03
-5.244000000000000000e+03
-5.260000000000000000e+03
