-6.804000000000000000e+03
-6.868000000000000000e+03
-6.848000000000000000e+03
-6.844000000000000000e+03
-6.832000000000000000e+03
-6.748000000000000000e+03
-6.864000000000000000e+03
-6.776000000000000000e+03
-6.704000000000000000e+03
-6.908000000000000000e+03
-6.920000000000000000e+03
-6.824000000000000000e+03
-6.752000000000000000e+03
-6.796000000000000000e+03
-6.856000000000000000e+03
-6.768000000000000000e+03
-6.740000000000000000e+03
-6.840000000000000000e+03
-6.852000000000000000e+03
-6.872000000000000000e+03
-6.812000000000000000e+03
-6.808000000000000000e+03
-6.780000000000000000e+03
-6.696000000000000000e+03
-6.792000000000000000e+03
-6.784000000000000000e+03
-6.968000000000000000e+03
-6.764000000000000000e+03
-6.912000000000000000e+03
-6.728000000000000000e+03
-6.992000000000000000e+03
-6.836000000000000000e+03
-6.788000000000000000e+03
-6.732000000000000000e+03
-6.928000000000000000e+03
-6.572000000000000000e+03
-6.716000000000000000e+03
-6.828000000000000000e+03
-6.700000000000000000e+03
-6.680000000000000000e+03
-6.744000000000000000e+03
-6.876000000000000000e+03
-6.888000000000000000e+03
-6.900000000000000000e+03
-6.760000000000000000e+03
-6.800000000000000000e+03
-6.880000000000000000e+03
-6.816000000000000000e+03
-6.904000000000000000e+03
-6.820000000000000000e+03
-6.724000000000000000e+03
-6.860000000000000000e+03
-6.896000000000000000e+03
-6.884000000000000000e+03
-6.924000000000000000e+03
-6.772000000000000000e+03
-6.892000000000000000e+03
-6.988000000000000000e+03
-6.664000000000000000e+03
-6.756000000000000000e+03
-6.656000000000000000e+03
-6.692000000000000000e+03
-6.956000000000000000e+03
-6.736000000000000000e+03
-6.932000000000000000e+03
-6.720000000000000000e+03
-6.960000000000000000e+03
-6.940000000000000000e+03
-6.684000000000000000e+03
-6.944000000000000000e+03
-6.952000000000000000e+03
-6.712000000000000000e+03
-6.916000000000000000e+03
-6.640000000000000000e+03
-7.000000000000000000e+03
-6.976000000000000000e+03
-6.708000000000000000e+03
-6.936000000000000000e+03
-6.964000000000000000e+03
-6.948000000000000000e+03
-6.616000000000000000e+03
-6.636000000000000000e+03
-6.672000000000000000e+03
-6.668000000000000000e+03
-6.644000000000000000e+03
-6.984000000000000000e+03
-6.972000000000000000e+03
-6.688000000000000000e+03
-6.980000000000000000e+03
-6.676000000000000000e+03
-7.012000000000000000e+03
-6.608000000000000000e+03
-6.660000000000000000e+03
-6.996000000000000000e+03
-6.652000000000000000e+03
-7.004000000000000000e+03
-7.008000000000000000e+03
-7.024000000000000000e+03
-7.020000000000000000e+03
-7.032000000000000000e+03
-6.612000000000000000e+03
-6.604000000000000000e+03
-6.620000000000000000e+03
-6.580000000000000000e+03
-6.648000000000000000e+03
-6.632000000000000000e+03
-6.628000000000000000e+03
-7.016000000000000000e+03
-7.028000000000000000e+03
-6.624000000000000000e+03
-6.592000000000000000e+03
-7.068000000000000000e+03
-7.036000000000000000e+03
-6.596000000000000000e+03
-7.044000000000000000e+03
-7.048000000000000000e+03
-7.052000000000000000e+03
-6.564000000000000000e+03
-6.588000000000000000e+03
-6.600000000000000000e+03
-6.560000000000000000e+03
-6.584000000000000000e+03
