-2.980000000000000000e+03
-3.188000000000000000e+03
-3.108000000000000000e+03
-3.052000000000000000e+03
-2.912000000000000000e+03
-3.088000000000000000e+03
-3.056000000000000000e+03
-2.948000000000000000e+03
-3.060000000000000000e+03
-3.264000000000000000e+03
-3.128000000000000000e+03
-3.016000000000000000e+03
-3.068000000000000000e+03
-3.124000000000000000e+03
-2.940000000000000000e+03
-3.044000000000000000e+03
-2.960000000000000000e+03
-3.072000000000000000e+03
-3.024000000000000000e+03
-3.032000000000000000e+03
-3.004000000000000000e+03
-2.988000000000000000e+03
-2.964000000000000000e+03
-3.000000000000000000e+03
-3.120000000000000000e+03
-3.192000000000000000e+03
-3.160000000000000000e+03
-3.224000000000000000e+03
-3.064000000000000000e+03
-3.140000000000000000e+03
-2.936000000000000000e+03
-3.100000000000000000e+03
-2.908000000000000000e+03
-3.152000000000000000e+03
-3.040000000000000000e+03
-2.976000000000000000e+03
-3.116000000000000000e+03
-3.156000000000000000e+03
-3.104000000000000000e+03
-3.268000000000000000e+03
-3.172000000000000000e+03
-2.968000000000000000e+03
-3.132000000000000000e+03
-2.928000000000000000e+03
-3.168000000000000000e+03
-3.076000000000000000e+03
-2.992000000000000000e+03
-2.984000000000000000e+03
-2.956000000000000000e+03
-3.028000000000000000e+03
-3.092000000000000000e+03
-2.996000000000000000e+03
-3.096000000000000000e+03
-2.916000000000000000e+03
-2.888000000000000000e+03
-2.884000000000000000e+03
-2.952000000000000000e+03
-3.048000000000000000e+03
-3.176000000000000000e+03
-3.208000000000000000e+03
-3.008000000000000000e+03
-2.880000000000000000e+03
-2.972000000000000000e+03
-3.020000000000000000e+03
-3.084000000000000000e+03
-2.944000000000000000e+03
-2.872000000000000000e+03
-3.012000000000000000e+03
-2.904000000000000000e+03
-2.840000000000000000e+03
-2.924000000000000000e+03
-2.920000000000000000e+03
-2.876000000000000000e+03
-3.272000000000000000e+03
-2.804000000000000000e+03
-3.144000000000000000e+03
-3.036000000000000000e+03
-3.148000000000000000e+03
-2.868000000000000000e+03
-3.232000000000000000e+03
-2.860000000000000000e+03
-3.220000000000000000e+03
-3.296000000000000000e+03
-3.112000000000000000e+03
-3.080000000000000000e+03
-2.824000000000000000e+03
-2.932000000000000000e+03
-3.164000000000000000e+03
-2.896000000000000000e+03
-3.200000000000000000e+03
-3.236000000000000000e+03
-3.380000000000000000e+03
-2.820000000000000000e+03
-2.740000000000000000e+03
-3.244000000000000000e+03
-2.900000000000000000e+03
-2.732000000000000000e+03
-2.784000000000000000e+03
-3.288000000000000000e+03
-2.808000000000000000e+03
-2.892000000000000000e+03
-2.852000000000000000e+03
-2.864000000000000000e+03
-3.184000000000000000e+03
-3.240000000000000000e+03
-2.756000000000000000e+03
-2.672000000000000000e+03
-2.764000000000000000e+03
-3.180000000000000000e+03
-2.856000000000000000e+03
-3.308000000000000000e+03
-3.248000000000000000e+03
-2.816000000000000000e+03
-3.136000000000000000e+03
-3.320000000000000000e+03
-3.204000000000000000e+03
-2.848000000000000000e+03
-3.196000000000000000e+03
-3.216000000000000000e+03
-2.812000000000000000e+03
-2.828000000000000000e+03
-3.304000000000000000e+03
-3.292000000000000000e+03
-2.832000000000000000e+03
-2.724000000000000000e+03
-2.752000000000000000e+03
-3.212000000000000000e+03
-3.284000000000000000e+03
-3.252000000000000000e+03
-2.788000000000000000e+03
-3.280000000000000000e+03
-2.844000000000000000e+03
-3.316000000000000000e+03
-2.796000000000000000e+03
-3.228000000000000000e+03
-2.736000000000000000e+03
-2.716000000000000000e+03
-2.792000000000000000e+03
-3.260000000000000000e+03
-2.776000000000000000e+03
-2.664000000000000000e+03
-3.392000000000000000e+03
-3.276000000000000000e+03
-3.256000000000000000e+03
-3.324000000000000000e+03
-2.644000000000000000e+03
-3.328000000000000000e+03
-2.836000000000000000e+03
-2.760000000000000000e+03
-3.312000000000000000e+03
-2.780000000000000000e+03
-2.728000000000000000e+03
-2.748000000000000000e+03
-2.768000000000000000e+03
-2.704000000000000000e+03
-2.800000000000000000e+03
-3.300000000000000000e+03
-3.340000000000000000e+03
-2.712000000000000000e+03
-3.336000000000000000e+03
-3.348000000000000000e+03
-3.404000000000000000e+03
-3.360000000000000000e+03
-2.692000000000000000e+03
-2.772000000000000000e+03
-2.708000000000000000e+03
-2.676000000000000000e+03
-2.744000000000000000e+03
-2.668000000000000000e+03
-2.696000000000000000e+03
-3.356000000000000000e+03
-2.660000000000000000e+03
-2.636000000000000000e+03
-2.700000000000000000e+03
-3.352000000000000000e+03
-3.396000000000000000e+03
-3.388000000000000000e+03
-3.332000000000000000e+03
-3.412000000000000000e+03
-2.600000000000000000e+03
-3.364000000000000000e+03
-2.684000000000000000e+03
-2.656000000000000000e+03
-3.464000000000000000e+03
-2.688000000000000000e+03
-2.720000000000000000e+03
-3.476000000000000000e+03
-3.372000000000000000e+03
-3.368000000000000000e+03
-3.416000000000000000e+03
-2.680000000000000000e+03
-2.648000000000000000e+03
-3.344000000000000000e+03
-3.384000000000000000e+03
-3.436000000000000000e+03
-3.488000000000000000e+03
-3.448000000000000000e+03
-3.480000000000000000e+03
-2.580000000000000000e+03
-3.376000000000000000e+03
-2.556000000000000000e+03
-2.640000000000000000e+03
-2.652000000000000000e+03
-2.632000000000000000e+03
-3.444000000000000000e+03
-3.452000000000000000e+03
-3.428000000000000000e+03
-3.472000000000000000e+03
-2.628000000000000000e+03
-2.624000000000000000e+03
-3.460000000000000000e+03
-2.608000000000000000e+03
-2.620000000000000000e+03
-2.532000000000000000e+03
-3.408000000000000000e+03
-3.424000000000000000e+03
-3.420000000000000000e+03
-2.616000000000000000e+03
-3.432000000000000000e+03
-2.604000000000000000e+03
-2.560000000000000000e+03
-3.400000000000000000e+03
-3.440000000000000000e+03
-2.596000000000000000e+03
