-6.964000000000000000e+03
-6.976000000000000000e+03
-7.096000000000000000e+03
-7.000000000000000000e+03
-6.984000000000000000e+03
-7.064000000000000000e+03
-7.008000000000000000e+03
-6.980000000000000000e+03
-6.928000000000000000e+03
-6.988000000000000000e+03
-6.944000000000000000e+03
-6.908000000000000000e+03
-6.960000000000000000e+03
-6.924000000000000000e+03
-7.004000000000000000e+03
-7.016000000000000000e+03
-6.972000000000000000e+03
-6.948000000000000000e+03
-7.012000000000000000e+03
-6.952000000000000000e+03
-7.048000000000000000e+03
-6.884000000000000000e+03
-6.968000000000000000e+03
-6.844000000000000000e+03
-6.992000000000000000e+03
-6.912000000000000000e+03
-6.936000000000000000e+03
-6.956000000000000000e+03
-6.996000000000000000e+03
-7.032000000000000000e+03
-7.052000000000000000e+03
-7.020000000000000000e+03
-7.080000000000000000e+03
-7.036000000000000000e+03
-7.028000000000000000e+03
-7.084000000000000000e+03
-7.024000000000000000e+03
-7.040000000000000000e+03
-6.920000000000000000e+03
-6.904000000000000000e+03
-6.932000000000000000e+03
-6.860000000000000000e+03
-6.888000000000000000e+03
-6.868000000000000000e+03
-6.896000000000000000e+03
-6.940000000000000000e+03
-6.872000000000000000e+03
-7.060000000000000000e+03
-6.892000000000000000e+03
-6.916000000000000000e+03
-7.100000000000000000e+03
-7.068000000000000000e+03
-7.044000000000000000e+03
-7.108000000000000000e+03
-7.104000000000000000e+03
-7.088000000000000000e+03
-7.056000000000000000e+03
-6.880000000000000000e+03
-7.076000000000000000e+03
-6.876000000000000000e+03
-6.832000000000000000e+03
-7.072000000000000000e+03
-7.092000000000000000e+03
-7.112000000000000000e+03
-6.900000000000000000e+03
-6.840000000000000000e+03
-6.864000000000000000e+03
-6.856000000000000000e+03
-6.836000000000000000e+03
-6.852000000000000000e+03
-6.800000000000000000e+03
-6.848000000000000000e+03
-6.828000000000000000e+03
-7.120000000000000000e+03
-6.804000000000000000e+03
-6.820000000000000000e+03
-6.824000000000000000e+03
-6.796000000000000000e+03
-6.808000000000000000e+03
-7.116000000000000000e+03
-7.136000000000000000e+03
-7.124000000000000000e+03
-7.132000000000000000e+03
-7.128000000000000000e+03
-6.816000000000000000e+03
-7.140000000000000000e+03
-6.756000000000000000e+03
-6.744000000000000000e+03
-6.776000000000000000e+03
-6.812000000000000000e+03
-6.788000000000000000e+03
-7.144000000000000000e+03
-6.792000000000000000e+03
