-5.100000000000000000e+03
-5.248000000000000000e+03
-5.124000000000000000e+03
-5.072000000000000000e+03
-5.244000000000000000e+03
-5.396000000000000000e+03
-5.284000000000000000e+03
-5.240000000000000000e+03
-5.220000000000000000e+03
-5.108000000000000000e+03
-5.144000000000000000e+03
-5.344000000000000000e+03
-5.256000000000000000e+03
-5.112000000000000000e+03
-5.280000000000000000e+03
-5.176000000000000000e+03
-5.096000000000000000e+03
-5.260000000000000000e+03
-5.332000000000000000e+03
-5.364000000000000000e+03
-5.268000000000000000e+03
-5.360000000000000000e+03
-5.356000000000000000e+03
-5.264000000000000000e+03
-5.048000000000000000e+03
-5.040000000000000000e+03
-5.132000000000000000e+03
-5.320000000000000000e+03
-5.128000000000000000e+03
-5.188000000000000000e+03
-4.932000000000000000e+03
-4.944000000000000000e+03
-4.960000000000000000e+03
-5.060000000000000000e+03
-4.952000000000000000e+03
-4.988000000000000000e+03
-4.984000000000000000e+03
-5.056000000000000000e+03
-5.036000000000000000e+03
-4.812000000000000000e+03
-4.892000000000000000e+03
-4.980000000000000000e+03
-5.116000000000000000e+03
-5.252000000000000000e+03
-5.352000000000000000e+03
-5.400000000000000000e+03
-5.304000000000000000e+03
-5.368000000000000000e+03
-5.292000000000000000e+03
-5.204000000000000000e+03
-5.404000000000000000e+03
-5.348000000000000000e+03
-5.196000000000000000e+03
-5.088000000000000000e+03
-5.296000000000000000e+03
-5.160000000000000000e+03
-5.468000000000000000e+03
-5.336000000000000000e+03
-5.224000000000000000e+03
-5.168000000000000000e+03
-5.192000000000000000e+03
-5.068000000000000000e+03
-5.372000000000000000e+03
-5.420000000000000000e+03
-5.508000000000000000e+03
-5.416000000000000000e+03
-5.540000000000000000e+03
-5.288000000000000000e+03
-5.456000000000000000e+03
-5.412000000000000000e+03
-5.384000000000000000e+03
-5.428000000000000000e+03
-5.452000000000000000e+03
-5.432000000000000000e+03
-5.528000000000000000e+03
-5.600000000000000000e+03
-5.624000000000000000e+03
-5.496000000000000000e+03
-5.792000000000000000e+03
-5.504000000000000000e+03
-5.700000000000000000e+03
-5.532000000000000000e+03
-5.696000000000000000e+03
-5.684000000000000000e+03
-5.464000000000000000e+03
-5.640000000000000000e+03
-5.576000000000000000e+03
-5.444000000000000000e+03
-5.408000000000000000e+03
-5.552000000000000000e+03
-5.560000000000000000e+03
-5.556000000000000000e+03
-5.324000000000000000e+03
-5.328000000000000000e+03
-5.312000000000000000e+03
-4.972000000000000000e+03
-5.080000000000000000e+03
-5.104000000000000000e+03
-5.392000000000000000e+03
-5.164000000000000000e+03
-5.172000000000000000e+03
-5.236000000000000000e+03
-5.448000000000000000e+03
-5.500000000000000000e+03
-5.584000000000000000e+03
-5.516000000000000000e+03
-5.544000000000000000e+03
-5.492000000000000000e+03
-5.608000000000000000e+03
-5.632000000000000000e+03
-5.588000000000000000e+03
-5.376000000000000000e+03
-5.316000000000000000e+03
-5.276000000000000000e+03
-5.388000000000000000e+03
-5.520000000000000000e+03
-5.208000000000000000e+03
-5.140000000000000000e+03
-5.120000000000000000e+03
-5.536000000000000000e+03
-5.644000000000000000e+03
-5.572000000000000000e+03
-5.704000000000000000e+03
-5.652000000000000000e+03
-5.564000000000000000e+03
-5.664000000000000000e+03
-5.512000000000000000e+03
-5.568000000000000000e+03
-5.692000000000000000e+03
-5.636000000000000000e+03
-5.548000000000000000e+03
-5.180000000000000000e+03
-5.272000000000000000e+03
-5.308000000000000000e+03
-5.300000000000000000e+03
-5.380000000000000000e+03
-5.524000000000000000e+03
-5.216000000000000000e+03
-5.620000000000000000e+03
-5.424000000000000000e+03
-5.472000000000000000e+03
-5.136000000000000000e+03
-5.156000000000000000e+03
-5.460000000000000000e+03
-5.184000000000000000e+03
-4.824000000000000000e+03
-5.044000000000000000e+03
-5.148000000000000000e+03
-5.200000000000000000e+03
-5.232000000000000000e+03
-5.020000000000000000e+03
-5.052000000000000000e+03
-5.228000000000000000e+03
-5.092000000000000000e+03
-5.028000000000000000e+03
-5.480000000000000000e+03
-5.660000000000000000e+03
-5.008000000000000000e+03
-5.596000000000000000e+03
-5.476000000000000000e+03
-5.032000000000000000e+03
-4.780000000000000000e+03
-4.956000000000000000e+03
-4.864000000000000000e+03
-5.000000000000000000e+03
-4.796000000000000000e+03
-4.872000000000000000e+03
-4.936000000000000000e+03
-4.976000000000000000e+03
-4.884000000000000000e+03
-4.896000000000000000e+03
-5.016000000000000000e+03
-5.152000000000000000e+03
-5.340000000000000000e+03
-5.436000000000000000e+03
-5.580000000000000000e+03
-5.612000000000000000e+03
-5.616000000000000000e+03
-5.748000000000000000e+03
-5.440000000000000000e+03
-5.076000000000000000e+03
-5.648000000000000000e+03
-5.084000000000000000e+03
-5.604000000000000000e+03
-5.676000000000000000e+03
-5.012000000000000000e+03
-5.592000000000000000e+03
-5.212000000000000000e+03
-5.680000000000000000e+03
-5.732000000000000000e+03
-5.720000000000000000e+03
-5.484000000000000000e+03
-5.004000000000000000e+03
-4.908000000000000000e+03
-5.064000000000000000e+03
-4.916000000000000000e+03
-4.792000000000000000e+03
-4.860000000000000000e+03
-4.856000000000000000e+03
-4.924000000000000000e+03
-4.912000000000000000e+03
-4.992000000000000000e+03
-4.964000000000000000e+03
-4.940000000000000000e+03
-5.024000000000000000e+03
-4.764000000000000000e+03
-4.836000000000000000e+03
-4.880000000000000000e+03
-4.876000000000000000e+03
-5.488000000000000000e+03
-5.740000000000000000e+03
-5.760000000000000000e+03
-5.768000000000000000e+03
-5.672000000000000000e+03
-5.712000000000000000e+03
-5.728000000000000000e+03
-4.948000000000000000e+03
-5.628000000000000000e+03
-5.788000000000000000e+03
-5.804000000000000000e+03
-5.688000000000000000e+03
-5.884000000000000000e+03
-5.656000000000000000e+03
-5.744000000000000000e+03
-5.756000000000000000e+03
-5.724000000000000000e+03
-5.668000000000000000e+03
-5.916000000000000000e+03
-5.780000000000000000e+03
-5.772000000000000000e+03
-5.716000000000000000e+03
-4.928000000000000000e+03
-4.800000000000000000e+03
-4.888000000000000000e+03
-4.816000000000000000e+03
-4.848000000000000000e+03
-5.736000000000000000e+03
-4.996000000000000000e+03
-4.968000000000000000e+03
-5.784000000000000000e+03
-5.808000000000000000e+03
-4.920000000000000000e+03
-5.708000000000000000e+03
-5.796000000000000000e+03
-5.776000000000000000e+03
-5.764000000000000000e+03
-4.820000000000000000e+03
-4.900000000000000000e+03
-5.752000000000000000e+03
-4.752000000000000000e+03
-4.852000000000000000e+03
-4.844000000000000000e+03
-4.768000000000000000e+03
-4.832000000000000000e+03
-4.828000000000000000e+03
-4.784000000000000000e+03
-4.708000000000000000e+03
-4.700000000000000000e+03
-4.756000000000000000e+03
-4.732000000000000000e+03
-4.808000000000000000e+03
-4.868000000000000000e+03
-4.616000000000000000e+03
-4.584000000000000000e+03
-4.904000000000000000e+03
-4.840000000000000000e+03
-4.748000000000000000e+03
-4.804000000000000000e+03
-4.744000000000000000e+03
-4.608000000000000000e+03
-4.704000000000000000e+03
-4.724000000000000000e+03
-4.648000000000000000e+03
-4.672000000000000000e+03
-4.660000000000000000e+03
-4.736000000000000000e+03
-4.644000000000000000e+03
-4.636000000000000000e+03
-4.664000000000000000e+03
-4.788000000000000000e+03
-4.680000000000000000e+03
-4.684000000000000000e+03
-4.772000000000000000e+03
-4.712000000000000000e+03
-4.740000000000000000e+03
-4.688000000000000000e+03
-4.632000000000000000e+03
-4.640000000000000000e+03
-4.696000000000000000e+03
-4.620000000000000000e+03
-4.540000000000000000e+03
-4.728000000000000000e+03
-4.760000000000000000e+03
-4.544000000000000000e+03
-4.692000000000000000e+03
-4.776000000000000000e+03
-4.720000000000000000e+03
-4.448000000000000000e+03
-4.436000000000000000e+03
-4.480000000000000000e+03
-4.528000000000000000e+03
-4.568000000000000000e+03
-4.576000000000000000e+03
-4.716000000000000000e+03
-4.656000000000000000e+03
-4.676000000000000000e+03
-5.832000000000000000e+03
-5.828000000000000000e+03
-5.920000000000000000e+03
-5.816000000000000000e+03
-5.872000000000000000e+03
-5.812000000000000000e+03
-5.836000000000000000e+03
-4.600000000000000000e+03
-4.580000000000000000e+03
-4.548000000000000000e+03
-4.504000000000000000e+03
-4.588000000000000000e+03
-4.624000000000000000e+03
-5.824000000000000000e+03
-4.652000000000000000e+03
-4.556000000000000000e+03
-5.860000000000000000e+03
-5.880000000000000000e+03
-4.628000000000000000e+03
-4.612000000000000000e+03
-4.592000000000000000e+03
-5.820000000000000000e+03
-5.928000000000000000e+03
-4.668000000000000000e+03
-5.800000000000000000e+03
-4.604000000000000000e+03
-4.532000000000000000e+03
-5.904000000000000000e+03
-5.840000000000000000e+03
-5.852000000000000000e+03
-4.488000000000000000e+03
-4.464000000000000000e+03
-4.484000000000000000e+03
-5.896000000000000000e+03
-4.596000000000000000e+03
-4.572000000000000000e+03
-5.848000000000000000e+03
-5.900000000000000000e+03
-4.560000000000000000e+03
-5.844000000000000000e+03
-4.456000000000000000e+03
-5.868000000000000000e+03
-5.864000000000000000e+03
-5.912000000000000000e+03
-4.392000000000000000e+03
-4.516000000000000000e+03
