-6.132000000000000000e+03
-6.164000000000000000e+03
-6.196000000000000000e+03
-6.428000000000000000e+03
-6.328000000000000000e+03
-6.284000000000000000e+03
-6.244000000000000000e+03
-6.212000000000000000e+03
-6.152000000000000000e+03
-6.120000000000000000e+03
-6.156000000000000000e+03
-6.184000000000000000e+03
-6.112000000000000000e+03
-6.180000000000000000e+03
-6.252000000000000000e+03
-6.276000000000000000e+03
-6.172000000000000000e+03
-6.268000000000000000e+03
-6.044000000000000000e+03
-6.232000000000000000e+03
-6.068000000000000000e+03
-6.204000000000000000e+03
-6.144000000000000000e+03
-6.100000000000000000e+03
-6.248000000000000000e+03
-6.372000000000000000e+03
-6.228000000000000000e+03
-6.292000000000000000e+03
-6.384000000000000000e+03
-6.376000000000000000e+03
-6.208000000000000000e+03
-6.224000000000000000e+03
-6.136000000000000000e+03
-6.096000000000000000e+03
-6.088000000000000000e+03
-6.108000000000000000e+03
-6.200000000000000000e+03
-6.312000000000000000e+03
-6.116000000000000000e+03
-6.320000000000000000e+03
-6.168000000000000000e+03
-6.064000000000000000e+03
-6.388000000000000000e+03
-6.240000000000000000e+03
-6.148000000000000000e+03
-6.336000000000000000e+03
-6.188000000000000000e+03
-6.264000000000000000e+03
-6.308000000000000000e+03
-6.456000000000000000e+03
-6.124000000000000000e+03
-6.048000000000000000e+03
-6.176000000000000000e+03
-6.324000000000000000e+03
-6.380000000000000000e+03
-6.340000000000000000e+03
-6.472000000000000000e+03
-6.352000000000000000e+03
-6.484000000000000000e+03
-6.360000000000000000e+03
-6.392000000000000000e+03
-6.272000000000000000e+03
-6.304000000000000000e+03
-6.220000000000000000e+03
-6.040000000000000000e+03
-6.160000000000000000e+03
-6.500000000000000000e+03
-6.436000000000000000e+03
-6.288000000000000000e+03
-6.216000000000000000e+03
-6.400000000000000000e+03
-6.348000000000000000e+03
-6.260000000000000000e+03
-6.128000000000000000e+03
-6.084000000000000000e+03
-6.356000000000000000e+03
-6.192000000000000000e+03
-6.236000000000000000e+03
-6.412000000000000000e+03
-6.296000000000000000e+03
-6.488000000000000000e+03
-6.280000000000000000e+03
-6.256000000000000000e+03
-6.300000000000000000e+03
-6.332000000000000000e+03
-6.396000000000000000e+03
-6.368000000000000000e+03
-6.432000000000000000e+03
-6.344000000000000000e+03
-6.316000000000000000e+03
-6.140000000000000000e+03
-6.092000000000000000e+03
-6.524000000000000000e+03
-6.408000000000000000e+03
-6.364000000000000000e+03
-6.476000000000000000e+03
-6.416000000000000000e+03
-6.404000000000000000e+03
-6.464000000000000000e+03
-6.452000000000000000e+03
-6.504000000000000000e+03
-6.032000000000000000e+03
-6.060000000000000000e+03
-5.968000000000000000e+03
-6.056000000000000000e+03
-6.508000000000000000e+03
-6.448000000000000000e+03
-6.556000000000000000e+03
-6.440000000000000000e+03
-6.420000000000000000e+03
-6.072000000000000000e+03
-6.004000000000000000e+03
-6.012000000000000000e+03
-6.424000000000000000e+03
-6.000000000000000000e+03
-6.460000000000000000e+03
-6.492000000000000000e+03
-6.028000000000000000e+03
-6.480000000000000000e+03
-6.024000000000000000e+03
-6.076000000000000000e+03
-6.104000000000000000e+03
-6.548000000000000000e+03
-6.512000000000000000e+03
-6.540000000000000000e+03
-6.444000000000000000e+03
-6.080000000000000000e+03
-6.036000000000000000e+03
-6.520000000000000000e+03
-5.928000000000000000e+03
-5.984000000000000000e+03
-6.468000000000000000e+03
-6.052000000000000000e+03
-6.568000000000000000e+03
-5.976000000000000000e+03
-6.496000000000000000e+03
-6.648000000000000000e+03
-6.532000000000000000e+03
-6.572000000000000000e+03
-6.516000000000000000e+03
-6.596000000000000000e+03
-6.552000000000000000e+03
-6.584000000000000000e+03
-6.008000000000000000e+03
-5.936000000000000000e+03
-6.016000000000000000e+03
-6.528000000000000000e+03
-5.980000000000000000e+03
-6.536000000000000000e+03
-6.588000000000000000e+03
-6.576000000000000000e+03
-5.912000000000000000e+03
-5.992000000000000000e+03
-5.948000000000000000e+03
-5.988000000000000000e+03
-6.560000000000000000e+03
-6.600000000000000000e+03
-6.580000000000000000e+03
-6.020000000000000000e+03
-5.932000000000000000e+03
-5.920000000000000000e+03
-6.544000000000000000e+03
-5.960000000000000000e+03
-5.972000000000000000e+03
-5.892000000000000000e+03
-5.964000000000000000e+03
-6.608000000000000000e+03
-6.564000000000000000e+03
-5.944000000000000000e+03
-5.876000000000000000e+03
-6.604000000000000000e+03
-5.940000000000000000e+03
-5.996000000000000000e+03
-5.952000000000000000e+03
-5.864000000000000000e+03
-5.888000000000000000e+03
-6.628000000000000000e+03
-5.868000000000000000e+03
-5.916000000000000000e+03
-6.612000000000000000e+03
-6.592000000000000000e+03
-5.956000000000000000e+03
-5.904000000000000000e+03
-6.624000000000000000e+03
-6.640000000000000000e+03
-5.884000000000000000e+03
-5.900000000000000000e+03
-5.924000000000000000e+03
-5.772000000000000000e+03
-6.620000000000000000e+03
-5.860000000000000000e+03
-6.660000000000000000e+03
-6.616000000000000000e+03
-6.632000000000000000e+03
-6.636000000000000000e+03
-6.644000000000000000e+03
-5.844000000000000000e+03
-5.836000000000000000e+03
-5.896000000000000000e+03
-5.908000000000000000e+03
-5.880000000000000000e+03
