-6.652000000000000000e+03
-6.432000000000000000e+03
-6.488000000000000000e+03
-6.584000000000000000e+03
-6.664000000000000000e+03
-6.536000000000000000e+03
-6.604000000000000000e+03
-6.568000000000000000e+03
-6.636000000000000000e+03
-6.480000000000000000e+03
-6.704000000000000000e+03
-6.760000000000000000e+03
-6.680000000000000000e+03
-6.748000000000000000e+03
-6.588000000000000000e+03
-6.512000000000000000e+03
-6.436000000000000000e+03
-6.392000000000000000e+03
-6.504000000000000000e+03
-6.692000000000000000e+03
-6.620000000000000000e+03
-6.608000000000000000e+03
-6.600000000000000000e+03
-6.716000000000000000e+03
-6.712000000000000000e+03
-6.672000000000000000e+03
-6.592000000000000000e+03
-6.476000000000000000e+03
-6.456000000000000000e+03
-6.492000000000000000e+03
-6.468000000000000000e+03
-6.624000000000000000e+03
-6.696000000000000000e+03
-6.632000000000000000e+03
-6.540000000000000000e+03
-6.688000000000000000e+03
-6.548000000000000000e+03
-6.496000000000000000e+03
-6.656000000000000000e+03
-6.500000000000000000e+03
-6.564000000000000000e+03
-6.640000000000000000e+03
-6.668000000000000000e+03
-6.736000000000000000e+03
-6.532000000000000000e+03
-6.544000000000000000e+03
-6.452000000000000000e+03
-6.484000000000000000e+03
-6.616000000000000000e+03
-6.644000000000000000e+03
-6.556000000000000000e+03
-6.628000000000000000e+03
-6.508000000000000000e+03
-6.560000000000000000e+03
-6.800000000000000000e+03
-6.612000000000000000e+03
-6.752000000000000000e+03
-6.648000000000000000e+03
-6.580000000000000000e+03
-6.596000000000000000e+03
-6.708000000000000000e+03
-6.720000000000000000e+03
-6.552000000000000000e+03
-6.520000000000000000e+03
-6.700000000000000000e+03
-6.852000000000000000e+03
-6.820000000000000000e+03
-6.576000000000000000e+03
-6.676000000000000000e+03
-6.660000000000000000e+03
-6.444000000000000000e+03
-6.804000000000000000e+03
-6.684000000000000000e+03
-6.572000000000000000e+03
-6.724000000000000000e+03
-6.780000000000000000e+03
-6.440000000000000000e+03
-6.768000000000000000e+03
-6.740000000000000000e+03
-6.728000000000000000e+03
-6.420000000000000000e+03
-6.448000000000000000e+03
-6.756000000000000000e+03
-6.528000000000000000e+03
-6.788000000000000000e+03
-6.764000000000000000e+03
-6.732000000000000000e+03
-6.524000000000000000e+03
-6.744000000000000000e+03
-6.516000000000000000e+03
-6.464000000000000000e+03
-6.796000000000000000e+03
-6.336000000000000000e+03
-6.388000000000000000e+03
-6.372000000000000000e+03
-6.776000000000000000e+03
-6.784000000000000000e+03
-6.828000000000000000e+03
-6.384000000000000000e+03
-6.472000000000000000e+03
-6.848000000000000000e+03
-6.772000000000000000e+03
-6.460000000000000000e+03
-6.400000000000000000e+03
-6.412000000000000000e+03
-6.356000000000000000e+03
-6.808000000000000000e+03
-6.360000000000000000e+03
-6.408000000000000000e+03
-6.380000000000000000e+03
-6.376000000000000000e+03
-6.416000000000000000e+03
-6.792000000000000000e+03
-6.896000000000000000e+03
-6.404000000000000000e+03
-6.424000000000000000e+03
-6.428000000000000000e+03
-6.352000000000000000e+03
-6.288000000000000000e+03
-6.864000000000000000e+03
-6.812000000000000000e+03
-6.396000000000000000e+03
-6.844000000000000000e+03
-6.880000000000000000e+03
-6.320000000000000000e+03
-6.368000000000000000e+03
-6.836000000000000000e+03
-6.816000000000000000e+03
-6.840000000000000000e+03
-6.824000000000000000e+03
-6.856000000000000000e+03
-6.332000000000000000e+03
-6.348000000000000000e+03
-6.280000000000000000e+03
-6.340000000000000000e+03
-6.364000000000000000e+03
-6.316000000000000000e+03
-6.312000000000000000e+03
-6.832000000000000000e+03
-6.272000000000000000e+03
-6.324000000000000000e+03
-6.860000000000000000e+03
-6.916000000000000000e+03
-6.892000000000000000e+03
-6.308000000000000000e+03
-6.276000000000000000e+03
-6.344000000000000000e+03
-6.292000000000000000e+03
-6.908000000000000000e+03
-6.876000000000000000e+03
-6.224000000000000000e+03
-6.328000000000000000e+03
-6.220000000000000000e+03
-6.888000000000000000e+03
-6.264000000000000000e+03
-6.304000000000000000e+03
-6.300000000000000000e+03
-6.872000000000000000e+03
-6.868000000000000000e+03
-6.296000000000000000e+03
-6.256000000000000000e+03
