-4.572000000000000000e+03
-4.640000000000000000e+03
-4.728000000000000000e+03
-4.676000000000000000e+03
-4.536000000000000000e+03
-4.560000000000000000e+03
-4.504000000000000000e+03
-4.372000000000000000e+03
-4.476000000000000000e+03
-4.668000000000000000e+03
-4.684000000000000000e+03
-4.608000000000000000e+03
-4.720000000000000000e+03
-4.672000000000000000e+03
-4.884000000000000000e+03
-4.716000000000000000e+03
-4.648000000000000000e+03
-4.500000000000000000e+03
-4.692000000000000000e+03
-4.748000000000000000e+03
-4.680000000000000000e+03
-4.488000000000000000e+03
-4.508000000000000000e+03
-4.428000000000000000e+03
-4.312000000000000000e+03
-4.548000000000000000e+03
-4.320000000000000000e+03
-4.412000000000000000e+03
-4.240000000000000000e+03
-4.300000000000000000e+03
-4.404000000000000000e+03
-4.212000000000000000e+03
-4.340000000000000000e+03
-4.308000000000000000e+03
-4.264000000000000000e+03
-4.432000000000000000e+03
-4.352000000000000000e+03
-4.584000000000000000e+03
-4.580000000000000000e+03
-4.736000000000000000e+03
-4.780000000000000000e+03
-4.752000000000000000e+03
-4.788000000000000000e+03
-4.632000000000000000e+03
-4.764000000000000000e+03
-4.740000000000000000e+03
-4.652000000000000000e+03
-4.844000000000000000e+03
-4.768000000000000000e+03
-5.120000000000000000e+03
-4.796000000000000000e+03
-5.000000000000000000e+03
-4.772000000000000000e+03
-4.620000000000000000e+03
-4.732000000000000000e+03
-4.808000000000000000e+03
-4.756000000000000000e+03
-4.592000000000000000e+03
-4.828000000000000000e+03
-4.952000000000000000e+03
-4.852000000000000000e+03
-4.700000000000000000e+03
-4.484000000000000000e+03
-4.520000000000000000e+03
-4.864000000000000000e+03
-4.664000000000000000e+03
-4.708000000000000000e+03
-4.436000000000000000e+03
-4.332000000000000000e+03
-4.380000000000000000e+03
-4.568000000000000000e+03
-4.644000000000000000e+03
-4.628000000000000000e+03
-4.688000000000000000e+03
-4.612000000000000000e+03
-4.604000000000000000e+03
-4.696000000000000000e+03
-4.836000000000000000e+03
-4.816000000000000000e+03
-4.564000000000000000e+03
-4.328000000000000000e+03
-4.192000000000000000e+03
-4.196000000000000000e+03
-4.480000000000000000e+03
-4.496000000000000000e+03
-4.348000000000000000e+03
-4.316000000000000000e+03
-4.452000000000000000e+03
-4.408000000000000000e+03
-4.396000000000000000e+03
-4.460000000000000000e+03
-4.444000000000000000e+03
-4.596000000000000000e+03
-4.512000000000000000e+03
-4.556000000000000000e+03
-4.200000000000000000e+03
-4.272000000000000000e+03
-4.388000000000000000e+03
-4.276000000000000000e+03
-4.324000000000000000e+03
-4.288000000000000000e+03
-4.400000000000000000e+03
-4.472000000000000000e+03
-4.336000000000000000e+03
-4.144000000000000000e+03
-4.416000000000000000e+03
-4.392000000000000000e+03
-4.440000000000000000e+03
-4.356000000000000000e+03
-4.120000000000000000e+03
-4.080000000000000000e+03
-3.992000000000000000e+03
-4.208000000000000000e+03
-4.492000000000000000e+03
-4.256000000000000000e+03
-4.268000000000000000e+03
-4.880000000000000000e+03
-4.624000000000000000e+03
-4.468000000000000000e+03
-4.656000000000000000e+03
-4.540000000000000000e+03
-4.376000000000000000e+03
-4.448000000000000000e+03
-4.544000000000000000e+03
-4.528000000000000000e+03
-4.464000000000000000e+03
-4.616000000000000000e+03
-4.724000000000000000e+03
-4.704000000000000000e+03
-4.744000000000000000e+03
-4.792000000000000000e+03
-4.360000000000000000e+03
-4.296000000000000000e+03
-4.364000000000000000e+03
-4.524000000000000000e+03
-4.600000000000000000e+03
-4.384000000000000000e+03
-4.292000000000000000e+03
-4.516000000000000000e+03
-4.248000000000000000e+03
-4.368000000000000000e+03
-4.280000000000000000e+03
-4.812000000000000000e+03
-4.576000000000000000e+03
-4.876000000000000000e+03
-4.760000000000000000e+03
-4.424000000000000000e+03
-4.224000000000000000e+03
-4.260000000000000000e+03
-4.860000000000000000e+03
-4.784000000000000000e+03
-4.304000000000000000e+03
-4.244000000000000000e+03
-4.344000000000000000e+03
-4.160000000000000000e+03
-4.124000000000000000e+03
-4.252000000000000000e+03
-4.588000000000000000e+03
-4.420000000000000000e+03
-4.284000000000000000e+03
-4.228000000000000000e+03
-4.184000000000000000e+03
-4.132000000000000000e+03
-4.152000000000000000e+03
-4.552000000000000000e+03
-4.164000000000000000e+03
-4.216000000000000000e+03
-4.236000000000000000e+03
-4.176000000000000000e+03
-4.532000000000000000e+03
-3.996000000000000000e+03
-4.232000000000000000e+03
-4.064000000000000000e+03
-4.188000000000000000e+03
-4.220000000000000000e+03
-4.456000000000000000e+03
-4.116000000000000000e+03
-4.108000000000000000e+03
-4.112000000000000000e+03
-4.872000000000000000e+03
-4.776000000000000000e+03
-5.044000000000000000e+03
-4.660000000000000000e+03
-4.988000000000000000e+03
-4.820000000000000000e+03
-4.804000000000000000e+03
-4.900000000000000000e+03
-5.004000000000000000e+03
-4.712000000000000000e+03
-4.824000000000000000e+03
-4.960000000000000000e+03
-4.996000000000000000e+03
-5.124000000000000000e+03
-4.856000000000000000e+03
-4.636000000000000000e+03
-4.840000000000000000e+03
-4.168000000000000000e+03
-4.148000000000000000e+03
-4.204000000000000000e+03
-4.072000000000000000e+03
-4.920000000000000000e+03
-4.908000000000000000e+03
-4.892000000000000000e+03
-4.848000000000000000e+03
-4.916000000000000000e+03
-4.800000000000000000e+03
-5.076000000000000000e+03
-5.200000000000000000e+03
-5.040000000000000000e+03
-5.036000000000000000e+03
-5.092000000000000000e+03
-5.052000000000000000e+03
-4.944000000000000000e+03
-4.832000000000000000e+03
-4.936000000000000000e+03
-4.896000000000000000e+03
-4.868000000000000000e+03
-4.976000000000000000e+03
-5.088000000000000000e+03
-4.904000000000000000e+03
-5.012000000000000000e+03
-4.992000000000000000e+03
-5.064000000000000000e+03
-4.948000000000000000e+03
-4.924000000000000000e+03
-4.136000000000000000e+03
-4.048000000000000000e+03
-4.100000000000000000e+03
-4.964000000000000000e+03
-5.048000000000000000e+03
-4.984000000000000000e+03
-4.180000000000000000e+03
-4.172000000000000000e+03
-4.888000000000000000e+03
-4.912000000000000000e+03
-5.192000000000000000e+03
-4.956000000000000000e+03
-5.128000000000000000e+03
-4.020000000000000000e+03
-4.980000000000000000e+03
-5.028000000000000000e+03
-5.056000000000000000e+03
-5.160000000000000000e+03
-5.084000000000000000e+03
-5.008000000000000000e+03
-4.932000000000000000e+03
-5.024000000000000000e+03
-5.068000000000000000e+03
-4.940000000000000000e+03
-4.972000000000000000e+03
-5.144000000000000000e+03
-5.228000000000000000e+03
-5.112000000000000000e+03
-5.104000000000000000e+03
-4.968000000000000000e+03
-5.032000000000000000e+03
-5.060000000000000000e+03
-5.016000000000000000e+03
-4.928000000000000000e+03
-4.140000000000000000e+03
-4.128000000000000000e+03
-5.080000000000000000e+03
-4.156000000000000000e+03
-5.100000000000000000e+03
-4.096000000000000000e+03
-5.096000000000000000e+03
-5.072000000000000000e+03
-4.104000000000000000e+03
-4.000000000000000000e+03
-4.092000000000000000e+03
-3.988000000000000000e+03
-4.060000000000000000e+03
-4.040000000000000000e+03
-4.008000000000000000e+03
-5.020000000000000000e+03
-5.196000000000000000e+03
-4.084000000000000000e+03
-4.044000000000000000e+03
-3.944000000000000000e+03
-3.968000000000000000e+03
-4.004000000000000000e+03
-4.088000000000000000e+03
-3.976000000000000000e+03
-5.136000000000000000e+03
-4.068000000000000000e+03
-4.012000000000000000e+03
-4.028000000000000000e+03
-4.032000000000000000e+03
-5.108000000000000000e+03
-5.180000000000000000e+03
-5.156000000000000000e+03
-5.132000000000000000e+03
-5.148000000000000000e+03
-4.076000000000000000e+03
-3.984000000000000000e+03
-4.036000000000000000e+03
-5.116000000000000000e+03
-5.152000000000000000e+03
-4.056000000000000000e+03
-3.936000000000000000e+03
-3.920000000000000000e+03
-4.016000000000000000e+03
-5.164000000000000000e+03
-3.952000000000000000e+03
-5.392000000000000000e+03
-5.276000000000000000e+03
-5.316000000000000000e+03
-5.176000000000000000e+03
-5.188000000000000000e+03
-3.972000000000000000e+03
-4.052000000000000000e+03
-5.140000000000000000e+03
-3.940000000000000000e+03
-5.172000000000000000e+03
-5.264000000000000000e+03
-5.168000000000000000e+03
-3.964000000000000000e+03
-3.960000000000000000e+03
-5.212000000000000000e+03
-5.216000000000000000e+03
-3.956000000000000000e+03
-5.208000000000000000e+03
-5.204000000000000000e+03
-4.024000000000000000e+03
-5.236000000000000000e+03
-5.252000000000000000e+03
