9.500000000000000000e+02
9.660000000000000000e+02
1.880000000000000000e+02
5.640000000000000000e+02
1.040000000000000000e+02
1.632000000000000000e+03
1.548000000000000000e+03
1.077000000000000000e+03
1.215000000000000000e+03
1.511000000000000000e+03
1.795000000000000000e+03
8.900000000000000000e+02
1.766000000000000000e+03
1.766000000000000000e+03
1.751000000000000000e+03
1.407000000000000000e+03
5.220000000000000000e+02
1.223000000000000000e+03
1.832000000000000000e+03
1.030000000000000000e+03
1.763000000000000000e+03
1.032000000000000000e+03
1.789000000000000000e+03
1.690000000000000000e+02
1.372000000000000000e+03
1.527000000000000000e+03
1.857000000000000000e+03
1.754000000000000000e+03
4.970000000000000000e+02
1.395000000000000000e+03
1.756000000000000000e+03
8.630000000000000000e+02
1.724000000000000000e+03
7.100000000000000000e+02
6.470000000000000000e+02
3.390000000000000000e+02
1.653000000000000000e+03
1.307000000000000000e+03
9.230000000000000000e+02
1.815000000000000000e+03
1.563000000000000000e+03
1.350000000000000000e+03
1.748000000000000000e+03
1.273000000000000000e+03
7.730000000000000000e+02
1.550000000000000000e+02
1.044000000000000000e+03
5.740000000000000000e+02
9.670000000000000000e+02
1.599000000000000000e+03
1.442000000000000000e+03
1.501000000000000000e+03
1.724000000000000000e+03
1.883000000000000000e+03
8.510000000000000000e+02
8.900000000000000000e+01
5.010000000000000000e+02
1.541000000000000000e+03
1.262000000000000000e+03
1.524000000000000000e+03
1.459000000000000000e+03
1.789000000000000000e+03
1.741000000000000000e+03
3.450000000000000000e+02
7.560000000000000000e+02
6.060000000000000000e+02
1.824000000000000000e+03
3.250000000000000000e+02
7.310000000000000000e+02
1.167000000000000000e+03
2.670000000000000000e+02
1.419000000000000000e+03
1.900000000000000000e+02
2.570000000000000000e+02
1.862000000000000000e+03
5.880000000000000000e+02
1.067000000000000000e+03
5.500000000000000000e+02
2.400000000000000000e+02
6.640000000000000000e+02
5.330000000000000000e+02
3.450000000000000000e+02
7.400000000000000000e+02
2.490000000000000000e+02
4.130000000000000000e+02
7.560000000000000000e+02
3.920000000000000000e+02
2.100000000000000000e+01
1.000000000000000000e+02
3.920000000000000000e+02
1.360000000000000000e+02
4.620000000000000000e+02
5.200000000000000000e+01
3.100000000000000000e+01
2.360000000000000000e+02
1.060000000000000000e+03
1.760000000000000000e+02
2.900000000000000000e+02
6.700000000000000000e+01
8.300000000000000000e+01
1.140000000000000000e+02
7.300000000000000000e+01
3.400000000000000000e+01
2.810000000000000000e+02
6.400000000000000000e+01
2.540000000000000000e+02
1.670000000000000000e+02
2.740000000000000000e+02
5.700000000000000000e+01
4.300000000000000000e+01
2.570000000000000000e+02
1.700000000000000000e+01
3.000000000000000000e+00
1.550000000000000000e+02
7.500000000000000000e+01
4.380000000000000000e+02
1.850000000000000000e+02
1.300000000000000000e+02
2.000000000000000000e+01
1.130000000000000000e+02
7.500000000000000000e+01
4.900000000000000000e+01
5.000000000000000000e+01
8.000000000000000000e+01
2.000000000000000000e+01
2.000000000000000000e+00
3.900000000000000000e+01
1.700000000000000000e+01
2.400000000000000000e+01
1.470000000000000000e+02
5.300000000000000000e+01
9.000000000000000000e+00
3.100000000000000000e+01
2.300000000000000000e+01
2.000000000000000000e+00
2.000000000000000000e+00
1.700000000000000000e+01
2.000000000000000000e+00
3.600000000000000000e+01
9.000000000000000000e+00
2.300000000000000000e+01
9.000000000000000000e+00
1.000000000000000000e+00
2.000000000000000000e+01
8.000000000000000000e+00
2.000000000000000000e+00
4.000000000000000000e+00
4.000000000000000000e+00
1.000000000000000000e+01
1.500000000000000000e+01
5.000000000000000000e+00
5.000000000000000000e+00
9.000000000000000000e+00
6.000000000000000000e+00
1.000000000000000000e+00
5.000000000000000000e+00
1.000000000000000000e+01
7.000000000000000000e+00
7.000000000000000000e+00
4.000000000000000000e+00
4.000000000000000000e+00
5.000000000000000000e+00
4.000000000000000000e+00
8.000000000000000000e+00
1.000000000000000000e+00
1.000000000000000000e+00
2.000000000000000000e+00
2.000000000000000000e+00
1.000000000000000000e+00
1.000000000000000000e+00
1.000000000000000000e+00
