2.154000000000000000e+03
2.861000000000000000e+03
2.932000000000000000e+03
2.759000000000000000e+03
2.560000000000000000e+03
2.930000000000000000e+03
2.735000000000000000e+03
2.464000000000000000e+03
3.003000000000000000e+03
2.616000000000000000e+03
2.750000000000000000e+03
4.310000000000000000e+02
1.968000000000000000e+03
2.206000000000000000e+03
1.998000000000000000e+03
2.098000000000000000e+03
1.041000000000000000e+03
2.403000000000000000e+03
1.810000000000000000e+03
7.310000000000000000e+02
1.070000000000000000e+03
1.671000000000000000e+03
2.953000000000000000e+03
2.806000000000000000e+03
2.862000000000000000e+03
3.500000000000000000e+02
1.204000000000000000e+03
1.387000000000000000e+03
2.762000000000000000e+03
2.910000000000000000e+02
2.407000000000000000e+03
1.835000000000000000e+03
1.266000000000000000e+03
1.368000000000000000e+03
2.909000000000000000e+03
6.320000000000000000e+02
2.376000000000000000e+03
1.527000000000000000e+03
1.297000000000000000e+03
6.230000000000000000e+02
1.830000000000000000e+02
8.750000000000000000e+02
1.900000000000000000e+02
1.541000000000000000e+03
5.230000000000000000e+02
1.780000000000000000e+02
5.210000000000000000e+02
1.968000000000000000e+03
7.580000000000000000e+02
8.860000000000000000e+02
1.649000000000000000e+03
2.154000000000000000e+03
6.420000000000000000e+02
2.627000000000000000e+03
1.157000000000000000e+03
3.350000000000000000e+02
8.080000000000000000e+02
3.910000000000000000e+02
5.390000000000000000e+02
2.560000000000000000e+02
1.030000000000000000e+02
2.540000000000000000e+02
1.260000000000000000e+02
2.950000000000000000e+02
1.190000000000000000e+02
1.370000000000000000e+02
8.300000000000000000e+01
6.900000000000000000e+01
5.200000000000000000e+01
4.280000000000000000e+02
9.600000000000000000e+02
7.400000000000000000e+01
1.820000000000000000e+02
2.600000000000000000e+01
2.300000000000000000e+01
5.900000000000000000e+01
1.600000000000000000e+01
1.900000000000000000e+01
2.020000000000000000e+02
1.120000000000000000e+02
4.700000000000000000e+01
9.700000000000000000e+01
1.700000000000000000e+01
6.000000000000000000e+00
3.200000000000000000e+01
3.400000000000000000e+01
3.700000000000000000e+01
3.100000000000000000e+01
1.500000000000000000e+01
6.000000000000000000e+00
1.300000000000000000e+01
2.000000000000000000e+00
9.000000000000000000e+00
8.000000000000000000e+00
1.100000000000000000e+01
2.000000000000000000e+01
8.000000000000000000e+00
3.000000000000000000e+00
1.200000000000000000e+01
2.000000000000000000e+00
2.000000000000000000e+00
1.000000000000000000e+00
8.000000000000000000e+00
3.000000000000000000e+00
3.000000000000000000e+00
3.000000000000000000e+00
2.000000000000000000e+00
1.000000000000000000e+00
1.000000000000000000e+00
