1.034000000000000000e+03
4.450000000000000000e+02
7.710000000000000000e+02
3.690000000000000000e+02
7.020000000000000000e+02
1.514000000000000000e+03
5.990000000000000000e+02
8.930000000000000000e+02
4.450000000000000000e+02
1.530000000000000000e+03
9.880000000000000000e+02
1.581000000000000000e+03
6.260000000000000000e+02
1.670000000000000000e+03
8.000000000000000000e+00
8.900000000000000000e+02
8.350000000000000000e+02
3.280000000000000000e+02
1.413000000000000000e+03
1.328000000000000000e+03
9.630000000000000000e+02
1.476000000000000000e+03
1.391000000000000000e+03
1.512000000000000000e+03
1.687000000000000000e+03
7.660000000000000000e+02
1.660000000000000000e+02
7.380000000000000000e+02
1.421000000000000000e+03
1.200000000000000000e+03
1.758000000000000000e+03
1.466000000000000000e+03
1.648000000000000000e+03
8.990000000000000000e+02
2.510000000000000000e+02
1.120000000000000000e+02
1.306000000000000000e+03
1.119000000000000000e+03
1.108000000000000000e+03
1.649000000000000000e+03
8.120000000000000000e+02
1.582000000000000000e+03
1.690000000000000000e+03
1.152000000000000000e+03
1.706000000000000000e+03
5.080000000000000000e+02
1.524000000000000000e+03
3.400000000000000000e+02
1.597000000000000000e+03
1.243000000000000000e+03
1.402000000000000000e+03
6.920000000000000000e+02
1.218000000000000000e+03
1.497000000000000000e+03
1.630000000000000000e+03
1.067000000000000000e+03
2.120000000000000000e+02
2.630000000000000000e+02
2.200000000000000000e+02
4.060000000000000000e+02
1.511000000000000000e+03
9.470000000000000000e+02
1.603000000000000000e+03
1.216000000000000000e+03
1.076000000000000000e+03
4.260000000000000000e+02
1.520000000000000000e+02
1.691000000000000000e+03
1.647000000000000000e+03
1.509000000000000000e+03
1.940000000000000000e+02
5.240000000000000000e+02
4.070000000000000000e+02
1.114000000000000000e+03
1.059000000000000000e+03
5.730000000000000000e+02
2.490000000000000000e+02
7.180000000000000000e+02
1.687000000000000000e+03
1.564000000000000000e+03
1.728000000000000000e+03
1.613000000000000000e+03
1.563000000000000000e+03
1.254000000000000000e+03
5.340000000000000000e+02
5.040000000000000000e+02
1.470000000000000000e+02
1.208000000000000000e+03
7.400000000000000000e+01
3.820000000000000000e+02
5.930000000000000000e+02
2.980000000000000000e+02
4.630000000000000000e+02
9.940000000000000000e+02
7.700000000000000000e+01
6.410000000000000000e+02
3.320000000000000000e+02
5.010000000000000000e+02
6.600000000000000000e+01
2.860000000000000000e+02
1.550000000000000000e+02
6.430000000000000000e+02
7.400000000000000000e+01
1.150000000000000000e+02
8.000000000000000000e+01
1.400000000000000000e+01
2.400000000000000000e+01
1.090000000000000000e+02
5.100000000000000000e+01
9.400000000000000000e+01
2.130000000000000000e+02
4.300000000000000000e+01
8.560000000000000000e+02
3.140000000000000000e+02
2.900000000000000000e+01
3.000000000000000000e+01
1.760000000000000000e+02
1.520000000000000000e+02
1.250000000000000000e+02
3.670000000000000000e+02
2.030000000000000000e+02
2.500000000000000000e+01
3.000000000000000000e+01
5.000000000000000000e+01
9.900000000000000000e+01
1.000000000000000000e+01
6.800000000000000000e+01
3.100000000000000000e+01
2.230000000000000000e+02
8.600000000000000000e+01
1.050000000000000000e+02
5.300000000000000000e+01
1.280000000000000000e+02
2.200000000000000000e+01
5.800000000000000000e+01
1.230000000000000000e+02
8.000000000000000000e+00
3.000000000000000000e+01
1.700000000000000000e+01
2.900000000000000000e+01
2.300000000000000000e+01
3.700000000000000000e+01
6.000000000000000000e+00
4.000000000000000000e+00
1.000000000000000000e+01
4.700000000000000000e+01
1.100000000000000000e+01
4.300000000000000000e+01
2.000000000000000000e+00
1.000000000000000000e+00
1.200000000000000000e+01
2.000000000000000000e+01
2.000000000000000000e+01
1.300000000000000000e+01
1.700000000000000000e+01
3.000000000000000000e+00
4.300000000000000000e+01
2.600000000000000000e+01
4.000000000000000000e+00
3.000000000000000000e+00
7.000000000000000000e+00
1.400000000000000000e+01
2.000000000000000000e+00
1.400000000000000000e+01
4.000000000000000000e+00
6.000000000000000000e+00
1.000000000000000000e+00
9.000000000000000000e+00
5.000000000000000000e+00
5.000000000000000000e+00
3.000000000000000000e+00
1.000000000000000000e+00
4.000000000000000000e+00
3.000000000000000000e+00
4.000000000000000000e+00
1.000000000000000000e+00
1.000000000000000000e+00
4.000000000000000000e+00
4.000000000000000000e+00
2.000000000000000000e+00
1.000000000000000000e+00
1.000000000000000000e+00
1.000000000000000000e+00
1.000000000000000000e+00
1.000000000000000000e+00
1.000000000000000000e+00
1.000000000000000000e+00
1.000000000000000000e+00
