4.800000000000000000e+01
6.410000000000000000e+02
1.592000000000000000e+03
1.886000000000000000e+03
1.107000000000000000e+03
1.818000000000000000e+03
1.739000000000000000e+03
1.766000000000000000e+03
1.689000000000000000e+03
1.001000000000000000e+03
2.900000000000000000e+02
1.706000000000000000e+03
1.480000000000000000e+03
1.742000000000000000e+03
5.110000000000000000e+02
1.105000000000000000e+03
1.744000000000000000e+03
1.718000000000000000e+03
5.680000000000000000e+02
1.176000000000000000e+03
9.030000000000000000e+02
1.528000000000000000e+03
1.858000000000000000e+03
1.292000000000000000e+03
1.636000000000000000e+03
1.077000000000000000e+03
2.150000000000000000e+02
2.220000000000000000e+02
1.603000000000000000e+03
1.340000000000000000e+03
1.267000000000000000e+03
1.180000000000000000e+03
7.770000000000000000e+02
1.579000000000000000e+03
1.658000000000000000e+03
1.418000000000000000e+03
1.618000000000000000e+03
9.140000000000000000e+02
1.042000000000000000e+03
1.435000000000000000e+03
1.552000000000000000e+03
1.297000000000000000e+03
8.210000000000000000e+02
3.670000000000000000e+02
9.300000000000000000e+02
1.052000000000000000e+03
5.850000000000000000e+02
1.395000000000000000e+03
1.352000000000000000e+03
1.862000000000000000e+03
1.251000000000000000e+03
5.390000000000000000e+02
4.520000000000000000e+02
3.700000000000000000e+02
1.649000000000000000e+03
1.791000000000000000e+03
7.930000000000000000e+02
7.020000000000000000e+02
1.770000000000000000e+03
9.120000000000000000e+02
1.410000000000000000e+02
1.431000000000000000e+03
1.495000000000000000e+03
1.735000000000000000e+03
5.350000000000000000e+02
1.546000000000000000e+03
1.809000000000000000e+03
8.870000000000000000e+02
1.515000000000000000e+03
1.108000000000000000e+03
7.620000000000000000e+02
5.500000000000000000e+01
6.860000000000000000e+02
1.217000000000000000e+03
4.590000000000000000e+02
1.846000000000000000e+03
6.600000000000000000e+02
7.910000000000000000e+02
1.930000000000000000e+02
3.860000000000000000e+02
1.730000000000000000e+02
3.850000000000000000e+02
7.100000000000000000e+01
6.540000000000000000e+02
2.100000000000000000e+01
4.000000000000000000e+00
2.630000000000000000e+02
3.850000000000000000e+02
5.730000000000000000e+02
2.870000000000000000e+02
8.600000000000000000e+01
3.090000000000000000e+02
2.930000000000000000e+02
4.470000000000000000e+02
5.980000000000000000e+02
1.640000000000000000e+02
2.830000000000000000e+02
6.800000000000000000e+01
1.400000000000000000e+01
1.360000000000000000e+02
2.310000000000000000e+02
4.770000000000000000e+02
1.330000000000000000e+02
1.400000000000000000e+01
4.900000000000000000e+01
4.060000000000000000e+02
8.900000000000000000e+01
8.800000000000000000e+01
5.400000000000000000e+01
2.400000000000000000e+01
2.760000000000000000e+02
2.530000000000000000e+02
4.500000000000000000e+01
3.110000000000000000e+02
1.440000000000000000e+02
1.810000000000000000e+02
8.600000000000000000e+01
4.100000000000000000e+01
1.260000000000000000e+02
2.500000000000000000e+01
7.200000000000000000e+01
1.200000000000000000e+01
4.700000000000000000e+01
2.700000000000000000e+01
2.100000000000000000e+01
1.480000000000000000e+02
1.110000000000000000e+02
1.200000000000000000e+02
2.400000000000000000e+01
2.100000000000000000e+01
4.200000000000000000e+01
1.700000000000000000e+01
2.500000000000000000e+01
1.200000000000000000e+01
9.700000000000000000e+01
2.200000000000000000e+01
9.000000000000000000e+00
4.000000000000000000e+01
4.500000000000000000e+01
3.200000000000000000e+01
2.300000000000000000e+01
2.800000000000000000e+01
1.000000000000000000e+01
3.800000000000000000e+01
8.000000000000000000e+00
4.000000000000000000e+00
1.100000000000000000e+01
3.000000000000000000e+00
4.000000000000000000e+00
8.000000000000000000e+00
1.000000000000000000e+00
5.000000000000000000e+00
3.000000000000000000e+00
7.000000000000000000e+00
3.000000000000000000e+00
6.000000000000000000e+00
4.000000000000000000e+00
1.000000000000000000e+00
4.000000000000000000e+00
3.000000000000000000e+00
5.000000000000000000e+00
1.000000000000000000e+00
9.000000000000000000e+00
1.000000000000000000e+00
4.000000000000000000e+00
1.000000000000000000e+00
1.000000000000000000e+00
1.000000000000000000e+00
2.000000000000000000e+00
1.000000000000000000e+00
1.000000000000000000e+00
