1.140000000000000000e+03
9.130000000000000000e+02
1.109000000000000000e+03
9.680000000000000000e+02
1.180000000000000000e+03
7.920000000000000000e+02
7.170000000000000000e+02
1.153000000000000000e+03
1.207000000000000000e+03
3.570000000000000000e+02
9.680000000000000000e+02
8.140000000000000000e+02
1.134000000000000000e+03
9.800000000000000000e+02
6.510000000000000000e+02
1.100000000000000000e+01
7.000000000000000000e+00
5.190000000000000000e+02
8.790000000000000000e+02
1.061000000000000000e+03
9.700000000000000000e+02
5.820000000000000000e+02
8.590000000000000000e+02
3.880000000000000000e+02
2.330000000000000000e+02
1.210000000000000000e+03
1.096000000000000000e+03
6.310000000000000000e+02
1.147000000000000000e+03
8.620000000000000000e+02
1.023000000000000000e+03
4.480000000000000000e+02
9.130000000000000000e+02
1.143000000000000000e+03
6.080000000000000000e+02
5.520000000000000000e+02
1.141000000000000000e+03
1.149000000000000000e+03
3.950000000000000000e+02
1.117000000000000000e+03
1.220000000000000000e+03
8.470000000000000000e+02
2.330000000000000000e+02
9.600000000000000000e+02
3.720000000000000000e+02
1.196000000000000000e+03
1.184000000000000000e+03
1.045000000000000000e+03
2.600000000000000000e+02
2.790000000000000000e+02
2.070000000000000000e+02
3.300000000000000000e+02
5.260000000000000000e+02
8.970000000000000000e+02
1.059000000000000000e+03
7.580000000000000000e+02
1.017000000000000000e+03
1.147000000000000000e+03
6.780000000000000000e+02
4.540000000000000000e+02
9.180000000000000000e+02
1.215000000000000000e+03
7.340000000000000000e+02
1.010000000000000000e+03
6.740000000000000000e+02
7.490000000000000000e+02
4.170000000000000000e+02
1.123000000000000000e+03
2.390000000000000000e+02
1.089000000000000000e+03
1.208000000000000000e+03
8.220000000000000000e+02
6.750000000000000000e+02
1.073000000000000000e+03
5.060000000000000000e+02
7.400000000000000000e+02
6.510000000000000000e+02
1.063000000000000000e+03
4.890000000000000000e+02
4.320000000000000000e+02
1.196000000000000000e+03
7.920000000000000000e+02
6.200000000000000000e+01
1.048000000000000000e+03
1.215000000000000000e+03
1.129000000000000000e+03
6.300000000000000000e+01
1.104000000000000000e+03
6.500000000000000000e+01
1.113000000000000000e+03
7.300000000000000000e+01
6.220000000000000000e+02
3.420000000000000000e+02
9.150000000000000000e+02
1.168000000000000000e+03
6.150000000000000000e+02
6.520000000000000000e+02
9.900000000000000000e+01
8.920000000000000000e+02
1.033000000000000000e+03
4.540000000000000000e+02
5.460000000000000000e+02
7.820000000000000000e+02
4.880000000000000000e+02
3.430000000000000000e+02
1.175000000000000000e+03
2.850000000000000000e+02
8.800000000000000000e+02
3.750000000000000000e+02
1.150000000000000000e+02
3.920000000000000000e+02
2.820000000000000000e+02
5.300000000000000000e+01
5.400000000000000000e+01
6.550000000000000000e+02
6.480000000000000000e+02
1.090000000000000000e+02
1.680000000000000000e+02
6.010000000000000000e+02
1.290000000000000000e+02
2.400000000000000000e+01
2.910000000000000000e+02
8.220000000000000000e+02
4.510000000000000000e+02
7.660000000000000000e+02
4.520000000000000000e+02
6.000000000000000000e+00
2.800000000000000000e+01
1.630000000000000000e+02
1.200000000000000000e+01
1.270000000000000000e+02
1.002000000000000000e+03
4.500000000000000000e+01
1.790000000000000000e+02
3.310000000000000000e+02
1.166000000000000000e+03
1.970000000000000000e+02
4.350000000000000000e+02
1.000000000000000000e+02
6.100000000000000000e+01
2.670000000000000000e+02
1.390000000000000000e+02
3.780000000000000000e+02
6.900000000000000000e+01
3.130000000000000000e+02
2.080000000000000000e+02
1.270000000000000000e+02
1.990000000000000000e+02
2.180000000000000000e+02
5.660000000000000000e+02
5.600000000000000000e+01
4.400000000000000000e+01
1.680000000000000000e+02
8.300000000000000000e+01
1.970000000000000000e+02
4.800000000000000000e+01
4.600000000000000000e+01
2.840000000000000000e+02
1.980000000000000000e+02
2.490000000000000000e+02
3.000000000000000000e+01
1.380000000000000000e+02
8.300000000000000000e+01
3.900000000000000000e+01
9.000000000000000000e+00
1.500000000000000000e+01
7.900000000000000000e+01
1.620000000000000000e+02
9.900000000000000000e+01
3.100000000000000000e+01
1.250000000000000000e+02
1.150000000000000000e+02
9.000000000000000000e+00
1.100000000000000000e+01
5.200000000000000000e+01
2.280000000000000000e+02
2.420000000000000000e+02
1.890000000000000000e+02
1.300000000000000000e+01
2.600000000000000000e+01
2.700000000000000000e+01
1.230000000000000000e+02
1.750000000000000000e+02
3.000000000000000000e+00
5.900000000000000000e+01
3.600000000000000000e+01
6.100000000000000000e+01
1.000000000000000000e+00
2.600000000000000000e+01
2.200000000000000000e+01
1.290000000000000000e+02
1.200000000000000000e+01
7.400000000000000000e+01
3.000000000000000000e+00
8.000000000000000000e+00
6.600000000000000000e+01
1.300000000000000000e+01
3.400000000000000000e+01
2.900000000000000000e+01
4.400000000000000000e+01
7.100000000000000000e+01
1.100000000000000000e+01
3.000000000000000000e+01
2.000000000000000000e+00
1.500000000000000000e+01
2.500000000000000000e+01
4.300000000000000000e+01
1.300000000000000000e+01
2.000000000000000000e+01
2.000000000000000000e+01
1.000000000000000000e+00
3.400000000000000000e+01
1.600000000000000000e+01
2.500000000000000000e+01
1.700000000000000000e+01
4.100000000000000000e+01
6.000000000000000000e+00
1.200000000000000000e+01
7.000000000000000000e+00
9.000000000000000000e+00
6.000000000000000000e+00
6.000000000000000000e+00
3.000000000000000000e+00
2.000000000000000000e+00
1.000000000000000000e+00
8.000000000000000000e+00
3.000000000000000000e+00
5.000000000000000000e+00
1.000000000000000000e+01
4.000000000000000000e+00
1.000000000000000000e+00
3.800000000000000000e+01
2.000000000000000000e+00
6.000000000000000000e+00
1.000000000000000000e+00
2.000000000000000000e+00
1.000000000000000000e+00
4.000000000000000000e+00
1.100000000000000000e+01
6.000000000000000000e+00
2.000000000000000000e+00
7.000000000000000000e+00
5.000000000000000000e+00
3.000000000000000000e+00
1.000000000000000000e+00
3.000000000000000000e+00
1.000000000000000000e+00
1.000000000000000000e+00
7.000000000000000000e+00
1.000000000000000000e+00
2.000000000000000000e+00
1.000000000000000000e+00
2.000000000000000000e+00
1.000000000000000000e+00
2.000000000000000000e+00
2.000000000000000000e+00
1.000000000000000000e+00
2.000000000000000000e+00
1.000000000000000000e+00
1.000000000000000000e+00
1.000000000000000000e+00
1.000000000000000000e+00
1.000000000000000000e+00
1.000000000000000000e+00
1.000000000000000000e+00
1.000000000000000000e+00
