1.610000000000000000e+03
8.440000000000000000e+02
1.115000000000000000e+03
1.020000000000000000e+02
1.166000000000000000e+03
1.338000000000000000e+03
5.190000000000000000e+02
1.687000000000000000e+03
7.620000000000000000e+02
2.290000000000000000e+02
4.660000000000000000e+02
3.200000000000000000e+01
1.570000000000000000e+03
1.425000000000000000e+03
1.110000000000000000e+03
1.662000000000000000e+03
5.390000000000000000e+02
1.678000000000000000e+03
1.603000000000000000e+03
1.350000000000000000e+03
1.543000000000000000e+03
1.742000000000000000e+03
8.190000000000000000e+02
1.057000000000000000e+03
3.040000000000000000e+02
1.672000000000000000e+03
1.301000000000000000e+03
9.570000000000000000e+02
3.270000000000000000e+02
1.659000000000000000e+03
1.421000000000000000e+03
1.247000000000000000e+03
1.697000000000000000e+03
1.527000000000000000e+03
6.060000000000000000e+02
9.090000000000000000e+02
1.785000000000000000e+03
3.710000000000000000e+02
9.000000000000000000e+02
1.071000000000000000e+03
1.671000000000000000e+03
3.750000000000000000e+02
4.270000000000000000e+02
1.279000000000000000e+03
1.702000000000000000e+03
8.500000000000000000e+01
1.692000000000000000e+03
1.189000000000000000e+03
7.400000000000000000e+02
7.650000000000000000e+02
1.083000000000000000e+03
1.930000000000000000e+02
1.017000000000000000e+03
1.523000000000000000e+03
1.596000000000000000e+03
5.640000000000000000e+02
6.900000000000000000e+02
1.282000000000000000e+03
1.573000000000000000e+03
1.435000000000000000e+03
1.707000000000000000e+03
1.405000000000000000e+03
7.790000000000000000e+02
1.526000000000000000e+03
1.041000000000000000e+03
1.635000000000000000e+03
1.689000000000000000e+03
4.700000000000000000e+01
2.500000000000000000e+02
1.352000000000000000e+03
6.760000000000000000e+02
2.020000000000000000e+02
7.740000000000000000e+02
1.554000000000000000e+03
1.670000000000000000e+03
2.180000000000000000e+02
5.080000000000000000e+02
1.521000000000000000e+03
5.990000000000000000e+02
6.200000000000000000e+02
2.680000000000000000e+02
9.820000000000000000e+02
7.570000000000000000e+02
2.920000000000000000e+02
4.100000000000000000e+02
4.710000000000000000e+02
4.680000000000000000e+02
2.250000000000000000e+02
1.440000000000000000e+02
1.380000000000000000e+02
3.200000000000000000e+01
8.990000000000000000e+02
6.310000000000000000e+02
3.370000000000000000e+02
1.017000000000000000e+03
1.100000000000000000e+01
3.000000000000000000e+00
1.335000000000000000e+03
7.930000000000000000e+02
7.600000000000000000e+01
1.195000000000000000e+03
3.890000000000000000e+02
2.560000000000000000e+02
2.200000000000000000e+02
3.090000000000000000e+02
7.400000000000000000e+01
1.600000000000000000e+01
1.550000000000000000e+02
1.420000000000000000e+02
1.030000000000000000e+02
1.580000000000000000e+02
2.120000000000000000e+02
5.410000000000000000e+02
5.300000000000000000e+01
1.120000000000000000e+02
1.510000000000000000e+02
2.800000000000000000e+01
3.940000000000000000e+02
1.280000000000000000e+02
6.000000000000000000e+00
1.330000000000000000e+02
1.300000000000000000e+01
6.800000000000000000e+01
1.250000000000000000e+02
3.000000000000000000e+01
8.100000000000000000e+01
2.100000000000000000e+01
3.800000000000000000e+01
3.000000000000000000e+00
1.600000000000000000e+01
5.600000000000000000e+01
3.500000000000000000e+01
8.000000000000000000e+00
3.900000000000000000e+01
8.000000000000000000e+00
9.700000000000000000e+01
1.890000000000000000e+02
2.300000000000000000e+01
4.000000000000000000e+00
5.600000000000000000e+01
3.000000000000000000e+01
1.400000000000000000e+01
4.300000000000000000e+01
1.000000000000000000e+02
5.000000000000000000e+01
4.600000000000000000e+01
7.000000000000000000e+00
2.000000000000000000e+00
2.700000000000000000e+01
6.000000000000000000e+01
6.700000000000000000e+01
2.700000000000000000e+01
9.000000000000000000e+00
3.000000000000000000e+00
2.300000000000000000e+01
2.200000000000000000e+01
2.500000000000000000e+01
5.000000000000000000e+00
1.100000000000000000e+01
3.000000000000000000e+00
4.000000000000000000e+00
1.500000000000000000e+01
1.000000000000000000e+00
1.000000000000000000e+00
9.000000000000000000e+00
1.000000000000000000e+01
1.000000000000000000e+00
3.000000000000000000e+00
3.000000000000000000e+00
1.000000000000000000e+00
7.000000000000000000e+00
3.000000000000000000e+00
1.000000000000000000e+00
1.000000000000000000e+00
1.000000000000000000e+00
1.000000000000000000e+00
1.000000000000000000e+00
1.000000000000000000e+00
1.000000000000000000e+00
6.000000000000000000e+00
1.000000000000000000e+00
1.000000000000000000e+00
1.000000000000000000e+00
1.000000000000000000e+00
1.000000000000000000e+00
