1.040000000000000000e+02
2.180000000000000000e+03
5.230000000000000000e+02
2.241000000000000000e+03
8.370000000000000000e+02
1.427000000000000000e+03
6.930000000000000000e+02
3.810000000000000000e+02
2.067000000000000000e+03
1.820000000000000000e+02
1.488000000000000000e+03
2.358000000000000000e+03
2.196000000000000000e+03
2.356000000000000000e+03
1.060000000000000000e+03
2.411000000000000000e+03
1.737000000000000000e+03
1.592000000000000000e+03
2.156000000000000000e+03
2.262000000000000000e+03
1.837000000000000000e+03
1.909000000000000000e+03
1.724000000000000000e+03
9.640000000000000000e+02
2.400000000000000000e+02
2.403000000000000000e+03
1.242000000000000000e+03
7.940000000000000000e+02
1.973000000000000000e+03
2.310000000000000000e+03
1.324000000000000000e+03
2.386000000000000000e+03
1.141000000000000000e+03
1.154000000000000000e+03
7.310000000000000000e+02
1.576000000000000000e+03
1.360000000000000000e+02
2.290000000000000000e+03
5.130000000000000000e+02
1.157000000000000000e+03
1.885000000000000000e+03
1.176000000000000000e+03
2.085000000000000000e+03
2.497000000000000000e+03
6.980000000000000000e+02
1.258000000000000000e+03
7.310000000000000000e+02
9.750000000000000000e+02
2.251000000000000000e+03
7.000000000000000000e+01
2.431000000000000000e+03
2.384000000000000000e+03
2.484000000000000000e+03
5.840000000000000000e+02
1.445000000000000000e+03
7.420000000000000000e+02
1.802000000000000000e+03
9.560000000000000000e+02
5.300000000000000000e+01
2.990000000000000000e+02
1.500000000000000000e+01
1.940000000000000000e+02
1.981000000000000000e+03
2.409000000000000000e+03
3.740000000000000000e+02
1.400000000000000000e+02
2.910000000000000000e+02
2.250000000000000000e+02
1.394000000000000000e+03
4.860000000000000000e+02
5.430000000000000000e+02
8.500000000000000000e+02
1.759000000000000000e+03
3.190000000000000000e+02
4.230000000000000000e+02
2.770000000000000000e+02
6.800000000000000000e+01
1.360000000000000000e+02
3.300000000000000000e+01
3.590000000000000000e+02
1.830000000000000000e+02
4.570000000000000000e+02
6.270000000000000000e+02
3.100000000000000000e+01
2.500000000000000000e+02
3.000000000000000000e+01
2.800000000000000000e+01
1.990000000000000000e+02
7.900000000000000000e+01
3.900000000000000000e+01
9.100000000000000000e+01
1.070000000000000000e+02
6.700000000000000000e+01
3.700000000000000000e+01
5.800000000000000000e+01
2.400000000000000000e+01
2.900000000000000000e+01
3.000000000000000000e+01
4.200000000000000000e+01
1.200000000000000000e+02
4.700000000000000000e+01
1.800000000000000000e+01
1.700000000000000000e+01
1.800000000000000000e+01
1.100000000000000000e+01
9.000000000000000000e+00
1.000000000000000000e+01
1.140000000000000000e+02
9.000000000000000000e+00
1.200000000000000000e+01
2.000000000000000000e+00
1.000000000000000000e+00
2.000000000000000000e+00
5.000000000000000000e+00
5.000000000000000000e+00
8.000000000000000000e+00
3.000000000000000000e+00
6.000000000000000000e+00
1.000000000000000000e+00
3.000000000000000000e+00
3.000000000000000000e+00
5.000000000000000000e+00
9.000000000000000000e+00
2.000000000000000000e+00
3.000000000000000000e+00
3.000000000000000000e+00
4.000000000000000000e+00
1.000000000000000000e+00
2.000000000000000000e+00
1.000000000000000000e+00
1.000000000000000000e+00
