1.577000000000000000e+03
4.560000000000000000e+02
1.600000000000000000e+03
1.830000000000000000e+03
9.010000000000000000e+02
6.670000000000000000e+02
7.440000000000000000e+02
4.180000000000000000e+02
7.850000000000000000e+02
1.553000000000000000e+03
1.655000000000000000e+03
1.628000000000000000e+03
1.774000000000000000e+03
2.900000000000000000e+01
2.930000000000000000e+02
6.930000000000000000e+02
5.840000000000000000e+02
1.743000000000000000e+03
1.348000000000000000e+03
8.710000000000000000e+02
1.649000000000000000e+03
1.069000000000000000e+03
2.490000000000000000e+02
1.785000000000000000e+03
4.850000000000000000e+02
1.020000000000000000e+03
1.486000000000000000e+03
1.085000000000000000e+03
1.024000000000000000e+03
1.297000000000000000e+03
1.683000000000000000e+03
1.355000000000000000e+03
1.724000000000000000e+03
1.756000000000000000e+03
1.719000000000000000e+03
7.250000000000000000e+02
2.720000000000000000e+02
1.166000000000000000e+03
1.404000000000000000e+03
6.940000000000000000e+02
1.129000000000000000e+03
1.181000000000000000e+03
4.140000000000000000e+02
1.827000000000000000e+03
1.742000000000000000e+03
1.783000000000000000e+03
1.779000000000000000e+03
1.738000000000000000e+03
1.585000000000000000e+03
1.852000000000000000e+03
1.136000000000000000e+03
7.790000000000000000e+02
1.658000000000000000e+03
8.860000000000000000e+02
1.840000000000000000e+02
8.550000000000000000e+02
8.810000000000000000e+02
5.680000000000000000e+02
1.219000000000000000e+03
1.723000000000000000e+03
5.050000000000000000e+02
1.488000000000000000e+03
6.390000000000000000e+02
1.146000000000000000e+03
1.448000000000000000e+03
1.010000000000000000e+02
1.306000000000000000e+03
1.618000000000000000e+03
1.234000000000000000e+03
2.530000000000000000e+02
6.110000000000000000e+02
1.580000000000000000e+02
3.510000000000000000e+02
6.740000000000000000e+02
5.640000000000000000e+02
1.538000000000000000e+03
9.800000000000000000e+02
1.400000000000000000e+03
1.431000000000000000e+03
1.703000000000000000e+03
1.498000000000000000e+03
2.000000000000000000e+02
1.069000000000000000e+03
8.500000000000000000e+01
1.540000000000000000e+02
6.650000000000000000e+02
4.100000000000000000e+02
5.530000000000000000e+02
3.860000000000000000e+02
3.390000000000000000e+02
1.450000000000000000e+02
3.980000000000000000e+02
1.180000000000000000e+02
2.980000000000000000e+02
2.530000000000000000e+02
7.800000000000000000e+01
9.500000000000000000e+01
4.100000000000000000e+02
1.300000000000000000e+01
4.650000000000000000e+02
2.500000000000000000e+01
4.000000000000000000e+01
1.390000000000000000e+02
2.630000000000000000e+02
1.420000000000000000e+02
8.300000000000000000e+01
4.300000000000000000e+01
1.660000000000000000e+02
9.000000000000000000e+01
3.300000000000000000e+01
2.000000000000000000e+00
3.000000000000000000e+00
1.170000000000000000e+02
4.100000000000000000e+01
1.400000000000000000e+01
4.500000000000000000e+01
3.040000000000000000e+02
1.960000000000000000e+02
3.010000000000000000e+02
5.100000000000000000e+01
6.100000000000000000e+01
1.800000000000000000e+02
6.700000000000000000e+01
6.400000000000000000e+01
1.700000000000000000e+01
3.300000000000000000e+01
4.000000000000000000e+00
7.900000000000000000e+01
4.200000000000000000e+01
1.000000000000000000e+00
2.140000000000000000e+02
5.500000000000000000e+01
4.000000000000000000e+01
1.400000000000000000e+01
3.200000000000000000e+01
1.300000000000000000e+01
9.300000000000000000e+01
8.300000000000000000e+01
9.000000000000000000e+00
4.800000000000000000e+01
1.600000000000000000e+01
9.000000000000000000e+00
3.000000000000000000e+00
3.200000000000000000e+01
1.200000000000000000e+01
2.700000000000000000e+01
3.000000000000000000e+00
9.000000000000000000e+00
8.000000000000000000e+00
6.000000000000000000e+00
8.000000000000000000e+00
8.000000000000000000e+00
9.000000000000000000e+00
3.200000000000000000e+01
8.000000000000000000e+00
3.000000000000000000e+00
9.000000000000000000e+00
1.600000000000000000e+01
5.000000000000000000e+00
1.000000000000000000e+00
2.000000000000000000e+00
1.000000000000000000e+00
5.000000000000000000e+00
2.000000000000000000e+00
1.000000000000000000e+00
1.000000000000000000e+00
1.000000000000000000e+00
2.000000000000000000e+00
1.000000000000000000e+00
1.000000000000000000e+00
6.000000000000000000e+00
1.000000000000000000e+00
1.000000000000000000e+00
1.000000000000000000e+00
1.000000000000000000e+00
1.000000000000000000e+00
3.000000000000000000e+00
1.000000000000000000e+00
1.000000000000000000e+00
1.000000000000000000e+00
