7.080000000000000000e+02
1.535000000000000000e+03
1.592000000000000000e+03
1.172000000000000000e+03
1.418000000000000000e+03
1.601000000000000000e+03
1.619000000000000000e+03
1.310000000000000000e+02
1.449000000000000000e+03
1.060000000000000000e+03
1.600000000000000000e+03
1.621000000000000000e+03
6.100000000000000000e+01
1.657000000000000000e+03
8.790000000000000000e+02
1.186000000000000000e+03
1.149000000000000000e+03
1.319000000000000000e+03
1.198000000000000000e+03
3.990000000000000000e+02
6.400000000000000000e+02
1.303000000000000000e+03
4.090000000000000000e+02
1.367000000000000000e+03
1.726000000000000000e+03
1.250000000000000000e+03
6.930000000000000000e+02
1.470000000000000000e+03
9.820000000000000000e+02
3.980000000000000000e+02
5.810000000000000000e+02
4.260000000000000000e+02
1.510000000000000000e+03
1.599000000000000000e+03
6.920000000000000000e+02
8.720000000000000000e+02
1.489000000000000000e+03
1.415000000000000000e+03
3.040000000000000000e+02
1.118000000000000000e+03
6.900000000000000000e+02
1.316000000000000000e+03
3.100000000000000000e+02
1.380000000000000000e+02
1.554000000000000000e+03
1.026000000000000000e+03
2.490000000000000000e+02
4.190000000000000000e+02
1.557000000000000000e+03
1.518000000000000000e+03
3.790000000000000000e+02
1.732000000000000000e+03
1.424000000000000000e+03
9.750000000000000000e+02
9.540000000000000000e+02
8.000000000000000000e+00
4.550000000000000000e+02
8.700000000000000000e+01
6.070000000000000000e+02
2.880000000000000000e+02
4.780000000000000000e+02
5.110000000000000000e+02
3.270000000000000000e+02
8.000000000000000000e+02
7.340000000000000000e+02
6.600000000000000000e+01
2.100000000000000000e+01
6.300000000000000000e+01
1.672000000000000000e+03
1.689000000000000000e+03
1.412000000000000000e+03
1.631000000000000000e+03
1.072000000000000000e+03
1.278000000000000000e+03
1.579000000000000000e+03
7.330000000000000000e+02
6.060000000000000000e+02
1.097000000000000000e+03
1.552000000000000000e+03
8.180000000000000000e+02
1.650000000000000000e+03
1.378000000000000000e+03
1.059000000000000000e+03
1.628000000000000000e+03
1.690000000000000000e+02
2.770000000000000000e+02
5.600000000000000000e+02
5.250000000000000000e+02
6.000000000000000000e+01
1.720000000000000000e+02
8.100000000000000000e+02
3.870000000000000000e+02
9.100000000000000000e+02
1.622000000000000000e+03
1.640000000000000000e+02
1.260000000000000000e+03
2.390000000000000000e+02
2.480000000000000000e+02
8.900000000000000000e+02
9.360000000000000000e+02
5.720000000000000000e+02
1.086000000000000000e+03
1.600000000000000000e+01
1.610000000000000000e+02
2.680000000000000000e+02
5.150000000000000000e+02
2.460000000000000000e+02
9.200000000000000000e+01
1.160000000000000000e+02
1.000000000000000000e+01
2.800000000000000000e+01
4.000000000000000000e+00
7.470000000000000000e+02
1.220000000000000000e+02
1.800000000000000000e+01
2.200000000000000000e+02
1.850000000000000000e+02
3.100000000000000000e+01
1.000000000000000000e+01
2.930000000000000000e+02
2.120000000000000000e+02
1.430000000000000000e+02
3.700000000000000000e+02
1.460000000000000000e+02
1.840000000000000000e+02
4.500000000000000000e+01
1.000000000000000000e+01
8.400000000000000000e+01
3.200000000000000000e+01
9.600000000000000000e+01
6.100000000000000000e+01
2.160000000000000000e+02
1.300000000000000000e+01
1.800000000000000000e+01
3.300000000000000000e+01
1.500000000000000000e+01
1.330000000000000000e+02
1.320000000000000000e+02
9.600000000000000000e+01
5.700000000000000000e+01
5.000000000000000000e+01
3.000000000000000000e+00
3.000000000000000000e+00
4.500000000000000000e+01
1.060000000000000000e+02
8.000000000000000000e+01
4.000000000000000000e+00
9.000000000000000000e+00
2.200000000000000000e+01
1.900000000000000000e+01
1.500000000000000000e+01
2.600000000000000000e+01
6.100000000000000000e+01
4.400000000000000000e+01
4.400000000000000000e+01
4.000000000000000000e+00
5.900000000000000000e+01
5.000000000000000000e+00
8.000000000000000000e+00
2.200000000000000000e+01
2.000000000000000000e+01
1.100000000000000000e+01
1.400000000000000000e+01
3.700000000000000000e+01
7.000000000000000000e+00
1.000000000000000000e+00
1.400000000000000000e+01
4.000000000000000000e+00
3.000000000000000000e+00
4.000000000000000000e+00
3.000000000000000000e+00
2.000000000000000000e+00
2.000000000000000000e+00
1.000000000000000000e+01
2.000000000000000000e+00
4.000000000000000000e+00
3.000000000000000000e+00
1.000000000000000000e+00
1.000000000000000000e+00
6.000000000000000000e+00
2.000000000000000000e+00
1.000000000000000000e+00
3.000000000000000000e+00
1.000000000000000000e+00
2.000000000000000000e+00
2.000000000000000000e+00
1.000000000000000000e+00
1.000000000000000000e+00
1.000000000000000000e+00
3.000000000000000000e+00
1.000000000000000000e+00
1.000000000000000000e+00
