1.361000000000000000e+03
1.185000000000000000e+03
1.176000000000000000e+03
1.338000000000000000e+03
1.452000000000000000e+03
1.354000000000000000e+03
1.548000000000000000e+03
1.688000000000000000e+03
1.652000000000000000e+03
6.900000000000000000e+02
5.050000000000000000e+02
3.860000000000000000e+02
5.230000000000000000e+02
4.620000000000000000e+02
1.746000000000000000e+03
1.166000000000000000e+03
1.735000000000000000e+03
2.530000000000000000e+02
8.370000000000000000e+02
1.291000000000000000e+03
1.532000000000000000e+03
1.471000000000000000e+03
1.910000000000000000e+02
1.723000000000000000e+03
1.673000000000000000e+03
1.039000000000000000e+03
1.591000000000000000e+03
9.710000000000000000e+02
1.550000000000000000e+02
1.619000000000000000e+03
1.445000000000000000e+03
1.262000000000000000e+03
1.190000000000000000e+02
1.270000000000000000e+03
1.121000000000000000e+03
1.391000000000000000e+03
6.970000000000000000e+02
7.560000000000000000e+02
1.517000000000000000e+03
1.503000000000000000e+03
9.630000000000000000e+02
1.694000000000000000e+03
1.611000000000000000e+03
1.289000000000000000e+03
5.420000000000000000e+02
1.746000000000000000e+03
4.330000000000000000e+02
8.720000000000000000e+02
6.390000000000000000e+02
7.130000000000000000e+02
1.692000000000000000e+03
1.679000000000000000e+03
1.591000000000000000e+03
1.664000000000000000e+03
1.355000000000000000e+03
4.600000000000000000e+01
6.300000000000000000e+02
4.910000000000000000e+02
1.036000000000000000e+03
9.950000000000000000e+02
7.770000000000000000e+02
1.718000000000000000e+03
1.509000000000000000e+03
5.350000000000000000e+02
1.208000000000000000e+03
9.040000000000000000e+02
1.613000000000000000e+03
2.750000000000000000e+02
9.920000000000000000e+02
2.420000000000000000e+02
1.014000000000000000e+03
1.229000000000000000e+03
1.970000000000000000e+02
1.635000000000000000e+03
2.870000000000000000e+02
1.561000000000000000e+03
1.530000000000000000e+03
3.120000000000000000e+02
3.960000000000000000e+02
6.570000000000000000e+02
3.420000000000000000e+02
3.070000000000000000e+02
4.080000000000000000e+02
1.100000000000000000e+02
6.200000000000000000e+02
3.280000000000000000e+02
3.570000000000000000e+02
1.114000000000000000e+03
3.550000000000000000e+02
1.660000000000000000e+02
4.480000000000000000e+02
7.410000000000000000e+02
7.660000000000000000e+02
2.770000000000000000e+02
4.700000000000000000e+02
2.050000000000000000e+02
6.600000000000000000e+01
1.470000000000000000e+02
5.710000000000000000e+02
2.280000000000000000e+02
2.040000000000000000e+02
1.970000000000000000e+02
8.020000000000000000e+02
9.000000000000000000e+00
5.300000000000000000e+01
4.000000000000000000e+01
3.920000000000000000e+02
7.400000000000000000e+01
8.650000000000000000e+02
1.170000000000000000e+02
1.020000000000000000e+02
8.900000000000000000e+02
2.760000000000000000e+02
5.800000000000000000e+01
1.230000000000000000e+02
7.800000000000000000e+01
5.500000000000000000e+01
7.500000000000000000e+01
1.810000000000000000e+02
6.600000000000000000e+01
3.600000000000000000e+01
1.280000000000000000e+02
4.200000000000000000e+01
8.100000000000000000e+01
1.510000000000000000e+02
2.100000000000000000e+01
1.410000000000000000e+02
9.700000000000000000e+01
4.100000000000000000e+01
3.700000000000000000e+01
6.500000000000000000e+01
5.500000000000000000e+01
7.000000000000000000e+00
1.000000000000000000e+00
1.360000000000000000e+02
2.600000000000000000e+01
1.100000000000000000e+01
2.900000000000000000e+01
1.000000000000000000e+00
6.500000000000000000e+01
1.700000000000000000e+01
5.000000000000000000e+00
3.600000000000000000e+01
3.000000000000000000e+00
1.100000000000000000e+01
8.000000000000000000e+00
1.300000000000000000e+01
9.000000000000000000e+01
1.800000000000000000e+01
1.100000000000000000e+01
4.000000000000000000e+00
3.000000000000000000e+00
1.600000000000000000e+01
3.000000000000000000e+00
1.000000000000000000e+01
1.200000000000000000e+01
1.900000000000000000e+01
1.000000000000000000e+00
2.000000000000000000e+00
7.000000000000000000e+00
7.000000000000000000e+00
2.400000000000000000e+01
1.000000000000000000e+00
3.200000000000000000e+01
4.000000000000000000e+00
1.000000000000000000e+00
7.000000000000000000e+00
2.200000000000000000e+01
2.000000000000000000e+00
2.100000000000000000e+01
5.000000000000000000e+00
1.400000000000000000e+01
8.000000000000000000e+00
2.000000000000000000e+00
8.000000000000000000e+00
3.000000000000000000e+00
6.000000000000000000e+00
2.000000000000000000e+00
2.000000000000000000e+00
2.000000000000000000e+00
4.000000000000000000e+00
5.000000000000000000e+00
1.000000000000000000e+00
1.000000000000000000e+00
1.000000000000000000e+00
1.000000000000000000e+00
1.000000000000000000e+00
1.000000000000000000e+00
1.000000000000000000e+00
1.000000000000000000e+00
1.000000000000000000e+00
