1.271000000000000000e+03
1.279000000000000000e+03
3.850000000000000000e+02
1.770000000000000000e+02
1.167000000000000000e+03
1.392000000000000000e+03
1.094000000000000000e+03
6.970000000000000000e+02
7.690000000000000000e+02
1.564000000000000000e+03
5.520000000000000000e+02
1.348000000000000000e+03
6.110000000000000000e+02
1.266000000000000000e+03
3.260000000000000000e+02
1.359000000000000000e+03
1.574000000000000000e+03
8.630000000000000000e+02
1.490000000000000000e+03
1.324000000000000000e+03
1.000000000000000000e+03
1.619000000000000000e+03
1.123000000000000000e+03
1.323000000000000000e+03
1.559000000000000000e+03
2.750000000000000000e+02
1.611000000000000000e+03
1.532000000000000000e+03
1.539000000000000000e+03
9.640000000000000000e+02
1.088000000000000000e+03
1.627000000000000000e+03
1.402000000000000000e+03
6.270000000000000000e+02
1.464000000000000000e+03
1.530000000000000000e+03
6.320000000000000000e+02
1.099000000000000000e+03
5.270000000000000000e+02
8.890000000000000000e+02
1.100000000000000000e+02
1.567000000000000000e+03
9.870000000000000000e+02
1.648000000000000000e+03
1.417000000000000000e+03
1.027000000000000000e+03
1.380000000000000000e+03
7.340000000000000000e+02
1.284000000000000000e+03
1.445000000000000000e+03
1.135000000000000000e+03
1.350000000000000000e+03
1.647000000000000000e+03
1.568000000000000000e+03
1.166000000000000000e+03
4.160000000000000000e+02
1.646000000000000000e+03
4.310000000000000000e+02
1.012000000000000000e+03
1.475000000000000000e+03
7.590000000000000000e+02
4.680000000000000000e+02
1.120000000000000000e+02
7.480000000000000000e+02
6.250000000000000000e+02
1.220000000000000000e+02
1.593000000000000000e+03
1.258000000000000000e+03
3.410000000000000000e+02
1.634000000000000000e+03
8.650000000000000000e+02
1.645000000000000000e+03
7.550000000000000000e+02
5.760000000000000000e+02
1.525000000000000000e+03
3.070000000000000000e+02
1.003000000000000000e+03
4.260000000000000000e+02
7.100000000000000000e+01
4.560000000000000000e+02
4.020000000000000000e+02
1.467000000000000000e+03
8.760000000000000000e+02
8.860000000000000000e+02
5.080000000000000000e+02
8.500000000000000000e+02
7.090000000000000000e+02
9.690000000000000000e+02
1.680000000000000000e+02
4.500000000000000000e+01
3.390000000000000000e+02
1.490000000000000000e+02
1.680000000000000000e+02
1.930000000000000000e+02
2.180000000000000000e+02
1.810000000000000000e+02
2.000000000000000000e+00
1.420000000000000000e+03
3.260000000000000000e+02
4.740000000000000000e+02
4.870000000000000000e+02
2.390000000000000000e+02
3.300000000000000000e+01
8.400000000000000000e+01
2.610000000000000000e+02
3.460000000000000000e+02
1.610000000000000000e+02
1.400000000000000000e+02
2.080000000000000000e+02
7.200000000000000000e+01
7.100000000000000000e+01
5.300000000000000000e+01
6.030000000000000000e+02
6.400000000000000000e+01
2.090000000000000000e+02
1.600000000000000000e+01
2.630000000000000000e+02
1.100000000000000000e+01
1.650000000000000000e+02
3.800000000000000000e+01
5.410000000000000000e+02
1.250000000000000000e+02
1.090000000000000000e+02
3.090000000000000000e+02
2.400000000000000000e+01
2.100000000000000000e+01
2.400000000000000000e+01
6.470000000000000000e+02
1.100000000000000000e+01
2.200000000000000000e+01
5.900000000000000000e+01
1.700000000000000000e+01
1.410000000000000000e+02
1.900000000000000000e+01
7.000000000000000000e+00
2.100000000000000000e+01
2.550000000000000000e+02
5.300000000000000000e+01
9.900000000000000000e+01
4.200000000000000000e+01
1.150000000000000000e+02
8.600000000000000000e+01
4.600000000000000000e+01
1.700000000000000000e+01
9.800000000000000000e+01
3.500000000000000000e+01
2.600000000000000000e+01
1.100000000000000000e+01
3.000000000000000000e+01
4.900000000000000000e+01
4.800000000000000000e+01
5.000000000000000000e+00
5.000000000000000000e+00
4.800000000000000000e+01
1.000000000000000000e+00
1.400000000000000000e+01
5.400000000000000000e+01
8.000000000000000000e+00
9.000000000000000000e+00
3.300000000000000000e+01
6.000000000000000000e+00
3.000000000000000000e+00
8.000000000000000000e+00
1.400000000000000000e+01
2.600000000000000000e+01
1.000000000000000000e+01
6.000000000000000000e+00
1.400000000000000000e+01
1.000000000000000000e+01
1.000000000000000000e+00
2.000000000000000000e+00
1.100000000000000000e+01
5.000000000000000000e+00
1.000000000000000000e+00
6.000000000000000000e+00
6.000000000000000000e+00
4.000000000000000000e+00
4.000000000000000000e+00
2.000000000000000000e+00
7.000000000000000000e+00
2.000000000000000000e+00
2.000000000000000000e+00
1.000000000000000000e+00
2.000000000000000000e+00
1.000000000000000000e+00
2.000000000000000000e+00
1.000000000000000000e+00
1.000000000000000000e+00
1.000000000000000000e+00
1.000000000000000000e+00
1.000000000000000000e+00
2.000000000000000000e+00
1.000000000000000000e+00
2.000000000000000000e+00
2.000000000000000000e+00
1.000000000000000000e+00
1.000000000000000000e+00
