1.871000000000000000e+03
1.344000000000000000e+03
1.720000000000000000e+03
1.798000000000000000e+03
1.784000000000000000e+03
1.631000000000000000e+03
1.701000000000000000e+03
1.856000000000000000e+03
1.683000000000000000e+03
1.368000000000000000e+03
1.600000000000000000e+02
1.501000000000000000e+03
1.721000000000000000e+03
6.980000000000000000e+02
6.920000000000000000e+02
1.291000000000000000e+03
1.697000000000000000e+03
1.795000000000000000e+03
1.651000000000000000e+03
1.586000000000000000e+03
1.746000000000000000e+03
1.148000000000000000e+03
1.818000000000000000e+03
1.426000000000000000e+03
1.436000000000000000e+03
1.540000000000000000e+03
1.572000000000000000e+03
1.743000000000000000e+03
1.084000000000000000e+03
1.774000000000000000e+03
5.550000000000000000e+02
2.260000000000000000e+02
1.198000000000000000e+03
1.773000000000000000e+03
4.860000000000000000e+02
2.630000000000000000e+02
1.795000000000000000e+03
1.373000000000000000e+03
1.123000000000000000e+03
8.850000000000000000e+02
5.650000000000000000e+02
1.755000000000000000e+03
1.015000000000000000e+03
1.785000000000000000e+03
1.133000000000000000e+03
1.372000000000000000e+03
5.070000000000000000e+02
1.333000000000000000e+03
7.850000000000000000e+02
1.170000000000000000e+03
7.690000000000000000e+02
2.950000000000000000e+02
9.710000000000000000e+02
1.607000000000000000e+03
1.351000000000000000e+03
1.492000000000000000e+03
1.620000000000000000e+03
9.310000000000000000e+02
1.534000000000000000e+03
1.723000000000000000e+03
8.500000000000000000e+01
6.500000000000000000e+01
8.020000000000000000e+02
6.230000000000000000e+02
9.690000000000000000e+02
2.620000000000000000e+02
8.920000000000000000e+02
4.800000000000000000e+02
4.120000000000000000e+02
7.280000000000000000e+02
3.970000000000000000e+02
2.180000000000000000e+02
3.760000000000000000e+02
3.160000000000000000e+02
6.060000000000000000e+02
2.080000000000000000e+02
8.900000000000000000e+02
1.570000000000000000e+02
6.310000000000000000e+02
3.210000000000000000e+02
9.820000000000000000e+02
1.084000000000000000e+03
3.610000000000000000e+02
5.760000000000000000e+02
1.160000000000000000e+03
4.400000000000000000e+01
7.720000000000000000e+02
5.600000000000000000e+01
2.980000000000000000e+02
1.620000000000000000e+02
4.510000000000000000e+02
8.600000000000000000e+02
1.040000000000000000e+02
5.750000000000000000e+02
1.400000000000000000e+02
1.140000000000000000e+02
4.100000000000000000e+01
3.740000000000000000e+02
3.570000000000000000e+02
4.000000000000000000e+02
1.120000000000000000e+02
1.600000000000000000e+02
1.000000000000000000e+01
9.200000000000000000e+01
2.250000000000000000e+02
7.700000000000000000e+01
7.300000000000000000e+01
1.000000000000000000e+00
1.600000000000000000e+01
1.400000000000000000e+01
5.700000000000000000e+01
1.000000000000000000e+01
2.350000000000000000e+02
7.600000000000000000e+01
1.820000000000000000e+02
3.100000000000000000e+01
1.070000000000000000e+02
1.000000000000000000e+01
1.340000000000000000e+02
8.800000000000000000e+01
2.500000000000000000e+02
4.480000000000000000e+02
1.210000000000000000e+02
5.200000000000000000e+01
2.700000000000000000e+01
1.900000000000000000e+01
5.100000000000000000e+01
4.500000000000000000e+01
1.790000000000000000e+02
5.100000000000000000e+01
2.900000000000000000e+01
1.100000000000000000e+01
2.000000000000000000e+00
1.100000000000000000e+01
3.900000000000000000e+01
1.900000000000000000e+01
2.000000000000000000e+00
4.500000000000000000e+01
7.000000000000000000e+00
1.100000000000000000e+01
8.000000000000000000e+00
1.500000000000000000e+01
2.200000000000000000e+01
1.000000000000000000e+00
1.100000000000000000e+01
3.000000000000000000e+00
3.100000000000000000e+01
1.700000000000000000e+01
2.800000000000000000e+01
2.800000000000000000e+01
8.000000000000000000e+00
3.000000000000000000e+00
3.500000000000000000e+01
3.000000000000000000e+00
1.000000000000000000e+01
1.500000000000000000e+01
1.200000000000000000e+01
3.000000000000000000e+00
5.000000000000000000e+00
2.000000000000000000e+00
2.000000000000000000e+00
4.000000000000000000e+00
1.000000000000000000e+00
2.000000000000000000e+00
2.000000000000000000e+00
2.000000000000000000e+00
3.000000000000000000e+00
3.000000000000000000e+00
5.000000000000000000e+00
5.000000000000000000e+00
2.000000000000000000e+00
1.000000000000000000e+00
2.000000000000000000e+00
1.000000000000000000e+00
1.000000000000000000e+00
1.000000000000000000e+00
