1.808000000000000000e+03
1.447000000000000000e+03
1.900000000000000000e+03
1.044000000000000000e+03
1.784000000000000000e+03
1.264000000000000000e+03
8.130000000000000000e+02
4.810000000000000000e+02
1.050000000000000000e+02
1.091000000000000000e+03
5.230000000000000000e+02
1.130000000000000000e+02
2.690000000000000000e+02
1.859000000000000000e+03
1.802000000000000000e+03
1.791000000000000000e+03
9.210000000000000000e+02
1.804000000000000000e+03
1.769000000000000000e+03
7.960000000000000000e+02
9.290000000000000000e+02
1.294000000000000000e+03
1.611000000000000000e+03
1.257000000000000000e+03
8.690000000000000000e+02
1.407000000000000000e+03
3.960000000000000000e+02
6.300000000000000000e+02
1.196000000000000000e+03
4.490000000000000000e+02
1.887000000000000000e+03
7.310000000000000000e+02
9.420000000000000000e+02
6.510000000000000000e+02
1.573000000000000000e+03
3.750000000000000000e+02
6.420000000000000000e+02
1.153000000000000000e+03
1.534000000000000000e+03
1.766000000000000000e+03
1.636000000000000000e+03
1.775000000000000000e+03
1.315000000000000000e+03
1.720000000000000000e+03
3.690000000000000000e+02
1.698000000000000000e+03
1.607000000000000000e+03
8.900000000000000000e+01
1.404000000000000000e+03
1.789000000000000000e+03
8.880000000000000000e+02
1.597000000000000000e+03
1.530000000000000000e+02
1.202000000000000000e+03
1.825000000000000000e+03
1.653000000000000000e+03
1.395000000000000000e+03
5.430000000000000000e+02
1.788000000000000000e+03
2.360000000000000000e+02
6.810000000000000000e+02
1.138000000000000000e+03
6.600000000000000000e+02
1.667000000000000000e+03
2.510000000000000000e+02
9.130000000000000000e+02
5.040000000000000000e+02
9.220000000000000000e+02
1.045000000000000000e+03
1.280000000000000000e+03
9.600000000000000000e+01
2.000000000000000000e+01
4.890000000000000000e+02
5.750000000000000000e+02
6.670000000000000000e+02
2.990000000000000000e+02
1.950000000000000000e+02
1.205000000000000000e+03
1.515000000000000000e+03
1.666000000000000000e+03
1.692000000000000000e+03
1.350000000000000000e+02
2.840000000000000000e+02
1.512000000000000000e+03
7.430000000000000000e+02
1.153000000000000000e+03
1.766000000000000000e+03
2.830000000000000000e+02
1.970000000000000000e+02
1.900000000000000000e+02
3.820000000000000000e+02
3.160000000000000000e+02
4.010000000000000000e+02
5.400000000000000000e+01
1.900000000000000000e+01
1.120000000000000000e+02
3.200000000000000000e+01
9.720000000000000000e+02
4.000000000000000000e+01
1.000000000000000000e+02
1.450000000000000000e+02
6.700000000000000000e+01
1.380000000000000000e+02
1.320000000000000000e+02
6.000000000000000000e+02
5.100000000000000000e+01
4.350000000000000000e+02
1.520000000000000000e+02
1.870000000000000000e+02
7.200000000000000000e+01
3.630000000000000000e+02
2.270000000000000000e+02
6.300000000000000000e+01
2.400000000000000000e+01
2.900000000000000000e+01
5.600000000000000000e+01
3.500000000000000000e+01
8.000000000000000000e+01
3.320000000000000000e+02
3.440000000000000000e+02
2.050000000000000000e+02
8.000000000000000000e+00
3.100000000000000000e+01
4.700000000000000000e+01
3.700000000000000000e+01
3.600000000000000000e+01
3.700000000000000000e+01
1.500000000000000000e+01
3.500000000000000000e+01
3.000000000000000000e+00
1.800000000000000000e+01
2.700000000000000000e+01
1.000000000000000000e+01
9.000000000000000000e+00
6.700000000000000000e+01
1.050000000000000000e+02
2.600000000000000000e+01
4.000000000000000000e+00
1.000000000000000000e+00
7.400000000000000000e+01
1.300000000000000000e+01
7.000000000000000000e+00
1.000000000000000000e+00
2.000000000000000000e+00
1.000000000000000000e+00
1.400000000000000000e+01
5.000000000000000000e+00
1.600000000000000000e+01
1.600000000000000000e+01
8.000000000000000000e+00
3.000000000000000000e+00
6.000000000000000000e+00
1.000000000000000000e+00
1.200000000000000000e+01
3.000000000000000000e+00
1.000000000000000000e+00
2.000000000000000000e+00
2.000000000000000000e+00
3.000000000000000000e+00
1.000000000000000000e+01
2.000000000000000000e+00
2.000000000000000000e+00
2.000000000000000000e+00
2.000000000000000000e+00
2.000000000000000000e+00
1.000000000000000000e+00
1.000000000000000000e+00
2.000000000000000000e+00
1.000000000000000000e+00
1.000000000000000000e+00
1.000000000000000000e+00
1.000000000000000000e+00
