7.340000000000000000e+02
1.187000000000000000e+03
7.330000000000000000e+02
1.214000000000000000e+03
1.231000000000000000e+03
4.210000000000000000e+02
6.370000000000000000e+02
7.820000000000000000e+02
8.470000000000000000e+02
9.670000000000000000e+02
1.331000000000000000e+03
1.054000000000000000e+03
9.780000000000000000e+02
7.830000000000000000e+02
1.215000000000000000e+03
9.940000000000000000e+02
1.321000000000000000e+03
1.006000000000000000e+03
1.055000000000000000e+03
8.660000000000000000e+02
1.252000000000000000e+03
2.980000000000000000e+02
8.680000000000000000e+02
6.660000000000000000e+02
2.630000000000000000e+02
9.720000000000000000e+02
9.080000000000000000e+02
6.880000000000000000e+02
1.056000000000000000e+03
3.770000000000000000e+02
4.450000000000000000e+02
7.910000000000000000e+02
1.251000000000000000e+03
1.264000000000000000e+03
8.870000000000000000e+02
1.208000000000000000e+03
1.159000000000000000e+03
1.124000000000000000e+03
1.241000000000000000e+03
1.214000000000000000e+03
1.520000000000000000e+02
7.100000000000000000e+01
2.490000000000000000e+02
2.000000000000000000e+02
3.700000000000000000e+01
8.500000000000000000e+01
8.070000000000000000e+02
1.222000000000000000e+03
3.290000000000000000e+02
4.010000000000000000e+02
1.149000000000000000e+03
9.090000000000000000e+02
1.133000000000000000e+03
4.070000000000000000e+02
1.055000000000000000e+03
3.150000000000000000e+02
2.960000000000000000e+02
1.249000000000000000e+03
1.105000000000000000e+03
1.295000000000000000e+03
6.030000000000000000e+02
4.990000000000000000e+02
1.066000000000000000e+03
1.097000000000000000e+03
8.320000000000000000e+02
3.660000000000000000e+02
1.105000000000000000e+03
6.780000000000000000e+02
4.640000000000000000e+02
7.890000000000000000e+02
1.166000000000000000e+03
6.960000000000000000e+02
2.580000000000000000e+02
4.320000000000000000e+02
7.360000000000000000e+02
6.900000000000000000e+02
9.520000000000000000e+02
7.700000000000000000e+01
1.540000000000000000e+02
1.017000000000000000e+03
1.250000000000000000e+03
6.390000000000000000e+02
1.130000000000000000e+02
3.670000000000000000e+02
6.290000000000000000e+02
1.073000000000000000e+03
1.900000000000000000e+01
6.140000000000000000e+02
1.580000000000000000e+02
6.880000000000000000e+02
5.180000000000000000e+02
9.240000000000000000e+02
3.210000000000000000e+02
6.030000000000000000e+02
1.700000000000000000e+02
1.130000000000000000e+02
7.700000000000000000e+01
4.870000000000000000e+02
1.167000000000000000e+03
1.249000000000000000e+03
1.121000000000000000e+03
2.530000000000000000e+02
1.270000000000000000e+03
1.242000000000000000e+03
5.440000000000000000e+02
1.110000000000000000e+03
4.850000000000000000e+02
5.490000000000000000e+02
1.290000000000000000e+03
8.320000000000000000e+02
2.930000000000000000e+02
1.260000000000000000e+02
7.980000000000000000e+02
1.143000000000000000e+03
2.180000000000000000e+02
1.300000000000000000e+03
9.490000000000000000e+02
5.170000000000000000e+02
1.312000000000000000e+03
1.500000000000000000e+01
8.900000000000000000e+01
1.240000000000000000e+03
5.030000000000000000e+02
1.100000000000000000e+02
6.460000000000000000e+02
4.730000000000000000e+02
4.060000000000000000e+02
1.790000000000000000e+02
1.200000000000000000e+02
3.240000000000000000e+02
5.600000000000000000e+01
8.400000000000000000e+01
2.220000000000000000e+02
6.200000000000000000e+01
3.770000000000000000e+02
2.800000000000000000e+02
1.140000000000000000e+02
4.300000000000000000e+01
7.100000000000000000e+01
1.000000000000000000e+00
1.340000000000000000e+02
2.320000000000000000e+02
2.150000000000000000e+02
1.320000000000000000e+02
4.400000000000000000e+01
1.760000000000000000e+02
2.890000000000000000e+02
4.020000000000000000e+02
1.870000000000000000e+02
3.110000000000000000e+02
5.400000000000000000e+01
1.470000000000000000e+02
3.400000000000000000e+01
1.400000000000000000e+01
1.720000000000000000e+02
6.000000000000000000e+00
2.140000000000000000e+02
6.000000000000000000e+00
1.460000000000000000e+02
6.000000000000000000e+01
3.300000000000000000e+01
3.400000000000000000e+01
2.700000000000000000e+01
1.060000000000000000e+02
1.000000000000000000e+01
7.800000000000000000e+01
1.740000000000000000e+02
4.100000000000000000e+01
1.600000000000000000e+01
5.000000000000000000e+00
8.600000000000000000e+01
2.700000000000000000e+01
1.800000000000000000e+01
1.020000000000000000e+02
4.800000000000000000e+01
1.200000000000000000e+01
1.900000000000000000e+01
1.300000000000000000e+01
2.000000000000000000e+01
2.400000000000000000e+01
2.800000000000000000e+01
6.300000000000000000e+01
5.000000000000000000e+00
3.000000000000000000e+00
5.800000000000000000e+01
2.200000000000000000e+01
7.100000000000000000e+01
4.200000000000000000e+01
7.000000000000000000e+00
1.000000000000000000e+00
6.700000000000000000e+01
4.300000000000000000e+01
5.000000000000000000e+00
2.000000000000000000e+01
8.000000000000000000e+00
1.500000000000000000e+01
5.300000000000000000e+01
9.000000000000000000e+00
1.600000000000000000e+01
1.700000000000000000e+01
1.400000000000000000e+01
1.400000000000000000e+01
8.000000000000000000e+00
1.100000000000000000e+01
9.000000000000000000e+00
2.000000000000000000e+00
7.000000000000000000e+00
6.000000000000000000e+00
2.800000000000000000e+01
1.000000000000000000e+00
6.000000000000000000e+00
4.000000000000000000e+00
9.000000000000000000e+00
1.700000000000000000e+01
2.000000000000000000e+00
1.000000000000000000e+00
2.000000000000000000e+00
3.000000000000000000e+00
7.000000000000000000e+00
2.000000000000000000e+00
6.000000000000000000e+00
4.000000000000000000e+00
1.000000000000000000e+00
1.000000000000000000e+00
4.000000000000000000e+00
3.000000000000000000e+00
3.000000000000000000e+00
3.000000000000000000e+00
1.000000000000000000e+00
1.000000000000000000e+00
1.000000000000000000e+00
1.000000000000000000e+00
3.000000000000000000e+00
2.000000000000000000e+00
2.000000000000000000e+00
1.000000000000000000e+00
1.000000000000000000e+00
4.000000000000000000e+00
1.000000000000000000e+00
1.000000000000000000e+00
1.000000000000000000e+00
2.000000000000000000e+00
1.000000000000000000e+00
1.000000000000000000e+00
