7.960000000000000000e+02
8.020000000000000000e+02
6.030000000000000000e+02
6.080000000000000000e+02
4.230000000000000000e+02
2.810000000000000000e+02
2.580000000000000000e+02
5.690000000000000000e+02
8.290000000000000000e+02
5.120000000000000000e+02
1.960000000000000000e+02
5.750000000000000000e+02
6.810000000000000000e+02
7.660000000000000000e+02
7.050000000000000000e+02
6.830000000000000000e+02
7.940000000000000000e+02
7.930000000000000000e+02
8.060000000000000000e+02
4.890000000000000000e+02
6.440000000000000000e+02
7.520000000000000000e+02
7.980000000000000000e+02
6.600000000000000000e+02
5.720000000000000000e+02
5.230000000000000000e+02
5.570000000000000000e+02
8.090000000000000000e+02
7.860000000000000000e+02
6.370000000000000000e+02
7.960000000000000000e+02
7.540000000000000000e+02
6.710000000000000000e+02
4.690000000000000000e+02
2.520000000000000000e+02
7.650000000000000000e+02
5.330000000000000000e+02
7.130000000000000000e+02
6.610000000000000000e+02
7.020000000000000000e+02
3.720000000000000000e+02
3.830000000000000000e+02
2.180000000000000000e+02
1.300000000000000000e+02
6.000000000000000000e+01
3.200000000000000000e+01
2.360000000000000000e+02
2.290000000000000000e+02
7.150000000000000000e+02
5.800000000000000000e+02
1.730000000000000000e+02
7.820000000000000000e+02
5.280000000000000000e+02
4.930000000000000000e+02
7.560000000000000000e+02
1.520000000000000000e+02
3.060000000000000000e+02
5.190000000000000000e+02
3.270000000000000000e+02
2.590000000000000000e+02
6.470000000000000000e+02
7.690000000000000000e+02
8.060000000000000000e+02
5.850000000000000000e+02
7.650000000000000000e+02
7.680000000000000000e+02
8.190000000000000000e+02
6.060000000000000000e+02
5.600000000000000000e+02
3.520000000000000000e+02
5.330000000000000000e+02
6.920000000000000000e+02
7.090000000000000000e+02
7.100000000000000000e+02
7.810000000000000000e+02
7.090000000000000000e+02
7.700000000000000000e+02
5.980000000000000000e+02
8.320000000000000000e+02
7.660000000000000000e+02
6.310000000000000000e+02
2.930000000000000000e+02
7.730000000000000000e+02
3.870000000000000000e+02
1.140000000000000000e+02
7.420000000000000000e+02
3.100000000000000000e+02
6.310000000000000000e+02
3.720000000000000000e+02
7.200000000000000000e+02
6.490000000000000000e+02
7.480000000000000000e+02
7.220000000000000000e+02
7.060000000000000000e+02
7.370000000000000000e+02
6.570000000000000000e+02
4.210000000000000000e+02
6.860000000000000000e+02
6.020000000000000000e+02
7.960000000000000000e+02
2.900000000000000000e+02
4.170000000000000000e+02
7.310000000000000000e+02
6.330000000000000000e+02
7.300000000000000000e+02
7.130000000000000000e+02
3.970000000000000000e+02
7.300000000000000000e+02
6.380000000000000000e+02
4.570000000000000000e+02
4.860000000000000000e+02
7.230000000000000000e+02
1.200000000000000000e+02
1.530000000000000000e+02
4.390000000000000000e+02
5.120000000000000000e+02
3.550000000000000000e+02
6.000000000000000000e+01
4.540000000000000000e+02
6.010000000000000000e+02
6.730000000000000000e+02
7.510000000000000000e+02
5.170000000000000000e+02
6.970000000000000000e+02
4.440000000000000000e+02
6.220000000000000000e+02
5.300000000000000000e+02
7.770000000000000000e+02
7.430000000000000000e+02
3.600000000000000000e+02
7.420000000000000000e+02
1.570000000000000000e+02
3.750000000000000000e+02
2.400000000000000000e+02
1.900000000000000000e+02
6.160000000000000000e+02
6.460000000000000000e+02
1.400000000000000000e+02
2.780000000000000000e+02
5.940000000000000000e+02
7.770000000000000000e+02
5.530000000000000000e+02
3.630000000000000000e+02
2.520000000000000000e+02
3.130000000000000000e+02
2.040000000000000000e+02
2.620000000000000000e+02
6.400000000000000000e+01
1.790000000000000000e+02
4.370000000000000000e+02
2.320000000000000000e+02
5.820000000000000000e+02
4.390000000000000000e+02
7.830000000000000000e+02
7.700000000000000000e+02
4.710000000000000000e+02
3.750000000000000000e+02
3.730000000000000000e+02
2.010000000000000000e+02
1.040000000000000000e+02
3.610000000000000000e+02
2.280000000000000000e+02
4.560000000000000000e+02
5.190000000000000000e+02
4.290000000000000000e+02
3.200000000000000000e+02
9.000000000000000000e+01
6.700000000000000000e+01
1.660000000000000000e+02
1.790000000000000000e+02
2.070000000000000000e+02
6.900000000000000000e+01
3.190000000000000000e+02
5.700000000000000000e+01
3.000000000000000000e+00
2.200000000000000000e+01
4.000000000000000000e+01
2.670000000000000000e+02
1.710000000000000000e+02
1.430000000000000000e+02
3.180000000000000000e+02
4.470000000000000000e+02
1.790000000000000000e+02
4.480000000000000000e+02
5.630000000000000000e+02
3.300000000000000000e+01
4.900000000000000000e+01
1.170000000000000000e+02
3.100000000000000000e+02
2.650000000000000000e+02
1.360000000000000000e+02
3.270000000000000000e+02
1.400000000000000000e+02
8.600000000000000000e+01
2.230000000000000000e+02
3.780000000000000000e+02
2.370000000000000000e+02
2.440000000000000000e+02
1.400000000000000000e+02
5.200000000000000000e+01
2.110000000000000000e+02
2.610000000000000000e+02
9.600000000000000000e+01
4.200000000000000000e+01
8.600000000000000000e+01
1.020000000000000000e+02
1.780000000000000000e+02
1.430000000000000000e+02
1.490000000000000000e+02
6.300000000000000000e+01
6.400000000000000000e+01
1.230000000000000000e+02
1.120000000000000000e+02
1.100000000000000000e+01
1.900000000000000000e+01
3.700000000000000000e+01
7.300000000000000000e+01
3.600000000000000000e+01
1.220000000000000000e+02
6.000000000000000000e+01
3.000000000000000000e+01
6.900000000000000000e+01
1.090000000000000000e+02
5.600000000000000000e+01
8.400000000000000000e+01
1.930000000000000000e+02
6.600000000000000000e+01
1.220000000000000000e+02
1.700000000000000000e+01
4.200000000000000000e+01
5.200000000000000000e+01
7.400000000000000000e+01
2.620000000000000000e+02
1.080000000000000000e+02
3.540000000000000000e+02
1.010000000000000000e+02
6.000000000000000000e+00
9.000000000000000000e+00
1.300000000000000000e+02
8.300000000000000000e+01
9.900000000000000000e+01
8.300000000000000000e+01
1.510000000000000000e+02
5.800000000000000000e+01
3.700000000000000000e+01
2.200000000000000000e+01
1.400000000000000000e+01
7.700000000000000000e+01
2.100000000000000000e+01
9.500000000000000000e+01
5.000000000000000000e+00
4.300000000000000000e+01
7.100000000000000000e+01
3.200000000000000000e+01
4.900000000000000000e+01
3.400000000000000000e+01
8.000000000000000000e+01
1.100000000000000000e+01
1.400000000000000000e+01
1.700000000000000000e+01
1.000000000000000000e+00
2.500000000000000000e+01
3.300000000000000000e+01
1.000000000000000000e+01
2.300000000000000000e+01
2.100000000000000000e+01
3.500000000000000000e+01
5.000000000000000000e+00
1.000000000000000000e+00
3.000000000000000000e+00
1.700000000000000000e+01
3.000000000000000000e+00
2.700000000000000000e+01
8.000000000000000000e+00
4.000000000000000000e+00
2.800000000000000000e+01
3.000000000000000000e+00
4.200000000000000000e+01
1.400000000000000000e+01
1.700000000000000000e+01
2.000000000000000000e+01
1.200000000000000000e+01
1.600000000000000000e+01
2.700000000000000000e+01
1.400000000000000000e+01
1.000000000000000000e+01
2.700000000000000000e+01
1.400000000000000000e+01
7.000000000000000000e+00
5.000000000000000000e+00
5.000000000000000000e+00
1.900000000000000000e+01
2.400000000000000000e+01
5.000000000000000000e+00
1.900000000000000000e+01
5.000000000000000000e+00
5.000000000000000000e+00
2.400000000000000000e+01
3.000000000000000000e+00
3.000000000000000000e+00
1.300000000000000000e+01
5.000000000000000000e+00
5.000000000000000000e+00
3.000000000000000000e+00
6.000000000000000000e+00
2.000000000000000000e+01
1.600000000000000000e+01
5.000000000000000000e+00
4.000000000000000000e+00
2.000000000000000000e+00
3.000000000000000000e+00
1.000000000000000000e+00
6.000000000000000000e+00
4.000000000000000000e+00
7.000000000000000000e+00
1.600000000000000000e+01
1.000000000000000000e+00
2.000000000000000000e+00
5.000000000000000000e+00
3.000000000000000000e+00
2.000000000000000000e+00
4.000000000000000000e+00
1.000000000000000000e+00
2.000000000000000000e+00
3.000000000000000000e+00
1.000000000000000000e+00
6.000000000000000000e+00
2.000000000000000000e+00
4.000000000000000000e+00
1.000000000000000000e+00
1.000000000000000000e+00
1.000000000000000000e+00
1.000000000000000000e+00
1.000000000000000000e+00
1.000000000000000000e+00
3.000000000000000000e+00
3.000000000000000000e+00
9.000000000000000000e+00
1.000000000000000000e+00
4.000000000000000000e+00
1.000000000000000000e+00
3.000000000000000000e+00
5.000000000000000000e+00
6.000000000000000000e+00
2.000000000000000000e+00
1.000000000000000000e+00
1.000000000000000000e+00
1.000000000000000000e+00
1.000000000000000000e+00
1.000000000000000000e+00
3.000000000000000000e+00
2.000000000000000000e+00
3.000000000000000000e+00
1.000000000000000000e+00
3.000000000000000000e+00
1.000000000000000000e+00
1.000000000000000000e+00
2.000000000000000000e+00
1.000000000000000000e+00
1.000000000000000000e+00
1.000000000000000000e+00
1.000000000000000000e+00
2.000000000000000000e+00
1.000000000000000000e+00
1.000000000000000000e+00
1.000000000000000000e+00
1.000000000000000000e+00
1.000000000000000000e+00
1.000000000000000000e+00
1.000000000000000000e+00
1.000000000000000000e+00
1.000000000000000000e+00
