7.470000000000000000e+02
3.110000000000000000e+02
1.721000000000000000e+03
1.442000000000000000e+03
1.880000000000000000e+03
1.564000000000000000e+03
9.500000000000000000e+01
1.629000000000000000e+03
1.315000000000000000e+03
1.617000000000000000e+03
1.761000000000000000e+03
1.020000000000000000e+03
1.483000000000000000e+03
1.835000000000000000e+03
9.580000000000000000e+02
1.269000000000000000e+03
8.890000000000000000e+02
1.813000000000000000e+03
6.690000000000000000e+02
1.811000000000000000e+03
1.080000000000000000e+03
1.318000000000000000e+03
1.669000000000000000e+03
1.656000000000000000e+03
1.673000000000000000e+03
7.550000000000000000e+02
1.377000000000000000e+03
1.787000000000000000e+03
1.099000000000000000e+03
6.380000000000000000e+02
5.100000000000000000e+01
4.110000000000000000e+02
9.640000000000000000e+02
9.070000000000000000e+02
1.208000000000000000e+03
8.270000000000000000e+02
7.110000000000000000e+02
4.300000000000000000e+01
1.530000000000000000e+03
2.860000000000000000e+02
1.029000000000000000e+03
1.150000000000000000e+02
1.601000000000000000e+03
1.065000000000000000e+03
4.250000000000000000e+02
1.642000000000000000e+03
1.765000000000000000e+03
1.504000000000000000e+03
1.869000000000000000e+03
1.654000000000000000e+03
1.820000000000000000e+02
1.420000000000000000e+03
3.610000000000000000e+02
1.420000000000000000e+02
1.304000000000000000e+03
1.291000000000000000e+03
3.690000000000000000e+02
1.248000000000000000e+03
2.980000000000000000e+02
1.830000000000000000e+02
1.154000000000000000e+03
1.676000000000000000e+03
1.804000000000000000e+03
1.655000000000000000e+03
1.669000000000000000e+03
4.690000000000000000e+02
3.860000000000000000e+02
7.810000000000000000e+02
1.334000000000000000e+03
1.431000000000000000e+03
1.359000000000000000e+03
9.800000000000000000e+02
1.280000000000000000e+02
8.400000000000000000e+01
7.800000000000000000e+01
5.400000000000000000e+02
1.657000000000000000e+03
7.290000000000000000e+02
1.811000000000000000e+03
7.410000000000000000e+02
8.600000000000000000e+02
3.990000000000000000e+02
1.368000000000000000e+03
3.350000000000000000e+02
1.640000000000000000e+02
1.500000000000000000e+01
8.970000000000000000e+02
6.350000000000000000e+02
2.000000000000000000e+00
6.300000000000000000e+01
2.490000000000000000e+02
3.550000000000000000e+02
6.150000000000000000e+02
2.100000000000000000e+01
1.105000000000000000e+03
2.420000000000000000e+02
3.530000000000000000e+02
4.900000000000000000e+01
4.970000000000000000e+02
1.010000000000000000e+02
1.520000000000000000e+02
1.680000000000000000e+02
5.180000000000000000e+02
5.700000000000000000e+02
2.260000000000000000e+02
1.450000000000000000e+02
1.290000000000000000e+02
2.500000000000000000e+02
5.050000000000000000e+02
1.600000000000000000e+01
7.400000000000000000e+01
6.120000000000000000e+02
1.100000000000000000e+01
1.990000000000000000e+02
1.800000000000000000e+01
9.500000000000000000e+01
4.420000000000000000e+02
1.930000000000000000e+02
1.180000000000000000e+02
1.060000000000000000e+02
2.540000000000000000e+02
5.300000000000000000e+01
7.200000000000000000e+01
1.310000000000000000e+02
4.200000000000000000e+01
2.700000000000000000e+01
2.600000000000000000e+01
1.700000000000000000e+01
3.000000000000000000e+00
2.900000000000000000e+01
1.910000000000000000e+02
2.500000000000000000e+01
4.100000000000000000e+01
3.000000000000000000e+01
1.100000000000000000e+01
3.000000000000000000e+00
3.200000000000000000e+01
1.300000000000000000e+01
8.000000000000000000e+00
4.700000000000000000e+01
7.100000000000000000e+01
5.000000000000000000e+00
5.700000000000000000e+01
1.400000000000000000e+01
2.000000000000000000e+01
2.300000000000000000e+01
3.000000000000000000e+00
7.000000000000000000e+00
1.200000000000000000e+01
3.300000000000000000e+01
1.000000000000000000e+00
2.000000000000000000e+00
4.000000000000000000e+00
3.000000000000000000e+00
3.000000000000000000e+00
1.000000000000000000e+00
4.000000000000000000e+00
1.100000000000000000e+01
7.000000000000000000e+00
3.000000000000000000e+00
2.000000000000000000e+00
1.000000000000000000e+00
5.000000000000000000e+00
2.000000000000000000e+00
7.000000000000000000e+00
2.000000000000000000e+00
4.000000000000000000e+00
2.000000000000000000e+00
3.000000000000000000e+00
2.000000000000000000e+00
1.000000000000000000e+00
1.000000000000000000e+00
2.000000000000000000e+00
1.000000000000000000e+00
1.000000000000000000e+00
1.000000000000000000e+00
