1.389000000000000000e+03
1.025000000000000000e+03
1.803000000000000000e+03
1.252000000000000000e+03
1.780000000000000000e+03
1.560000000000000000e+03
1.442000000000000000e+03
1.721000000000000000e+03
9.600000000000000000e+02
4.060000000000000000e+02
1.031000000000000000e+03
1.750000000000000000e+03
1.186000000000000000e+03
1.463000000000000000e+03
1.694000000000000000e+03
1.836000000000000000e+03
1.758000000000000000e+03
1.353000000000000000e+03
1.535000000000000000e+03
1.066000000000000000e+03
1.126000000000000000e+03
3.080000000000000000e+02
1.808000000000000000e+03
1.815000000000000000e+03
1.830000000000000000e+03
1.243000000000000000e+03
1.540000000000000000e+03
1.671000000000000000e+03
6.060000000000000000e+02
3.840000000000000000e+02
1.772000000000000000e+03
2.490000000000000000e+02
8.570000000000000000e+02
1.478000000000000000e+03
1.700000000000000000e+03
1.425000000000000000e+03
1.213000000000000000e+03
9.510000000000000000e+02
1.609000000000000000e+03
5.520000000000000000e+02
7.990000000000000000e+02
1.970000000000000000e+02
5.000000000000000000e+01
1.588000000000000000e+03
1.657000000000000000e+03
1.563000000000000000e+03
7.050000000000000000e+02
2.780000000000000000e+02
1.849000000000000000e+03
1.874000000000000000e+03
4.520000000000000000e+02
1.691000000000000000e+03
1.305000000000000000e+03
7.600000000000000000e+02
1.364000000000000000e+03
4.330000000000000000e+02
1.507000000000000000e+03
7.070000000000000000e+02
9.360000000000000000e+02
6.420000000000000000e+02
5.090000000000000000e+02
9.880000000000000000e+02
9.200000000000000000e+01
1.218000000000000000e+03
1.154000000000000000e+03
1.260000000000000000e+02
5.620000000000000000e+02
1.720000000000000000e+02
1.557000000000000000e+03
1.790000000000000000e+03
1.480000000000000000e+02
8.800000000000000000e+01
3.460000000000000000e+02
3.100000000000000000e+01
5.460000000000000000e+02
1.760000000000000000e+02
8.500000000000000000e+02
1.021000000000000000e+03
1.000000000000000000e+02
1.388000000000000000e+03
8.500000000000000000e+01
2.300000000000000000e+01
3.600000000000000000e+01
5.110000000000000000e+02
1.759000000000000000e+03
7.150000000000000000e+02
7.230000000000000000e+02
1.213000000000000000e+03
1.840000000000000000e+02
8.910000000000000000e+02
3.340000000000000000e+02
4.530000000000000000e+02
2.340000000000000000e+02
5.140000000000000000e+02
9.320000000000000000e+02
2.900000000000000000e+01
6.490000000000000000e+02
3.760000000000000000e+02
1.120000000000000000e+02
1.000000000000000000e+02
1.480000000000000000e+02
5.700000000000000000e+01
6.530000000000000000e+02
4.800000000000000000e+01
1.600000000000000000e+01
3.180000000000000000e+02
3.300000000000000000e+02
4.100000000000000000e+01
2.510000000000000000e+02
2.670000000000000000e+02
9.300000000000000000e+01
1.490000000000000000e+02
3.720000000000000000e+02
2.350000000000000000e+02
9.000000000000000000e+00
1.930000000000000000e+02
1.400000000000000000e+01
1.340000000000000000e+02
4.900000000000000000e+01
2.500000000000000000e+01
6.700000000000000000e+01
2.240000000000000000e+02
1.020000000000000000e+02
2.000000000000000000e+00
5.000000000000000000e+01
1.250000000000000000e+02
7.600000000000000000e+01
5.500000000000000000e+01
1.500000000000000000e+01
1.950000000000000000e+02
1.100000000000000000e+01
8.000000000000000000e+00
2.000000000000000000e+00
2.000000000000000000e+00
1.700000000000000000e+01
4.100000000000000000e+01
1.200000000000000000e+01
2.200000000000000000e+01
1.600000000000000000e+01
2.900000000000000000e+01
3.000000000000000000e+00
8.000000000000000000e+00
8.300000000000000000e+01
4.000000000000000000e+00
2.500000000000000000e+01
1.000000000000000000e+01
1.500000000000000000e+01
3.400000000000000000e+01
1.000000000000000000e+01
2.000000000000000000e+01
1.300000000000000000e+01
5.000000000000000000e+00
1.000000000000000000e+00
2.000000000000000000e+00
3.000000000000000000e+00
4.000000000000000000e+00
6.000000000000000000e+00
1.100000000000000000e+01
3.000000000000000000e+00
1.000000000000000000e+00
2.000000000000000000e+00
1.000000000000000000e+00
1.000000000000000000e+00
2.000000000000000000e+00
7.000000000000000000e+00
1.000000000000000000e+00
3.000000000000000000e+00
3.000000000000000000e+00
1.000000000000000000e+00
2.000000000000000000e+00
2.000000000000000000e+00
1.000000000000000000e+00
1.000000000000000000e+00
