1.797000000000000000e+03
1.085000000000000000e+03
1.727000000000000000e+03
1.783000000000000000e+03
1.333000000000000000e+03
1.823000000000000000e+03
1.018000000000000000e+03
3.250000000000000000e+02
1.323000000000000000e+03
8.780000000000000000e+02
1.803000000000000000e+03
1.192000000000000000e+03
1.682000000000000000e+03
1.636000000000000000e+03
8.290000000000000000e+02
1.023000000000000000e+03
1.859000000000000000e+03
1.660000000000000000e+03
1.767000000000000000e+03
1.744000000000000000e+03
1.843000000000000000e+03
1.524000000000000000e+03
1.735000000000000000e+03
1.851000000000000000e+03
2.030000000000000000e+02
1.019000000000000000e+03
1.580000000000000000e+03
1.390000000000000000e+03
1.348000000000000000e+03
1.803000000000000000e+03
8.170000000000000000e+02
3.390000000000000000e+02
1.677000000000000000e+03
9.350000000000000000e+02
1.737000000000000000e+03
1.198000000000000000e+03
1.672000000000000000e+03
1.376000000000000000e+03
1.520000000000000000e+03
1.253000000000000000e+03
8.000000000000000000e+02
1.262000000000000000e+03
1.698000000000000000e+03
1.435000000000000000e+03
1.053000000000000000e+03
1.112000000000000000e+03
1.021000000000000000e+03
1.788000000000000000e+03
2.280000000000000000e+02
2.000000000000000000e+00
3.000000000000000000e+00
6.130000000000000000e+02
4.600000000000000000e+02
4.140000000000000000e+02
1.285000000000000000e+03
1.600000000000000000e+03
7.730000000000000000e+02
7.690000000000000000e+02
1.428000000000000000e+03
1.662000000000000000e+03
4.690000000000000000e+02
1.555000000000000000e+03
5.830000000000000000e+02
1.594000000000000000e+03
5.080000000000000000e+02
1.690000000000000000e+02
3.360000000000000000e+02
3.020000000000000000e+02
4.210000000000000000e+02
1.380000000000000000e+02
1.177000000000000000e+03
1.880000000000000000e+02
1.126000000000000000e+03
1.670000000000000000e+03
1.070000000000000000e+02
1.320000000000000000e+02
2.610000000000000000e+02
5.900000000000000000e+01
8.490000000000000000e+02
6.310000000000000000e+02
5.950000000000000000e+02
1.250000000000000000e+02
6.200000000000000000e+01
1.590000000000000000e+02
1.470000000000000000e+03
1.370000000000000000e+02
2.650000000000000000e+02
5.260000000000000000e+02
7.720000000000000000e+02
3.560000000000000000e+02
9.890000000000000000e+02
1.010000000000000000e+02
3.200000000000000000e+02
6.550000000000000000e+02
1.980000000000000000e+02
2.080000000000000000e+02
3.920000000000000000e+02
6.600000000000000000e+02
5.380000000000000000e+02
4.350000000000000000e+02
5.300000000000000000e+01
2.950000000000000000e+02
3.360000000000000000e+02
1.550000000000000000e+02
2.870000000000000000e+02
6.500000000000000000e+02
7.900000000000000000e+01
1.180000000000000000e+02
8.700000000000000000e+01
3.800000000000000000e+01
2.240000000000000000e+02
2.500000000000000000e+01
9.500000000000000000e+01
8.300000000000000000e+01
5.600000000000000000e+01
5.300000000000000000e+01
3.200000000000000000e+01
1.000000000000000000e+00
5.280000000000000000e+02
4.200000000000000000e+01
1.700000000000000000e+01
2.700000000000000000e+01
1.270000000000000000e+02
1.810000000000000000e+02
1.500000000000000000e+01
2.700000000000000000e+01
1.300000000000000000e+01
3.000000000000000000e+00
7.700000000000000000e+01
2.000000000000000000e+00
1.200000000000000000e+01
5.000000000000000000e+01
3.700000000000000000e+01
8.000000000000000000e+00
1.600000000000000000e+01
2.400000000000000000e+01
4.000000000000000000e+01
3.400000000000000000e+01
1.000000000000000000e+01
2.500000000000000000e+01
4.000000000000000000e+00
6.200000000000000000e+01
4.000000000000000000e+00
7.000000000000000000e+00
6.000000000000000000e+00
5.000000000000000000e+00
1.200000000000000000e+01
1.900000000000000000e+01
2.300000000000000000e+01
1.000000000000000000e+00
1.500000000000000000e+01
3.000000000000000000e+00
1.600000000000000000e+01
1.200000000000000000e+01
1.500000000000000000e+01
3.000000000000000000e+00
6.000000000000000000e+00
8.000000000000000000e+00
2.000000000000000000e+00
1.000000000000000000e+00
5.000000000000000000e+00
3.000000000000000000e+00
1.000000000000000000e+00
5.000000000000000000e+00
4.000000000000000000e+00
3.000000000000000000e+00
4.000000000000000000e+00
1.000000000000000000e+00
2.000000000000000000e+00
2.000000000000000000e+00
1.000000000000000000e+00
3.000000000000000000e+00
3.000000000000000000e+00
1.000000000000000000e+00
2.000000000000000000e+00
1.000000000000000000e+00
1.000000000000000000e+00
1.000000000000000000e+00
