1.629000000000000000e+03
1.451000000000000000e+03
6.600000000000000000e+01
2.860000000000000000e+02
5.500000000000000000e+01
9.910000000000000000e+02
9.970000000000000000e+02
1.285000000000000000e+03
6.930000000000000000e+02
9.850000000000000000e+02
1.554000000000000000e+03
1.452000000000000000e+03
1.442000000000000000e+03
1.666000000000000000e+03
1.395000000000000000e+03
1.364000000000000000e+03
1.412000000000000000e+03
1.174000000000000000e+03
1.654000000000000000e+03
1.323000000000000000e+03
1.641000000000000000e+03
1.404000000000000000e+03
6.010000000000000000e+02
1.593000000000000000e+03
7.440000000000000000e+02
3.000000000000000000e+01
5.290000000000000000e+02
1.331000000000000000e+03
1.261000000000000000e+03
2.900000000000000000e+02
1.263000000000000000e+03
7.170000000000000000e+02
1.730000000000000000e+03
1.678000000000000000e+03
1.253000000000000000e+03
3.550000000000000000e+02
1.333000000000000000e+03
1.639000000000000000e+03
1.602000000000000000e+03
1.042000000000000000e+03
6.600000000000000000e+02
1.363000000000000000e+03
6.730000000000000000e+02
1.090000000000000000e+03
4.500000000000000000e+01
1.531000000000000000e+03
3.280000000000000000e+02
9.040000000000000000e+02
1.460000000000000000e+03
1.146000000000000000e+03
1.100000000000000000e+03
1.009000000000000000e+03
1.153000000000000000e+03
1.054000000000000000e+03
8.800000000000000000e+01
4.440000000000000000e+02
1.570000000000000000e+03
7.460000000000000000e+02
1.532000000000000000e+03
8.660000000000000000e+02
1.366000000000000000e+03
1.545000000000000000e+03
1.623000000000000000e+03
5.790000000000000000e+02
7.440000000000000000e+02
1.480000000000000000e+02
4.510000000000000000e+02
1.153000000000000000e+03
5.620000000000000000e+02
1.502000000000000000e+03
3.730000000000000000e+02
1.655000000000000000e+03
5.600000000000000000e+02
1.448000000000000000e+03
5.970000000000000000e+02
1.569000000000000000e+03
1.604000000000000000e+03
6.300000000000000000e+02
3.730000000000000000e+02
7.640000000000000000e+02
2.750000000000000000e+02
5.060000000000000000e+02
1.146000000000000000e+03
3.890000000000000000e+02
8.850000000000000000e+02
8.710000000000000000e+02
7.710000000000000000e+02
2.500000000000000000e+01
5.210000000000000000e+02
1.340000000000000000e+02
5.020000000000000000e+02
1.920000000000000000e+02
1.370000000000000000e+02
7.800000000000000000e+01
8.790000000000000000e+02
4.480000000000000000e+02
2.820000000000000000e+02
1.880000000000000000e+02
9.440000000000000000e+02
9.400000000000000000e+01
3.370000000000000000e+02
1.241000000000000000e+03
6.710000000000000000e+02
3.200000000000000000e+01
1.300000000000000000e+02
1.600000000000000000e+02
1.070000000000000000e+02
4.600000000000000000e+01
6.600000000000000000e+01
4.250000000000000000e+02
2.710000000000000000e+02
2.120000000000000000e+02
2.410000000000000000e+02
1.990000000000000000e+02
4.700000000000000000e+01
1.910000000000000000e+02
2.260000000000000000e+02
1.600000000000000000e+01
2.110000000000000000e+02
4.700000000000000000e+01
2.160000000000000000e+02
3.520000000000000000e+02
1.800000000000000000e+02
1.130000000000000000e+02
3.170000000000000000e+02
1.780000000000000000e+02
1.540000000000000000e+02
4.600000000000000000e+01
1.290000000000000000e+02
7.000000000000000000e+00
3.600000000000000000e+01
1.060000000000000000e+02
3.000000000000000000e+01
8.400000000000000000e+01
1.100000000000000000e+01
9.800000000000000000e+01
3.500000000000000000e+01
7.200000000000000000e+01
2.100000000000000000e+01
1.350000000000000000e+02
1.600000000000000000e+01
9.400000000000000000e+01
2.700000000000000000e+01
3.300000000000000000e+01
4.500000000000000000e+01
1.000000000000000000e+01
3.500000000000000000e+01
2.000000000000000000e+00
3.600000000000000000e+01
5.000000000000000000e+00
2.000000000000000000e+00
5.100000000000000000e+01
1.000000000000000000e+01
1.400000000000000000e+01
6.000000000000000000e+00
1.500000000000000000e+01
2.200000000000000000e+01
1.000000000000000000e+00
1.400000000000000000e+01
1.900000000000000000e+01
2.500000000000000000e+01
5.000000000000000000e+00
5.000000000000000000e+00
4.000000000000000000e+00
1.000000000000000000e+00
5.000000000000000000e+00
1.000000000000000000e+01
1.400000000000000000e+01
8.000000000000000000e+00
3.000000000000000000e+00
1.000000000000000000e+01
1.000000000000000000e+01
3.000000000000000000e+00
4.000000000000000000e+00
6.000000000000000000e+00
3.000000000000000000e+00
1.000000000000000000e+00
1.100000000000000000e+01
2.000000000000000000e+00
1.000000000000000000e+00
1.000000000000000000e+00
4.000000000000000000e+00
4.000000000000000000e+00
3.000000000000000000e+00
2.000000000000000000e+00
1.000000000000000000e+00
2.000000000000000000e+00
1.000000000000000000e+00
5.000000000000000000e+00
2.000000000000000000e+00
2.000000000000000000e+00
1.000000000000000000e+00
1.000000000000000000e+00
1.000000000000000000e+00
1.000000000000000000e+00
