1.779000000000000000e+03
1.376000000000000000e+03
1.892000000000000000e+03
1.524000000000000000e+03
1.853000000000000000e+03
1.336000000000000000e+03
7.600000000000000000e+01
6.610000000000000000e+02
1.150000000000000000e+03
6.650000000000000000e+02
1.721000000000000000e+03
9.990000000000000000e+02
7.570000000000000000e+02
1.278000000000000000e+03
9.190000000000000000e+02
6.800000000000000000e+01
1.625000000000000000e+03
1.181000000000000000e+03
8.400000000000000000e+02
1.097000000000000000e+03
1.015000000000000000e+03
8.330000000000000000e+02
1.744000000000000000e+03
1.851000000000000000e+03
1.115000000000000000e+03
1.543000000000000000e+03
1.767000000000000000e+03
1.407000000000000000e+03
4.600000000000000000e+01
1.436000000000000000e+03
1.666000000000000000e+03
1.257000000000000000e+03
1.710000000000000000e+03
1.703000000000000000e+03
1.520000000000000000e+03
5.860000000000000000e+02
1.841000000000000000e+03
8.070000000000000000e+02
1.788000000000000000e+03
7.640000000000000000e+02
5.200000000000000000e+01
1.321000000000000000e+03
1.592000000000000000e+03
9.800000000000000000e+02
2.640000000000000000e+02
1.583000000000000000e+03
1.741000000000000000e+03
7.630000000000000000e+02
1.752000000000000000e+03
1.789000000000000000e+03
7.640000000000000000e+02
1.036000000000000000e+03
1.227000000000000000e+03
1.287000000000000000e+03
4.370000000000000000e+02
2.350000000000000000e+02
1.854000000000000000e+03
5.590000000000000000e+02
1.438000000000000000e+03
3.460000000000000000e+02
1.386000000000000000e+03
1.528000000000000000e+03
1.610000000000000000e+02
3.060000000000000000e+02
5.330000000000000000e+02
1.848000000000000000e+03
2.120000000000000000e+02
1.410000000000000000e+02
1.627000000000000000e+03
9.400000000000000000e+02
5.330000000000000000e+02
1.687000000000000000e+03
1.450000000000000000e+02
9.640000000000000000e+02
9.600000000000000000e+02
2.010000000000000000e+02
7.050000000000000000e+02
1.822000000000000000e+03
1.691000000000000000e+03
2.310000000000000000e+02
2.680000000000000000e+02
4.350000000000000000e+02
1.036000000000000000e+03
2.240000000000000000e+02
1.660000000000000000e+02
3.130000000000000000e+02
3.970000000000000000e+02
3.400000000000000000e+01
1.110000000000000000e+02
4.090000000000000000e+02
2.130000000000000000e+02
9.500000000000000000e+01
5.450000000000000000e+02
4.500000000000000000e+01
4.900000000000000000e+02
1.730000000000000000e+02
1.110000000000000000e+02
3.300000000000000000e+02
6.770000000000000000e+02
4.490000000000000000e+02
1.490000000000000000e+03
5.420000000000000000e+02
6.900000000000000000e+01
8.900000000000000000e+01
3.010000000000000000e+02
7.900000000000000000e+01
4.210000000000000000e+02
1.900000000000000000e+02
2.730000000000000000e+02
2.500000000000000000e+02
1.770000000000000000e+02
4.670000000000000000e+02
1.100000000000000000e+01
1.370000000000000000e+02
3.000000000000000000e+00
9.600000000000000000e+01
5.700000000000000000e+01
3.300000000000000000e+01
4.800000000000000000e+01
2.100000000000000000e+01
4.800000000000000000e+01
8.000000000000000000e+01
1.140000000000000000e+02
7.900000000000000000e+01
4.400000000000000000e+01
5.000000000000000000e+00
7.000000000000000000e+00
2.200000000000000000e+01
1.600000000000000000e+01
1.000000000000000000e+01
2.000000000000000000e+00
1.400000000000000000e+01
2.500000000000000000e+01
7.400000000000000000e+01
4.500000000000000000e+01
5.200000000000000000e+01
5.000000000000000000e+00
1.300000000000000000e+01
2.300000000000000000e+01
2.100000000000000000e+01
2.000000000000000000e+01
6.000000000000000000e+00
1.500000000000000000e+01
2.300000000000000000e+01
1.000000000000000000e+00
9.000000000000000000e+00
5.000000000000000000e+00
1.300000000000000000e+01
1.100000000000000000e+01
2.000000000000000000e+00
5.000000000000000000e+00
1.600000000000000000e+01
4.000000000000000000e+00
1.000000000000000000e+00
1.000000000000000000e+00
2.000000000000000000e+00
2.000000000000000000e+00
3.000000000000000000e+00
3.000000000000000000e+00
1.200000000000000000e+01
1.000000000000000000e+00
1.000000000000000000e+00
2.000000000000000000e+00
5.000000000000000000e+00
3.000000000000000000e+00
5.000000000000000000e+00
1.000000000000000000e+00
2.000000000000000000e+00
2.000000000000000000e+00
1.000000000000000000e+00
3.000000000000000000e+00
2.000000000000000000e+00
1.000000000000000000e+00
2.000000000000000000e+00
1.000000000000000000e+00
1.000000000000000000e+00
1.000000000000000000e+00
1.000000000000000000e+00
