6.150000000000000000e+02
9.540000000000000000e+02
1.367000000000000000e+03
1.111000000000000000e+03
1.242000000000000000e+03
1.343000000000000000e+03
1.445000000000000000e+03
8.600000000000000000e+02
3.610000000000000000e+02
8.890000000000000000e+02
1.338000000000000000e+03
1.019000000000000000e+03
5.500000000000000000e+01
1.333000000000000000e+03
1.156000000000000000e+03
2.690000000000000000e+02
1.265000000000000000e+03
1.440000000000000000e+03
5.990000000000000000e+02
1.434000000000000000e+03
6.010000000000000000e+02
1.730000000000000000e+02
1.475000000000000000e+03
1.640000000000000000e+02
1.491000000000000000e+03
8.260000000000000000e+02
1.330000000000000000e+03
1.476000000000000000e+03
1.393000000000000000e+03
1.387000000000000000e+03
9.450000000000000000e+02
1.307000000000000000e+03
7.220000000000000000e+02
3.580000000000000000e+02
5.500000000000000000e+02
5.190000000000000000e+02
5.920000000000000000e+02
3.550000000000000000e+02
9.240000000000000000e+02
4.320000000000000000e+02
3.080000000000000000e+02
1.055000000000000000e+03
6.050000000000000000e+02
1.420000000000000000e+03
1.513000000000000000e+03
3.340000000000000000e+02
1.434000000000000000e+03
5.120000000000000000e+02
1.710000000000000000e+02
1.194000000000000000e+03
1.059000000000000000e+03
7.570000000000000000e+02
1.437000000000000000e+03
3.320000000000000000e+02
4.500000000000000000e+01
6.100000000000000000e+01
1.421000000000000000e+03
7.490000000000000000e+02
1.267000000000000000e+03
4.840000000000000000e+02
8.630000000000000000e+02
8.350000000000000000e+02
1.386000000000000000e+03
1.405000000000000000e+03
1.155000000000000000e+03
4.350000000000000000e+02
9.650000000000000000e+02
1.185000000000000000e+03
9.360000000000000000e+02
1.466000000000000000e+03
1.240000000000000000e+03
7.260000000000000000e+02
1.285000000000000000e+03
7.400000000000000000e+02
3.800000000000000000e+01
5.130000000000000000e+02
1.269000000000000000e+03
2.830000000000000000e+02
1.293000000000000000e+03
6.560000000000000000e+02
1.053000000000000000e+03
9.830000000000000000e+02
2.080000000000000000e+02
9.130000000000000000e+02
1.100000000000000000e+03
1.100000000000000000e+02
2.380000000000000000e+02
1.393000000000000000e+03
5.250000000000000000e+02
1.190000000000000000e+02
1.367000000000000000e+03
5.060000000000000000e+02
2.370000000000000000e+02
6.870000000000000000e+02
1.020000000000000000e+02
1.218000000000000000e+03
1.700000000000000000e+01
2.100000000000000000e+01
1.220000000000000000e+03
1.166000000000000000e+03
6.420000000000000000e+02
1.280000000000000000e+03
5.580000000000000000e+02
2.780000000000000000e+02
7.800000000000000000e+02
1.570000000000000000e+02
4.590000000000000000e+02
9.650000000000000000e+02
4.470000000000000000e+02
4.800000000000000000e+02
1.476000000000000000e+03
1.830000000000000000e+02
2.760000000000000000e+02
2.850000000000000000e+02
8.920000000000000000e+02
4.300000000000000000e+01
6.900000000000000000e+01
1.000000000000000000e+00
4.700000000000000000e+01
7.700000000000000000e+01
5.700000000000000000e+01
8.200000000000000000e+01
8.000000000000000000e+01
4.240000000000000000e+02
1.860000000000000000e+02
8.000000000000000000e+00
2.510000000000000000e+02
1.280000000000000000e+02
2.300000000000000000e+02
4.000000000000000000e+01
6.700000000000000000e+01
2.160000000000000000e+02
1.300000000000000000e+02
1.160000000000000000e+02
3.500000000000000000e+01
2.870000000000000000e+02
8.000000000000000000e+00
1.700000000000000000e+01
3.100000000000000000e+01
5.000000000000000000e+01
3.500000000000000000e+01
3.130000000000000000e+02
1.800000000000000000e+01
1.370000000000000000e+02
3.800000000000000000e+02
1.730000000000000000e+02
1.820000000000000000e+02
9.000000000000000000e+00
7.000000000000000000e+00
4.090000000000000000e+02
6.300000000000000000e+01
2.700000000000000000e+01
6.200000000000000000e+01
2.000000000000000000e+00
9.000000000000000000e+00
6.000000000000000000e+00
1.670000000000000000e+02
7.000000000000000000e+01
2.200000000000000000e+01
1.300000000000000000e+01
9.400000000000000000e+01
1.100000000000000000e+02
5.600000000000000000e+01
2.000000000000000000e+00
3.000000000000000000e+00
1.330000000000000000e+02
8.300000000000000000e+01
5.500000000000000000e+01
1.600000000000000000e+01
1.700000000000000000e+01
1.800000000000000000e+01
5.000000000000000000e+00
9.000000000000000000e+00
3.400000000000000000e+01
2.300000000000000000e+01
3.900000000000000000e+01
1.600000000000000000e+01
2.200000000000000000e+01
1.300000000000000000e+01
1.700000000000000000e+01
7.000000000000000000e+00
1.600000000000000000e+01
3.100000000000000000e+01
3.000000000000000000e+00
3.000000000000000000e+00
1.000000000000000000e+00
7.000000000000000000e+00
1.000000000000000000e+00
5.000000000000000000e+00
2.000000000000000000e+00
1.200000000000000000e+01
5.000000000000000000e+00
5.000000000000000000e+00
5.000000000000000000e+00
7.000000000000000000e+00
2.000000000000000000e+00
2.000000000000000000e+00
3.000000000000000000e+00
3.000000000000000000e+00
1.200000000000000000e+01
1.000000000000000000e+00
2.000000000000000000e+00
3.000000000000000000e+00
6.000000000000000000e+00
2.000000000000000000e+00
1.000000000000000000e+00
1.000000000000000000e+00
1.000000000000000000e+00
1.000000000000000000e+00
1.000000000000000000e+00
1.000000000000000000e+00
1.000000000000000000e+00
1.000000000000000000e+00
2.000000000000000000e+00
1.000000000000000000e+00
4.000000000000000000e+00
1.000000000000000000e+00
1.000000000000000000e+00
