7.595000000000000000e+03
2.366000000000000000e+03
4.861000000000000000e+03
8.279000000000000000e+03
2.598000000000000000e+03
9.911000000000000000e+03
9.267000000000000000e+03
6.820000000000000000e+02
4.394000000000000000e+03
2.250000000000000000e+03
3.916000000000000000e+03
5.496000000000000000e+03
3.314000000000000000e+03
4.945000000000000000e+03
1.060700000000000000e+04
5.354000000000000000e+03
4.580000000000000000e+02
1.264000000000000000e+03
3.608000000000000000e+03
1.273000000000000000e+03
8.920000000000000000e+02
2.605000000000000000e+03
1.403000000000000000e+03
5.700000000000000000e+01
8.510000000000000000e+02
3.790000000000000000e+02
7.300000000000000000e+01
1.720000000000000000e+02
4.470000000000000000e+02
1.070000000000000000e+02
1.000000000000000000e+01
1.200000000000000000e+01
3.000000000000000000e+01
2.210000000000000000e+02
2.800000000000000000e+01
1.780000000000000000e+02
8.500000000000000000e+01
2.000000000000000000e+00
3.000000000000000000e+00
1.000000000000000000e+00
1.000000000000000000e+00
3.000000000000000000e+00
1.000000000000000000e+00
1.000000000000000000e+00
