1.142000000000000000e+03
1.213000000000000000e+03
1.134000000000000000e+03
1.296000000000000000e+03
3.430000000000000000e+02
1.313000000000000000e+03
1.551000000000000000e+03
1.457000000000000000e+03
1.600000000000000000e+02
1.385000000000000000e+03
6.870000000000000000e+02
7.080000000000000000e+02
1.481000000000000000e+03
1.498000000000000000e+03
1.238000000000000000e+03
1.497000000000000000e+03
1.237000000000000000e+03
6.100000000000000000e+01
2.520000000000000000e+02
3.940000000000000000e+02
1.561000000000000000e+03
1.161000000000000000e+03
1.489000000000000000e+03
1.323000000000000000e+03
1.121000000000000000e+03
9.920000000000000000e+02
1.180000000000000000e+02
1.401000000000000000e+03
8.490000000000000000e+02
2.050000000000000000e+02
1.453000000000000000e+03
4.130000000000000000e+02
5.270000000000000000e+02
7.200000000000000000e+01
1.445000000000000000e+03
1.501000000000000000e+03
1.526000000000000000e+03
6.420000000000000000e+02
1.255000000000000000e+03
1.486000000000000000e+03
1.207000000000000000e+03
6.520000000000000000e+02
1.462000000000000000e+03
4.700000000000000000e+02
8.340000000000000000e+02
9.120000000000000000e+02
3.980000000000000000e+02
1.529000000000000000e+03
6.300000000000000000e+01
2.560000000000000000e+02
1.050000000000000000e+02
7.280000000000000000e+02
2.080000000000000000e+02
1.274000000000000000e+03
1.170000000000000000e+03
1.067000000000000000e+03
9.300000000000000000e+02
1.523000000000000000e+03
1.515000000000000000e+03
1.440000000000000000e+02
1.132000000000000000e+03
7.750000000000000000e+02
1.660000000000000000e+02
6.320000000000000000e+02
1.505000000000000000e+03
1.505000000000000000e+03
9.770000000000000000e+02
8.390000000000000000e+02
1.450000000000000000e+03
7.300000000000000000e+01
9.100000000000000000e+02
1.042000000000000000e+03
9.960000000000000000e+02
3.900000000000000000e+01
1.345000000000000000e+03
1.085000000000000000e+03
1.438000000000000000e+03
5.050000000000000000e+02
7.940000000000000000e+02
3.450000000000000000e+02
4.680000000000000000e+02
3.640000000000000000e+02
1.487000000000000000e+03
1.273000000000000000e+03
2.250000000000000000e+02
2.870000000000000000e+02
7.260000000000000000e+02
1.443000000000000000e+03
1.250000000000000000e+03
4.760000000000000000e+02
5.430000000000000000e+02
8.940000000000000000e+02
1.510000000000000000e+02
8.840000000000000000e+02
1.014000000000000000e+03
4.800000000000000000e+02
2.890000000000000000e+02
6.640000000000000000e+02
2.360000000000000000e+02
1.130000000000000000e+02
5.040000000000000000e+02
2.510000000000000000e+02
3.680000000000000000e+02
9.000000000000000000e+00
4.520000000000000000e+02
1.361000000000000000e+03
6.050000000000000000e+02
3.590000000000000000e+02
2.610000000000000000e+02
2.110000000000000000e+02
1.000000000000000000e+02
7.970000000000000000e+02
2.090000000000000000e+02
9.020000000000000000e+02
7.100000000000000000e+01
2.300000000000000000e+01
9.160000000000000000e+02
8.200000000000000000e+01
3.410000000000000000e+02
2.620000000000000000e+02
4.090000000000000000e+02
1.490000000000000000e+02
9.000000000000000000e+00
5.200000000000000000e+01
5.740000000000000000e+02
1.600000000000000000e+01
1.200000000000000000e+01
9.300000000000000000e+01
7.500000000000000000e+01
1.440000000000000000e+02
9.900000000000000000e+01
1.240000000000000000e+02
4.100000000000000000e+01
1.760000000000000000e+02
3.100000000000000000e+02
1.000000000000000000e+01
6.200000000000000000e+01
6.200000000000000000e+01
2.600000000000000000e+01
1.420000000000000000e+02
1.020000000000000000e+02
3.210000000000000000e+02
3.300000000000000000e+01
1.900000000000000000e+01
1.300000000000000000e+01
8.000000000000000000e+00
1.700000000000000000e+01
3.600000000000000000e+01
2.400000000000000000e+01
2.700000000000000000e+01
3.000000000000000000e+00
1.500000000000000000e+01
1.090000000000000000e+02
1.660000000000000000e+02
2.600000000000000000e+01
3.200000000000000000e+01
1.100000000000000000e+01
1.700000000000000000e+01
4.000000000000000000e+00
4.800000000000000000e+01
1.200000000000000000e+01
5.400000000000000000e+01
1.100000000000000000e+01
3.200000000000000000e+01
1.000000000000000000e+00
1.900000000000000000e+01
5.000000000000000000e+00
2.700000000000000000e+01
4.000000000000000000e+00
4.100000000000000000e+01
6.600000000000000000e+01
6.000000000000000000e+00
1.200000000000000000e+01
1.500000000000000000e+01
5.000000000000000000e+00
7.000000000000000000e+00
1.000000000000000000e+01
9.000000000000000000e+00
1.600000000000000000e+01
1.000000000000000000e+01
4.000000000000000000e+00
3.100000000000000000e+01
5.000000000000000000e+00
2.000000000000000000e+00
6.000000000000000000e+00
3.000000000000000000e+00
4.000000000000000000e+00
2.000000000000000000e+00
3.000000000000000000e+00
1.000000000000000000e+00
7.000000000000000000e+00
4.000000000000000000e+00
1.000000000000000000e+00
1.000000000000000000e+00
1.000000000000000000e+00
1.000000000000000000e+00
1.000000000000000000e+00
1.000000000000000000e+00
2.000000000000000000e+00
1.000000000000000000e+00
1.000000000000000000e+00
1.000000000000000000e+00
1.000000000000000000e+00
