1.079000000000000000e+03
1.426000000000000000e+03
1.525000000000000000e+03
1.650000000000000000e+02
1.458000000000000000e+03
1.263000000000000000e+03
3.900000000000000000e+02
1.011000000000000000e+03
2.280000000000000000e+02
1.227000000000000000e+03
1.137000000000000000e+03
1.510000000000000000e+03
1.543000000000000000e+03
8.730000000000000000e+02
1.460000000000000000e+03
1.145000000000000000e+03
7.940000000000000000e+02
1.195000000000000000e+03
1.209000000000000000e+03
9.510000000000000000e+02
1.446000000000000000e+03
1.106000000000000000e+03
1.449000000000000000e+03
1.321000000000000000e+03
1.376000000000000000e+03
2.100000000000000000e+01
1.458000000000000000e+03
1.420000000000000000e+02
1.253000000000000000e+03
8.900000000000000000e+02
1.467000000000000000e+03
1.283000000000000000e+03
6.480000000000000000e+02
1.372000000000000000e+03
9.770000000000000000e+02
1.378000000000000000e+03
9.720000000000000000e+02
7.570000000000000000e+02
1.379000000000000000e+03
7.820000000000000000e+02
1.096000000000000000e+03
8.110000000000000000e+02
1.275000000000000000e+03
8.490000000000000000e+02
7.700000000000000000e+02
2.190000000000000000e+02
5.300000000000000000e+02
1.454000000000000000e+03
7.090000000000000000e+02
4.900000000000000000e+01
1.376000000000000000e+03
1.384000000000000000e+03
1.380000000000000000e+03
1.378000000000000000e+03
2.350000000000000000e+02
7.620000000000000000e+02
1.479000000000000000e+03
6.800000000000000000e+02
4.140000000000000000e+02
4.020000000000000000e+02
1.378000000000000000e+03
1.206000000000000000e+03
1.505000000000000000e+03
2.990000000000000000e+02
2.210000000000000000e+02
8.060000000000000000e+02
3.560000000000000000e+02
1.370000000000000000e+02
2.720000000000000000e+02
1.007000000000000000e+03
9.300000000000000000e+02
6.260000000000000000e+02
1.500000000000000000e+01
2.540000000000000000e+02
1.424000000000000000e+03
3.290000000000000000e+02
9.980000000000000000e+02
9.330000000000000000e+02
9.100000000000000000e+01
6.820000000000000000e+02
1.094000000000000000e+03
1.800000000000000000e+02
9.000000000000000000e+01
6.240000000000000000e+02
1.324000000000000000e+03
4.210000000000000000e+02
1.499000000000000000e+03
8.870000000000000000e+02
1.100000000000000000e+03
1.378000000000000000e+03
3.410000000000000000e+02
4.600000000000000000e+02
6.700000000000000000e+01
1.450000000000000000e+03
3.180000000000000000e+02
1.423000000000000000e+03
1.800000000000000000e+02
5.340000000000000000e+02
5.070000000000000000e+02
4.260000000000000000e+02
2.970000000000000000e+02
1.062000000000000000e+03
1.710000000000000000e+02
5.620000000000000000e+02
2.110000000000000000e+02
4.490000000000000000e+02
1.450000000000000000e+02
7.590000000000000000e+02
6.900000000000000000e+01
2.830000000000000000e+02
6.010000000000000000e+02
5.770000000000000000e+02
6.040000000000000000e+02
5.070000000000000000e+02
1.240000000000000000e+02
1.000000000000000000e+02
3.600000000000000000e+02
6.200000000000000000e+01
6.970000000000000000e+02
1.790000000000000000e+02
2.670000000000000000e+02
1.780000000000000000e+02
1.100000000000000000e+01
2.290000000000000000e+02
4.530000000000000000e+02
1.000000000000000000e+02
1.720000000000000000e+02
8.300000000000000000e+01
1.710000000000000000e+02
4.430000000000000000e+02
9.700000000000000000e+01
5.400000000000000000e+01
1.230000000000000000e+02
9.800000000000000000e+01
7.900000000000000000e+01
7.000000000000000000e+00
2.500000000000000000e+01
1.100000000000000000e+01
2.500000000000000000e+01
2.700000000000000000e+01
2.640000000000000000e+02
7.300000000000000000e+01
3.200000000000000000e+01
3.000000000000000000e+00
1.200000000000000000e+01
3.900000000000000000e+01
8.700000000000000000e+01
2.600000000000000000e+01
2.900000000000000000e+01
1.220000000000000000e+02
4.300000000000000000e+01
7.000000000000000000e+01
4.000000000000000000e+00
7.000000000000000000e+00
1.000000000000000000e+00
4.200000000000000000e+01
4.800000000000000000e+01
2.500000000000000000e+01
4.900000000000000000e+01
1.000000000000000000e+00
4.800000000000000000e+01
1.000000000000000000e+00
1.900000000000000000e+01
2.900000000000000000e+01
1.500000000000000000e+01
1.000000000000000000e+00
2.000000000000000000e+00
3.900000000000000000e+01
7.000000000000000000e+00
3.500000000000000000e+01
1.500000000000000000e+01
3.200000000000000000e+01
5.000000000000000000e+00
5.000000000000000000e+00
7.000000000000000000e+00
2.900000000000000000e+01
8.000000000000000000e+00
1.200000000000000000e+01
3.600000000000000000e+01
9.000000000000000000e+00
6.000000000000000000e+00
7.000000000000000000e+00
1.100000000000000000e+01
5.000000000000000000e+00
3.000000000000000000e+00
8.000000000000000000e+00
1.500000000000000000e+01
4.000000000000000000e+00
7.000000000000000000e+00
7.000000000000000000e+00
5.000000000000000000e+00
3.000000000000000000e+00
5.000000000000000000e+00
3.000000000000000000e+00
1.000000000000000000e+00
1.000000000000000000e+00
2.000000000000000000e+00
1.000000000000000000e+00
2.000000000000000000e+00
2.000000000000000000e+00
1.000000000000000000e+00
1.000000000000000000e+00
1.000000000000000000e+00
1.000000000000000000e+00
1.000000000000000000e+00
1.000000000000000000e+00
1.000000000000000000e+00
1.000000000000000000e+00
1.000000000000000000e+00
