1.077000000000000000e+03
1.617000000000000000e+03
1.831000000000000000e+03
1.777000000000000000e+03
1.694000000000000000e+03
1.644000000000000000e+03
1.704000000000000000e+03
1.700000000000000000e+03
1.682000000000000000e+03
1.459000000000000000e+03
9.680000000000000000e+02
2.590000000000000000e+02
1.528000000000000000e+03
1.311000000000000000e+03
1.797000000000000000e+03
1.782000000000000000e+03
1.475000000000000000e+03
1.259000000000000000e+03
1.502000000000000000e+03
4.920000000000000000e+02
1.679000000000000000e+03
1.673000000000000000e+03
7.660000000000000000e+02
1.836000000000000000e+03
1.240000000000000000e+03
2.170000000000000000e+02
1.367000000000000000e+03
1.801000000000000000e+03
1.121000000000000000e+03
3.980000000000000000e+02
1.829000000000000000e+03
1.817000000000000000e+03
1.776000000000000000e+03
1.173000000000000000e+03
1.834000000000000000e+03
1.806000000000000000e+03
7.110000000000000000e+02
1.569000000000000000e+03
1.765000000000000000e+03
2.250000000000000000e+02
1.394000000000000000e+03
1.059000000000000000e+03
6.370000000000000000e+02
1.067000000000000000e+03
9.730000000000000000e+02
1.498000000000000000e+03
7.750000000000000000e+02
1.727000000000000000e+03
7.510000000000000000e+02
7.130000000000000000e+02
9.850000000000000000e+02
1.055000000000000000e+03
4.360000000000000000e+02
1.820000000000000000e+02
1.180000000000000000e+02
1.298000000000000000e+03
5.490000000000000000e+02
5.550000000000000000e+02
1.384000000000000000e+03
3.710000000000000000e+02
3.250000000000000000e+02
4.900000000000000000e+02
6.520000000000000000e+02
5.920000000000000000e+02
1.506000000000000000e+03
2.600000000000000000e+02
4.930000000000000000e+02
6.020000000000000000e+02
6.070000000000000000e+02
1.612000000000000000e+03
1.740000000000000000e+03
1.517000000000000000e+03
1.041000000000000000e+03
8.640000000000000000e+02
1.610000000000000000e+02
2.820000000000000000e+02
4.100000000000000000e+01
4.180000000000000000e+02
1.600000000000000000e+02
2.100000000000000000e+02
1.405000000000000000e+03
1.122000000000000000e+03
9.280000000000000000e+02
6.860000000000000000e+02
9.090000000000000000e+02
9.540000000000000000e+02
1.300000000000000000e+01
3.280000000000000000e+02
6.310000000000000000e+02
3.730000000000000000e+02
1.030000000000000000e+02
3.130000000000000000e+02
8.220000000000000000e+02
2.490000000000000000e+02
4.630000000000000000e+02
4.430000000000000000e+02
2.970000000000000000e+02
2.590000000000000000e+02
4.900000000000000000e+01
6.800000000000000000e+01
4.370000000000000000e+02
4.200000000000000000e+01
1.100000000000000000e+01
3.530000000000000000e+02
1.440000000000000000e+02
1.400000000000000000e+01
8.000000000000000000e+00
3.200000000000000000e+01
1.050000000000000000e+02
1.200000000000000000e+01
4.000000000000000000e+01
3.600000000000000000e+01
5.700000000000000000e+01
8.700000000000000000e+01
3.000000000000000000e+00
7.700000000000000000e+01
1.200000000000000000e+01
6.100000000000000000e+01
9.300000000000000000e+01
1.170000000000000000e+02
1.400000000000000000e+02
2.300000000000000000e+01
4.000000000000000000e+01
2.200000000000000000e+01
1.550000000000000000e+02
6.000000000000000000e+01
9.200000000000000000e+01
2.000000000000000000e+00
1.810000000000000000e+02
1.070000000000000000e+02
5.000000000000000000e+00
5.600000000000000000e+01
4.600000000000000000e+01
1.630000000000000000e+02
3.800000000000000000e+01
7.600000000000000000e+01
9.000000000000000000e+00
6.600000000000000000e+01
1.000000000000000000e+00
1.000000000000000000e+00
2.500000000000000000e+01
2.800000000000000000e+01
3.700000000000000000e+01
1.400000000000000000e+01
1.100000000000000000e+01
1.200000000000000000e+01
1.100000000000000000e+01
3.000000000000000000e+00
5.000000000000000000e+00
1.800000000000000000e+01
2.000000000000000000e+00
8.000000000000000000e+00
7.000000000000000000e+00
1.000000000000000000e+00
1.000000000000000000e+00
1.000000000000000000e+00
6.000000000000000000e+00
2.000000000000000000e+01
1.000000000000000000e+00
5.000000000000000000e+00
1.000000000000000000e+01
2.000000000000000000e+00
5.000000000000000000e+00
2.300000000000000000e+01
5.000000000000000000e+00
2.000000000000000000e+00
2.000000000000000000e+00
1.700000000000000000e+01
2.000000000000000000e+00
2.000000000000000000e+00
2.000000000000000000e+00
2.000000000000000000e+00
2.000000000000000000e+00
1.000000000000000000e+00
2.000000000000000000e+00
3.000000000000000000e+00
1.000000000000000000e+00
1.000000000000000000e+00
