1.165000000000000000e+03
1.380000000000000000e+03
1.452000000000000000e+03
1.197000000000000000e+03
7.240000000000000000e+02
1.777000000000000000e+03
1.053000000000000000e+03
1.584000000000000000e+03
1.099000000000000000e+03
1.761000000000000000e+03
2.430000000000000000e+02
5.750000000000000000e+02
1.547000000000000000e+03
1.016000000000000000e+03
1.202000000000000000e+03
1.742000000000000000e+03
1.830000000000000000e+03
4.720000000000000000e+02
5.590000000000000000e+02
1.529000000000000000e+03
1.159000000000000000e+03
1.777000000000000000e+03
1.835000000000000000e+03
1.368000000000000000e+03
1.805000000000000000e+03
9.610000000000000000e+02
8.740000000000000000e+02
1.484000000000000000e+03
1.658000000000000000e+03
1.563000000000000000e+03
1.549000000000000000e+03
1.806000000000000000e+03
4.940000000000000000e+02
1.695000000000000000e+03
1.743000000000000000e+03
1.309000000000000000e+03
1.757000000000000000e+03
3.250000000000000000e+02
1.720000000000000000e+03
1.015000000000000000e+03
1.531000000000000000e+03
1.094000000000000000e+03
4.480000000000000000e+02
1.751000000000000000e+03
1.744000000000000000e+03
1.734000000000000000e+03
7.150000000000000000e+02
9.360000000000000000e+02
3.000000000000000000e+00
4.000000000000000000e+00
7.000000000000000000e+00
5.860000000000000000e+02
7.580000000000000000e+02
8.800000000000000000e+01
6.930000000000000000e+02
7.240000000000000000e+02
8.420000000000000000e+02
1.713000000000000000e+03
1.318000000000000000e+03
5.310000000000000000e+02
1.814000000000000000e+03
1.404000000000000000e+03
9.300000000000000000e+02
3.930000000000000000e+02
3.680000000000000000e+02
4.560000000000000000e+02
4.600000000000000000e+01
7.760000000000000000e+02
1.233000000000000000e+03
9.200000000000000000e+02
1.460000000000000000e+03
2.790000000000000000e+02
1.147000000000000000e+03
1.801000000000000000e+03
9.000000000000000000e+01
1.610000000000000000e+02
1.085000000000000000e+03
1.130000000000000000e+02
1.512000000000000000e+03
1.200000000000000000e+01
1.800000000000000000e+01
1.770000000000000000e+02
6.030000000000000000e+02
6.190000000000000000e+02
9.000000000000000000e+01
1.349000000000000000e+03
4.900000000000000000e+01
1.080000000000000000e+02
3.040000000000000000e+02
8.510000000000000000e+02
1.396000000000000000e+03
1.547000000000000000e+03
2.450000000000000000e+02
1.100000000000000000e+01
1.880000000000000000e+02
1.410000000000000000e+02
5.430000000000000000e+02
4.000000000000000000e+00
2.300000000000000000e+01
2.140000000000000000e+02
2.550000000000000000e+02
2.070000000000000000e+02
3.440000000000000000e+02
1.780000000000000000e+02
3.890000000000000000e+02
2.920000000000000000e+02
4.340000000000000000e+02
4.000000000000000000e+00
4.110000000000000000e+02
1.780000000000000000e+02
6.100000000000000000e+02
6.800000000000000000e+01
2.940000000000000000e+02
7.230000000000000000e+02
1.200000000000000000e+01
2.280000000000000000e+02
1.170000000000000000e+02
1.110000000000000000e+02
9.200000000000000000e+01
1.180000000000000000e+02
2.010000000000000000e+02
5.500000000000000000e+01
1.000000000000000000e+00
3.500000000000000000e+01
5.300000000000000000e+01
2.400000000000000000e+01
6.300000000000000000e+01
2.100000000000000000e+01
6.000000000000000000e+00
6.100000000000000000e+01
7.300000000000000000e+01
3.600000000000000000e+01
4.000000000000000000e+01
4.800000000000000000e+01
4.000000000000000000e+00
6.200000000000000000e+01
7.000000000000000000e+00
8.600000000000000000e+01
1.500000000000000000e+01
1.640000000000000000e+02
3.500000000000000000e+01
5.000000000000000000e+01
2.000000000000000000e+01
3.800000000000000000e+01
3.000000000000000000e+00
2.800000000000000000e+01
2.300000000000000000e+01
1.700000000000000000e+01
1.000000000000000000e+00
2.700000000000000000e+01
1.200000000000000000e+01
1.000000000000000000e+00
1.500000000000000000e+01
2.300000000000000000e+01
7.000000000000000000e+00
1.000000000000000000e+00
2.000000000000000000e+00
1.100000000000000000e+01
8.000000000000000000e+00
1.400000000000000000e+01
1.000000000000000000e+00
3.000000000000000000e+00
1.000000000000000000e+00
3.000000000000000000e+00
4.000000000000000000e+00
2.000000000000000000e+00
4.000000000000000000e+00
2.000000000000000000e+00
2.000000000000000000e+00
1.000000000000000000e+00
5.000000000000000000e+00
1.000000000000000000e+00
1.000000000000000000e+00
1.000000000000000000e+00
1.000000000000000000e+00
1.000000000000000000e+00
2.000000000000000000e+00
2.000000000000000000e+00
1.000000000000000000e+00
1.000000000000000000e+00
1.000000000000000000e+00
