3.060000000000000000e+02
6.120000000000000000e+02
9.180000000000000000e+02
7.860000000000000000e+02
1.149000000000000000e+03
8.920000000000000000e+02
1.168000000000000000e+03
1.081000000000000000e+03
6.250000000000000000e+02
1.990000000000000000e+02
1.101000000000000000e+03
2.570000000000000000e+02
4.020000000000000000e+02
6.750000000000000000e+02
6.800000000000000000e+02
9.950000000000000000e+02
1.195000000000000000e+03
1.021000000000000000e+03
1.130000000000000000e+03
3.960000000000000000e+02
1.125000000000000000e+03
1.099000000000000000e+03
4.760000000000000000e+02
4.720000000000000000e+02
3.190000000000000000e+02
3.440000000000000000e+02
4.280000000000000000e+02
1.350000000000000000e+02
1.033000000000000000e+03
1.138000000000000000e+03
9.760000000000000000e+02
9.810000000000000000e+02
1.160000000000000000e+02
1.290000000000000000e+02
9.340000000000000000e+02
5.140000000000000000e+02
1.116000000000000000e+03
1.058000000000000000e+03
7.210000000000000000e+02
1.081000000000000000e+03
8.460000000000000000e+02
1.117000000000000000e+03
1.087000000000000000e+03
9.540000000000000000e+02
8.430000000000000000e+02
5.870000000000000000e+02
7.790000000000000000e+02
9.090000000000000000e+02
1.370000000000000000e+02
9.830000000000000000e+02
1.670000000000000000e+02
6.370000000000000000e+02
4.640000000000000000e+02
1.017000000000000000e+03
1.123000000000000000e+03
1.076000000000000000e+03
3.900000000000000000e+01
5.260000000000000000e+02
6.600000000000000000e+02
5.130000000000000000e+02
9.630000000000000000e+02
1.136000000000000000e+03
3.820000000000000000e+02
9.600000000000000000e+02
9.790000000000000000e+02
3.650000000000000000e+02
7.580000000000000000e+02
1.103000000000000000e+03
7.780000000000000000e+02
8.380000000000000000e+02
9.950000000000000000e+02
1.117000000000000000e+03
2.570000000000000000e+02
6.450000000000000000e+02
8.400000000000000000e+01
7.090000000000000000e+02
9.080000000000000000e+02
2.700000000000000000e+02
1.000000000000000000e+01
1.300000000000000000e+02
8.680000000000000000e+02
7.010000000000000000e+02
2.380000000000000000e+02
1.106000000000000000e+03
1.510000000000000000e+02
1.142000000000000000e+03
1.065000000000000000e+03
1.126000000000000000e+03
1.078000000000000000e+03
8.760000000000000000e+02
7.220000000000000000e+02
3.910000000000000000e+02
8.420000000000000000e+02
1.044000000000000000e+03
4.550000000000000000e+02
5.640000000000000000e+02
8.840000000000000000e+02
1.138000000000000000e+03
4.940000000000000000e+02
9.100000000000000000e+01
1.430000000000000000e+02
1.870000000000000000e+02
2.000000000000000000e+00
3.300000000000000000e+01
1.700000000000000000e+01
2.380000000000000000e+02
1.500000000000000000e+02
4.440000000000000000e+02
5.760000000000000000e+02
5.700000000000000000e+01
6.610000000000000000e+02
5.330000000000000000e+02
2.490000000000000000e+02
1.800000000000000000e+01
2.660000000000000000e+02
1.027000000000000000e+03
3.340000000000000000e+02
1.083000000000000000e+03
1.050000000000000000e+02
1.160000000000000000e+02
7.800000000000000000e+01
1.290000000000000000e+02
4.930000000000000000e+02
1.880000000000000000e+02
1.063000000000000000e+03
4.570000000000000000e+02
3.650000000000000000e+02
2.720000000000000000e+02
3.500000000000000000e+01
3.890000000000000000e+02
3.040000000000000000e+02
7.390000000000000000e+02
4.440000000000000000e+02
3.360000000000000000e+02
1.155000000000000000e+03
2.140000000000000000e+02
4.550000000000000000e+02
2.270000000000000000e+02
8.930000000000000000e+02
7.800000000000000000e+02
1.010000000000000000e+02
5.900000000000000000e+02
2.200000000000000000e+01
2.910000000000000000e+02
9.660000000000000000e+02
7.290000000000000000e+02
8.600000000000000000e+01
6.300000000000000000e+02
1.191000000000000000e+03
7.750000000000000000e+02
2.150000000000000000e+02
2.600000000000000000e+01
1.800000000000000000e+01
2.300000000000000000e+01
1.060000000000000000e+02
8.420000000000000000e+02
4.700000000000000000e+01
2.390000000000000000e+02
6.120000000000000000e+02
3.010000000000000000e+02
7.400000000000000000e+01
1.200000000000000000e+01
4.800000000000000000e+01
5.270000000000000000e+02
1.870000000000000000e+02
2.030000000000000000e+02
1.500000000000000000e+02
9.700000000000000000e+01
9.700000000000000000e+01
2.000000000000000000e+00
2.100000000000000000e+01
1.500000000000000000e+01
6.700000000000000000e+01
7.300000000000000000e+01
2.100000000000000000e+01
1.600000000000000000e+02
1.460000000000000000e+02
9.100000000000000000e+01
4.000000000000000000e+00
4.000000000000000000e+00
2.100000000000000000e+01
6.700000000000000000e+01
7.200000000000000000e+01
4.100000000000000000e+01
1.500000000000000000e+01
7.300000000000000000e+01
1.020000000000000000e+02
2.200000000000000000e+01
1.500000000000000000e+01
3.500000000000000000e+01
7.900000000000000000e+01
2.170000000000000000e+02
4.500000000000000000e+01
1.500000000000000000e+01
2.050000000000000000e+02
6.000000000000000000e+00
1.600000000000000000e+01
1.030000000000000000e+02
9.500000000000000000e+01
1.400000000000000000e+01
6.000000000000000000e+01
1.090000000000000000e+02
3.100000000000000000e+01
6.500000000000000000e+01
4.500000000000000000e+01
1.200000000000000000e+01
1.440000000000000000e+02
6.100000000000000000e+01
2.500000000000000000e+01
1.700000000000000000e+01
2.900000000000000000e+01
5.000000000000000000e+00
3.700000000000000000e+01
2.000000000000000000e+01
6.500000000000000000e+01
7.000000000000000000e+00
1.200000000000000000e+01
2.700000000000000000e+01
3.000000000000000000e+00
5.000000000000000000e+00
3.000000000000000000e+01
3.500000000000000000e+01
1.200000000000000000e+01
2.100000000000000000e+01
6.000000000000000000e+00
9.000000000000000000e+00
4.000000000000000000e+00
1.600000000000000000e+01
5.000000000000000000e+00
1.700000000000000000e+01
5.000000000000000000e+00
2.000000000000000000e+00
2.000000000000000000e+00
5.000000000000000000e+00
2.000000000000000000e+00
1.000000000000000000e+01
1.100000000000000000e+01
5.000000000000000000e+00
2.100000000000000000e+01
4.000000000000000000e+00
2.000000000000000000e+00
8.000000000000000000e+00
1.000000000000000000e+00
2.000000000000000000e+00
2.000000000000000000e+00
4.000000000000000000e+00
5.000000000000000000e+00
1.000000000000000000e+00
2.000000000000000000e+00
2.000000000000000000e+00
3.000000000000000000e+00
1.000000000000000000e+00
4.000000000000000000e+00
2.000000000000000000e+00
2.000000000000000000e+00
1.000000000000000000e+00
3.000000000000000000e+00
1.000000000000000000e+00
1.000000000000000000e+00
1.000000000000000000e+00
2.000000000000000000e+00
1.000000000000000000e+00
2.000000000000000000e+00
1.000000000000000000e+00
5.000000000000000000e+00
1.000000000000000000e+00
2.000000000000000000e+00
1.000000000000000000e+00
1.000000000000000000e+00
1.000000000000000000e+00
1.000000000000000000e+00
1.000000000000000000e+00
