7.280000000000000000e+02
1.109000000000000000e+03
9.730000000000000000e+02
5.230000000000000000e+02
1.103000000000000000e+03
8.890000000000000000e+02
6.880000000000000000e+02
1.700000000000000000e+01
1.340000000000000000e+02
2.670000000000000000e+02
4.790000000000000000e+02
7.910000000000000000e+02
2.980000000000000000e+02
4.000000000000000000e+02
3.320000000000000000e+02
2.610000000000000000e+02
4.140000000000000000e+02
1.088000000000000000e+03
8.100000000000000000e+02
5.280000000000000000e+02
1.116000000000000000e+03
1.087000000000000000e+03
7.320000000000000000e+02
9.380000000000000000e+02
1.022000000000000000e+03
1.056000000000000000e+03
9.800000000000000000e+02
1.142000000000000000e+03
1.097000000000000000e+03
5.960000000000000000e+02
5.690000000000000000e+02
3.750000000000000000e+02
7.180000000000000000e+02
8.600000000000000000e+02
3.670000000000000000e+02
6.670000000000000000e+02
1.610000000000000000e+02
4.430000000000000000e+02
1.031000000000000000e+03
8.870000000000000000e+02
4.680000000000000000e+02
1.031000000000000000e+03
7.980000000000000000e+02
4.920000000000000000e+02
4.400000000000000000e+02
4.700000000000000000e+02
4.050000000000000000e+02
2.250000000000000000e+02
3.210000000000000000e+02
4.610000000000000000e+02
1.044000000000000000e+03
1.077000000000000000e+03
7.070000000000000000e+02
1.053000000000000000e+03
1.058000000000000000e+03
6.460000000000000000e+02
2.830000000000000000e+02
1.090000000000000000e+03
2.640000000000000000e+02
1.070000000000000000e+03
7.170000000000000000e+02
3.200000000000000000e+02
6.840000000000000000e+02
1.094000000000000000e+03
9.170000000000000000e+02
1.009000000000000000e+03
1.086000000000000000e+03
7.940000000000000000e+02
9.580000000000000000e+02
8.190000000000000000e+02
8.950000000000000000e+02
8.600000000000000000e+02
4.970000000000000000e+02
1.720000000000000000e+02
9.960000000000000000e+02
1.043000000000000000e+03
5.870000000000000000e+02
9.400000000000000000e+02
8.540000000000000000e+02
1.118000000000000000e+03
7.930000000000000000e+02
5.460000000000000000e+02
9.360000000000000000e+02
8.190000000000000000e+02
1.095000000000000000e+03
6.170000000000000000e+02
8.610000000000000000e+02
2.870000000000000000e+02
7.010000000000000000e+02
6.930000000000000000e+02
3.860000000000000000e+02
8.470000000000000000e+02
6.040000000000000000e+02
8.860000000000000000e+02
1.630000000000000000e+02
2.150000000000000000e+02
3.460000000000000000e+02
1.176000000000000000e+03
1.091000000000000000e+03
4.000000000000000000e+01
7.550000000000000000e+02
8.380000000000000000e+02
1.089000000000000000e+03
9.470000000000000000e+02
8.980000000000000000e+02
9.870000000000000000e+02
2.590000000000000000e+02
1.111000000000000000e+03
3.920000000000000000e+02
8.130000000000000000e+02
1.099000000000000000e+03
6.360000000000000000e+02
5.420000000000000000e+02
2.760000000000000000e+02
2.210000000000000000e+02
2.370000000000000000e+02
1.018000000000000000e+03
5.970000000000000000e+02
9.970000000000000000e+02
9.170000000000000000e+02
2.790000000000000000e+02
3.000000000000000000e+01
1.530000000000000000e+02
1.520000000000000000e+02
1.090000000000000000e+02
7.100000000000000000e+02
3.000000000000000000e+01
9.870000000000000000e+02
8.300000000000000000e+01
3.760000000000000000e+02
4.950000000000000000e+02
4.270000000000000000e+02
3.700000000000000000e+02
2.410000000000000000e+02
6.010000000000000000e+02
6.440000000000000000e+02
1.129000000000000000e+03
5.550000000000000000e+02
3.000000000000000000e+01
6.100000000000000000e+01
5.700000000000000000e+01
6.900000000000000000e+01
3.070000000000000000e+02
4.000000000000000000e+01
2.000000000000000000e+01
3.170000000000000000e+02
9.300000000000000000e+01
7.800000000000000000e+01
2.730000000000000000e+02
1.100000000000000000e+02
2.060000000000000000e+02
5.300000000000000000e+01
2.250000000000000000e+02
4.200000000000000000e+01
2.200000000000000000e+01
2.900000000000000000e+01
7.200000000000000000e+01
5.900000000000000000e+01
1.900000000000000000e+02
5.500000000000000000e+01
3.880000000000000000e+02
1.250000000000000000e+02
9.200000000000000000e+01
1.880000000000000000e+02
1.100000000000000000e+01
2.500000000000000000e+01
1.870000000000000000e+02
1.420000000000000000e+02
4.000000000000000000e+02
7.300000000000000000e+01
1.390000000000000000e+02
2.640000000000000000e+02
1.000000000000000000e+00
1.600000000000000000e+01
1.690000000000000000e+02
1.600000000000000000e+02
1.020000000000000000e+02
1.260000000000000000e+02
9.800000000000000000e+01
4.800000000000000000e+01
1.320000000000000000e+02
5.900000000000000000e+01
1.320000000000000000e+02
4.700000000000000000e+01
9.800000000000000000e+01
1.250000000000000000e+02
2.800000000000000000e+01
9.700000000000000000e+01
6.800000000000000000e+01
1.800000000000000000e+02
5.700000000000000000e+01
2.900000000000000000e+01
1.600000000000000000e+01
1.600000000000000000e+01
2.600000000000000000e+01
7.000000000000000000e+00
9.100000000000000000e+01
4.000000000000000000e+00
1.240000000000000000e+02
4.100000000000000000e+01
1.100000000000000000e+01
7.400000000000000000e+01
3.800000000000000000e+01
2.900000000000000000e+01
7.700000000000000000e+01
2.100000000000000000e+01
7.000000000000000000e+00
2.000000000000000000e+00
6.000000000000000000e+01
9.000000000000000000e+00
2.000000000000000000e+01
2.300000000000000000e+01
1.100000000000000000e+01
1.000000000000000000e+00
4.500000000000000000e+01
1.800000000000000000e+01
2.800000000000000000e+01
8.700000000000000000e+01
1.500000000000000000e+01
6.000000000000000000e+00
1.300000000000000000e+01
4.000000000000000000e+00
2.800000000000000000e+01
1.000000000000000000e+00
5.000000000000000000e+00
8.000000000000000000e+00
3.200000000000000000e+01
4.000000000000000000e+00
1.200000000000000000e+01
2.000000000000000000e+00
9.000000000000000000e+00
5.000000000000000000e+00
2.300000000000000000e+01
1.500000000000000000e+01
4.000000000000000000e+00
2.000000000000000000e+00
3.000000000000000000e+00
8.000000000000000000e+00
1.200000000000000000e+01
1.100000000000000000e+01
1.000000000000000000e+00
8.000000000000000000e+00
1.000000000000000000e+01
3.000000000000000000e+00
1.000000000000000000e+01
3.000000000000000000e+00
1.000000000000000000e+00
1.000000000000000000e+00
2.000000000000000000e+00
2.000000000000000000e+00
1.400000000000000000e+01
1.000000000000000000e+01
4.000000000000000000e+00
6.000000000000000000e+00
4.000000000000000000e+00
3.000000000000000000e+00
3.000000000000000000e+00
1.000000000000000000e+00
4.000000000000000000e+00
2.000000000000000000e+00
5.000000000000000000e+00
2.000000000000000000e+00
2.000000000000000000e+00
1.000000000000000000e+00
4.000000000000000000e+00
3.000000000000000000e+00
1.000000000000000000e+00
1.000000000000000000e+00
1.000000000000000000e+00
4.000000000000000000e+00
1.000000000000000000e+00
4.000000000000000000e+00
3.000000000000000000e+00
1.000000000000000000e+00
1.000000000000000000e+00
1.000000000000000000e+00
1.000000000000000000e+00
1.000000000000000000e+00
1.000000000000000000e+00
2.000000000000000000e+00
1.000000000000000000e+00
1.000000000000000000e+00
1.000000000000000000e+00
1.000000000000000000e+00
1.000000000000000000e+00
