8.280000000000000000e+02
9.630000000000000000e+02
9.380000000000000000e+02
9.100000000000000000e+02
9.450000000000000000e+02
9.900000000000000000e+02
6.340000000000000000e+02
7.490000000000000000e+02
9.900000000000000000e+02
9.940000000000000000e+02
6.700000000000000000e+02
8.900000000000000000e+02
8.680000000000000000e+02
6.450000000000000000e+02
9.130000000000000000e+02
2.050000000000000000e+02
8.620000000000000000e+02
9.140000000000000000e+02
1.041000000000000000e+03
9.560000000000000000e+02
6.480000000000000000e+02
8.860000000000000000e+02
9.570000000000000000e+02
9.970000000000000000e+02
8.340000000000000000e+02
5.610000000000000000e+02
9.590000000000000000e+02
7.700000000000000000e+02
9.270000000000000000e+02
4.260000000000000000e+02
7.650000000000000000e+02
6.470000000000000000e+02
7.060000000000000000e+02
9.620000000000000000e+02
5.270000000000000000e+02
7.420000000000000000e+02
8.780000000000000000e+02
8.330000000000000000e+02
8.600000000000000000e+02
9.450000000000000000e+02
9.370000000000000000e+02
9.720000000000000000e+02
9.730000000000000000e+02
7.330000000000000000e+02
5.570000000000000000e+02
4.870000000000000000e+02
3.880000000000000000e+02
8.230000000000000000e+02
7.550000000000000000e+02
9.990000000000000000e+02
4.920000000000000000e+02
9.590000000000000000e+02
5.130000000000000000e+02
5.910000000000000000e+02
6.650000000000000000e+02
9.430000000000000000e+02
3.370000000000000000e+02
2.100000000000000000e+02
4.280000000000000000e+02
5.180000000000000000e+02
1.990000000000000000e+02
6.200000000000000000e+01
3.790000000000000000e+02
3.680000000000000000e+02
2.960000000000000000e+02
1.180000000000000000e+02
5.520000000000000000e+02
1.870000000000000000e+02
2.940000000000000000e+02
3.900000000000000000e+01
4.460000000000000000e+02
2.600000000000000000e+02
2.970000000000000000e+02
8.830000000000000000e+02
8.040000000000000000e+02
9.030000000000000000e+02
9.360000000000000000e+02
2.360000000000000000e+02
8.690000000000000000e+02
6.940000000000000000e+02
9.590000000000000000e+02
2.200000000000000000e+02
9.400000000000000000e+02
7.300000000000000000e+02
9.980000000000000000e+02
9.460000000000000000e+02
1.018000000000000000e+03
4.770000000000000000e+02
3.680000000000000000e+02
7.460000000000000000e+02
2.710000000000000000e+02
3.040000000000000000e+02
1.007000000000000000e+03
6.870000000000000000e+02
5.720000000000000000e+02
7.900000000000000000e+02
8.060000000000000000e+02
9.910000000000000000e+02
1.410000000000000000e+02
2.300000000000000000e+01
6.700000000000000000e+01
6.300000000000000000e+01
3.900000000000000000e+01
3.050000000000000000e+02
6.590000000000000000e+02
6.250000000000000000e+02
8.760000000000000000e+02
9.210000000000000000e+02
1.460000000000000000e+02
1.400000000000000000e+02
5.860000000000000000e+02
9.800000000000000000e+02
7.190000000000000000e+02
7.370000000000000000e+02
3.510000000000000000e+02
1.930000000000000000e+02
7.280000000000000000e+02
1.061000000000000000e+03
4.020000000000000000e+02
7.010000000000000000e+02
9.870000000000000000e+02
9.210000000000000000e+02
4.650000000000000000e+02
1.020000000000000000e+02
4.160000000000000000e+02
2.500000000000000000e+02
6.700000000000000000e+01
3.400000000000000000e+01
2.650000000000000000e+02
1.220000000000000000e+02
6.070000000000000000e+02
1.590000000000000000e+02
9.500000000000000000e+02
3.280000000000000000e+02
6.140000000000000000e+02
3.000000000000000000e+02
6.490000000000000000e+02
7.500000000000000000e+01
7.830000000000000000e+02
8.900000000000000000e+01
6.600000000000000000e+01
2.100000000000000000e+02
4.770000000000000000e+02
5.760000000000000000e+02
2.300000000000000000e+02
1.000000000000000000e+02
2.300000000000000000e+01
1.390000000000000000e+02
7.600000000000000000e+01
3.260000000000000000e+02
2.650000000000000000e+02
7.710000000000000000e+02
2.920000000000000000e+02
1.700000000000000000e+02
4.800000000000000000e+01
6.900000000000000000e+01
2.800000000000000000e+01
2.960000000000000000e+02
1.300000000000000000e+01
2.040000000000000000e+02
9.200000000000000000e+01
2.170000000000000000e+02
3.390000000000000000e+02
1.060000000000000000e+02
4.040000000000000000e+02
1.930000000000000000e+02
6.000000000000000000e+00
1.750000000000000000e+02
1.340000000000000000e+02
4.300000000000000000e+01
5.380000000000000000e+02
1.330000000000000000e+02
2.390000000000000000e+02
2.000000000000000000e+01
4.460000000000000000e+02
1.780000000000000000e+02
1.880000000000000000e+02
4.550000000000000000e+02
4.420000000000000000e+02
3.740000000000000000e+02
1.500000000000000000e+02
1.240000000000000000e+02
6.100000000000000000e+01
3.520000000000000000e+02
3.660000000000000000e+02
1.050000000000000000e+02
3.700000000000000000e+01
7.800000000000000000e+01
1.100000000000000000e+01
3.000000000000000000e+00
1.270000000000000000e+02
8.600000000000000000e+01
7.900000000000000000e+01
1.230000000000000000e+02
1.000000000000000000e+02
5.600000000000000000e+01
1.330000000000000000e+02
3.400000000000000000e+01
1.950000000000000000e+02
4.700000000000000000e+01
1.270000000000000000e+02
4.520000000000000000e+02
1.800000000000000000e+01
4.700000000000000000e+01
7.000000000000000000e+00
9.900000000000000000e+01
2.600000000000000000e+01
4.600000000000000000e+01
3.000000000000000000e+01
2.800000000000000000e+01
6.000000000000000000e+01
6.100000000000000000e+01
5.000000000000000000e+00
4.000000000000000000e+00
4.100000000000000000e+01
5.700000000000000000e+01
3.700000000000000000e+01
1.660000000000000000e+02
3.100000000000000000e+01
8.800000000000000000e+01
6.000000000000000000e+00
5.100000000000000000e+01
4.800000000000000000e+01
3.500000000000000000e+01
2.400000000000000000e+01
2.000000000000000000e+00
1.400000000000000000e+01
1.500000000000000000e+01
2.200000000000000000e+01
8.200000000000000000e+01
2.200000000000000000e+01
1.200000000000000000e+01
3.000000000000000000e+00
8.800000000000000000e+01
2.000000000000000000e+01
2.100000000000000000e+01
2.000000000000000000e+00
2.000000000000000000e+00
4.000000000000000000e+00
3.000000000000000000e+00
2.200000000000000000e+01
8.000000000000000000e+00
4.600000000000000000e+01
1.000000000000000000e+00
2.000000000000000000e+01
6.000000000000000000e+00
1.500000000000000000e+01
7.000000000000000000e+00
7.000000000000000000e+00
6.000000000000000000e+00
1.200000000000000000e+01
2.200000000000000000e+01
8.000000000000000000e+00
1.300000000000000000e+01
1.000000000000000000e+00
3.000000000000000000e+00
8.000000000000000000e+00
2.000000000000000000e+00
1.300000000000000000e+01
8.000000000000000000e+00
1.200000000000000000e+01
1.600000000000000000e+01
2.000000000000000000e+00
2.000000000000000000e+00
9.000000000000000000e+00
1.100000000000000000e+01
8.000000000000000000e+00
5.000000000000000000e+00
4.000000000000000000e+00
8.000000000000000000e+00
1.000000000000000000e+01
4.000000000000000000e+00
1.200000000000000000e+01
2.000000000000000000e+00
5.000000000000000000e+00
4.000000000000000000e+00
1.900000000000000000e+01
4.000000000000000000e+00
2.000000000000000000e+00
5.000000000000000000e+00
1.000000000000000000e+00
2.000000000000000000e+00
5.000000000000000000e+00
5.000000000000000000e+00
1.000000000000000000e+00
1.000000000000000000e+00
1.000000000000000000e+00
1.000000000000000000e+00
3.000000000000000000e+00
1.000000000000000000e+00
1.000000000000000000e+00
1.000000000000000000e+00
2.000000000000000000e+00
4.000000000000000000e+00
2.000000000000000000e+00
1.000000000000000000e+00
1.000000000000000000e+00
3.000000000000000000e+00
1.000000000000000000e+00
1.000000000000000000e+00
1.000000000000000000e+00
1.000000000000000000e+00
1.000000000000000000e+00
