1.530600000000000000e+04
2.650000000000000000e+03
6.308000000000000000e+03
8.845000000000000000e+03
1.501200000000000000e+04
3.367000000000000000e+03
3.179000000000000000e+03
3.287000000000000000e+03
1.773800000000000000e+04
1.877000000000000000e+03
1.072200000000000000e+04
1.565000000000000000e+03
1.327000000000000000e+03
3.770000000000000000e+03
2.280000000000000000e+03
3.130000000000000000e+02
5.310000000000000000e+02
6.890000000000000000e+02
6.730000000000000000e+02
2.470000000000000000e+02
8.600000000000000000e+01
1.240000000000000000e+02
4.600000000000000000e+01
3.200000000000000000e+01
6.000000000000000000e+00
4.000000000000000000e+00
1.200000000000000000e+01
4.000000000000000000e+00
