1.400000000000000000e+03
4.231000000000000000e+03
3.134000000000000000e+03
2.750000000000000000e+03
3.780000000000000000e+03
1.618000000000000000e+03
9.960000000000000000e+02
4.034000000000000000e+03
4.028000000000000000e+03
4.444000000000000000e+03
3.559000000000000000e+03
4.458000000000000000e+03
6.100000000000000000e+01
4.480000000000000000e+03
2.202000000000000000e+03
1.269000000000000000e+03
4.000000000000000000e+02
2.808000000000000000e+03
3.520000000000000000e+03
4.048000000000000000e+03
4.376000000000000000e+03
1.072000000000000000e+03
2.219000000000000000e+03
2.987000000000000000e+03
4.248000000000000000e+03
1.925000000000000000e+03
8.820000000000000000e+02
4.700000000000000000e+01
4.297000000000000000e+03
6.680000000000000000e+02
7.100000000000000000e+02
3.530000000000000000e+02
2.207000000000000000e+03
2.873000000000000000e+03
8.000000000000000000e+00
1.900000000000000000e+02
1.555000000000000000e+03
3.501000000000000000e+03
2.376000000000000000e+03
5.710000000000000000e+02
2.500000000000000000e+02
1.534000000000000000e+03
1.047000000000000000e+03
4.850000000000000000e+02
3.230000000000000000e+02
6.320000000000000000e+02
2.940000000000000000e+02
1.670000000000000000e+02
1.040000000000000000e+02
1.660000000000000000e+02
7.400000000000000000e+01
1.160000000000000000e+02
1.400000000000000000e+01
2.170000000000000000e+02
3.400000000000000000e+01
9.400000000000000000e+01
8.000000000000000000e+00
2.000000000000000000e+00
2.800000000000000000e+01
2.000000000000000000e+01
1.600000000000000000e+01
1.300000000000000000e+01
1.800000000000000000e+01
2.100000000000000000e+01
3.000000000000000000e+00
3.000000000000000000e+00
8.000000000000000000e+00
5.000000000000000000e+00
1.000000000000000000e+01
3.000000000000000000e+00
1.000000000000000000e+00
1.000000000000000000e+00
1.000000000000000000e+00
1.000000000000000000e+00
2.000000000000000000e+00
