1.980000000000000000e+02
1.020000000000000000e+03
1.765000000000000000e+03
5.280000000000000000e+02
8.320000000000000000e+02
1.713000000000000000e+03
7.260000000000000000e+02
1.678000000000000000e+03
1.379000000000000000e+03
1.797000000000000000e+03
1.908000000000000000e+03
1.752000000000000000e+03
1.772000000000000000e+03
1.372000000000000000e+03
2.780000000000000000e+02
1.589000000000000000e+03
1.662000000000000000e+03
1.801000000000000000e+03
1.814000000000000000e+03
1.614000000000000000e+03
1.709000000000000000e+03
9.200000000000000000e+02
1.792000000000000000e+03
1.483000000000000000e+03
5.970000000000000000e+02
1.499000000000000000e+03
1.427000000000000000e+03
6.330000000000000000e+02
1.780000000000000000e+03
6.990000000000000000e+02
1.238000000000000000e+03
1.567000000000000000e+03
1.815000000000000000e+03
1.055000000000000000e+03
1.647000000000000000e+03
8.510000000000000000e+02
1.693000000000000000e+03
1.477000000000000000e+03
3.310000000000000000e+02
7.500000000000000000e+02
9.500000000000000000e+02
2.780000000000000000e+02
9.670000000000000000e+02
4.430000000000000000e+02
1.682000000000000000e+03
1.493000000000000000e+03
1.715000000000000000e+03
7.730000000000000000e+02
8.630000000000000000e+02
1.220000000000000000e+03
1.352000000000000000e+03
6.920000000000000000e+02
4.140000000000000000e+02
1.795000000000000000e+03
1.690000000000000000e+03
4.920000000000000000e+02
2.680000000000000000e+02
2.390000000000000000e+02
1.368000000000000000e+03
7.940000000000000000e+02
1.271000000000000000e+03
2.830000000000000000e+02
1.060000000000000000e+02
5.560000000000000000e+02
1.045000000000000000e+03
9.300000000000000000e+01
4.560000000000000000e+02
1.207000000000000000e+03
4.870000000000000000e+02
1.815000000000000000e+03
4.550000000000000000e+02
1.302000000000000000e+03
1.148000000000000000e+03
1.700000000000000000e+02
1.539000000000000000e+03
3.020000000000000000e+02
7.000000000000000000e+00
4.080000000000000000e+02
1.216000000000000000e+03
5.930000000000000000e+02
6.770000000000000000e+02
1.211000000000000000e+03
9.430000000000000000e+02
2.980000000000000000e+02
1.191000000000000000e+03
1.666000000000000000e+03
8.010000000000000000e+02
9.500000000000000000e+01
4.000000000000000000e+00
2.090000000000000000e+02
3.670000000000000000e+02
1.650000000000000000e+02
9.500000000000000000e+02
6.160000000000000000e+02
8.800000000000000000e+01
3.000000000000000000e+01
5.300000000000000000e+01
3.350000000000000000e+02
1.690000000000000000e+02
8.000000000000000000e+00
1.500000000000000000e+02
3.600000000000000000e+02
4.880000000000000000e+02
3.470000000000000000e+02
1.100000000000000000e+02
2.100000000000000000e+02
9.000000000000000000e+00
7.200000000000000000e+01
2.300000000000000000e+01
1.780000000000000000e+02
1.120000000000000000e+02
5.100000000000000000e+01
2.220000000000000000e+02
3.900000000000000000e+01
1.070000000000000000e+02
1.330000000000000000e+02
2.090000000000000000e+02
9.000000000000000000e+00
2.500000000000000000e+01
5.500000000000000000e+01
9.900000000000000000e+01
3.700000000000000000e+01
6.600000000000000000e+01
6.100000000000000000e+01
4.600000000000000000e+01
3.500000000000000000e+01
2.000000000000000000e+01
1.100000000000000000e+01
1.190000000000000000e+02
2.900000000000000000e+01
2.000000000000000000e+01
3.000000000000000000e+00
2.000000000000000000e+00
6.300000000000000000e+01
3.000000000000000000e+00
2.000000000000000000e+00
9.500000000000000000e+01
8.000000000000000000e+00
3.700000000000000000e+01
2.000000000000000000e+00
3.900000000000000000e+01
6.800000000000000000e+01
4.200000000000000000e+01
1.100000000000000000e+01
3.200000000000000000e+01
8.000000000000000000e+00
2.100000000000000000e+01
1.600000000000000000e+01
3.000000000000000000e+00
3.000000000000000000e+00
7.000000000000000000e+00
1.400000000000000000e+01
3.000000000000000000e+00
1.000000000000000000e+00
1.100000000000000000e+01
6.000000000000000000e+00
1.400000000000000000e+01
1.000000000000000000e+00
1.000000000000000000e+00
7.000000000000000000e+00
6.000000000000000000e+00
2.000000000000000000e+00
1.000000000000000000e+00
1.000000000000000000e+00
3.000000000000000000e+00
3.000000000000000000e+00
1.000000000000000000e+00
4.000000000000000000e+00
2.000000000000000000e+00
5.000000000000000000e+00
2.000000000000000000e+00
2.000000000000000000e+00
4.000000000000000000e+00
1.000000000000000000e+00
1.000000000000000000e+00
1.000000000000000000e+00
1.000000000000000000e+00
1.000000000000000000e+00
