1.163000000000000000e+03
1.593000000000000000e+03
9.460000000000000000e+02
1.634000000000000000e+03
1.405000000000000000e+03
7.860000000000000000e+02
5.400000000000000000e+01
1.110000000000000000e+02
4.100000000000000000e+01
1.372000000000000000e+03
3.300000000000000000e+02
4.820000000000000000e+02
1.087000000000000000e+03
1.832000000000000000e+03
1.758000000000000000e+03
1.721000000000000000e+03
4.370000000000000000e+02
1.809000000000000000e+03
1.319000000000000000e+03
5.110000000000000000e+02
1.021000000000000000e+03
1.268000000000000000e+03
1.149000000000000000e+03
1.540000000000000000e+03
4.500000000000000000e+02
5.910000000000000000e+02
8.890000000000000000e+02
1.739000000000000000e+03
1.635000000000000000e+03
1.458000000000000000e+03
1.365000000000000000e+03
2.410000000000000000e+02
8.760000000000000000e+02
1.573000000000000000e+03
1.541000000000000000e+03
1.761000000000000000e+03
1.652000000000000000e+03
1.690000000000000000e+03
1.742000000000000000e+03
7.660000000000000000e+02
3.320000000000000000e+02
3.770000000000000000e+02
1.022000000000000000e+03
1.405000000000000000e+03
1.788000000000000000e+03
1.872000000000000000e+03
1.835000000000000000e+03
1.646000000000000000e+03
1.729000000000000000e+03
1.003000000000000000e+03
5.880000000000000000e+02
1.222000000000000000e+03
6.490000000000000000e+02
1.701000000000000000e+03
1.181000000000000000e+03
1.884000000000000000e+03
1.230000000000000000e+03
9.160000000000000000e+02
1.357000000000000000e+03
8.580000000000000000e+02
1.082000000000000000e+03
1.900000000000000000e+03
1.113000000000000000e+03
5.870000000000000000e+02
1.789000000000000000e+03
2.070000000000000000e+02
1.796000000000000000e+03
1.808000000000000000e+03
1.424000000000000000e+03
2.100000000000000000e+02
7.860000000000000000e+02
3.600000000000000000e+01
1.653000000000000000e+03
4.080000000000000000e+02
8.700000000000000000e+01
1.460000000000000000e+02
1.457000000000000000e+03
2.560000000000000000e+02
8.630000000000000000e+02
6.580000000000000000e+02
6.250000000000000000e+02
7.450000000000000000e+02
4.030000000000000000e+02
6.190000000000000000e+02
3.020000000000000000e+02
2.880000000000000000e+02
3.740000000000000000e+02
1.130000000000000000e+03
7.380000000000000000e+02
5.070000000000000000e+02
1.560000000000000000e+02
4.660000000000000000e+02
7.300000000000000000e+02
9.900000000000000000e+01
3.080000000000000000e+02
4.910000000000000000e+02
1.200000000000000000e+02
3.380000000000000000e+02
3.220000000000000000e+02
7.500000000000000000e+01
3.900000000000000000e+01
4.700000000000000000e+01
1.200000000000000000e+01
1.800000000000000000e+02
2.560000000000000000e+02
1.340000000000000000e+02
7.900000000000000000e+01
1.610000000000000000e+02
1.000000000000000000e+01
5.900000000000000000e+01
1.350000000000000000e+02
4.000000000000000000e+00
1.900000000000000000e+01
1.210000000000000000e+02
5.500000000000000000e+01
2.100000000000000000e+02
9.000000000000000000e+01
4.100000000000000000e+01
1.400000000000000000e+01
1.860000000000000000e+02
2.300000000000000000e+01
2.500000000000000000e+01
1.640000000000000000e+02
5.100000000000000000e+01
1.010000000000000000e+02
1.200000000000000000e+01
1.030000000000000000e+02
3.700000000000000000e+01
1.850000000000000000e+02
5.100000000000000000e+01
1.000000000000000000e+01
1.800000000000000000e+01
3.000000000000000000e+00
6.000000000000000000e+00
2.000000000000000000e+01
1.600000000000000000e+01
2.000000000000000000e+00
2.200000000000000000e+01
3.900000000000000000e+01
6.000000000000000000e+00
1.900000000000000000e+01
2.000000000000000000e+01
9.000000000000000000e+00
2.500000000000000000e+01
6.000000000000000000e+00
6.000000000000000000e+00
2.300000000000000000e+01
1.000000000000000000e+00
7.000000000000000000e+00
4.000000000000000000e+00
3.000000000000000000e+00
5.000000000000000000e+00
7.000000000000000000e+00
1.300000000000000000e+01
2.400000000000000000e+01
5.000000000000000000e+00
4.000000000000000000e+00
3.000000000000000000e+00
9.000000000000000000e+00
1.000000000000000000e+00
2.000000000000000000e+00
1.000000000000000000e+00
3.000000000000000000e+00
3.000000000000000000e+00
1.000000000000000000e+00
4.000000000000000000e+00
4.000000000000000000e+00
1.000000000000000000e+00
1.000000000000000000e+00
2.000000000000000000e+00
1.000000000000000000e+00
1.000000000000000000e+00
1.000000000000000000e+00
