1.112000000000000000e+03
4.140000000000000000e+02
6.880000000000000000e+02
1.147000000000000000e+03
1.650000000000000000e+03
1.716000000000000000e+03
2.760000000000000000e+02
1.422000000000000000e+03
6.850000000000000000e+02
1.708000000000000000e+03
1.506000000000000000e+03
1.715000000000000000e+03
1.435000000000000000e+03
1.185000000000000000e+03
1.702000000000000000e+03
1.644000000000000000e+03
1.694000000000000000e+03
1.304000000000000000e+03
1.483000000000000000e+03
1.425000000000000000e+03
1.807000000000000000e+03
1.665000000000000000e+03
8.970000000000000000e+02
1.549000000000000000e+03
1.598000000000000000e+03
8.460000000000000000e+02
1.702000000000000000e+03
1.409000000000000000e+03
1.685000000000000000e+03
1.651000000000000000e+03
1.472000000000000000e+03
1.440000000000000000e+02
9.970000000000000000e+02
5.200000000000000000e+01
1.310000000000000000e+03
1.218000000000000000e+03
1.107000000000000000e+03
8.310000000000000000e+02
1.667000000000000000e+03
9.970000000000000000e+02
1.345000000000000000e+03
8.070000000000000000e+02
2.270000000000000000e+02
1.037000000000000000e+03
1.561000000000000000e+03
1.312000000000000000e+03
1.251000000000000000e+03
1.619000000000000000e+03
1.582000000000000000e+03
8.930000000000000000e+02
5.800000000000000000e+02
5.600000000000000000e+01
1.198000000000000000e+03
7.790000000000000000e+02
1.024000000000000000e+03
2.310000000000000000e+02
1.619000000000000000e+03
6.040000000000000000e+02
1.010000000000000000e+02
8.620000000000000000e+02
1.500000000000000000e+01
6.000000000000000000e+02
1.320000000000000000e+03
1.705000000000000000e+03
3.730000000000000000e+02
4.530000000000000000e+02
2.280000000000000000e+02
1.514000000000000000e+03
5.860000000000000000e+02
2.030000000000000000e+02
5.100000000000000000e+01
1.600000000000000000e+02
1.219000000000000000e+03
1.580000000000000000e+03
4.330000000000000000e+02
3.980000000000000000e+02
4.330000000000000000e+02
1.220000000000000000e+02
3.260000000000000000e+02
4.820000000000000000e+02
3.590000000000000000e+02
1.564000000000000000e+03
7.580000000000000000e+02
9.200000000000000000e+01
1.033000000000000000e+03
5.170000000000000000e+02
5.880000000000000000e+02
1.626000000000000000e+03
8.020000000000000000e+02
1.850000000000000000e+02
1.090000000000000000e+02
3.370000000000000000e+02
2.700000000000000000e+02
6.900000000000000000e+01
4.160000000000000000e+02
1.043000000000000000e+03
1.714000000000000000e+03
1.700000000000000000e+01
3.000000000000000000e+00
2.400000000000000000e+01
3.300000000000000000e+01
2.300000000000000000e+02
6.820000000000000000e+02
2.940000000000000000e+02
2.170000000000000000e+02
2.700000000000000000e+01
2.960000000000000000e+02
2.240000000000000000e+02
6.710000000000000000e+02
3.190000000000000000e+02
1.990000000000000000e+02
5.200000000000000000e+02
1.050000000000000000e+02
4.400000000000000000e+01
4.190000000000000000e+02
4.700000000000000000e+01
9.900000000000000000e+01
7.130000000000000000e+02
1.630000000000000000e+02
1.570000000000000000e+02
1.410000000000000000e+02
5.700000000000000000e+01
4.000000000000000000e+00
1.680000000000000000e+02
6.500000000000000000e+01
2.500000000000000000e+01
9.700000000000000000e+01
5.100000000000000000e+01
2.320000000000000000e+02
5.700000000000000000e+01
6.000000000000000000e+00
6.900000000000000000e+01
1.500000000000000000e+01
4.000000000000000000e+01
6.000000000000000000e+00
7.000000000000000000e+00
1.100000000000000000e+01
6.000000000000000000e+00
4.100000000000000000e+01
8.400000000000000000e+01
1.600000000000000000e+01
4.200000000000000000e+01
4.000000000000000000e+00
2.300000000000000000e+01
1.700000000000000000e+01
3.800000000000000000e+01
1.500000000000000000e+01
3.400000000000000000e+01
5.000000000000000000e+00
1.700000000000000000e+01
7.200000000000000000e+01
4.000000000000000000e+00
3.000000000000000000e+00
1.400000000000000000e+01
2.100000000000000000e+01
2.000000000000000000e+00
5.000000000000000000e+00
7.000000000000000000e+00
1.400000000000000000e+01
8.000000000000000000e+00
1.000000000000000000e+00
6.000000000000000000e+00
6.000000000000000000e+00
1.000000000000000000e+00
1.000000000000000000e+00
4.000000000000000000e+00
2.000000000000000000e+00
2.000000000000000000e+00
5.000000000000000000e+00
6.000000000000000000e+00
5.000000000000000000e+00
1.000000000000000000e+00
2.000000000000000000e+00
7.000000000000000000e+00
2.000000000000000000e+00
2.000000000000000000e+00
1.000000000000000000e+00
4.000000000000000000e+00
1.000000000000000000e+00
3.000000000000000000e+00
2.000000000000000000e+00
1.000000000000000000e+00
1.000000000000000000e+00
1.000000000000000000e+00
1.000000000000000000e+00
