9.470000000000000000e+02
1.729000000000000000e+03
1.904000000000000000e+03
2.500000000000000000e+01
2.800000000000000000e+01
6.010000000000000000e+02
1.674000000000000000e+03
7.610000000000000000e+02
1.638000000000000000e+03
1.444000000000000000e+03
1.404000000000000000e+03
1.034000000000000000e+03
1.797000000000000000e+03
9.070000000000000000e+02
1.034000000000000000e+03
1.130000000000000000e+03
1.199000000000000000e+03
9.140000000000000000e+02
8.580000000000000000e+02
1.520000000000000000e+03
1.303000000000000000e+03
1.517000000000000000e+03
1.677000000000000000e+03
1.748000000000000000e+03
1.759000000000000000e+03
9.760000000000000000e+02
4.130000000000000000e+02
1.870000000000000000e+03
1.867000000000000000e+03
8.410000000000000000e+02
1.473000000000000000e+03
5.510000000000000000e+02
6.800000000000000000e+01
4.840000000000000000e+02
4.740000000000000000e+02
6.250000000000000000e+02
6.160000000000000000e+02
3.220000000000000000e+02
7.100000000000000000e+01
2.600000000000000000e+02
1.145000000000000000e+03
1.260000000000000000e+03
1.517000000000000000e+03
1.712000000000000000e+03
1.628000000000000000e+03
1.105000000000000000e+03
1.470000000000000000e+02
1.217000000000000000e+03
1.846000000000000000e+03
1.039000000000000000e+03
1.850000000000000000e+02
1.873000000000000000e+03
1.489000000000000000e+03
8.400000000000000000e+02
1.712000000000000000e+03
1.835000000000000000e+03
1.134000000000000000e+03
1.605000000000000000e+03
7.140000000000000000e+02
1.341000000000000000e+03
1.621000000000000000e+03
7.010000000000000000e+02
1.751000000000000000e+03
1.700000000000000000e+03
1.446000000000000000e+03
1.306000000000000000e+03
1.400000000000000000e+03
6.340000000000000000e+02
9.490000000000000000e+02
6.580000000000000000e+02
1.219000000000000000e+03
1.753000000000000000e+03
5.310000000000000000e+02
4.790000000000000000e+02
3.450000000000000000e+02
5.020000000000000000e+02
1.704000000000000000e+03
7.600000000000000000e+02
1.970000000000000000e+02
2.620000000000000000e+02
1.130000000000000000e+02
7.900000000000000000e+01
1.436000000000000000e+03
3.940000000000000000e+02
1.768000000000000000e+03
2.720000000000000000e+02
2.070000000000000000e+02
3.440000000000000000e+02
7.440000000000000000e+02
8.500000000000000000e+01
1.683000000000000000e+03
7.200000000000000000e+01
3.090000000000000000e+02
4.180000000000000000e+02
3.700000000000000000e+01
2.110000000000000000e+02
2.230000000000000000e+02
3.310000000000000000e+02
5.700000000000000000e+01
4.090000000000000000e+02
2.330000000000000000e+02
3.660000000000000000e+02
2.760000000000000000e+02
4.700000000000000000e+01
7.020000000000000000e+02
1.070000000000000000e+02
1.030000000000000000e+02
3.000000000000000000e+00
5.000000000000000000e+00
9.700000000000000000e+01
1.800000000000000000e+02
2.280000000000000000e+02
8.900000000000000000e+01
1.060000000000000000e+02
1.610000000000000000e+02
6.700000000000000000e+01
1.370000000000000000e+02
1.370000000000000000e+02
1.260000000000000000e+02
1.400000000000000000e+01
1.210000000000000000e+02
2.500000000000000000e+01
1.590000000000000000e+02
4.800000000000000000e+01
1.900000000000000000e+01
3.200000000000000000e+01
3.000000000000000000e+01
3.200000000000000000e+01
5.400000000000000000e+01
4.500000000000000000e+01
4.000000000000000000e+00
4.500000000000000000e+01
2.500000000000000000e+01
2.000000000000000000e+00
1.800000000000000000e+01
2.800000000000000000e+01
3.000000000000000000e+00
1.000000000000000000e+00
2.100000000000000000e+01
1.200000000000000000e+01
8.000000000000000000e+00
5.000000000000000000e+00
6.000000000000000000e+00
2.100000000000000000e+01
6.000000000000000000e+00
5.000000000000000000e+00
3.000000000000000000e+00
2.600000000000000000e+01
1.100000000000000000e+01
1.500000000000000000e+01
2.000000000000000000e+00
8.000000000000000000e+00
6.000000000000000000e+00
4.000000000000000000e+00
1.000000000000000000e+00
3.000000000000000000e+00
1.000000000000000000e+00
2.000000000000000000e+00
1.000000000000000000e+00
8.000000000000000000e+00
1.000000000000000000e+00
5.000000000000000000e+00
1.000000000000000000e+00
3.000000000000000000e+00
1.000000000000000000e+00
1.000000000000000000e+00
4.000000000000000000e+00
4.000000000000000000e+00
2.000000000000000000e+00
3.000000000000000000e+00
1.000000000000000000e+00
2.000000000000000000e+00
1.000000000000000000e+00
2.000000000000000000e+00
1.000000000000000000e+00
1.000000000000000000e+00
