1.660000000000000000e+03
1.518000000000000000e+03
1.467000000000000000e+03
1.207000000000000000e+03
1.294000000000000000e+03
1.675000000000000000e+03
1.418000000000000000e+03
9.430000000000000000e+02
1.716000000000000000e+03
1.589000000000000000e+03
1.759000000000000000e+03
7.910000000000000000e+02
1.553000000000000000e+03
1.123000000000000000e+03
1.679000000000000000e+03
1.652000000000000000e+03
8.340000000000000000e+02
1.654000000000000000e+03
1.543000000000000000e+03
4.320000000000000000e+02
1.275000000000000000e+03
9.110000000000000000e+02
1.086000000000000000e+03
1.700000000000000000e+03
1.290000000000000000e+03
1.658000000000000000e+03
1.661000000000000000e+03
5.810000000000000000e+02
5.270000000000000000e+02
1.638000000000000000e+03
4.260000000000000000e+02
1.529000000000000000e+03
1.162000000000000000e+03
8.420000000000000000e+02
1.080000000000000000e+03
3.690000000000000000e+02
1.326000000000000000e+03
8.770000000000000000e+02
1.620000000000000000e+03
1.446000000000000000e+03
1.668000000000000000e+03
1.477000000000000000e+03
1.481000000000000000e+03
1.374000000000000000e+03
2.870000000000000000e+02
1.563000000000000000e+03
3.390000000000000000e+02
1.000000000000000000e+01
1.250000000000000000e+03
1.403000000000000000e+03
1.177000000000000000e+03
1.232000000000000000e+03
2.200000000000000000e+02
2.660000000000000000e+02
1.658000000000000000e+03
1.742000000000000000e+03
5.380000000000000000e+02
1.709000000000000000e+03
1.396000000000000000e+03
6.240000000000000000e+02
2.150000000000000000e+02
1.775000000000000000e+03
1.254000000000000000e+03
1.608000000000000000e+03
9.440000000000000000e+02
4.420000000000000000e+02
1.062000000000000000e+03
1.019000000000000000e+03
4.120000000000000000e+02
9.210000000000000000e+02
1.370000000000000000e+02
3.240000000000000000e+02
8.830000000000000000e+02
5.170000000000000000e+02
2.290000000000000000e+02
6.680000000000000000e+02
7.900000000000000000e+02
1.360000000000000000e+02
7.610000000000000000e+02
6.500000000000000000e+01
1.080000000000000000e+03
5.530000000000000000e+02
7.650000000000000000e+02
4.740000000000000000e+02
5.000000000000000000e+00
3.820000000000000000e+02
6.000000000000000000e+00
6.900000000000000000e+01
2.500000000000000000e+02
1.800000000000000000e+02
4.870000000000000000e+02
5.040000000000000000e+02
6.340000000000000000e+02
1.033000000000000000e+03
1.600000000000000000e+01
7.120000000000000000e+02
4.000000000000000000e+02
2.230000000000000000e+02
1.800000000000000000e+01
6.400000000000000000e+02
6.920000000000000000e+02
5.700000000000000000e+01
2.850000000000000000e+02
1.230000000000000000e+02
3.700000000000000000e+01
1.380000000000000000e+02
9.000000000000000000e+00
2.240000000000000000e+02
3.390000000000000000e+02
1.690000000000000000e+02
3.090000000000000000e+02
2.770000000000000000e+02
2.500000000000000000e+01
7.800000000000000000e+01
6.800000000000000000e+01
1.580000000000000000e+02
3.040000000000000000e+02
8.000000000000000000e+01
5.000000000000000000e+00
4.600000000000000000e+01
1.030000000000000000e+02
9.000000000000000000e+00
1.020000000000000000e+02
1.680000000000000000e+02
1.080000000000000000e+02
5.300000000000000000e+01
2.500000000000000000e+01
4.400000000000000000e+01
1.300000000000000000e+01
1.130000000000000000e+02
5.300000000000000000e+01
8.700000000000000000e+01
2.800000000000000000e+01
1.890000000000000000e+02
9.900000000000000000e+01
1.100000000000000000e+01
3.700000000000000000e+01
8.000000000000000000e+00
1.000000000000000000e+02
6.500000000000000000e+01
5.000000000000000000e+00
1.300000000000000000e+01
1.170000000000000000e+02
1.000000000000000000e+00
4.100000000000000000e+01
1.400000000000000000e+01
4.200000000000000000e+01
3.100000000000000000e+01
3.000000000000000000e+00
4.000000000000000000e+00
7.000000000000000000e+00
4.200000000000000000e+01
2.000000000000000000e+01
9.000000000000000000e+00
1.700000000000000000e+01
3.000000000000000000e+00
1.100000000000000000e+01
1.400000000000000000e+02
1.300000000000000000e+01
1.000000000000000000e+00
2.000000000000000000e+00
3.000000000000000000e+00
5.000000000000000000e+00
2.400000000000000000e+01
1.900000000000000000e+01
6.000000000000000000e+00
1.900000000000000000e+01
2.000000000000000000e+00
2.000000000000000000e+00
1.000000000000000000e+00
3.000000000000000000e+00
3.000000000000000000e+00
3.000000000000000000e+00
1.000000000000000000e+00
3.000000000000000000e+00
4.000000000000000000e+00
1.000000000000000000e+00
3.000000000000000000e+00
1.000000000000000000e+00
1.000000000000000000e+00
1.000000000000000000e+00
1.000000000000000000e+00
2.000000000000000000e+00
