1.728000000000000000e+03
1.370000000000000000e+03
1.395000000000000000e+03
1.647000000000000000e+03
1.507000000000000000e+03
3.670000000000000000e+02
1.316000000000000000e+03
8.160000000000000000e+02
1.180000000000000000e+03
1.760000000000000000e+03
1.553000000000000000e+03
8.300000000000000000e+01
1.640000000000000000e+02
5.790000000000000000e+02
1.622000000000000000e+03
1.208000000000000000e+03
9.310000000000000000e+02
3.230000000000000000e+02
1.155000000000000000e+03
6.500000000000000000e+02
1.030000000000000000e+02
5.300000000000000000e+02
1.822000000000000000e+03
1.649000000000000000e+03
7.970000000000000000e+02
1.599000000000000000e+03
1.643000000000000000e+03
1.530000000000000000e+03
1.850000000000000000e+03
1.769000000000000000e+03
1.201000000000000000e+03
1.330000000000000000e+02
7.830000000000000000e+02
6.940000000000000000e+02
4.880000000000000000e+02
3.950000000000000000e+02
1.503000000000000000e+03
5.700000000000000000e+01
1.765000000000000000e+03
1.431000000000000000e+03
1.245000000000000000e+03
1.721000000000000000e+03
1.678000000000000000e+03
9.920000000000000000e+02
1.171000000000000000e+03
9.300000000000000000e+01
1.712000000000000000e+03
1.098000000000000000e+03
1.314000000000000000e+03
1.373000000000000000e+03
1.118000000000000000e+03
4.250000000000000000e+02
1.779000000000000000e+03
5.340000000000000000e+02
1.340000000000000000e+02
1.450000000000000000e+03
1.205000000000000000e+03
1.700000000000000000e+02
1.532000000000000000e+03
1.670000000000000000e+03
1.798000000000000000e+03
4.390000000000000000e+02
9.160000000000000000e+02
3.100000000000000000e+02
1.601000000000000000e+03
1.805000000000000000e+03
9.260000000000000000e+02
1.457000000000000000e+03
1.763000000000000000e+03
5.500000000000000000e+01
9.900000000000000000e+02
1.306000000000000000e+03
7.910000000000000000e+02
4.080000000000000000e+02
8.790000000000000000e+02
1.718000000000000000e+03
8.800000000000000000e+01
5.000000000000000000e+01
5.430000000000000000e+02
2.190000000000000000e+02
2.500000000000000000e+01
3.070000000000000000e+02
1.960000000000000000e+02
5.900000000000000000e+02
4.620000000000000000e+02
1.160000000000000000e+02
7.730000000000000000e+02
1.570000000000000000e+02
1.597000000000000000e+03
6.720000000000000000e+02
1.812000000000000000e+03
9.950000000000000000e+02
4.210000000000000000e+02
2.730000000000000000e+02
5.680000000000000000e+02
2.790000000000000000e+02
1.870000000000000000e+02
3.580000000000000000e+02
2.530000000000000000e+02
2.250000000000000000e+02
1.000000000000000000e+00
6.310000000000000000e+02
6.930000000000000000e+02
9.310000000000000000e+02
2.960000000000000000e+02
6.550000000000000000e+02
6.400000000000000000e+01
1.700000000000000000e+01
2.090000000000000000e+02
1.650000000000000000e+02
1.770000000000000000e+02
2.040000000000000000e+02
5.020000000000000000e+02
1.610000000000000000e+02
1.470000000000000000e+02
1.100000000000000000e+02
8.200000000000000000e+01
1.000000000000000000e+00
2.400000000000000000e+01
2.500000000000000000e+01
8.400000000000000000e+01
1.050000000000000000e+02
5.300000000000000000e+01
7.300000000000000000e+01
1.100000000000000000e+01
1.500000000000000000e+01
3.200000000000000000e+01
9.400000000000000000e+01
6.000000000000000000e+00
3.500000000000000000e+01
3.900000000000000000e+01
2.800000000000000000e+01
6.000000000000000000e+01
6.400000000000000000e+01
2.000000000000000000e+00
1.300000000000000000e+01
7.000000000000000000e+00
6.000000000000000000e+00
1.100000000000000000e+01
2.000000000000000000e+01
1.100000000000000000e+01
4.000000000000000000e+00
8.000000000000000000e+00
1.700000000000000000e+01
4.700000000000000000e+01
7.000000000000000000e+00
4.000000000000000000e+00
7.000000000000000000e+00
3.200000000000000000e+01
1.800000000000000000e+01
3.000000000000000000e+00
3.400000000000000000e+01
1.200000000000000000e+01
1.300000000000000000e+01
8.000000000000000000e+00
2.000000000000000000e+00
6.000000000000000000e+00
3.000000000000000000e+00
1.100000000000000000e+01
4.000000000000000000e+00
1.900000000000000000e+01
1.000000000000000000e+00
5.000000000000000000e+00
4.000000000000000000e+00
5.000000000000000000e+00
2.000000000000000000e+00
1.000000000000000000e+00
3.000000000000000000e+00
2.000000000000000000e+00
2.000000000000000000e+00
1.000000000000000000e+00
1.000000000000000000e+00
3.000000000000000000e+00
1.000000000000000000e+00
3.000000000000000000e+00
3.000000000000000000e+00
1.000000000000000000e+00
1.000000000000000000e+00
