1.380000000000000000e+03
7.090000000000000000e+02
1.662000000000000000e+03
1.593000000000000000e+03
1.019000000000000000e+03
6.750000000000000000e+02
1.733000000000000000e+03
1.630000000000000000e+03
8.630000000000000000e+02
1.284000000000000000e+03
1.642000000000000000e+03
1.773000000000000000e+03
1.222000000000000000e+03
3.410000000000000000e+02
1.750000000000000000e+03
9.650000000000000000e+02
6.360000000000000000e+02
1.508000000000000000e+03
1.609000000000000000e+03
1.319000000000000000e+03
1.750000000000000000e+03
7.190000000000000000e+02
1.807000000000000000e+03
1.830000000000000000e+03
1.525000000000000000e+03
7.300000000000000000e+02
1.816000000000000000e+03
1.851000000000000000e+03
1.427000000000000000e+03
9.540000000000000000e+02
4.100000000000000000e+02
1.681000000000000000e+03
1.694000000000000000e+03
1.603000000000000000e+03
1.293000000000000000e+03
1.421000000000000000e+03
5.320000000000000000e+02
1.079000000000000000e+03
1.714000000000000000e+03
1.280000000000000000e+02
8.280000000000000000e+02
1.835000000000000000e+03
1.772000000000000000e+03
1.039000000000000000e+03
1.772000000000000000e+03
1.688000000000000000e+03
4.700000000000000000e+02
4.700000000000000000e+02
1.800000000000000000e+03
7.510000000000000000e+02
1.428000000000000000e+03
8.080000000000000000e+02
1.384000000000000000e+03
1.517000000000000000e+03
1.103000000000000000e+03
1.277000000000000000e+03
9.300000000000000000e+01
1.128000000000000000e+03
9.440000000000000000e+02
2.920000000000000000e+02
3.130000000000000000e+02
1.876000000000000000e+03
1.151000000000000000e+03
4.950000000000000000e+02
8.960000000000000000e+02
3.790000000000000000e+02
1.816000000000000000e+03
1.667000000000000000e+03
8.880000000000000000e+02
2.290000000000000000e+02
4.300000000000000000e+02
1.269000000000000000e+03
8.880000000000000000e+02
4.570000000000000000e+02
1.091000000000000000e+03
2.950000000000000000e+02
1.020000000000000000e+02
2.490000000000000000e+02
2.090000000000000000e+02
1.092000000000000000e+03
3.750000000000000000e+02
1.940000000000000000e+02
6.210000000000000000e+02
1.670000000000000000e+02
4.200000000000000000e+02
1.900000000000000000e+02
1.471000000000000000e+03
1.290000000000000000e+02
7.200000000000000000e+01
2.600000000000000000e+02
6.820000000000000000e+02
3.400000000000000000e+01
1.740000000000000000e+02
5.160000000000000000e+02
1.620000000000000000e+02
6.330000000000000000e+02
2.450000000000000000e+02
2.810000000000000000e+02
4.770000000000000000e+02
3.410000000000000000e+02
5.990000000000000000e+02
6.000000000000000000e+01
4.000000000000000000e+01
1.970000000000000000e+02
1.260000000000000000e+02
1.200000000000000000e+01
1.530000000000000000e+02
1.260000000000000000e+02
1.300000000000000000e+02
2.700000000000000000e+01
2.300000000000000000e+01
5.700000000000000000e+01
8.100000000000000000e+01
6.600000000000000000e+01
1.000000000000000000e+01
3.900000000000000000e+01
8.100000000000000000e+01
2.250000000000000000e+02
1.210000000000000000e+02
2.300000000000000000e+01
1.030000000000000000e+02
4.100000000000000000e+01
9.000000000000000000e+00
1.100000000000000000e+01
7.900000000000000000e+01
2.100000000000000000e+01
4.500000000000000000e+01
3.900000000000000000e+01
6.000000000000000000e+00
4.600000000000000000e+01
6.300000000000000000e+01
5.000000000000000000e+00
1.800000000000000000e+01
7.000000000000000000e+00
3.400000000000000000e+01
6.400000000000000000e+01
1.600000000000000000e+01
8.000000000000000000e+00
1.300000000000000000e+01
4.400000000000000000e+01
2.600000000000000000e+01
3.200000000000000000e+01
3.500000000000000000e+01
1.000000000000000000e+00
1.600000000000000000e+01
1.100000000000000000e+01
3.000000000000000000e+00
5.000000000000000000e+00
5.000000000000000000e+00
5.000000000000000000e+00
9.000000000000000000e+00
8.000000000000000000e+00
1.000000000000000000e+00
5.000000000000000000e+00
1.800000000000000000e+01
1.000000000000000000e+00
1.000000000000000000e+00
2.000000000000000000e+00
2.000000000000000000e+00
3.000000000000000000e+00
2.000000000000000000e+00
3.000000000000000000e+00
2.000000000000000000e+00
4.000000000000000000e+00
1.000000000000000000e+00
2.000000000000000000e+00
1.000000000000000000e+00
6.000000000000000000e+00
1.000000000000000000e+00
1.000000000000000000e+00
1.000000000000000000e+00
1.000000000000000000e+00
2.000000000000000000e+00
1.000000000000000000e+00
2.000000000000000000e+00
1.000000000000000000e+00
