4.910000000000000000e+02
1.367000000000000000e+03
1.215000000000000000e+03
6.780000000000000000e+02
8.340000000000000000e+02
3.070000000000000000e+02
8.370000000000000000e+02
1.126000000000000000e+03
1.417000000000000000e+03
5.000000000000000000e+01
1.381000000000000000e+03
1.096000000000000000e+03
1.050000000000000000e+03
1.329000000000000000e+03
1.088000000000000000e+03
1.452000000000000000e+03
1.462000000000000000e+03
1.054000000000000000e+03
1.372000000000000000e+03
1.263000000000000000e+03
1.207000000000000000e+03
1.197000000000000000e+03
1.409000000000000000e+03
4.340000000000000000e+02
8.720000000000000000e+02
1.043000000000000000e+03
1.243000000000000000e+03
1.385000000000000000e+03
1.258000000000000000e+03
7.530000000000000000e+02
1.392000000000000000e+03
1.310000000000000000e+02
5.070000000000000000e+02
6.050000000000000000e+02
1.409000000000000000e+03
1.322000000000000000e+03
9.410000000000000000e+02
1.216000000000000000e+03
7.000000000000000000e+02
1.475000000000000000e+03
8.410000000000000000e+02
2.390000000000000000e+02
7.430000000000000000e+02
1.380000000000000000e+03
1.342000000000000000e+03
5.080000000000000000e+02
1.268000000000000000e+03
4.400000000000000000e+02
1.287000000000000000e+03
5.470000000000000000e+02
3.140000000000000000e+02
1.407000000000000000e+03
5.600000000000000000e+02
9.730000000000000000e+02
1.520000000000000000e+02
9.300000000000000000e+02
2.140000000000000000e+02
1.136000000000000000e+03
1.291000000000000000e+03
1.210000000000000000e+03
6.410000000000000000e+02
1.410000000000000000e+02
1.133000000000000000e+03
1.436000000000000000e+03
1.427000000000000000e+03
1.025000000000000000e+03
1.391000000000000000e+03
1.428000000000000000e+03
1.443000000000000000e+03
6.150000000000000000e+02
2.180000000000000000e+02
1.088000000000000000e+03
3.520000000000000000e+02
1.050000000000000000e+03
1.411000000000000000e+03
7.030000000000000000e+02
1.340000000000000000e+02
1.264000000000000000e+03
5.960000000000000000e+02
3.860000000000000000e+02
3.380000000000000000e+02
4.010000000000000000e+02
9.050000000000000000e+02
9.150000000000000000e+02
4.390000000000000000e+02
1.431000000000000000e+03
6.170000000000000000e+02
7.770000000000000000e+02
2.920000000000000000e+02
2.760000000000000000e+02
4.000000000000000000e+01
1.435000000000000000e+03
7.880000000000000000e+02
1.010000000000000000e+02
3.910000000000000000e+02
1.400000000000000000e+01
2.210000000000000000e+02
6.700000000000000000e+01
3.960000000000000000e+02
1.050000000000000000e+02
5.700000000000000000e+02
7.660000000000000000e+02
1.166000000000000000e+03
3.610000000000000000e+02
5.180000000000000000e+02
1.650000000000000000e+02
3.360000000000000000e+02
8.660000000000000000e+02
4.670000000000000000e+02
4.690000000000000000e+02
5.360000000000000000e+02
2.890000000000000000e+02
1.810000000000000000e+02
3.800000000000000000e+01
1.200000000000000000e+01
7.500000000000000000e+01
7.880000000000000000e+02
4.800000000000000000e+01
2.540000000000000000e+02
9.300000000000000000e+01
2.610000000000000000e+02
1.630000000000000000e+02
3.300000000000000000e+02
8.600000000000000000e+01
2.820000000000000000e+02
5.900000000000000000e+01
9.860000000000000000e+02
6.770000000000000000e+02
9.400000000000000000e+01
1.780000000000000000e+02
1.760000000000000000e+02
5.300000000000000000e+01
1.800000000000000000e+01
2.230000000000000000e+02
1.390000000000000000e+02
4.900000000000000000e+01
7.700000000000000000e+01
3.900000000000000000e+01
1.000000000000000000e+00
2.000000000000000000e+01
4.900000000000000000e+01
2.240000000000000000e+02
1.600000000000000000e+02
1.390000000000000000e+02
2.100000000000000000e+01
8.000000000000000000e+00
8.600000000000000000e+01
9.200000000000000000e+01
2.100000000000000000e+01
1.900000000000000000e+01
4.400000000000000000e+01
1.000000000000000000e+00
1.520000000000000000e+02
5.000000000000000000e+00
2.900000000000000000e+01
1.040000000000000000e+02
6.300000000000000000e+01
2.000000000000000000e+00
3.400000000000000000e+01
1.300000000000000000e+01
1.230000000000000000e+02
7.500000000000000000e+01
4.100000000000000000e+01
1.700000000000000000e+01
2.200000000000000000e+01
8.900000000000000000e+01
7.200000000000000000e+01
1.100000000000000000e+01
4.000000000000000000e+00
1.600000000000000000e+01
6.000000000000000000e+00
2.000000000000000000e+00
7.000000000000000000e+00
3.700000000000000000e+01
2.000000000000000000e+00
1.600000000000000000e+01
6.000000000000000000e+00
3.700000000000000000e+01
3.900000000000000000e+01
1.900000000000000000e+01
2.100000000000000000e+01
2.200000000000000000e+01
8.000000000000000000e+00
2.000000000000000000e+01
8.000000000000000000e+00
4.000000000000000000e+00
2.300000000000000000e+01
1.000000000000000000e+00
1.000000000000000000e+00
1.000000000000000000e+01
5.000000000000000000e+00
1.100000000000000000e+01
4.000000000000000000e+00
6.000000000000000000e+00
1.000000000000000000e+00
5.000000000000000000e+00
2.000000000000000000e+00
5.000000000000000000e+00
5.000000000000000000e+00
1.000000000000000000e+00
3.000000000000000000e+00
3.000000000000000000e+00
2.000000000000000000e+00
3.000000000000000000e+00
5.000000000000000000e+00
1.000000000000000000e+00
1.000000000000000000e+00
1.000000000000000000e+00
4.000000000000000000e+00
1.000000000000000000e+00
2.000000000000000000e+00
3.000000000000000000e+00
2.000000000000000000e+00
2.000000000000000000e+00
2.000000000000000000e+00
1.000000000000000000e+00
2.000000000000000000e+00
1.000000000000000000e+00
1.000000000000000000e+00
