6.900000000000000000e+02
1.509000000000000000e+03
8.290000000000000000e+02
1.787000000000000000e+03
1.818000000000000000e+03
1.061000000000000000e+03
1.355000000000000000e+03
1.277000000000000000e+03
1.613000000000000000e+03
3.900000000000000000e+01
1.613000000000000000e+03
1.098000000000000000e+03
1.481000000000000000e+03
5.600000000000000000e+02
1.574000000000000000e+03
1.325000000000000000e+03
1.019000000000000000e+03
1.791000000000000000e+03
1.758000000000000000e+03
1.877000000000000000e+03
9.120000000000000000e+02
1.247000000000000000e+03
1.200000000000000000e+03
1.636000000000000000e+03
1.404000000000000000e+03
8.510000000000000000e+02
3.990000000000000000e+02
1.788000000000000000e+03
1.154000000000000000e+03
8.180000000000000000e+02
1.691000000000000000e+03
8.310000000000000000e+02
1.779000000000000000e+03
1.892000000000000000e+03
1.693000000000000000e+03
1.860000000000000000e+03
1.587000000000000000e+03
1.399000000000000000e+03
7.030000000000000000e+02
3.150000000000000000e+02
1.526000000000000000e+03
1.820000000000000000e+03
1.390000000000000000e+02
1.122000000000000000e+03
3.660000000000000000e+02
1.316000000000000000e+03
9.340000000000000000e+02
5.000000000000000000e+02
1.186000000000000000e+03
4.000000000000000000e+01
1.759000000000000000e+03
1.781000000000000000e+03
1.582000000000000000e+03
1.617000000000000000e+03
1.836000000000000000e+03
1.325000000000000000e+03
1.226000000000000000e+03
9.600000000000000000e+02
1.773000000000000000e+03
9.040000000000000000e+02
7.750000000000000000e+02
1.799000000000000000e+03
6.980000000000000000e+02
3.430000000000000000e+02
4.490000000000000000e+02
6.430000000000000000e+02
3.650000000000000000e+02
1.950000000000000000e+02
1.561000000000000000e+03
1.108000000000000000e+03
6.300000000000000000e+01
4.300000000000000000e+01
1.345000000000000000e+03
7.400000000000000000e+02
1.359000000000000000e+03
4.810000000000000000e+02
4.520000000000000000e+02
4.530000000000000000e+02
5.850000000000000000e+02
1.021000000000000000e+03
7.900000000000000000e+01
1.920000000000000000e+02
4.130000000000000000e+02
2.260000000000000000e+02
5.920000000000000000e+02
6.810000000000000000e+02
2.900000000000000000e+01
1.771000000000000000e+03
1.210000000000000000e+02
3.170000000000000000e+02
2.770000000000000000e+02
5.400000000000000000e+01
8.600000000000000000e+01
1.920000000000000000e+02
1.180000000000000000e+02
1.260000000000000000e+02
2.830000000000000000e+02
1.420000000000000000e+02
7.100000000000000000e+01
2.710000000000000000e+02
4.340000000000000000e+02
2.730000000000000000e+02
5.380000000000000000e+02
4.100000000000000000e+01
3.150000000000000000e+02
7.500000000000000000e+01
4.890000000000000000e+02
3.200000000000000000e+01
2.250000000000000000e+02
1.160000000000000000e+02
1.460000000000000000e+02
1.520000000000000000e+02
3.100000000000000000e+01
1.000000000000000000e+01
1.180000000000000000e+02
1.000000000000000000e+02
2.400000000000000000e+01
1.850000000000000000e+02
3.000000000000000000e+00
9.300000000000000000e+01
4.500000000000000000e+01
2.700000000000000000e+01
4.000000000000000000e+00
2.000000000000000000e+00
1.300000000000000000e+01
5.100000000000000000e+01
1.660000000000000000e+02
5.400000000000000000e+01
2.180000000000000000e+02
7.500000000000000000e+01
7.000000000000000000e+00
1.900000000000000000e+01
7.000000000000000000e+00
5.000000000000000000e+00
1.900000000000000000e+01
5.000000000000000000e+00
1.140000000000000000e+02
6.400000000000000000e+01
2.900000000000000000e+01
1.400000000000000000e+01
2.400000000000000000e+01
2.700000000000000000e+01
9.000000000000000000e+00
2.600000000000000000e+01
1.200000000000000000e+01
7.000000000000000000e+00
5.000000000000000000e+00
3.000000000000000000e+00
1.500000000000000000e+01
6.000000000000000000e+00
2.000000000000000000e+00
1.000000000000000000e+00
5.000000000000000000e+00
1.000000000000000000e+00
1.100000000000000000e+01
4.000000000000000000e+00
1.000000000000000000e+00
5.000000000000000000e+00
7.000000000000000000e+00
1.000000000000000000e+00
3.000000000000000000e+00
1.000000000000000000e+00
1.000000000000000000e+00
3.000000000000000000e+00
1.000000000000000000e+00
1.000000000000000000e+00
1.000000000000000000e+00
5.000000000000000000e+00
4.000000000000000000e+00
1.000000000000000000e+00
1.000000000000000000e+00
1.000000000000000000e+00
1.000000000000000000e+00
1.000000000000000000e+00
1.000000000000000000e+00
