1.762000000000000000e+03
1.698000000000000000e+03
1.736000000000000000e+03
1.305000000000000000e+03
1.648000000000000000e+03
1.691000000000000000e+03
1.615000000000000000e+03
9.240000000000000000e+02
5.390000000000000000e+02
1.045000000000000000e+03
1.503000000000000000e+03
1.858000000000000000e+03
1.336000000000000000e+03
8.830000000000000000e+02
2.230000000000000000e+02
2.580000000000000000e+02
1.304000000000000000e+03
1.876000000000000000e+03
1.820000000000000000e+03
1.790000000000000000e+03
1.724000000000000000e+03
7.500000000000000000e+02
7.580000000000000000e+02
1.209000000000000000e+03
1.865000000000000000e+03
1.202000000000000000e+03
1.709000000000000000e+03
1.570000000000000000e+03
1.422000000000000000e+03
9.740000000000000000e+02
1.136000000000000000e+03
1.583000000000000000e+03
3.630000000000000000e+02
1.330000000000000000e+03
1.721000000000000000e+03
6.120000000000000000e+02
1.830000000000000000e+03
1.084000000000000000e+03
7.710000000000000000e+02
1.613000000000000000e+03
1.709000000000000000e+03
1.463000000000000000e+03
1.705000000000000000e+03
1.601000000000000000e+03
1.625000000000000000e+03
5.450000000000000000e+02
4.970000000000000000e+02
1.099000000000000000e+03
9.430000000000000000e+02
1.165000000000000000e+03
1.313000000000000000e+03
1.626000000000000000e+03
1.359000000000000000e+03
6.650000000000000000e+02
3.270000000000000000e+02
1.025000000000000000e+03
3.900000000000000000e+01
3.870000000000000000e+02
1.880000000000000000e+02
8.110000000000000000e+02
1.368000000000000000e+03
1.704000000000000000e+03
3.160000000000000000e+02
1.735000000000000000e+03
4.080000000000000000e+02
1.000000000000000000e+02
1.391000000000000000e+03
3.030000000000000000e+02
9.900000000000000000e+01
2.570000000000000000e+02
5.930000000000000000e+02
1.455000000000000000e+03
8.350000000000000000e+02
3.550000000000000000e+02
1.088000000000000000e+03
9.300000000000000000e+02
1.777000000000000000e+03
7.530000000000000000e+02
1.930000000000000000e+02
6.090000000000000000e+02
2.100000000000000000e+01
4.640000000000000000e+02
6.760000000000000000e+02
2.600000000000000000e+01
5.310000000000000000e+02
4.900000000000000000e+01
8.610000000000000000e+02
5.040000000000000000e+02
9.000000000000000000e+01
5.800000000000000000e+01
1.490000000000000000e+02
4.540000000000000000e+02
9.500000000000000000e+01
5.700000000000000000e+01
1.497000000000000000e+03
3.030000000000000000e+02
1.980000000000000000e+02
2.500000000000000000e+01
6.100000000000000000e+01
1.500000000000000000e+01
4.110000000000000000e+02
2.650000000000000000e+02
6.120000000000000000e+02
7.080000000000000000e+02
2.530000000000000000e+02
3.760000000000000000e+02
1.450000000000000000e+02
1.350000000000000000e+02
3.360000000000000000e+02
4.800000000000000000e+01
8.700000000000000000e+01
1.800000000000000000e+01
1.620000000000000000e+02
9.000000000000000000e+01
7.000000000000000000e+01
8.700000000000000000e+01
3.700000000000000000e+01
2.900000000000000000e+01
3.300000000000000000e+01
1.940000000000000000e+02
6.700000000000000000e+01
3.500000000000000000e+01
1.600000000000000000e+02
1.200000000000000000e+01
1.790000000000000000e+02
5.000000000000000000e+01
8.400000000000000000e+01
8.100000000000000000e+01
3.000000000000000000e+01
1.410000000000000000e+02
9.000000000000000000e+00
1.050000000000000000e+02
7.000000000000000000e+01
7.300000000000000000e+01
9.000000000000000000e+00
1.000000000000000000e+00
3.000000000000000000e+01
1.100000000000000000e+01
2.400000000000000000e+01
1.000000000000000000e+00
1.000000000000000000e+00
8.000000000000000000e+00
2.000000000000000000e+00
7.000000000000000000e+00
2.200000000000000000e+01
4.000000000000000000e+00
2.000000000000000000e+00
1.100000000000000000e+01
8.000000000000000000e+00
1.600000000000000000e+01
1.000000000000000000e+00
5.000000000000000000e+00
2.000000000000000000e+00
2.000000000000000000e+00
9.000000000000000000e+00
1.000000000000000000e+00
1.200000000000000000e+01
1.300000000000000000e+01
1.000000000000000000e+00
2.100000000000000000e+01
5.000000000000000000e+00
1.200000000000000000e+01
4.000000000000000000e+00
6.000000000000000000e+00
4.000000000000000000e+00
1.000000000000000000e+00
1.000000000000000000e+00
5.000000000000000000e+00
1.000000000000000000e+00
2.000000000000000000e+00
1.000000000000000000e+00
1.000000000000000000e+00
1.000000000000000000e+00
3.000000000000000000e+00
1.000000000000000000e+00
1.000000000000000000e+00
