6.630000000000000000e+02
1.811000000000000000e+03
1.761000000000000000e+03
1.693000000000000000e+03
5.870000000000000000e+02
1.750000000000000000e+03
1.267000000000000000e+03
5.130000000000000000e+02
1.004000000000000000e+03
1.469000000000000000e+03
1.759000000000000000e+03
1.745000000000000000e+03
2.440000000000000000e+02
6.200000000000000000e+01
1.571000000000000000e+03
1.707000000000000000e+03
1.617000000000000000e+03
1.380000000000000000e+03
1.335000000000000000e+03
1.791000000000000000e+03
3.950000000000000000e+02
4.780000000000000000e+02
1.636000000000000000e+03
1.367000000000000000e+03
6.800000000000000000e+01
1.846000000000000000e+03
1.154000000000000000e+03
1.741000000000000000e+03
1.749000000000000000e+03
1.763000000000000000e+03
1.691000000000000000e+03
1.666000000000000000e+03
1.438000000000000000e+03
1.940000000000000000e+02
3.000000000000000000e+01
9.580000000000000000e+02
1.112000000000000000e+03
4.720000000000000000e+02
9.120000000000000000e+02
1.130000000000000000e+02
1.155000000000000000e+03
1.349000000000000000e+03
6.390000000000000000e+02
1.803000000000000000e+03
7.000000000000000000e+01
1.480000000000000000e+02
8.540000000000000000e+02
1.784000000000000000e+03
1.312000000000000000e+03
1.457000000000000000e+03
1.454000000000000000e+03
1.659000000000000000e+03
1.685000000000000000e+03
5.460000000000000000e+02
1.772000000000000000e+03
9.550000000000000000e+02
9.560000000000000000e+02
7.670000000000000000e+02
7.130000000000000000e+02
1.675000000000000000e+03
9.110000000000000000e+02
1.730000000000000000e+03
1.597000000000000000e+03
5.570000000000000000e+02
1.417000000000000000e+03
7.600000000000000000e+02
6.150000000000000000e+02
2.770000000000000000e+02
5.830000000000000000e+02
1.616000000000000000e+03
9.330000000000000000e+02
4.510000000000000000e+02
8.210000000000000000e+02
4.210000000000000000e+02
1.159000000000000000e+03
7.040000000000000000e+02
1.610000000000000000e+02
3.120000000000000000e+02
1.499000000000000000e+03
1.319000000000000000e+03
2.500000000000000000e+01
3.790000000000000000e+02
4.550000000000000000e+02
6.390000000000000000e+02
7.930000000000000000e+02
4.700000000000000000e+01
1.145000000000000000e+03
3.370000000000000000e+02
1.110000000000000000e+03
1.080000000000000000e+02
2.180000000000000000e+02
7.350000000000000000e+02
3.450000000000000000e+02
2.440000000000000000e+02
2.270000000000000000e+02
1.096000000000000000e+03
3.210000000000000000e+02
1.600000000000000000e+02
1.610000000000000000e+02
3.260000000000000000e+02
8.800000000000000000e+01
6.600000000000000000e+01
5.600000000000000000e+02
4.010000000000000000e+02
3.000000000000000000e+01
8.100000000000000000e+01
9.500000000000000000e+01
1.220000000000000000e+02
3.800000000000000000e+01
1.710000000000000000e+02
9.500000000000000000e+01
1.840000000000000000e+02
2.390000000000000000e+02
2.860000000000000000e+02
8.900000000000000000e+01
1.700000000000000000e+02
3.800000000000000000e+01
2.300000000000000000e+01
3.800000000000000000e+01
8.400000000000000000e+01
1.140000000000000000e+02
1.400000000000000000e+01
3.000000000000000000e+00
1.200000000000000000e+01
2.310000000000000000e+02
6.700000000000000000e+01
5.000000000000000000e+01
6.000000000000000000e+01
2.800000000000000000e+01
6.800000000000000000e+01
1.300000000000000000e+01
2.000000000000000000e+00
2.300000000000000000e+01
3.000000000000000000e+01
1.000000000000000000e+01
2.300000000000000000e+01
1.060000000000000000e+02
4.100000000000000000e+01
1.800000000000000000e+01
1.000000000000000000e+01
1.300000000000000000e+01
2.800000000000000000e+01
1.200000000000000000e+01
4.000000000000000000e+00
1.200000000000000000e+01
7.000000000000000000e+00
1.000000000000000000e+00
2.600000000000000000e+01
1.200000000000000000e+01
5.000000000000000000e+00
3.000000000000000000e+00
1.000000000000000000e+00
1.000000000000000000e+00
2.000000000000000000e+00
4.000000000000000000e+00
3.000000000000000000e+00
5.000000000000000000e+00
1.000000000000000000e+00
1.000000000000000000e+00
3.000000000000000000e+00
5.000000000000000000e+00
1.000000000000000000e+01
6.000000000000000000e+00
2.000000000000000000e+00
3.000000000000000000e+00
5.000000000000000000e+00
1.000000000000000000e+00
5.000000000000000000e+00
3.000000000000000000e+00
1.000000000000000000e+00
1.000000000000000000e+01
1.000000000000000000e+00
1.000000000000000000e+00
1.000000000000000000e+00
1.000000000000000000e+00
1.000000000000000000e+00
