3.010000000000000000e+03
3.441000000000000000e+03
1.130000000000000000e+02
3.594000000000000000e+03
3.502000000000000000e+03
7.630000000000000000e+02
3.410000000000000000e+03
3.562000000000000000e+03
1.441000000000000000e+03
3.590000000000000000e+03
2.204000000000000000e+03
7.550000000000000000e+02
2.824000000000000000e+03
1.294000000000000000e+03
3.396000000000000000e+03
3.059000000000000000e+03
3.377000000000000000e+03
2.350000000000000000e+03
3.212000000000000000e+03
2.529000000000000000e+03
1.413000000000000000e+03
2.790000000000000000e+02
3.154000000000000000e+03
4.500000000000000000e+01
3.561000000000000000e+03
8.750000000000000000e+02
1.780000000000000000e+03
2.662000000000000000e+03
3.518000000000000000e+03
2.270000000000000000e+03
1.221000000000000000e+03
2.882000000000000000e+03
3.250000000000000000e+02
2.069000000000000000e+03
2.458000000000000000e+03
2.550000000000000000e+02
2.697000000000000000e+03
1.774000000000000000e+03
1.165000000000000000e+03
6.460000000000000000e+02
1.604000000000000000e+03
1.050000000000000000e+02
3.670000000000000000e+02
1.460000000000000000e+02
5.190000000000000000e+02
1.926000000000000000e+03
1.700000000000000000e+02
9.180000000000000000e+02
4.010000000000000000e+02
1.060000000000000000e+03
8.100000000000000000e+01
5.770000000000000000e+02
1.647000000000000000e+03
4.500000000000000000e+01
5.400000000000000000e+01
2.200000000000000000e+02
1.052000000000000000e+03
2.460000000000000000e+02
3.910000000000000000e+02
2.180000000000000000e+02
2.200000000000000000e+01
5.360000000000000000e+02
1.380000000000000000e+02
3.600000000000000000e+01
5.680000000000000000e+02
3.500000000000000000e+01
1.010000000000000000e+02
9.200000000000000000e+01
2.900000000000000000e+01
6.200000000000000000e+01
1.000000000000000000e+00
4.800000000000000000e+01
1.300000000000000000e+01
1.000000000000000000e+01
1.000000000000000000e+00
1.300000000000000000e+01
1.400000000000000000e+01
3.000000000000000000e+00
4.000000000000000000e+00
1.600000000000000000e+01
2.000000000000000000e+00
1.000000000000000000e+01
6.000000000000000000e+00
3.000000000000000000e+00
5.000000000000000000e+00
1.000000000000000000e+00
1.000000000000000000e+00
1.000000000000000000e+00
1.000000000000000000e+00
3.000000000000000000e+00
1.000000000000000000e+00
1.000000000000000000e+00
1.000000000000000000e+00
