1.114000000000000000e+03
3.340000000000000000e+02
3.730000000000000000e+02
1.490000000000000000e+02
2.560000000000000000e+02
1.680000000000000000e+02
1.823000000000000000e+03
1.629000000000000000e+03
1.874000000000000000e+03
1.770000000000000000e+03
4.670000000000000000e+02
4.810000000000000000e+02
6.780000000000000000e+02
8.060000000000000000e+02
1.051000000000000000e+03
1.564000000000000000e+03
1.319000000000000000e+03
9.560000000000000000e+02
1.636000000000000000e+03
1.685000000000000000e+03
1.651000000000000000e+03
9.340000000000000000e+02
1.097000000000000000e+03
1.227000000000000000e+03
5.180000000000000000e+02
1.867000000000000000e+03
1.510000000000000000e+03
2.180000000000000000e+02
1.466000000000000000e+03
1.548000000000000000e+03
1.805000000000000000e+03
1.306000000000000000e+03
1.759000000000000000e+03
1.661000000000000000e+03
8.090000000000000000e+02
9.210000000000000000e+02
1.397000000000000000e+03
1.196000000000000000e+03
1.768000000000000000e+03
1.707000000000000000e+03
7.260000000000000000e+02
9.610000000000000000e+02
7.900000000000000000e+02
9.600000000000000000e+01
6.900000000000000000e+02
1.738000000000000000e+03
1.862000000000000000e+03
1.723000000000000000e+03
1.229000000000000000e+03
1.665000000000000000e+03
3.400000000000000000e+01
1.726000000000000000e+03
1.802000000000000000e+03
4.790000000000000000e+02
1.811000000000000000e+03
1.052000000000000000e+03
6.430000000000000000e+02
9.740000000000000000e+02
1.761000000000000000e+03
1.205000000000000000e+03
2.850000000000000000e+02
1.665000000000000000e+03
1.128000000000000000e+03
5.780000000000000000e+02
8.580000000000000000e+02
1.337000000000000000e+03
1.328000000000000000e+03
6.870000000000000000e+02
1.531000000000000000e+03
7.890000000000000000e+02
1.369000000000000000e+03
3.450000000000000000e+02
6.000000000000000000e+02
1.395000000000000000e+03
1.791000000000000000e+03
1.456000000000000000e+03
2.980000000000000000e+02
2.870000000000000000e+02
1.760000000000000000e+03
1.145000000000000000e+03
8.820000000000000000e+02
5.030000000000000000e+02
3.080000000000000000e+02
4.620000000000000000e+02
5.960000000000000000e+02
1.330000000000000000e+02
1.030000000000000000e+02
4.880000000000000000e+02
7.700000000000000000e+01
1.420000000000000000e+02
1.410000000000000000e+02
8.300000000000000000e+01
6.100000000000000000e+01
3.160000000000000000e+02
2.110000000000000000e+02
1.450000000000000000e+02
3.440000000000000000e+02
4.290000000000000000e+02
4.030000000000000000e+02
6.400000000000000000e+01
2.390000000000000000e+02
1.530000000000000000e+02
1.100000000000000000e+02
6.900000000000000000e+01
2.900000000000000000e+01
2.000000000000000000e+01
8.160000000000000000e+02
3.150000000000000000e+02
8.200000000000000000e+01
1.700000000000000000e+01
2.900000000000000000e+01
1.100000000000000000e+01
5.900000000000000000e+01
2.250000000000000000e+02
2.600000000000000000e+01
8.000000000000000000e+00
2.210000000000000000e+02
9.800000000000000000e+01
1.380000000000000000e+02
3.800000000000000000e+01
1.900000000000000000e+02
5.300000000000000000e+01
1.160000000000000000e+02
5.200000000000000000e+01
8.000000000000000000e+00
7.000000000000000000e+00
3.900000000000000000e+01
2.000000000000000000e+00
2.800000000000000000e+01
3.000000000000000000e+00
2.000000000000000000e+00
7.000000000000000000e+01
1.820000000000000000e+02
1.000000000000000000e+01
3.600000000000000000e+01
6.900000000000000000e+01
2.000000000000000000e+00
5.200000000000000000e+01
2.300000000000000000e+01
4.800000000000000000e+01
2.900000000000000000e+01
7.700000000000000000e+01
9.000000000000000000e+00
1.700000000000000000e+01
3.000000000000000000e+00
1.000000000000000000e+00
3.900000000000000000e+01
1.800000000000000000e+01
2.000000000000000000e+00
1.100000000000000000e+01
3.000000000000000000e+00
1.300000000000000000e+01
5.000000000000000000e+00
1.700000000000000000e+01
1.000000000000000000e+00
7.000000000000000000e+00
1.300000000000000000e+01
2.000000000000000000e+00
1.000000000000000000e+00
7.000000000000000000e+00
2.000000000000000000e+00
2.000000000000000000e+00
8.000000000000000000e+00
2.000000000000000000e+00
5.000000000000000000e+00
4.000000000000000000e+00
4.000000000000000000e+00
2.000000000000000000e+00
6.000000000000000000e+00
1.000000000000000000e+00
2.000000000000000000e+00
2.000000000000000000e+00
1.000000000000000000e+00
1.000000000000000000e+00
