1.012000000000000000e+03
7.500000000000000000e+02
6.690000000000000000e+02
1.534000000000000000e+03
8.330000000000000000e+02
1.505000000000000000e+03
1.650000000000000000e+03
1.669000000000000000e+03
1.262000000000000000e+03
1.353000000000000000e+03
6.480000000000000000e+02
1.014000000000000000e+03
9.160000000000000000e+02
1.542000000000000000e+03
4.370000000000000000e+02
1.398000000000000000e+03
3.290000000000000000e+02
1.542000000000000000e+03
6.710000000000000000e+02
1.459000000000000000e+03
3.170000000000000000e+02
1.462000000000000000e+03
3.760000000000000000e+02
9.280000000000000000e+02
1.120000000000000000e+03
1.602000000000000000e+03
1.477000000000000000e+03
2.380000000000000000e+02
1.007000000000000000e+03
1.639000000000000000e+03
8.270000000000000000e+02
1.430000000000000000e+03
1.990000000000000000e+02
1.521000000000000000e+03
1.313000000000000000e+03
1.553000000000000000e+03
7.670000000000000000e+02
1.234000000000000000e+03
1.615000000000000000e+03
1.586000000000000000e+03
2.900000000000000000e+01
1.272000000000000000e+03
7.010000000000000000e+02
1.250000000000000000e+03
2.150000000000000000e+02
6.510000000000000000e+02
8.000000000000000000e+00
1.093000000000000000e+03
6.330000000000000000e+02
1.503000000000000000e+03
9.410000000000000000e+02
1.431000000000000000e+03
8.140000000000000000e+02
1.349000000000000000e+03
1.216000000000000000e+03
9.170000000000000000e+02
1.055000000000000000e+03
1.382000000000000000e+03
1.132000000000000000e+03
1.060000000000000000e+03
1.680000000000000000e+02
1.505000000000000000e+03
3.520000000000000000e+02
1.595000000000000000e+03
4.870000000000000000e+02
1.513000000000000000e+03
5.930000000000000000e+02
4.300000000000000000e+01
7.200000000000000000e+01
1.027000000000000000e+03
1.227000000000000000e+03
1.605000000000000000e+03
1.526000000000000000e+03
8.550000000000000000e+02
9.300000000000000000e+01
1.322000000000000000e+03
3.220000000000000000e+02
1.583000000000000000e+03
2.750000000000000000e+02
1.156000000000000000e+03
1.454000000000000000e+03
5.830000000000000000e+02
5.110000000000000000e+02
1.280000000000000000e+02
1.346000000000000000e+03
4.490000000000000000e+02
7.930000000000000000e+02
4.740000000000000000e+02
2.460000000000000000e+02
4.940000000000000000e+02
1.159000000000000000e+03
3.500000000000000000e+01
1.665000000000000000e+03
4.190000000000000000e+02
2.990000000000000000e+02
3.630000000000000000e+02
2.680000000000000000e+02
4.540000000000000000e+02
5.020000000000000000e+02
9.400000000000000000e+01
4.100000000000000000e+01
9.050000000000000000e+02
5.760000000000000000e+02
6.120000000000000000e+02
1.750000000000000000e+02
5.910000000000000000e+02
8.300000000000000000e+01
3.580000000000000000e+02
3.000000000000000000e+00
2.550000000000000000e+02
9.000000000000000000e+01
1.080000000000000000e+02
4.640000000000000000e+02
4.500000000000000000e+01
1.150000000000000000e+02
1.700000000000000000e+02
1.450000000000000000e+02
1.200000000000000000e+02
6.000000000000000000e+01
1.970000000000000000e+02
1.300000000000000000e+01
2.900000000000000000e+01
2.600000000000000000e+02
6.900000000000000000e+01
1.610000000000000000e+02
3.240000000000000000e+02
1.220000000000000000e+02
6.800000000000000000e+01
1.310000000000000000e+02
1.080000000000000000e+02
5.700000000000000000e+01
3.000000000000000000e+01
7.000000000000000000e+00
4.600000000000000000e+01
2.300000000000000000e+01
1.280000000000000000e+02
2.080000000000000000e+02
1.950000000000000000e+02
4.300000000000000000e+01
2.300000000000000000e+01
3.400000000000000000e+01
9.000000000000000000e+00
7.200000000000000000e+01
6.900000000000000000e+01
1.000000000000000000e+00
3.200000000000000000e+01
3.100000000000000000e+01
9.400000000000000000e+01
2.900000000000000000e+01
2.200000000000000000e+01
2.000000000000000000e+00
1.000000000000000000e+00
2.300000000000000000e+01
4.800000000000000000e+01
5.000000000000000000e+00
1.800000000000000000e+01
1.100000000000000000e+01
3.500000000000000000e+01
9.000000000000000000e+00
1.100000000000000000e+01
2.600000000000000000e+01
1.100000000000000000e+01
1.000000000000000000e+00
9.000000000000000000e+00
4.000000000000000000e+00
5.000000000000000000e+00
1.000000000000000000e+00
9.000000000000000000e+00
1.500000000000000000e+01
6.000000000000000000e+00
7.000000000000000000e+00
1.000000000000000000e+00
7.000000000000000000e+00
3.000000000000000000e+00
8.000000000000000000e+00
1.500000000000000000e+01
7.000000000000000000e+00
3.000000000000000000e+00
4.000000000000000000e+00
1.100000000000000000e+01
3.000000000000000000e+00
1.000000000000000000e+00
1.000000000000000000e+00
2.000000000000000000e+00
3.000000000000000000e+00
2.000000000000000000e+00
1.000000000000000000e+00
1.000000000000000000e+00
1.000000000000000000e+00
1.000000000000000000e+00
2.000000000000000000e+00
1.000000000000000000e+00
1.000000000000000000e+00
1.000000000000000000e+00
1.000000000000000000e+00
