4.850000000000000000e+02
7.230000000000000000e+02
8.320000000000000000e+02
1.752000000000000000e+03
1.843000000000000000e+03
8.410000000000000000e+02
1.011000000000000000e+03
1.512000000000000000e+03
1.754000000000000000e+03
1.535000000000000000e+03
2.020000000000000000e+02
2.790000000000000000e+02
1.802000000000000000e+03
1.672000000000000000e+03
1.811000000000000000e+03
1.417000000000000000e+03
4.130000000000000000e+02
3.860000000000000000e+02
1.646000000000000000e+03
1.586000000000000000e+03
1.686000000000000000e+03
1.720000000000000000e+03
1.850000000000000000e+03
1.138000000000000000e+03
4.540000000000000000e+02
1.765000000000000000e+03
1.285000000000000000e+03
1.736000000000000000e+03
5.280000000000000000e+02
8.790000000000000000e+02
6.170000000000000000e+02
1.357000000000000000e+03
1.862000000000000000e+03
1.066000000000000000e+03
1.832000000000000000e+03
1.759000000000000000e+03
1.323000000000000000e+03
1.785000000000000000e+03
8.870000000000000000e+02
1.241000000000000000e+03
2.850000000000000000e+02
1.584000000000000000e+03
1.707000000000000000e+03
1.200000000000000000e+02
1.528000000000000000e+03
1.095000000000000000e+03
6.710000000000000000e+02
1.201000000000000000e+03
7.570000000000000000e+02
9.040000000000000000e+02
5.950000000000000000e+02
1.348000000000000000e+03
1.706000000000000000e+03
1.217000000000000000e+03
4.800000000000000000e+01
4.580000000000000000e+02
1.391000000000000000e+03
1.036000000000000000e+03
9.700000000000000000e+01
2.230000000000000000e+02
2.600000000000000000e+01
7.150000000000000000e+02
3.730000000000000000e+02
7.430000000000000000e+02
2.520000000000000000e+02
9.000000000000000000e+00
2.860000000000000000e+02
1.540000000000000000e+03
1.175000000000000000e+03
8.100000000000000000e+01
1.060000000000000000e+02
3.600000000000000000e+01
6.100000000000000000e+01
9.590000000000000000e+02
5.750000000000000000e+02
1.531000000000000000e+03
1.455000000000000000e+03
6.090000000000000000e+02
7.700000000000000000e+01
1.603000000000000000e+03
1.645000000000000000e+03
1.502000000000000000e+03
1.177000000000000000e+03
1.417000000000000000e+03
1.788000000000000000e+03
1.220000000000000000e+02
1.288000000000000000e+03
4.310000000000000000e+02
1.730000000000000000e+02
7.810000000000000000e+02
2.250000000000000000e+02
3.290000000000000000e+02
5.950000000000000000e+02
3.040000000000000000e+02
1.098000000000000000e+03
1.390000000000000000e+02
1.560000000000000000e+02
5.320000000000000000e+02
6.510000000000000000e+02
9.640000000000000000e+02
1.730000000000000000e+02
3.480000000000000000e+02
1.000000000000000000e+02
1.070000000000000000e+02
2.140000000000000000e+02
3.630000000000000000e+02
4.910000000000000000e+02
1.570000000000000000e+02
2.300000000000000000e+01
8.600000000000000000e+01
2.330000000000000000e+02
1.820000000000000000e+02
6.900000000000000000e+01
6.100000000000000000e+01
1.600000000000000000e+02
2.900000000000000000e+01
1.800000000000000000e+01
2.300000000000000000e+01
1.590000000000000000e+02
4.400000000000000000e+01
2.780000000000000000e+02
5.500000000000000000e+01
3.600000000000000000e+01
6.900000000000000000e+01
2.200000000000000000e+01
8.400000000000000000e+01
1.200000000000000000e+01
4.300000000000000000e+01
1.000000000000000000e+00
1.000000000000000000e+00
2.700000000000000000e+01
3.800000000000000000e+01
9.300000000000000000e+01
4.700000000000000000e+01
8.000000000000000000e+00
1.400000000000000000e+01
4.800000000000000000e+01
4.000000000000000000e+00
5.100000000000000000e+01
4.800000000000000000e+01
1.500000000000000000e+01
2.400000000000000000e+01
1.600000000000000000e+01
2.300000000000000000e+01
2.000000000000000000e+00
6.000000000000000000e+00
4.000000000000000000e+00
3.000000000000000000e+00
1.000000000000000000e+00
1.000000000000000000e+00
8.000000000000000000e+00
2.000000000000000000e+01
2.000000000000000000e+00
2.000000000000000000e+00
2.000000000000000000e+00
2.000000000000000000e+00
8.000000000000000000e+00
1.700000000000000000e+01
2.000000000000000000e+00
7.000000000000000000e+00
5.000000000000000000e+00
4.000000000000000000e+00
3.000000000000000000e+00
5.000000000000000000e+00
1.000000000000000000e+00
2.000000000000000000e+00
1.000000000000000000e+00
8.000000000000000000e+00
1.000000000000000000e+00
1.000000000000000000e+00
3.000000000000000000e+00
3.000000000000000000e+00
2.000000000000000000e+00
1.000000000000000000e+00
2.000000000000000000e+00
1.000000000000000000e+00
1.000000000000000000e+00
