9.340000000000000000e+02
1.061000000000000000e+03
1.694000000000000000e+03
1.702000000000000000e+03
1.782000000000000000e+03
1.799000000000000000e+03
6.290000000000000000e+02
2.120000000000000000e+02
1.266000000000000000e+03
1.211000000000000000e+03
1.818000000000000000e+03
1.627000000000000000e+03
1.635000000000000000e+03
1.412000000000000000e+03
4.030000000000000000e+02
6.880000000000000000e+02
1.801000000000000000e+03
1.808000000000000000e+03
4.470000000000000000e+02
5.740000000000000000e+02
7.650000000000000000e+02
1.620000000000000000e+03
1.078000000000000000e+03
8.550000000000000000e+02
9.650000000000000000e+02
1.784000000000000000e+03
1.708000000000000000e+03
2.670000000000000000e+02
1.423000000000000000e+03
3.520000000000000000e+02
1.765000000000000000e+03
1.572000000000000000e+03
1.558000000000000000e+03
1.698000000000000000e+03
3.030000000000000000e+02
3.760000000000000000e+02
1.260000000000000000e+03
1.569000000000000000e+03
1.010000000000000000e+02
1.402000000000000000e+03
1.263000000000000000e+03
9.790000000000000000e+02
1.078000000000000000e+03
1.405000000000000000e+03
1.385000000000000000e+03
1.237000000000000000e+03
6.800000000000000000e+01
1.279000000000000000e+03
1.138000000000000000e+03
1.300000000000000000e+02
2.260000000000000000e+02
1.687000000000000000e+03
1.875000000000000000e+03
4.500000000000000000e+02
5.300000000000000000e+02
1.890000000000000000e+02
6.980000000000000000e+02
1.827000000000000000e+03
1.712000000000000000e+03
3.440000000000000000e+02
4.900000000000000000e+02
8.690000000000000000e+02
1.803000000000000000e+03
1.638000000000000000e+03
7.300000000000000000e+01
1.684000000000000000e+03
2.300000000000000000e+02
7.410000000000000000e+02
1.148000000000000000e+03
6.240000000000000000e+02
1.515000000000000000e+03
3.080000000000000000e+02
3.790000000000000000e+02
2.730000000000000000e+02
1.744000000000000000e+03
2.030000000000000000e+02
3.900000000000000000e+01
5.470000000000000000e+02
1.156000000000000000e+03
1.301000000000000000e+03
7.820000000000000000e+02
4.620000000000000000e+02
5.930000000000000000e+02
1.208000000000000000e+03
1.053000000000000000e+03
7.100000000000000000e+01
1.230000000000000000e+02
8.330000000000000000e+02
2.890000000000000000e+02
3.210000000000000000e+02
1.450000000000000000e+02
4.930000000000000000e+02
1.400000000000000000e+02
7.930000000000000000e+02
1.538000000000000000e+03
7.110000000000000000e+02
1.509000000000000000e+03
8.750000000000000000e+02
2.760000000000000000e+02
2.460000000000000000e+02
4.200000000000000000e+01
6.880000000000000000e+02
5.200000000000000000e+01
1.290000000000000000e+02
4.940000000000000000e+02
8.200000000000000000e+01
1.820000000000000000e+02
5.100000000000000000e+01
2.480000000000000000e+02
1.900000000000000000e+01
1.220000000000000000e+02
4.760000000000000000e+02
1.260000000000000000e+02
4.800000000000000000e+01
6.400000000000000000e+01
9.000000000000000000e+01
7.100000000000000000e+01
3.900000000000000000e+01
1.710000000000000000e+02
1.700000000000000000e+01
1.470000000000000000e+02
1.210000000000000000e+02
2.000000000000000000e+00
7.500000000000000000e+01
3.300000000000000000e+01
2.900000000000000000e+01
8.100000000000000000e+01
1.350000000000000000e+02
1.500000000000000000e+01
4.000000000000000000e+00
1.000000000000000000e+01
7.000000000000000000e+00
4.800000000000000000e+01
3.000000000000000000e+01
1.000000000000000000e+01
5.000000000000000000e+00
1.500000000000000000e+01
2.100000000000000000e+01
1.800000000000000000e+01
6.000000000000000000e+00
4.900000000000000000e+01
6.000000000000000000e+01
1.900000000000000000e+01
1.900000000000000000e+01
1.400000000000000000e+01
1.400000000000000000e+01
8.000000000000000000e+00
1.000000000000000000e+00
4.000000000000000000e+00
1.900000000000000000e+01
3.000000000000000000e+00
1.000000000000000000e+00
1.000000000000000000e+01
1.100000000000000000e+01
3.000000000000000000e+00
2.000000000000000000e+00
3.000000000000000000e+00
3.400000000000000000e+01
2.000000000000000000e+00
3.000000000000000000e+00
6.000000000000000000e+00
5.000000000000000000e+00
5.000000000000000000e+00
3.000000000000000000e+00
9.000000000000000000e+00
1.000000000000000000e+00
2.000000000000000000e+00
1.000000000000000000e+00
7.000000000000000000e+00
1.000000000000000000e+00
3.000000000000000000e+00
1.000000000000000000e+00
1.000000000000000000e+00
2.000000000000000000e+00
1.000000000000000000e+00
