9.560000000000000000e+02
1.162000000000000000e+03
8.940000000000000000e+02
5.710000000000000000e+02
1.138000000000000000e+03
6.100000000000000000e+02
9.900000000000000000e+01
7.990000000000000000e+02
5.670000000000000000e+02
4.890000000000000000e+02
2.800000000000000000e+02
3.600000000000000000e+02
8.140000000000000000e+02
1.103000000000000000e+03
1.021000000000000000e+03
1.018000000000000000e+03
1.009000000000000000e+03
1.151000000000000000e+03
1.146000000000000000e+03
8.550000000000000000e+02
1.127000000000000000e+03
1.119000000000000000e+03
7.140000000000000000e+02
1.199000000000000000e+03
6.530000000000000000e+02
2.210000000000000000e+02
6.400000000000000000e+01
7.580000000000000000e+02
3.710000000000000000e+02
1.142000000000000000e+03
1.940000000000000000e+02
9.060000000000000000e+02
1.109000000000000000e+03
2.450000000000000000e+02
1.161000000000000000e+03
4.790000000000000000e+02
1.112000000000000000e+03
1.104000000000000000e+03
9.200000000000000000e+02
3.230000000000000000e+02
5.300000000000000000e+02
5.710000000000000000e+02
1.700000000000000000e+02
1.128000000000000000e+03
8.580000000000000000e+02
1.032000000000000000e+03
3.780000000000000000e+02
9.800000000000000000e+02
9.940000000000000000e+02
3.190000000000000000e+02
7.820000000000000000e+02
9.820000000000000000e+02
1.122000000000000000e+03
4.530000000000000000e+02
1.290000000000000000e+02
1.900000000000000000e+01
9.200000000000000000e+01
9.400000000000000000e+01
1.630000000000000000e+02
7.870000000000000000e+02
8.300000000000000000e+01
2.820000000000000000e+02
4.460000000000000000e+02
2.540000000000000000e+02
6.660000000000000000e+02
2.630000000000000000e+02
1.940000000000000000e+02
2.200000000000000000e+01
1.500000000000000000e+01
5.820000000000000000e+02
6.000000000000000000e+02
8.800000000000000000e+01
8.660000000000000000e+02
4.160000000000000000e+02
1.129000000000000000e+03
5.140000000000000000e+02
1.187000000000000000e+03
1.117000000000000000e+03
6.890000000000000000e+02
1.062000000000000000e+03
9.660000000000000000e+02
1.500000000000000000e+01
8.610000000000000000e+02
8.450000000000000000e+02
1.104000000000000000e+03
1.117000000000000000e+03
4.940000000000000000e+02
8.380000000000000000e+02
4.240000000000000000e+02
1.017000000000000000e+03
5.530000000000000000e+02
4.180000000000000000e+02
1.084000000000000000e+03
1.067000000000000000e+03
5.940000000000000000e+02
1.075000000000000000e+03
1.190000000000000000e+03
7.860000000000000000e+02
4.410000000000000000e+02
1.034000000000000000e+03
7.250000000000000000e+02
1.061000000000000000e+03
8.470000000000000000e+02
3.300000000000000000e+02
6.360000000000000000e+02
2.660000000000000000e+02
3.780000000000000000e+02
1.990000000000000000e+02
8.610000000000000000e+02
7.690000000000000000e+02
4.860000000000000000e+02
1.020000000000000000e+02
3.710000000000000000e+02
3.000000000000000000e+02
1.033000000000000000e+03
1.780000000000000000e+02
1.560000000000000000e+02
6.310000000000000000e+02
4.820000000000000000e+02
1.200000000000000000e+01
8.000000000000000000e+01
5.800000000000000000e+01
4.100000000000000000e+01
6.490000000000000000e+02
1.930000000000000000e+02
1.040000000000000000e+03
9.540000000000000000e+02
1.129000000000000000e+03
8.560000000000000000e+02
1.320000000000000000e+02
2.330000000000000000e+02
6.960000000000000000e+02
1.480000000000000000e+02
1.470000000000000000e+02
3.250000000000000000e+02
1.148000000000000000e+03
2.300000000000000000e+02
1.370000000000000000e+02
3.410000000000000000e+02
3.270000000000000000e+02
1.030000000000000000e+02
7.470000000000000000e+02
3.300000000000000000e+02
2.530000000000000000e+02
1.079000000000000000e+03
1.124000000000000000e+03
9.730000000000000000e+02
7.290000000000000000e+02
7.100000000000000000e+01
3.900000000000000000e+01
4.800000000000000000e+02
6.400000000000000000e+01
2.630000000000000000e+02
1.060000000000000000e+02
5.120000000000000000e+02
4.400000000000000000e+01
1.360000000000000000e+02
8.270000000000000000e+02
1.340000000000000000e+02
1.810000000000000000e+02
5.350000000000000000e+02
8.000000000000000000e+00
2.900000000000000000e+01
7.500000000000000000e+01
2.500000000000000000e+01
5.500000000000000000e+01
1.200000000000000000e+01
2.230000000000000000e+02
6.000000000000000000e+01
9.700000000000000000e+01
6.400000000000000000e+01
7.800000000000000000e+01
6.400000000000000000e+01
1.690000000000000000e+02
1.700000000000000000e+02
1.150000000000000000e+02
6.000000000000000000e+00
4.200000000000000000e+01
5.220000000000000000e+02
4.500000000000000000e+01
1.230000000000000000e+02
1.870000000000000000e+02
4.400000000000000000e+01
2.500000000000000000e+01
1.100000000000000000e+01
8.000000000000000000e+01
2.420000000000000000e+02
6.400000000000000000e+01
3.300000000000000000e+01
3.000000000000000000e+01
1.130000000000000000e+02
5.200000000000000000e+01
3.900000000000000000e+01
1.000000000000000000e+00
1.000000000000000000e+01
1.700000000000000000e+01
1.700000000000000000e+01
3.300000000000000000e+01
5.700000000000000000e+01
5.200000000000000000e+01
3.000000000000000000e+01
2.000000000000000000e+00
9.000000000000000000e+00
1.000000000000000000e+00
2.500000000000000000e+01
3.500000000000000000e+01
2.300000000000000000e+01
3.000000000000000000e+00
2.500000000000000000e+01
2.700000000000000000e+01
6.000000000000000000e+00
2.000000000000000000e+00
3.000000000000000000e+00
1.000000000000000000e+00
2.000000000000000000e+00
3.000000000000000000e+01
1.700000000000000000e+01
8.000000000000000000e+00
1.100000000000000000e+01
1.100000000000000000e+01
1.000000000000000000e+01
2.000000000000000000e+00
7.000000000000000000e+00
8.000000000000000000e+00
2.000000000000000000e+00
6.000000000000000000e+00
2.400000000000000000e+01
4.000000000000000000e+00
2.000000000000000000e+00
1.300000000000000000e+01
9.000000000000000000e+00
1.300000000000000000e+01
6.000000000000000000e+00
1.400000000000000000e+01
5.000000000000000000e+00
1.000000000000000000e+01
2.600000000000000000e+01
1.000000000000000000e+00
5.000000000000000000e+00
2.000000000000000000e+00
7.000000000000000000e+00
3.000000000000000000e+00
2.000000000000000000e+00
7.000000000000000000e+00
6.000000000000000000e+00
2.500000000000000000e+01
8.000000000000000000e+00
1.000000000000000000e+00
1.000000000000000000e+00
1.000000000000000000e+00
1.000000000000000000e+00
1.000000000000000000e+00
6.000000000000000000e+00
2.000000000000000000e+00
4.000000000000000000e+00
8.000000000000000000e+00
2.000000000000000000e+00
1.000000000000000000e+00
1.000000000000000000e+00
1.000000000000000000e+00
1.000000000000000000e+00
1.000000000000000000e+00
1.000000000000000000e+00
1.000000000000000000e+00
1.000000000000000000e+00
2.000000000000000000e+00
2.000000000000000000e+00
2.000000000000000000e+00
3.000000000000000000e+00
1.000000000000000000e+00
2.000000000000000000e+00
1.000000000000000000e+00
1.000000000000000000e+00
1.000000000000000000e+00
1.000000000000000000e+00
1.000000000000000000e+00
