1.747000000000000000e+03
1.702000000000000000e+03
1.683000000000000000e+03
9.600000000000000000e+01
6.780000000000000000e+02
5.100000000000000000e+01
1.602000000000000000e+03
1.488000000000000000e+03
1.350000000000000000e+02
1.265000000000000000e+03
6.010000000000000000e+02
1.404000000000000000e+03
1.020000000000000000e+03
1.665000000000000000e+03
1.528000000000000000e+03
4.110000000000000000e+02
1.616000000000000000e+03
6.900000000000000000e+02
6.090000000000000000e+02
1.684000000000000000e+03
2.620000000000000000e+02
1.840000000000000000e+03
1.518000000000000000e+03
1.496000000000000000e+03
1.687000000000000000e+03
8.440000000000000000e+02
1.676000000000000000e+03
1.289000000000000000e+03
1.720000000000000000e+02
1.128000000000000000e+03
1.271000000000000000e+03
1.406000000000000000e+03
1.646000000000000000e+03
5.170000000000000000e+02
1.642000000000000000e+03
6.640000000000000000e+02
1.047000000000000000e+03
1.571000000000000000e+03
1.740000000000000000e+03
1.245000000000000000e+03
9.330000000000000000e+02
1.466000000000000000e+03
1.734000000000000000e+03
1.540000000000000000e+02
1.698000000000000000e+03
1.443000000000000000e+03
1.450000000000000000e+02
4.090000000000000000e+02
7.970000000000000000e+02
1.681000000000000000e+03
9.520000000000000000e+02
1.100000000000000000e+03
1.764000000000000000e+03
1.763000000000000000e+03
9.100000000000000000e+02
9.230000000000000000e+02
1.181000000000000000e+03
1.473000000000000000e+03
1.090000000000000000e+02
1.331000000000000000e+03
1.000000000000000000e+03
3.560000000000000000e+02
3.400000000000000000e+01
1.044000000000000000e+03
1.080000000000000000e+03
8.410000000000000000e+02
7.230000000000000000e+02
8.800000000000000000e+01
4.400000000000000000e+02
1.218000000000000000e+03
4.730000000000000000e+02
1.321000000000000000e+03
1.501000000000000000e+03
3.250000000000000000e+02
7.880000000000000000e+02
5.600000000000000000e+02
1.046000000000000000e+03
1.020000000000000000e+02
1.745000000000000000e+03
1.750000000000000000e+02
4.500000000000000000e+02
3.020000000000000000e+02
3.240000000000000000e+02
1.560000000000000000e+02
3.000000000000000000e+00
5.400000000000000000e+02
7.270000000000000000e+02
3.040000000000000000e+02
5.690000000000000000e+02
3.890000000000000000e+02
1.119000000000000000e+03
6.070000000000000000e+02
1.747000000000000000e+03
1.572000000000000000e+03
2.830000000000000000e+02
1.070000000000000000e+02
1.560000000000000000e+02
1.411000000000000000e+03
2.400000000000000000e+02
2.790000000000000000e+02
6.900000000000000000e+01
2.740000000000000000e+02
7.500000000000000000e+01
7.750000000000000000e+02
2.140000000000000000e+02
7.000000000000000000e+00
8.100000000000000000e+01
4.960000000000000000e+02
8.600000000000000000e+01
3.100000000000000000e+01
3.400000000000000000e+01
3.860000000000000000e+02
4.000000000000000000e+01
1.240000000000000000e+02
3.620000000000000000e+02
2.080000000000000000e+02
9.500000000000000000e+01
2.050000000000000000e+02
5.200000000000000000e+01
1.000000000000000000e+01
5.320000000000000000e+02
1.960000000000000000e+02
2.170000000000000000e+02
1.800000000000000000e+01
9.200000000000000000e+01
1.060000000000000000e+02
4.400000000000000000e+01
2.100000000000000000e+01
3.200000000000000000e+01
4.400000000000000000e+01
5.200000000000000000e+01
5.200000000000000000e+01
2.600000000000000000e+01
2.000000000000000000e+01
1.600000000000000000e+01
8.500000000000000000e+01
1.600000000000000000e+01
1.200000000000000000e+01
1.300000000000000000e+01
4.000000000000000000e+00
8.000000000000000000e+00
3.900000000000000000e+01
4.100000000000000000e+01
2.000000000000000000e+00
6.000000000000000000e+00
1.000000000000000000e+00
1.200000000000000000e+01
1.000000000000000000e+01
6.100000000000000000e+01
1.000000000000000000e+00
2.000000000000000000e+00
1.000000000000000000e+00
2.900000000000000000e+01
1.000000000000000000e+00
1.200000000000000000e+01
9.000000000000000000e+00
2.000000000000000000e+00
2.100000000000000000e+01
8.000000000000000000e+00
4.000000000000000000e+00
1.000000000000000000e+00
1.000000000000000000e+01
2.000000000000000000e+00
4.000000000000000000e+00
1.000000000000000000e+00
8.000000000000000000e+00
1.000000000000000000e+00
5.000000000000000000e+00
1.100000000000000000e+01
3.000000000000000000e+00
3.000000000000000000e+00
1.000000000000000000e+00
1.000000000000000000e+00
1.000000000000000000e+00
1.000000000000000000e+00
3.000000000000000000e+00
1.000000000000000000e+00
1.000000000000000000e+00
1.000000000000000000e+00
2.000000000000000000e+00
