1.368000000000000000e+03
4.530000000000000000e+02
1.007000000000000000e+03
1.299000000000000000e+03
9.170000000000000000e+02
1.130000000000000000e+03
1.296000000000000000e+03
1.146000000000000000e+03
1.273000000000000000e+03
1.470000000000000000e+02
8.450000000000000000e+02
1.434000000000000000e+03
1.230000000000000000e+03
8.540000000000000000e+02
1.136000000000000000e+03
1.338000000000000000e+03
1.203000000000000000e+03
1.166000000000000000e+03
1.400000000000000000e+03
1.334000000000000000e+03
1.359000000000000000e+03
1.362000000000000000e+03
1.255000000000000000e+03
1.357000000000000000e+03
9.330000000000000000e+02
4.370000000000000000e+02
6.350000000000000000e+02
2.780000000000000000e+02
1.294000000000000000e+03
8.020000000000000000e+02
1.132000000000000000e+03
1.068000000000000000e+03
9.060000000000000000e+02
6.840000000000000000e+02
1.382000000000000000e+03
1.309000000000000000e+03
9.190000000000000000e+02
6.100000000000000000e+02
9.850000000000000000e+02
1.260000000000000000e+02
5.290000000000000000e+02
1.293000000000000000e+03
8.730000000000000000e+02
1.033000000000000000e+03
5.710000000000000000e+02
1.216000000000000000e+03
1.327000000000000000e+03
1.387000000000000000e+03
1.221000000000000000e+03
1.373000000000000000e+03
1.117000000000000000e+03
1.376000000000000000e+03
1.054000000000000000e+03
9.360000000000000000e+02
7.300000000000000000e+02
6.890000000000000000e+02
1.177000000000000000e+03
1.323000000000000000e+03
5.380000000000000000e+02
3.560000000000000000e+02
1.420000000000000000e+03
7.200000000000000000e+02
1.371000000000000000e+03
1.407000000000000000e+03
1.123000000000000000e+03
1.145000000000000000e+03
6.400000000000000000e+02
1.400000000000000000e+03
8.370000000000000000e+02
4.560000000000000000e+02
9.960000000000000000e+02
9.600000000000000000e+02
7.040000000000000000e+02
1.280000000000000000e+02
2.710000000000000000e+02
7.530000000000000000e+02
1.350000000000000000e+03
7.300000000000000000e+02
5.920000000000000000e+02
2.520000000000000000e+02
5.630000000000000000e+02
3.420000000000000000e+02
7.900000000000000000e+01
9.640000000000000000e+02
1.144000000000000000e+03
3.620000000000000000e+02
1.029000000000000000e+03
6.390000000000000000e+02
8.100000000000000000e+02
3.730000000000000000e+02
2.310000000000000000e+02
1.100000000000000000e+01
3.620000000000000000e+02
7.800000000000000000e+01
2.150000000000000000e+02
7.910000000000000000e+02
6.000000000000000000e+01
1.480000000000000000e+02
1.190000000000000000e+02
2.430000000000000000e+02
7.660000000000000000e+02
4.890000000000000000e+02
6.110000000000000000e+02
4.390000000000000000e+02
2.150000000000000000e+02
8.300000000000000000e+01
1.100000000000000000e+01
1.040000000000000000e+02
4.560000000000000000e+02
5.190000000000000000e+02
5.800000000000000000e+01
1.740000000000000000e+02
2.880000000000000000e+02
8.080000000000000000e+02
3.800000000000000000e+01
3.790000000000000000e+02
4.990000000000000000e+02
4.200000000000000000e+02
3.190000000000000000e+02
2.780000000000000000e+02
3.840000000000000000e+02
5.700000000000000000e+01
6.800000000000000000e+01
3.940000000000000000e+02
5.100000000000000000e+01
1.010000000000000000e+02
3.450000000000000000e+02
9.100000000000000000e+01
1.820000000000000000e+02
2.010000000000000000e+02
1.020000000000000000e+02
4.920000000000000000e+02
5.000000000000000000e+01
2.340000000000000000e+02
2.450000000000000000e+02
6.400000000000000000e+01
2.900000000000000000e+01
2.310000000000000000e+02
1.340000000000000000e+02
1.230000000000000000e+02
1.700000000000000000e+01
9.000000000000000000e+00
1.180000000000000000e+02
1.430000000000000000e+02
5.400000000000000000e+01
7.000000000000000000e+00
5.000000000000000000e+01
3.980000000000000000e+02
1.130000000000000000e+02
7.200000000000000000e+01
1.850000000000000000e+02
5.800000000000000000e+01
1.070000000000000000e+02
1.250000000000000000e+02
4.100000000000000000e+01
2.370000000000000000e+02
7.000000000000000000e+01
3.100000000000000000e+01
3.400000000000000000e+01
3.200000000000000000e+01
2.300000000000000000e+01
6.000000000000000000e+00
1.000000000000000000e+01
3.000000000000000000e+01
1.230000000000000000e+02
2.900000000000000000e+01
1.500000000000000000e+01
7.800000000000000000e+01
1.800000000000000000e+01
3.000000000000000000e+01
2.500000000000000000e+01
1.100000000000000000e+01
4.000000000000000000e+00
2.200000000000000000e+01
2.200000000000000000e+01
8.000000000000000000e+00
1.000000000000000000e+01
3.300000000000000000e+01
8.000000000000000000e+00
4.000000000000000000e+00
1.700000000000000000e+01
2.200000000000000000e+01
1.500000000000000000e+01
2.000000000000000000e+00
2.000000000000000000e+01
5.000000000000000000e+01
2.000000000000000000e+00
2.200000000000000000e+01
1.000000000000000000e+01
2.000000000000000000e+00
1.600000000000000000e+01
1.000000000000000000e+01
2.700000000000000000e+01
5.000000000000000000e+00
6.000000000000000000e+00
2.000000000000000000e+00
3.000000000000000000e+00
1.000000000000000000e+00
1.000000000000000000e+00
1.100000000000000000e+01
2.000000000000000000e+00
7.000000000000000000e+00
9.000000000000000000e+00
4.000000000000000000e+00
2.000000000000000000e+00
2.000000000000000000e+00
1.000000000000000000e+00
1.000000000000000000e+00
6.000000000000000000e+00
2.000000000000000000e+00
2.000000000000000000e+00
2.000000000000000000e+00
2.000000000000000000e+00
1.000000000000000000e+00
5.000000000000000000e+00
3.000000000000000000e+00
2.000000000000000000e+00
5.000000000000000000e+00
2.000000000000000000e+00
1.000000000000000000e+00
2.000000000000000000e+00
3.000000000000000000e+00
1.000000000000000000e+00
1.000000000000000000e+00
