2.090000000000000000e+02
3.520000000000000000e+02
1.487000000000000000e+03
5.750000000000000000e+02
1.524000000000000000e+03
1.491000000000000000e+03
1.661000000000000000e+03
5.780000000000000000e+02
1.540000000000000000e+03
1.699000000000000000e+03
1.531000000000000000e+03
1.519000000000000000e+03
1.677000000000000000e+03
5.540000000000000000e+02
6.320000000000000000e+02
1.857000000000000000e+03
1.070000000000000000e+03
1.036000000000000000e+03
1.805000000000000000e+03
1.710000000000000000e+03
1.004000000000000000e+03
3.000000000000000000e+02
1.307000000000000000e+03
1.076000000000000000e+03
1.795000000000000000e+03
1.850000000000000000e+03
3.870000000000000000e+02
1.709000000000000000e+03
1.558000000000000000e+03
1.375000000000000000e+03
2.980000000000000000e+02
1.552000000000000000e+03
1.699000000000000000e+03
6.670000000000000000e+02
1.736000000000000000e+03
2.330000000000000000e+02
9.560000000000000000e+02
1.831000000000000000e+03
6.050000000000000000e+02
8.180000000000000000e+02
1.796000000000000000e+03
1.797000000000000000e+03
1.045000000000000000e+03
1.185000000000000000e+03
2.420000000000000000e+02
1.663000000000000000e+03
3.960000000000000000e+02
1.764000000000000000e+03
1.191000000000000000e+03
4.500000000000000000e+01
1.716000000000000000e+03
9.710000000000000000e+02
1.850000000000000000e+02
1.749000000000000000e+03
2.930000000000000000e+02
1.367000000000000000e+03
1.799000000000000000e+03
5.210000000000000000e+02
1.617000000000000000e+03
1.327000000000000000e+03
8.540000000000000000e+02
7.130000000000000000e+02
1.759000000000000000e+03
1.522000000000000000e+03
1.843000000000000000e+03
1.310000000000000000e+02
4.610000000000000000e+02
7.950000000000000000e+02
1.088000000000000000e+03
1.118000000000000000e+03
3.710000000000000000e+02
2.540000000000000000e+02
1.792000000000000000e+03
1.027000000000000000e+03
2.200000000000000000e+01
1.304000000000000000e+03
8.490000000000000000e+02
1.700000000000000000e+02
9.180000000000000000e+02
1.330000000000000000e+02
2.280000000000000000e+02
2.140000000000000000e+02
1.226000000000000000e+03
4.900000000000000000e+01
7.500000000000000000e+01
8.900000000000000000e+01
7.710000000000000000e+02
4.740000000000000000e+02
1.281000000000000000e+03
1.300000000000000000e+01
1.000000000000000000e+00
2.630000000000000000e+02
2.900000000000000000e+02
6.720000000000000000e+02
6.930000000000000000e+02
1.620000000000000000e+02
8.600000000000000000e+01
5.040000000000000000e+02
7.470000000000000000e+02
1.690000000000000000e+02
3.060000000000000000e+02
7.200000000000000000e+01
4.000000000000000000e+00
3.100000000000000000e+01
1.320000000000000000e+02
5.900000000000000000e+01
7.100000000000000000e+01
4.100000000000000000e+01
8.670000000000000000e+02
4.870000000000000000e+02
8.000000000000000000e+00
4.390000000000000000e+02
1.420000000000000000e+02
8.700000000000000000e+01
1.260000000000000000e+02
1.320000000000000000e+02
1.760000000000000000e+02
4.090000000000000000e+02
3.410000000000000000e+02
3.800000000000000000e+01
1.400000000000000000e+01
2.300000000000000000e+01
1.300000000000000000e+01
1.110000000000000000e+02
1.080000000000000000e+02
5.800000000000000000e+01
5.400000000000000000e+01
9.000000000000000000e+00
4.600000000000000000e+01
3.000000000000000000e+01
1.200000000000000000e+01
8.000000000000000000e+00
8.000000000000000000e+00
1.000000000000000000e+00
2.300000000000000000e+01
9.000000000000000000e+00
7.900000000000000000e+01
2.000000000000000000e+01
1.400000000000000000e+01
5.200000000000000000e+01
3.500000000000000000e+01
7.000000000000000000e+00
1.700000000000000000e+01
3.000000000000000000e+00
1.700000000000000000e+01
3.000000000000000000e+00
8.000000000000000000e+00
2.500000000000000000e+01
3.700000000000000000e+01
2.000000000000000000e+00
4.000000000000000000e+01
2.000000000000000000e+00
2.000000000000000000e+00
2.000000000000000000e+00
6.000000000000000000e+00
1.000000000000000000e+00
2.000000000000000000e+00
5.000000000000000000e+00
4.000000000000000000e+00
8.000000000000000000e+00
1.400000000000000000e+01
2.000000000000000000e+00
3.000000000000000000e+00
1.000000000000000000e+00
1.000000000000000000e+00
2.000000000000000000e+00
6.000000000000000000e+00
5.000000000000000000e+00
4.000000000000000000e+00
3.000000000000000000e+00
2.000000000000000000e+00
1.000000000000000000e+00
1.000000000000000000e+00
1.000000000000000000e+00
3.000000000000000000e+00
1.000000000000000000e+00
1.000000000000000000e+00
