6.820000000000000000e+02
1.751000000000000000e+03
1.735000000000000000e+03
3.760000000000000000e+02
1.601000000000000000e+03
1.033000000000000000e+03
1.417000000000000000e+03
8.110000000000000000e+02
1.685000000000000000e+03
1.249000000000000000e+03
1.055000000000000000e+03
1.794000000000000000e+03
6.800000000000000000e+01
1.288000000000000000e+03
3.900000000000000000e+02
1.410000000000000000e+03
1.762000000000000000e+03
4.470000000000000000e+02
7.260000000000000000e+02
5.790000000000000000e+02
1.704000000000000000e+03
1.711000000000000000e+03
1.064000000000000000e+03
1.627000000000000000e+03
8.300000000000000000e+01
2.030000000000000000e+02
1.158000000000000000e+03
1.367000000000000000e+03
8.420000000000000000e+02
1.236000000000000000e+03
3.230000000000000000e+02
1.542000000000000000e+03
1.259000000000000000e+03
1.194000000000000000e+03
7.660000000000000000e+02
5.340000000000000000e+02
5.790000000000000000e+02
1.781000000000000000e+03
6.540000000000000000e+02
1.848000000000000000e+03
9.980000000000000000e+02
6.090000000000000000e+02
6.550000000000000000e+02
8.900000000000000000e+01
1.297000000000000000e+03
1.870000000000000000e+02
1.500000000000000000e+03
1.772000000000000000e+03
4.410000000000000000e+02
1.270000000000000000e+03
1.656000000000000000e+03
1.745000000000000000e+03
1.702000000000000000e+03
1.600000000000000000e+03
1.492000000000000000e+03
1.377000000000000000e+03
6.700000000000000000e+01
2.640000000000000000e+02
4.420000000000000000e+02
8.800000000000000000e+01
1.524000000000000000e+03
1.130000000000000000e+03
7.730000000000000000e+02
9.750000000000000000e+02
8.510000000000000000e+02
5.180000000000000000e+02
4.920000000000000000e+02
1.571000000000000000e+03
1.729000000000000000e+03
1.202000000000000000e+03
1.085000000000000000e+03
1.622000000000000000e+03
9.600000000000000000e+02
1.130000000000000000e+03
1.667000000000000000e+03
1.584000000000000000e+03
6.710000000000000000e+02
7.750000000000000000e+02
2.660000000000000000e+02
2.000000000000000000e+00
1.530000000000000000e+02
6.870000000000000000e+02
5.140000000000000000e+02
2.380000000000000000e+02
1.180000000000000000e+02
3.200000000000000000e+01
1.850000000000000000e+02
1.419000000000000000e+03
1.106000000000000000e+03
3.840000000000000000e+02
2.520000000000000000e+02
2.220000000000000000e+02
4.700000000000000000e+01
1.200000000000000000e+02
5.590000000000000000e+02
2.890000000000000000e+02
1.561000000000000000e+03
1.472000000000000000e+03
1.515000000000000000e+03
9.200000000000000000e+01
9.680000000000000000e+02
7.100000000000000000e+01
2.520000000000000000e+02
8.100000000000000000e+01
3.900000000000000000e+01
5.540000000000000000e+02
1.080000000000000000e+02
1.980000000000000000e+02
5.000000000000000000e+01
2.290000000000000000e+02
2.300000000000000000e+01
1.670000000000000000e+02
4.220000000000000000e+02
3.390000000000000000e+02
1.500000000000000000e+01
1.000000000000000000e+01
2.170000000000000000e+02
2.000000000000000000e+01
5.800000000000000000e+01
9.300000000000000000e+01
4.000000000000000000e+01
3.650000000000000000e+02
9.000000000000000000e+00
6.100000000000000000e+01
2.000000000000000000e+01
7.000000000000000000e+00
2.620000000000000000e+02
3.500000000000000000e+01
3.000000000000000000e+00
8.100000000000000000e+01
1.730000000000000000e+02
2.000000000000000000e+01
2.200000000000000000e+01
2.500000000000000000e+01
2.800000000000000000e+01
6.000000000000000000e+00
1.500000000000000000e+01
2.000000000000000000e+00
1.220000000000000000e+02
9.500000000000000000e+01
1.100000000000000000e+01
7.000000000000000000e+00
1.000000000000000000e+01
2.000000000000000000e+00
5.600000000000000000e+01
2.600000000000000000e+01
3.600000000000000000e+01
1.230000000000000000e+02
4.200000000000000000e+01
1.000000000000000000e+00
2.900000000000000000e+01
1.450000000000000000e+02
7.000000000000000000e+00
4.000000000000000000e+00
1.900000000000000000e+01
3.000000000000000000e+00
2.000000000000000000e+00
5.000000000000000000e+00
3.000000000000000000e+00
6.000000000000000000e+00
1.000000000000000000e+00
4.000000000000000000e+00
1.600000000000000000e+01
9.000000000000000000e+00
2.000000000000000000e+00
1.300000000000000000e+01
5.000000000000000000e+00
6.000000000000000000e+00
1.000000000000000000e+00
1.000000000000000000e+00
3.000000000000000000e+00
6.000000000000000000e+00
3.000000000000000000e+00
3.000000000000000000e+00
1.000000000000000000e+00
2.000000000000000000e+00
1.000000000000000000e+00
2.000000000000000000e+00
1.000000000000000000e+00
1.000000000000000000e+00
