3.760000000000000000e+02
1.633000000000000000e+03
1.426000000000000000e+03
5.420000000000000000e+02
1.541000000000000000e+03
7.950000000000000000e+02
1.184000000000000000e+03
1.617000000000000000e+03
4.150000000000000000e+02
1.670000000000000000e+02
1.316000000000000000e+03
1.681000000000000000e+03
1.545000000000000000e+03
1.677000000000000000e+03
1.563000000000000000e+03
1.317000000000000000e+03
1.573000000000000000e+03
1.163000000000000000e+03
1.414000000000000000e+03
1.358000000000000000e+03
1.484000000000000000e+03
1.594000000000000000e+03
1.423000000000000000e+03
5.770000000000000000e+02
7.360000000000000000e+02
5.930000000000000000e+02
1.559000000000000000e+03
8.220000000000000000e+02
1.430000000000000000e+02
1.780000000000000000e+02
9.530000000000000000e+02
5.300000000000000000e+01
5.360000000000000000e+02
4.100000000000000000e+01
1.592000000000000000e+03
2.890000000000000000e+02
9.940000000000000000e+02
1.430000000000000000e+03
1.613000000000000000e+03
6.900000000000000000e+01
1.640000000000000000e+03
9.730000000000000000e+02
3.110000000000000000e+02
7.990000000000000000e+02
8.260000000000000000e+02
1.880000000000000000e+02
4.740000000000000000e+02
1.910000000000000000e+02
1.597000000000000000e+03
1.113000000000000000e+03
6.500000000000000000e+02
1.521000000000000000e+03
6.990000000000000000e+02
5.180000000000000000e+02
6.810000000000000000e+02
1.038000000000000000e+03
1.330000000000000000e+03
1.538000000000000000e+03
1.680000000000000000e+03
1.061000000000000000e+03
4.110000000000000000e+02
9.380000000000000000e+02
1.115000000000000000e+03
1.455000000000000000e+03
4.370000000000000000e+02
1.027000000000000000e+03
3.370000000000000000e+02
1.289000000000000000e+03
1.204000000000000000e+03
9.000000000000000000e+02
1.577000000000000000e+03
1.633000000000000000e+03
1.661000000000000000e+03
3.800000000000000000e+01
1.653000000000000000e+03
1.556000000000000000e+03
4.430000000000000000e+02
1.075000000000000000e+03
1.611000000000000000e+03
1.160000000000000000e+03
2.960000000000000000e+02
4.580000000000000000e+02
2.270000000000000000e+02
7.020000000000000000e+02
2.600000000000000000e+02
1.416000000000000000e+03
5.400000000000000000e+01
3.720000000000000000e+02
1.164000000000000000e+03
8.700000000000000000e+01
8.850000000000000000e+02
1.232000000000000000e+03
7.500000000000000000e+01
5.400000000000000000e+01
1.070000000000000000e+02
2.550000000000000000e+02
7.500000000000000000e+01
8.690000000000000000e+02
2.500000000000000000e+02
8.880000000000000000e+02
1.402000000000000000e+03
1.330000000000000000e+02
6.300000000000000000e+01
5.660000000000000000e+02
3.020000000000000000e+02
4.010000000000000000e+02
2.720000000000000000e+02
1.280000000000000000e+02
1.200000000000000000e+01
6.230000000000000000e+02
5.830000000000000000e+02
7.180000000000000000e+02
5.560000000000000000e+02
3.220000000000000000e+02
3.300000000000000000e+02
2.370000000000000000e+02
1.200000000000000000e+02
2.800000000000000000e+01
1.440000000000000000e+02
1.000000000000000000e+01
7.200000000000000000e+01
1.600000000000000000e+01
2.300000000000000000e+01
1.600000000000000000e+02
8.100000000000000000e+01
5.900000000000000000e+01
1.260000000000000000e+02
1.240000000000000000e+02
1.620000000000000000e+02
1.800000000000000000e+01
1.120000000000000000e+02
1.040000000000000000e+02
6.400000000000000000e+01
7.200000000000000000e+01
2.600000000000000000e+01
1.700000000000000000e+01
7.000000000000000000e+00
1.920000000000000000e+02
2.800000000000000000e+01
7.000000000000000000e+00
2.800000000000000000e+01
3.100000000000000000e+01
1.700000000000000000e+01
8.000000000000000000e+00
4.300000000000000000e+01
1.900000000000000000e+01
6.400000000000000000e+01
6.000000000000000000e+00
4.100000000000000000e+01
2.100000000000000000e+01
1.100000000000000000e+01
1.000000000000000000e+01
2.500000000000000000e+01
4.000000000000000000e+00
5.000000000000000000e+00
3.000000000000000000e+00
1.000000000000000000e+00
3.300000000000000000e+01
4.000000000000000000e+00
3.000000000000000000e+00
1.700000000000000000e+01
5.000000000000000000e+00
6.000000000000000000e+00
2.800000000000000000e+01
1.000000000000000000e+00
1.500000000000000000e+01
1.400000000000000000e+01
4.000000000000000000e+00
3.000000000000000000e+00
1.000000000000000000e+00
2.000000000000000000e+00
3.000000000000000000e+00
2.000000000000000000e+00
7.000000000000000000e+00
6.000000000000000000e+00
3.000000000000000000e+00
4.000000000000000000e+00
6.000000000000000000e+00
2.000000000000000000e+00
2.000000000000000000e+00
1.000000000000000000e+00
1.000000000000000000e+00
1.000000000000000000e+00
1.000000000000000000e+00
2.000000000000000000e+00
3.000000000000000000e+00
1.000000000000000000e+00
1.000000000000000000e+00
2.000000000000000000e+00
2.000000000000000000e+00
1.000000000000000000e+00
