1.601000000000000000e+03
1.602000000000000000e+03
8.240000000000000000e+02
1.715000000000000000e+03
1.363000000000000000e+03
1.685000000000000000e+03
2.240000000000000000e+02
1.491000000000000000e+03
5.490000000000000000e+02
1.656000000000000000e+03
1.424000000000000000e+03
1.467000000000000000e+03
1.012000000000000000e+03
1.599000000000000000e+03
1.044000000000000000e+03
1.257000000000000000e+03
1.666000000000000000e+03
1.493000000000000000e+03
8.460000000000000000e+02
1.303000000000000000e+03
1.144000000000000000e+03
6.050000000000000000e+02
1.286000000000000000e+03
1.668000000000000000e+03
1.555000000000000000e+03
1.664000000000000000e+03
5.400000000000000000e+01
1.456000000000000000e+03
7.940000000000000000e+02
3.970000000000000000e+02
1.635000000000000000e+03
1.403000000000000000e+03
1.302000000000000000e+03
1.717000000000000000e+03
1.209000000000000000e+03
4.610000000000000000e+02
1.250000000000000000e+03
1.735000000000000000e+03
9.270000000000000000e+02
6.780000000000000000e+02
1.766000000000000000e+03
3.500000000000000000e+02
1.179000000000000000e+03
6.200000000000000000e+02
1.166000000000000000e+03
1.630000000000000000e+03
1.273000000000000000e+03
8.310000000000000000e+02
9.060000000000000000e+02
1.265000000000000000e+03
1.002000000000000000e+03
7.600000000000000000e+02
1.718000000000000000e+03
2.190000000000000000e+02
5.300000000000000000e+02
7.580000000000000000e+02
1.706000000000000000e+03
1.454000000000000000e+03
1.070000000000000000e+03
1.038000000000000000e+03
1.365000000000000000e+03
1.023000000000000000e+03
6.540000000000000000e+02
1.090000000000000000e+02
3.100000000000000000e+01
8.280000000000000000e+02
5.460000000000000000e+02
8.620000000000000000e+02
1.230000000000000000e+02
3.850000000000000000e+02
6.340000000000000000e+02
2.290000000000000000e+02
7.010000000000000000e+02
3.490000000000000000e+02
8.000000000000000000e+01
1.510000000000000000e+02
1.572000000000000000e+03
4.320000000000000000e+02
7.270000000000000000e+02
1.736000000000000000e+03
2.230000000000000000e+02
4.230000000000000000e+02
9.590000000000000000e+02
1.735000000000000000e+03
1.688000000000000000e+03
1.090000000000000000e+02
1.018000000000000000e+03
1.613000000000000000e+03
4.080000000000000000e+02
2.000000000000000000e+00
3.090000000000000000e+02
4.000000000000000000e+01
2.700000000000000000e+01
2.590000000000000000e+02
6.350000000000000000e+02
1.080000000000000000e+02
1.193000000000000000e+03
3.050000000000000000e+02
3.520000000000000000e+02
3.160000000000000000e+02
2.000000000000000000e+00
2.490000000000000000e+02
1.570000000000000000e+02
2.620000000000000000e+02
3.290000000000000000e+02
1.820000000000000000e+02
2.680000000000000000e+02
2.000000000000000000e+01
1.560000000000000000e+02
1.250000000000000000e+02
1.480000000000000000e+02
3.230000000000000000e+02
8.400000000000000000e+01
4.640000000000000000e+02
7.600000000000000000e+01
6.600000000000000000e+01
5.860000000000000000e+02
3.000000000000000000e+00
1.320000000000000000e+02
6.600000000000000000e+01
8.900000000000000000e+01
4.300000000000000000e+01
2.500000000000000000e+01
1.400000000000000000e+01
7.500000000000000000e+01
4.630000000000000000e+02
1.300000000000000000e+01
1.100000000000000000e+01
4.600000000000000000e+01
6.900000000000000000e+01
1.930000000000000000e+02
2.500000000000000000e+01
9.000000000000000000e+00
9.500000000000000000e+01
1.720000000000000000e+02
3.800000000000000000e+01
3.100000000000000000e+01
3.900000000000000000e+01
5.500000000000000000e+01
5.000000000000000000e+00
8.100000000000000000e+01
9.000000000000000000e+00
9.000000000000000000e+00
5.500000000000000000e+01
3.000000000000000000e+00
2.500000000000000000e+01
1.900000000000000000e+01
5.400000000000000000e+01
4.000000000000000000e+01
2.200000000000000000e+01
2.900000000000000000e+01
3.000000000000000000e+00
6.000000000000000000e+00
2.800000000000000000e+01
2.000000000000000000e+00
1.300000000000000000e+01
4.000000000000000000e+00
4.000000000000000000e+00
5.000000000000000000e+00
2.000000000000000000e+00
4.000000000000000000e+00
6.000000000000000000e+00
9.000000000000000000e+00
1.200000000000000000e+01
3.000000000000000000e+00
2.000000000000000000e+00
1.000000000000000000e+00
1.100000000000000000e+01
2.000000000000000000e+00
1.000000000000000000e+00
7.000000000000000000e+00
1.000000000000000000e+00
4.000000000000000000e+00
1.000000000000000000e+00
8.000000000000000000e+00
1.300000000000000000e+01
8.000000000000000000e+00
5.000000000000000000e+00
1.000000000000000000e+00
1.000000000000000000e+00
2.000000000000000000e+00
2.000000000000000000e+00
2.000000000000000000e+00
1.000000000000000000e+00
2.000000000000000000e+00
1.000000000000000000e+00
3.000000000000000000e+00
1.000000000000000000e+00
2.000000000000000000e+00
1.000000000000000000e+00
1.000000000000000000e+00
