1.369000000000000000e+03
1.759000000000000000e+03
1.629000000000000000e+03
1.653000000000000000e+03
1.143000000000000000e+03
3.560000000000000000e+02
8.360000000000000000e+02
1.690000000000000000e+03
6.300000000000000000e+01
1.620000000000000000e+03
1.807000000000000000e+03
1.815000000000000000e+03
7.870000000000000000e+02
1.662000000000000000e+03
9.010000000000000000e+02
1.711000000000000000e+03
6.960000000000000000e+02
7.570000000000000000e+02
1.542000000000000000e+03
1.062000000000000000e+03
1.772000000000000000e+03
1.039000000000000000e+03
6.940000000000000000e+02
3.620000000000000000e+02
4.590000000000000000e+02
1.741000000000000000e+03
1.524000000000000000e+03
1.364000000000000000e+03
7.180000000000000000e+02
1.459000000000000000e+03
5.660000000000000000e+02
4.750000000000000000e+02
1.178000000000000000e+03
1.612000000000000000e+03
9.970000000000000000e+02
1.730000000000000000e+03
1.543000000000000000e+03
8.540000000000000000e+02
5.960000000000000000e+02
2.940000000000000000e+02
1.828000000000000000e+03
1.423000000000000000e+03
5.500000000000000000e+01
8.900000000000000000e+01
1.695000000000000000e+03
1.302000000000000000e+03
1.599000000000000000e+03
1.778000000000000000e+03
1.477000000000000000e+03
1.859000000000000000e+03
1.722000000000000000e+03
1.196000000000000000e+03
1.384000000000000000e+03
2.500000000000000000e+02
1.838000000000000000e+03
1.372000000000000000e+03
1.128000000000000000e+03
1.112000000000000000e+03
1.680000000000000000e+02
1.769000000000000000e+03
1.458000000000000000e+03
1.265000000000000000e+03
1.695000000000000000e+03
9.100000000000000000e+01
1.491000000000000000e+03
1.290000000000000000e+03
1.235000000000000000e+03
7.010000000000000000e+02
4.980000000000000000e+02
9.700000000000000000e+02
2.990000000000000000e+02
2.840000000000000000e+02
2.350000000000000000e+02
3.590000000000000000e+02
8.960000000000000000e+02
3.990000000000000000e+02
4.080000000000000000e+02
9.370000000000000000e+02
5.260000000000000000e+02
4.180000000000000000e+02
7.200000000000000000e+01
6.630000000000000000e+02
2.390000000000000000e+02
5.250000000000000000e+02
4.290000000000000000e+02
9.250000000000000000e+02
1.010000000000000000e+02
4.550000000000000000e+02
1.263000000000000000e+03
5.600000000000000000e+02
1.246000000000000000e+03
3.800000000000000000e+01
4.900000000000000000e+01
1.290000000000000000e+02
7.620000000000000000e+02
2.020000000000000000e+02
1.810000000000000000e+02
1.900000000000000000e+02
5.900000000000000000e+02
2.850000000000000000e+02
1.480000000000000000e+02
1.340000000000000000e+02
7.000000000000000000e+00
6.130000000000000000e+02
1.630000000000000000e+02
3.240000000000000000e+02
1.540000000000000000e+02
9.290000000000000000e+02
1.110000000000000000e+02
1.630000000000000000e+02
7.000000000000000000e+00
2.040000000000000000e+02
1.800000000000000000e+01
1.000000000000000000e+00
2.320000000000000000e+02
4.100000000000000000e+01
8.000000000000000000e+00
5.400000000000000000e+01
1.500000000000000000e+02
2.500000000000000000e+01
1.330000000000000000e+02
2.000000000000000000e+01
9.700000000000000000e+01
8.000000000000000000e+00
1.000000000000000000e+01
3.000000000000000000e+01
4.400000000000000000e+01
8.000000000000000000e+01
8.400000000000000000e+01
2.100000000000000000e+01
4.200000000000000000e+01
2.900000000000000000e+01
4.000000000000000000e+00
4.800000000000000000e+01
1.200000000000000000e+02
4.400000000000000000e+01
5.500000000000000000e+01
8.400000000000000000e+01
1.300000000000000000e+01
2.400000000000000000e+01
9.000000000000000000e+00
2.100000000000000000e+01
5.000000000000000000e+00
5.000000000000000000e+00
7.000000000000000000e+00
2.000000000000000000e+01
1.900000000000000000e+01
3.100000000000000000e+01
3.000000000000000000e+00
1.100000000000000000e+01
1.000000000000000000e+00
1.500000000000000000e+01
6.000000000000000000e+00
1.400000000000000000e+01
2.000000000000000000e+01
7.000000000000000000e+00
7.000000000000000000e+00
4.000000000000000000e+00
2.800000000000000000e+01
4.000000000000000000e+00
1.000000000000000000e+00
4.000000000000000000e+00
8.000000000000000000e+00
2.000000000000000000e+00
1.200000000000000000e+01
2.000000000000000000e+00
2.000000000000000000e+00
2.000000000000000000e+00
3.000000000000000000e+00
6.000000000000000000e+00
2.000000000000000000e+00
1.000000000000000000e+00
1.000000000000000000e+00
1.000000000000000000e+00
1.000000000000000000e+00
1.000000000000000000e+00
