1.110000000000000000e+03
1.729000000000000000e+03
1.815000000000000000e+03
4.960000000000000000e+02
1.784000000000000000e+03
5.230000000000000000e+02
1.646000000000000000e+03
3.240000000000000000e+02
1.610000000000000000e+03
1.644000000000000000e+03
1.787000000000000000e+03
9.980000000000000000e+02
9.310000000000000000e+02
1.440000000000000000e+02
6.390000000000000000e+02
3.380000000000000000e+02
2.660000000000000000e+02
1.023000000000000000e+03
1.016000000000000000e+03
8.100000000000000000e+01
9.870000000000000000e+02
1.117000000000000000e+03
1.552000000000000000e+03
3.460000000000000000e+02
1.382000000000000000e+03
8.730000000000000000e+02
1.356000000000000000e+03
1.643000000000000000e+03
1.787000000000000000e+03
1.758000000000000000e+03
1.464000000000000000e+03
7.530000000000000000e+02
7.870000000000000000e+02
6.310000000000000000e+02
6.700000000000000000e+02
1.724000000000000000e+03
1.679000000000000000e+03
6.000000000000000000e+01
5.510000000000000000e+02
1.920000000000000000e+02
4.190000000000000000e+02
1.725000000000000000e+03
4.820000000000000000e+02
1.766000000000000000e+03
1.213000000000000000e+03
1.556000000000000000e+03
1.763000000000000000e+03
9.040000000000000000e+02
1.509000000000000000e+03
1.781000000000000000e+03
1.441000000000000000e+03
1.258000000000000000e+03
3.060000000000000000e+02
6.850000000000000000e+02
8.180000000000000000e+02
1.863000000000000000e+03
1.639000000000000000e+03
1.246000000000000000e+03
1.757000000000000000e+03
1.222000000000000000e+03
1.622000000000000000e+03
1.737000000000000000e+03
9.200000000000000000e+02
1.164000000000000000e+03
8.470000000000000000e+02
1.472000000000000000e+03
5.960000000000000000e+02
4.080000000000000000e+02
1.334000000000000000e+03
1.480000000000000000e+02
5.730000000000000000e+02
1.788000000000000000e+03
1.327000000000000000e+03
7.600000000000000000e+01
7.540000000000000000e+02
5.800000000000000000e+01
1.324000000000000000e+03
7.240000000000000000e+02
1.702000000000000000e+03
9.130000000000000000e+02
4.160000000000000000e+02
4.490000000000000000e+02
2.770000000000000000e+02
1.316000000000000000e+03
6.090000000000000000e+02
1.980000000000000000e+02
2.870000000000000000e+02
1.529000000000000000e+03
1.105000000000000000e+03
6.940000000000000000e+02
2.560000000000000000e+02
2.340000000000000000e+02
1.100000000000000000e+01
1.708000000000000000e+03
1.060000000000000000e+02
4.900000000000000000e+02
9.700000000000000000e+01
1.040000000000000000e+02
2.180000000000000000e+02
5.000000000000000000e+01
6.200000000000000000e+01
9.700000000000000000e+01
1.240000000000000000e+02
1.530000000000000000e+02
1.000000000000000000e+01
1.540000000000000000e+02
4.700000000000000000e+02
8.100000000000000000e+01
2.680000000000000000e+02
1.660000000000000000e+02
1.810000000000000000e+02
2.500000000000000000e+01
6.700000000000000000e+01
2.200000000000000000e+01
2.400000000000000000e+01
1.250000000000000000e+02
2.100000000000000000e+02
8.000000000000000000e+01
2.170000000000000000e+02
1.200000000000000000e+01
2.700000000000000000e+01
8.800000000000000000e+01
1.000000000000000000e+01
2.200000000000000000e+01
3.700000000000000000e+01
1.300000000000000000e+01
3.380000000000000000e+02
9.500000000000000000e+01
1.600000000000000000e+01
2.900000000000000000e+01
1.400000000000000000e+01
3.600000000000000000e+01
1.600000000000000000e+01
7.800000000000000000e+01
3.900000000000000000e+01
3.000000000000000000e+00
3.800000000000000000e+01
1.200000000000000000e+01
5.000000000000000000e+00
2.700000000000000000e+01
1.000000000000000000e+00
4.500000000000000000e+01
9.000000000000000000e+00
3.800000000000000000e+01
6.000000000000000000e+00
4.600000000000000000e+01
2.000000000000000000e+00
1.400000000000000000e+01
6.000000000000000000e+00
4.400000000000000000e+01
3.000000000000000000e+00
5.000000000000000000e+00
1.200000000000000000e+01
1.500000000000000000e+01
3.000000000000000000e+00
2.000000000000000000e+00
2.000000000000000000e+00
7.000000000000000000e+00
2.000000000000000000e+00
6.000000000000000000e+00
1.000000000000000000e+00
3.000000000000000000e+00
2.000000000000000000e+00
2.000000000000000000e+00
2.000000000000000000e+00
4.000000000000000000e+00
6.000000000000000000e+00
1.000000000000000000e+00
3.000000000000000000e+00
3.000000000000000000e+00
1.000000000000000000e+00
1.000000000000000000e+00
1.000000000000000000e+00
1.000000000000000000e+00
