1.432000000000000000e+03
1.482000000000000000e+03
7.480000000000000000e+02
1.032000000000000000e+03
1.065000000000000000e+03
1.098000000000000000e+03
7.290000000000000000e+02
1.385000000000000000e+03
1.092000000000000000e+03
3.300000000000000000e+02
6.530000000000000000e+02
5.600000000000000000e+01
3.320000000000000000e+02
7.500000000000000000e+01
1.260000000000000000e+03
1.166000000000000000e+03
1.485000000000000000e+03
6.400000000000000000e+01
4.080000000000000000e+02
1.380000000000000000e+03
1.030000000000000000e+03
1.232000000000000000e+03
3.630000000000000000e+02
8.440000000000000000e+02
1.407000000000000000e+03
7.720000000000000000e+02
1.268000000000000000e+03
3.060000000000000000e+02
1.262000000000000000e+03
4.560000000000000000e+02
1.295000000000000000e+03
1.424000000000000000e+03
1.385000000000000000e+03
9.790000000000000000e+02
9.570000000000000000e+02
9.810000000000000000e+02
1.384000000000000000e+03
6.760000000000000000e+02
1.950000000000000000e+02
1.433000000000000000e+03
2.880000000000000000e+02
1.173000000000000000e+03
1.502000000000000000e+03
6.720000000000000000e+02
3.740000000000000000e+02
4.910000000000000000e+02
1.340000000000000000e+03
1.154000000000000000e+03
7.830000000000000000e+02
1.940000000000000000e+02
1.465000000000000000e+03
1.368000000000000000e+03
8.630000000000000000e+02
1.415000000000000000e+03
1.790000000000000000e+02
8.060000000000000000e+02
1.371000000000000000e+03
1.339000000000000000e+03
1.189000000000000000e+03
1.352000000000000000e+03
1.474000000000000000e+03
1.451000000000000000e+03
6.200000000000000000e+01
3.000000000000000000e+01
1.520000000000000000e+02
5.220000000000000000e+02
1.150000000000000000e+02
5.990000000000000000e+02
1.277000000000000000e+03
1.527000000000000000e+03
6.480000000000000000e+02
1.620000000000000000e+02
9.470000000000000000e+02
1.279000000000000000e+03
1.217000000000000000e+03
1.146000000000000000e+03
8.690000000000000000e+02
4.530000000000000000e+02
9.920000000000000000e+02
7.270000000000000000e+02
5.330000000000000000e+02
8.400000000000000000e+01
2.550000000000000000e+02
1.311000000000000000e+03
8.880000000000000000e+02
8.660000000000000000e+02
7.650000000000000000e+02
1.326000000000000000e+03
1.430000000000000000e+02
5.500000000000000000e+02
1.428000000000000000e+03
1.057000000000000000e+03
1.356000000000000000e+03
5.440000000000000000e+02
1.137000000000000000e+03
4.220000000000000000e+02
2.600000000000000000e+01
7.450000000000000000e+02
1.300000000000000000e+01
4.530000000000000000e+02
1.800000000000000000e+01
1.514000000000000000e+03
2.770000000000000000e+02
5.500000000000000000e+01
1.180000000000000000e+03
6.270000000000000000e+02
9.900000000000000000e+01
3.360000000000000000e+02
5.820000000000000000e+02
5.990000000000000000e+02
1.850000000000000000e+02
2.850000000000000000e+02
2.310000000000000000e+02
2.550000000000000000e+02
2.330000000000000000e+02
4.750000000000000000e+02
3.380000000000000000e+02
4.440000000000000000e+02
3.970000000000000000e+02
2.030000000000000000e+02
5.950000000000000000e+02
9.750000000000000000e+02
2.330000000000000000e+02
3.050000000000000000e+02
2.700000000000000000e+01
7.500000000000000000e+01
4.000000000000000000e+01
3.700000000000000000e+01
1.000000000000000000e+01
1.530000000000000000e+02
1.600000000000000000e+01
1.180000000000000000e+02
3.100000000000000000e+01
1.400000000000000000e+02
6.800000000000000000e+01
1.520000000000000000e+02
5.500000000000000000e+01
1.310000000000000000e+02
3.500000000000000000e+01
7.400000000000000000e+01
1.180000000000000000e+02
3.910000000000000000e+02
2.270000000000000000e+02
1.710000000000000000e+02
3.300000000000000000e+01
1.510000000000000000e+02
1.620000000000000000e+02
2.980000000000000000e+02
1.700000000000000000e+01
2.000000000000000000e+00
4.300000000000000000e+01
1.300000000000000000e+01
1.000000000000000000e+01
1.260000000000000000e+02
2.600000000000000000e+01
4.100000000000000000e+01
3.000000000000000000e+01
9.000000000000000000e+01
8.200000000000000000e+01
6.000000000000000000e+01
8.600000000000000000e+01
7.400000000000000000e+01
7.000000000000000000e+00
2.000000000000000000e+00
1.100000000000000000e+01
2.000000000000000000e+01
1.200000000000000000e+01
2.300000000000000000e+01
2.100000000000000000e+01
2.100000000000000000e+01
7.000000000000000000e+00
2.000000000000000000e+00
2.000000000000000000e+00
2.000000000000000000e+00
6.000000000000000000e+00
1.700000000000000000e+01
1.000000000000000000e+00
1.000000000000000000e+00
6.000000000000000000e+00
1.000000000000000000e+00
8.000000000000000000e+00
3.000000000000000000e+00
6.000000000000000000e+00
1.300000000000000000e+01
2.200000000000000000e+01
1.000000000000000000e+00
2.800000000000000000e+01
5.000000000000000000e+00
1.100000000000000000e+01
1.000000000000000000e+01
2.000000000000000000e+00
1.000000000000000000e+00
2.000000000000000000e+00
2.000000000000000000e+00
6.000000000000000000e+00
1.000000000000000000e+01
7.000000000000000000e+00
1.000000000000000000e+00
1.000000000000000000e+00
2.000000000000000000e+00
1.800000000000000000e+01
8.000000000000000000e+00
1.000000000000000000e+00
4.000000000000000000e+00
4.000000000000000000e+00
1.000000000000000000e+00
1.000000000000000000e+00
4.000000000000000000e+00
2.000000000000000000e+00
1.000000000000000000e+00
1.000000000000000000e+00
1.000000000000000000e+00
2.000000000000000000e+00
1.000000000000000000e+00
2.000000000000000000e+00
1.000000000000000000e+00
1.000000000000000000e+00
