3.029000000000000000e+03
4.838000000000000000e+03
6.319000000000000000e+03
6.158000000000000000e+03
4.154000000000000000e+03
1.812000000000000000e+03
1.271000000000000000e+03
4.840000000000000000e+02
1.572000000000000000e+03
3.555000000000000000e+03
3.412000000000000000e+03
2.605000000000000000e+03
9.970000000000000000e+02
2.450000000000000000e+03
4.435000000000000000e+03
4.073000000000000000e+03
8.080000000000000000e+02
2.225000000000000000e+03
5.137000000000000000e+03
5.051000000000000000e+03
1.585000000000000000e+03
3.843000000000000000e+03
5.847000000000000000e+03
1.180000000000000000e+02
1.543000000000000000e+03
4.994000000000000000e+03
2.600000000000000000e+02
5.559000000000000000e+03
3.200000000000000000e+02
2.687000000000000000e+03
5.077000000000000000e+03
3.020000000000000000e+02
7.920000000000000000e+02
7.930000000000000000e+02
1.120000000000000000e+02
5.920000000000000000e+02
1.480000000000000000e+02
3.860000000000000000e+02
8.700000000000000000e+01
2.230000000000000000e+02
5.200000000000000000e+01
4.900000000000000000e+01
1.050000000000000000e+02
2.500000000000000000e+01
6.000000000000000000e+00
1.000000000000000000e+01
2.800000000000000000e+01
2.200000000000000000e+01
1.600000000000000000e+01
1.900000000000000000e+01
2.000000000000000000e+00
4.000000000000000000e+00
2.000000000000000000e+00
3.000000000000000000e+00
2.000000000000000000e+00
1.000000000000000000e+00
1.000000000000000000e+00
