8.940000000000000000e+02
1.785000000000000000e+03
1.118000000000000000e+03
1.810000000000000000e+03
1.766000000000000000e+03
1.420000000000000000e+02
1.277000000000000000e+03
3.410000000000000000e+02
5.030000000000000000e+02
5.960000000000000000e+02
1.297000000000000000e+03
1.348000000000000000e+03
1.325000000000000000e+03
7.020000000000000000e+02
1.532000000000000000e+03
4.740000000000000000e+02
1.572000000000000000e+03
3.060000000000000000e+02
1.750000000000000000e+02
1.890000000000000000e+02
1.700000000000000000e+01
2.150000000000000000e+02
3.780000000000000000e+02
1.842000000000000000e+03
1.923000000000000000e+03
8.670000000000000000e+02
4.670000000000000000e+02
1.526000000000000000e+03
7.130000000000000000e+02
1.368000000000000000e+03
7.890000000000000000e+02
1.468000000000000000e+03
1.904000000000000000e+03
1.704000000000000000e+03
1.792000000000000000e+03
1.606000000000000000e+03
1.725000000000000000e+03
1.702000000000000000e+03
1.316000000000000000e+03
1.139000000000000000e+03
1.626000000000000000e+03
1.846000000000000000e+03
1.279000000000000000e+03
4.260000000000000000e+02
5.100000000000000000e+01
7.000000000000000000e+00
1.759000000000000000e+03
1.747000000000000000e+03
1.255000000000000000e+03
7.710000000000000000e+02
1.038000000000000000e+03
9.710000000000000000e+02
1.100000000000000000e+02
2.900000000000000000e+01
1.780000000000000000e+02
8.430000000000000000e+02
2.620000000000000000e+02
8.170000000000000000e+02
1.004000000000000000e+03
1.569000000000000000e+03
6.610000000000000000e+02
1.571000000000000000e+03
3.640000000000000000e+02
5.350000000000000000e+02
8.890000000000000000e+02
3.580000000000000000e+02
1.739000000000000000e+03
1.790000000000000000e+03
1.455000000000000000e+03
6.510000000000000000e+02
1.639000000000000000e+03
1.167000000000000000e+03
1.090000000000000000e+03
6.920000000000000000e+02
1.854000000000000000e+03
1.290000000000000000e+02
1.541000000000000000e+03
1.256000000000000000e+03
1.471000000000000000e+03
1.684000000000000000e+03
4.520000000000000000e+02
1.786000000000000000e+03
9.520000000000000000e+02
9.280000000000000000e+02
5.970000000000000000e+02
2.890000000000000000e+02
1.444000000000000000e+03
1.184000000000000000e+03
5.310000000000000000e+02
7.250000000000000000e+02
6.190000000000000000e+02
3.120000000000000000e+02
1.300000000000000000e+01
2.230000000000000000e+02
3.000000000000000000e+02
1.134000000000000000e+03
5.320000000000000000e+02
1.010000000000000000e+02
4.140000000000000000e+02
2.250000000000000000e+02
3.700000000000000000e+01
2.190000000000000000e+02
4.600000000000000000e+01
1.190000000000000000e+02
1.300000000000000000e+02
2.100000000000000000e+01
1.210000000000000000e+02
2.590000000000000000e+02
3.000000000000000000e+00
3.190000000000000000e+02
1.900000000000000000e+02
6.800000000000000000e+01
1.730000000000000000e+02
2.420000000000000000e+02
6.700000000000000000e+01
7.900000000000000000e+01
8.800000000000000000e+01
2.000000000000000000e+00
6.200000000000000000e+01
1.900000000000000000e+01
1.400000000000000000e+01
2.500000000000000000e+01
1.100000000000000000e+02
8.900000000000000000e+01
8.300000000000000000e+01
4.900000000000000000e+01
4.000000000000000000e+01
1.450000000000000000e+02
5.400000000000000000e+01
1.110000000000000000e+02
1.600000000000000000e+01
4.300000000000000000e+01
1.000000000000000000e+00
8.200000000000000000e+01
6.000000000000000000e+00
1.000000000000000000e+01
5.000000000000000000e+00
1.000000000000000000e+01
3.400000000000000000e+01
6.000000000000000000e+00
4.600000000000000000e+01
3.000000000000000000e+00
3.500000000000000000e+01
3.200000000000000000e+01
1.500000000000000000e+01
1.400000000000000000e+01
3.800000000000000000e+01
8.000000000000000000e+00
6.000000000000000000e+00
1.300000000000000000e+01
9.000000000000000000e+00
1.000000000000000000e+00
8.000000000000000000e+00
1.200000000000000000e+01
7.000000000000000000e+00
3.000000000000000000e+00
3.000000000000000000e+00
7.000000000000000000e+00
4.000000000000000000e+00
1.000000000000000000e+00
6.000000000000000000e+00
6.000000000000000000e+00
1.200000000000000000e+01
7.000000000000000000e+00
1.000000000000000000e+00
2.000000000000000000e+00
2.000000000000000000e+00
1.000000000000000000e+00
1.000000000000000000e+00
1.000000000000000000e+00
1.000000000000000000e+00
