1.557000000000000000e+03
8.630000000000000000e+02
1.593000000000000000e+03
5.480000000000000000e+02
1.556000000000000000e+03
4.600000000000000000e+01
1.761000000000000000e+03
1.188000000000000000e+03
4.600000000000000000e+01
6.830000000000000000e+02
1.413000000000000000e+03
1.779000000000000000e+03
1.516000000000000000e+03
1.771000000000000000e+03
6.640000000000000000e+02
3.400000000000000000e+01
1.467000000000000000e+03
9.450000000000000000e+02
1.805000000000000000e+03
6.130000000000000000e+02
6.970000000000000000e+02
1.371000000000000000e+03
1.778000000000000000e+03
1.038000000000000000e+03
8.020000000000000000e+02
1.375000000000000000e+03
1.807000000000000000e+03
1.264000000000000000e+03
1.225000000000000000e+03
1.820000000000000000e+03
1.183000000000000000e+03
1.692000000000000000e+03
1.465000000000000000e+03
6.770000000000000000e+02
1.578000000000000000e+03
9.930000000000000000e+02
2.210000000000000000e+02
1.724000000000000000e+03
1.756000000000000000e+03
5.420000000000000000e+02
1.866000000000000000e+03
1.852000000000000000e+03
8.400000000000000000e+02
1.813000000000000000e+03
1.716000000000000000e+03
1.656000000000000000e+03
1.024000000000000000e+03
6.500000000000000000e+02
1.799000000000000000e+03
1.545000000000000000e+03
1.756000000000000000e+03
1.418000000000000000e+03
1.280000000000000000e+03
1.150000000000000000e+02
9.200000000000000000e+01
5.980000000000000000e+02
1.188000000000000000e+03
1.348000000000000000e+03
1.119000000000000000e+03
2.010000000000000000e+02
4.310000000000000000e+02
1.336000000000000000e+03
4.780000000000000000e+02
4.360000000000000000e+02
1.675000000000000000e+03
5.520000000000000000e+02
1.017000000000000000e+03
1.203000000000000000e+03
1.010000000000000000e+02
1.060000000000000000e+03
2.290000000000000000e+02
1.600000000000000000e+03
8.770000000000000000e+02
6.940000000000000000e+02
2.450000000000000000e+02
5.250000000000000000e+02
1.789000000000000000e+03
4.990000000000000000e+02
1.390000000000000000e+02
1.161000000000000000e+03
5.800000000000000000e+01
1.636000000000000000e+03
3.450000000000000000e+02
9.500000000000000000e+01
1.990000000000000000e+02
1.930000000000000000e+02
1.440000000000000000e+02
4.530000000000000000e+02
1.910000000000000000e+02
1.782000000000000000e+03
8.250000000000000000e+02
5.800000000000000000e+01
2.810000000000000000e+02
1.690000000000000000e+02
2.650000000000000000e+02
3.550000000000000000e+02
8.060000000000000000e+02
4.010000000000000000e+02
8.230000000000000000e+02
2.500000000000000000e+01
6.900000000000000000e+01
3.800000000000000000e+01
1.290000000000000000e+02
2.440000000000000000e+02
2.100000000000000000e+01
3.500000000000000000e+01
3.450000000000000000e+02
1.300000000000000000e+02
5.700000000000000000e+01
3.800000000000000000e+01
3.130000000000000000e+02
2.480000000000000000e+02
6.000000000000000000e+00
1.000000000000000000e+00
1.150000000000000000e+02
3.890000000000000000e+02
6.000000000000000000e+01
1.000000000000000000e+02
1.270000000000000000e+02
1.100000000000000000e+01
3.760000000000000000e+02
4.000000000000000000e+00
6.600000000000000000e+01
3.170000000000000000e+02
1.800000000000000000e+02
1.200000000000000000e+02
5.000000000000000000e+00
5.000000000000000000e+00
6.000000000000000000e+00
5.800000000000000000e+01
2.000000000000000000e+01
7.200000000000000000e+01
8.000000000000000000e+00
2.200000000000000000e+01
8.300000000000000000e+01
1.100000000000000000e+01
2.600000000000000000e+01
1.400000000000000000e+01
4.000000000000000000e+00
1.100000000000000000e+01
2.600000000000000000e+01
1.200000000000000000e+01
1.200000000000000000e+01
1.000000000000000000e+00
2.300000000000000000e+01
1.600000000000000000e+01
2.500000000000000000e+01
8.000000000000000000e+00
8.000000000000000000e+00
1.200000000000000000e+01
2.000000000000000000e+00
1.300000000000000000e+01
5.000000000000000000e+00
2.900000000000000000e+01
2.000000000000000000e+00
1.000000000000000000e+00
1.000000000000000000e+00
1.000000000000000000e+00
1.000000000000000000e+00
3.000000000000000000e+00
4.000000000000000000e+00
2.000000000000000000e+00
1.000000000000000000e+00
3.000000000000000000e+00
4.000000000000000000e+00
2.000000000000000000e+00
1.000000000000000000e+00
1.000000000000000000e+00
4.000000000000000000e+00
1.000000000000000000e+00
1.000000000000000000e+00
2.000000000000000000e+00
1.000000000000000000e+00
1.000000000000000000e+00
1.000000000000000000e+00
1.000000000000000000e+00
1.000000000000000000e+00
1.000000000000000000e+00
