1.362000000000000000e+03
1.292000000000000000e+03
1.671000000000000000e+03
2.970000000000000000e+02
1.309000000000000000e+03
5.270000000000000000e+02
7.270000000000000000e+02
1.645000000000000000e+03
9.020000000000000000e+02
1.723000000000000000e+03
9.060000000000000000e+02
6.160000000000000000e+02
1.436000000000000000e+03
1.480000000000000000e+03
1.106000000000000000e+03
1.684000000000000000e+03
1.650000000000000000e+03
1.580000000000000000e+03
1.615000000000000000e+03
4.280000000000000000e+02
1.585000000000000000e+03
1.480000000000000000e+02
7.600000000000000000e+01
6.490000000000000000e+02
1.641000000000000000e+03
1.076000000000000000e+03
1.477000000000000000e+03
1.225000000000000000e+03
9.580000000000000000e+02
1.313000000000000000e+03
1.551000000000000000e+03
1.738000000000000000e+03
1.671000000000000000e+03
1.491000000000000000e+03
1.130000000000000000e+02
6.270000000000000000e+02
1.621000000000000000e+03
7.870000000000000000e+02
1.860000000000000000e+02
5.540000000000000000e+02
2.390000000000000000e+02
1.657000000000000000e+03
1.703000000000000000e+03
1.685000000000000000e+03
5.910000000000000000e+02
1.377000000000000000e+03
9.380000000000000000e+02
1.617000000000000000e+03
9.870000000000000000e+02
8.570000000000000000e+02
1.487000000000000000e+03
1.029000000000000000e+03
1.248000000000000000e+03
4.000000000000000000e+02
2.610000000000000000e+02
4.570000000000000000e+02
3.760000000000000000e+02
1.669000000000000000e+03
1.419000000000000000e+03
8.480000000000000000e+02
1.438000000000000000e+03
1.091000000000000000e+03
1.546000000000000000e+03
4.460000000000000000e+02
3.450000000000000000e+02
1.308000000000000000e+03
8.800000000000000000e+01
1.508000000000000000e+03
1.164000000000000000e+03
1.408000000000000000e+03
6.140000000000000000e+02
2.910000000000000000e+02
1.691000000000000000e+03
6.500000000000000000e+01
3.190000000000000000e+02
1.425000000000000000e+03
2.660000000000000000e+02
2.930000000000000000e+02
7.120000000000000000e+02
1.008000000000000000e+03
6.680000000000000000e+02
4.580000000000000000e+02
1.353000000000000000e+03
2.580000000000000000e+02
8.290000000000000000e+02
9.200000000000000000e+01
8.320000000000000000e+02
9.080000000000000000e+02
1.003000000000000000e+03
1.340000000000000000e+02
5.370000000000000000e+02
5.000000000000000000e+00
1.236000000000000000e+03
4.300000000000000000e+01
1.680000000000000000e+02
7.030000000000000000e+02
3.840000000000000000e+02
6.400000000000000000e+01
1.178000000000000000e+03
1.074000000000000000e+03
2.070000000000000000e+02
3.900000000000000000e+02
2.200000000000000000e+01
4.020000000000000000e+02
1.790000000000000000e+02
2.370000000000000000e+02
1.960000000000000000e+02
1.280000000000000000e+02
5.690000000000000000e+02
3.300000000000000000e+01
4.950000000000000000e+02
5.000000000000000000e+01
9.200000000000000000e+01
3.880000000000000000e+02
1.400000000000000000e+02
1.110000000000000000e+02
2.800000000000000000e+01
2.340000000000000000e+02
5.400000000000000000e+01
2.000000000000000000e+01
2.100000000000000000e+01
6.700000000000000000e+01
2.050000000000000000e+02
1.010000000000000000e+02
3.900000000000000000e+01
1.340000000000000000e+02
8.000000000000000000e+01
3.000000000000000000e+00
1.690000000000000000e+02
1.400000000000000000e+01
1.700000000000000000e+01
5.000000000000000000e+01
6.000000000000000000e+00
3.000000000000000000e+00
3.600000000000000000e+01
2.000000000000000000e+00
9.500000000000000000e+01
1.250000000000000000e+02
5.500000000000000000e+01
1.000000000000000000e+01
3.000000000000000000e+00
3.200000000000000000e+01
2.300000000000000000e+01
3.400000000000000000e+01
6.600000000000000000e+01
3.100000000000000000e+01
5.700000000000000000e+01
1.700000000000000000e+01
3.000000000000000000e+01
6.000000000000000000e+00
7.000000000000000000e+00
1.400000000000000000e+01
4.000000000000000000e+00
6.000000000000000000e+00
6.000000000000000000e+00
1.400000000000000000e+01
9.000000000000000000e+00
4.000000000000000000e+00
2.000000000000000000e+00
2.800000000000000000e+01
3.800000000000000000e+01
9.000000000000000000e+00
1.900000000000000000e+01
8.000000000000000000e+00
3.000000000000000000e+00
1.100000000000000000e+01
4.000000000000000000e+00
2.000000000000000000e+00
4.000000000000000000e+00
1.000000000000000000e+01
1.000000000000000000e+00
1.000000000000000000e+00
8.000000000000000000e+00
7.000000000000000000e+00
8.000000000000000000e+00
1.000000000000000000e+00
2.000000000000000000e+00
2.000000000000000000e+00
3.000000000000000000e+00
1.000000000000000000e+00
4.000000000000000000e+00
1.000000000000000000e+00
2.000000000000000000e+00
1.000000000000000000e+00
3.000000000000000000e+00
1.000000000000000000e+00
1.000000000000000000e+00
1.000000000000000000e+00
1.000000000000000000e+00
1.000000000000000000e+00
1.000000000000000000e+00
