1.327000000000000000e+03
1.685000000000000000e+03
1.456000000000000000e+03
1.783000000000000000e+03
1.793000000000000000e+03
1.253000000000000000e+03
1.575000000000000000e+03
1.649000000000000000e+03
1.400000000000000000e+02
1.286000000000000000e+03
1.774000000000000000e+03
1.092000000000000000e+03
1.484000000000000000e+03
1.801000000000000000e+03
1.608000000000000000e+03
1.827000000000000000e+03
9.320000000000000000e+02
6.990000000000000000e+02
2.560000000000000000e+02
1.003000000000000000e+03
5.520000000000000000e+02
1.828000000000000000e+03
6.670000000000000000e+02
1.400000000000000000e+01
5.500000000000000000e+01
4.680000000000000000e+02
1.617000000000000000e+03
1.726000000000000000e+03
1.027000000000000000e+03
1.686000000000000000e+03
1.865000000000000000e+03
9.320000000000000000e+02
1.959000000000000000e+03
1.755000000000000000e+03
5.100000000000000000e+02
7.720000000000000000e+02
8.610000000000000000e+02
7.230000000000000000e+02
1.544000000000000000e+03
1.498000000000000000e+03
6.620000000000000000e+02
2.940000000000000000e+02
3.300000000000000000e+02
1.889000000000000000e+03
1.414000000000000000e+03
1.522000000000000000e+03
6.020000000000000000e+02
1.736000000000000000e+03
1.206000000000000000e+03
7.150000000000000000e+02
1.840000000000000000e+02
1.540000000000000000e+02
1.222000000000000000e+03
1.404000000000000000e+03
1.352000000000000000e+03
1.155000000000000000e+03
2.470000000000000000e+02
1.761000000000000000e+03
9.670000000000000000e+02
1.104000000000000000e+03
4.290000000000000000e+02
3.640000000000000000e+02
7.620000000000000000e+02
1.579000000000000000e+03
6.410000000000000000e+02
4.160000000000000000e+02
1.071000000000000000e+03
1.198000000000000000e+03
1.768000000000000000e+03
1.533000000000000000e+03
8.300000000000000000e+02
4.360000000000000000e+02
3.280000000000000000e+02
1.621000000000000000e+03
1.817000000000000000e+03
1.772000000000000000e+03
7.290000000000000000e+02
1.003000000000000000e+03
1.275000000000000000e+03
4.620000000000000000e+02
2.600000000000000000e+02
6.900000000000000000e+01
1.391000000000000000e+03
1.680000000000000000e+02
9.250000000000000000e+02
2.210000000000000000e+02
3.810000000000000000e+02
1.410000000000000000e+02
3.030000000000000000e+02
8.680000000000000000e+02
5.740000000000000000e+02
1.930000000000000000e+02
2.060000000000000000e+02
1.460000000000000000e+02
5.610000000000000000e+02
4.180000000000000000e+02
5.100000000000000000e+02
5.100000000000000000e+01
8.200000000000000000e+02
9.900000000000000000e+01
3.700000000000000000e+01
3.160000000000000000e+02
4.000000000000000000e+01
2.860000000000000000e+02
3.550000000000000000e+02
7.600000000000000000e+01
1.140000000000000000e+02
2.130000000000000000e+02
1.740000000000000000e+02
9.700000000000000000e+01
7.100000000000000000e+01
2.500000000000000000e+01
9.100000000000000000e+01
6.000000000000000000e+00
1.100000000000000000e+01
2.900000000000000000e+01
1.180000000000000000e+02
1.710000000000000000e+02
6.700000000000000000e+01
1.180000000000000000e+02
8.000000000000000000e+01
1.600000000000000000e+01
7.300000000000000000e+01
2.000000000000000000e+00
3.100000000000000000e+01
6.000000000000000000e+00
5.100000000000000000e+01
1.500000000000000000e+01
4.800000000000000000e+01
2.800000000000000000e+01
3.400000000000000000e+01
3.900000000000000000e+01
5.300000000000000000e+01
2.300000000000000000e+01
7.300000000000000000e+01
3.700000000000000000e+01
3.000000000000000000e+00
1.000000000000000000e+01
8.000000000000000000e+00
2.100000000000000000e+01
2.000000000000000000e+01
7.000000000000000000e+00
2.100000000000000000e+01
7.000000000000000000e+00
6.000000000000000000e+00
1.000000000000000000e+00
3.000000000000000000e+00
3.000000000000000000e+00
1.400000000000000000e+01
6.000000000000000000e+00
1.400000000000000000e+01
1.000000000000000000e+00
1.600000000000000000e+01
1.000000000000000000e+00
9.000000000000000000e+00
5.000000000000000000e+00
2.000000000000000000e+00
4.000000000000000000e+00
5.000000000000000000e+00
1.000000000000000000e+00
1.200000000000000000e+01
6.000000000000000000e+00
2.000000000000000000e+00
3.000000000000000000e+00
1.000000000000000000e+00
3.000000000000000000e+00
4.000000000000000000e+00
1.000000000000000000e+00
1.000000000000000000e+00
2.000000000000000000e+00
1.000000000000000000e+00
1.000000000000000000e+00
2.000000000000000000e+00
1.000000000000000000e+00
1.000000000000000000e+00
1.000000000000000000e+00
1.000000000000000000e+00
2.000000000000000000e+00
1.000000000000000000e+00
1.000000000000000000e+00
