1.554000000000000000e+03
6.950000000000000000e+02
1.060000000000000000e+03
1.412000000000000000e+03
9.650000000000000000e+02
1.681000000000000000e+03
8.330000000000000000e+02
1.437000000000000000e+03
1.285000000000000000e+03
1.279000000000000000e+03
1.575000000000000000e+03
1.065000000000000000e+03
8.240000000000000000e+02
1.655000000000000000e+03
1.625000000000000000e+03
1.460000000000000000e+03
1.295000000000000000e+03
1.641000000000000000e+03
1.603000000000000000e+03
1.512000000000000000e+03
1.533000000000000000e+03
6.180000000000000000e+02
2.270000000000000000e+02
1.677000000000000000e+03
1.210000000000000000e+03
9.590000000000000000e+02
4.950000000000000000e+02
6.110000000000000000e+02
1.188000000000000000e+03
1.639000000000000000e+03
2.800000000000000000e+02
1.557000000000000000e+03
1.248000000000000000e+03
1.741000000000000000e+03
3.820000000000000000e+02
7.660000000000000000e+02
9.240000000000000000e+02
4.400000000000000000e+02
3.240000000000000000e+02
4.230000000000000000e+02
1.990000000000000000e+02
1.220000000000000000e+02
1.850000000000000000e+02
8.200000000000000000e+02
1.627000000000000000e+03
2.370000000000000000e+02
1.473000000000000000e+03
1.580000000000000000e+03
3.290000000000000000e+02
5.290000000000000000e+02
2.850000000000000000e+02
1.645000000000000000e+03
5.190000000000000000e+02
1.360000000000000000e+02
7.900000000000000000e+01
7.160000000000000000e+02
1.345000000000000000e+03
1.469000000000000000e+03
3.700000000000000000e+01
1.652000000000000000e+03
2.930000000000000000e+02
1.680000000000000000e+03
1.211000000000000000e+03
7.630000000000000000e+02
7.890000000000000000e+02
1.699000000000000000e+03
1.416000000000000000e+03
5.440000000000000000e+02
2.300000000000000000e+01
7.120000000000000000e+02
4.350000000000000000e+02
9.930000000000000000e+02
1.085000000000000000e+03
3.630000000000000000e+02
1.642000000000000000e+03
1.253000000000000000e+03
3.580000000000000000e+02
1.155000000000000000e+03
4.280000000000000000e+02
6.000000000000000000e+00
4.600000000000000000e+01
1.176000000000000000e+03
1.479000000000000000e+03
6.020000000000000000e+02
1.023000000000000000e+03
4.100000000000000000e+01
1.358000000000000000e+03
6.240000000000000000e+02
1.690000000000000000e+03
1.470000000000000000e+02
1.970000000000000000e+02
1.083000000000000000e+03
4.100000000000000000e+01
5.310000000000000000e+02
4.990000000000000000e+02
2.530000000000000000e+02
6.550000000000000000e+02
1.135000000000000000e+03
7.100000000000000000e+01
9.600000000000000000e+02
5.150000000000000000e+02
8.360000000000000000e+02
1.473000000000000000e+03
1.458000000000000000e+03
9.290000000000000000e+02
2.710000000000000000e+02
2.580000000000000000e+02
8.400000000000000000e+01
8.000000000000000000e+01
2.700000000000000000e+01
1.270000000000000000e+02
4.440000000000000000e+02
1.690000000000000000e+02
1.270000000000000000e+02
9.800000000000000000e+01
1.710000000000000000e+02
2.410000000000000000e+02
1.520000000000000000e+02
1.300000000000000000e+01
1.790000000000000000e+02
5.300000000000000000e+01
1.010000000000000000e+02
2.430000000000000000e+02
5.800000000000000000e+01
1.000000000000000000e+01
3.170000000000000000e+02
1.040000000000000000e+02
1.000000000000000000e+01
8.400000000000000000e+01
4.500000000000000000e+01
2.900000000000000000e+01
6.200000000000000000e+01
5.000000000000000000e+00
5.900000000000000000e+01
1.210000000000000000e+02
1.480000000000000000e+02
9.100000000000000000e+01
1.200000000000000000e+01
4.400000000000000000e+01
1.000000000000000000e+00
2.900000000000000000e+01
3.000000000000000000e+00
3.200000000000000000e+01
2.700000000000000000e+01
2.000000000000000000e+00
4.500000000000000000e+01
9.300000000000000000e+01
2.400000000000000000e+01
1.000000000000000000e+01
6.000000000000000000e+00
3.000000000000000000e+00
3.000000000000000000e+01
4.000000000000000000e+00
1.000000000000000000e+01
2.300000000000000000e+01
1.200000000000000000e+01
4.200000000000000000e+01
1.600000000000000000e+01
1.000000000000000000e+00
2.000000000000000000e+01
1.500000000000000000e+01
4.000000000000000000e+01
2.000000000000000000e+01
4.000000000000000000e+00
5.000000000000000000e+00
2.000000000000000000e+00
1.700000000000000000e+01
5.000000000000000000e+00
6.000000000000000000e+00
1.000000000000000000e+00
3.000000000000000000e+00
1.000000000000000000e+00
1.400000000000000000e+01
5.000000000000000000e+00
2.000000000000000000e+00
2.000000000000000000e+00
2.000000000000000000e+00
1.000000000000000000e+00
2.000000000000000000e+00
1.000000000000000000e+00
5.000000000000000000e+00
2.000000000000000000e+00
1.000000000000000000e+00
3.000000000000000000e+00
1.000000000000000000e+00
2.000000000000000000e+00
1.000000000000000000e+00
2.000000000000000000e+00
3.000000000000000000e+00
2.000000000000000000e+00
1.000000000000000000e+00
1.000000000000000000e+00
2.000000000000000000e+00
1.000000000000000000e+00
1.000000000000000000e+00
1.000000000000000000e+00
1.000000000000000000e+00
