1.428000000000000000e+03
1.427000000000000000e+03
8.120000000000000000e+02
3.400000000000000000e+01
5.230000000000000000e+02
1.605000000000000000e+03
1.690000000000000000e+03
8.470000000000000000e+02
1.623000000000000000e+03
1.247000000000000000e+03
5.210000000000000000e+02
1.618000000000000000e+03
6.980000000000000000e+02
1.330000000000000000e+03
3.300000000000000000e+02
1.517000000000000000e+03
4.120000000000000000e+02
8.150000000000000000e+02
1.414000000000000000e+03
1.371000000000000000e+03
1.616000000000000000e+03
1.668000000000000000e+03
1.029000000000000000e+03
1.623000000000000000e+03
1.457000000000000000e+03
1.654000000000000000e+03
1.591000000000000000e+03
5.380000000000000000e+02
6.360000000000000000e+02
9.350000000000000000e+02
1.491000000000000000e+03
1.578000000000000000e+03
1.723000000000000000e+03
3.430000000000000000e+02
1.518000000000000000e+03
3.790000000000000000e+02
1.632000000000000000e+03
1.319000000000000000e+03
8.990000000000000000e+02
1.595000000000000000e+03
1.096000000000000000e+03
9.000000000000000000e+02
1.009000000000000000e+03
1.167000000000000000e+03
1.489000000000000000e+03
9.190000000000000000e+02
4.270000000000000000e+02
1.564000000000000000e+03
1.602000000000000000e+03
9.010000000000000000e+02
1.392000000000000000e+03
1.372000000000000000e+03
9.840000000000000000e+02
1.175000000000000000e+03
6.860000000000000000e+02
1.470000000000000000e+02
4.370000000000000000e+02
1.671000000000000000e+03
1.556000000000000000e+03
1.448000000000000000e+03
1.187000000000000000e+03
7.200000000000000000e+02
1.000000000000000000e+01
2.250000000000000000e+02
1.693000000000000000e+03
1.100000000000000000e+01
5.340000000000000000e+02
1.325000000000000000e+03
1.200000000000000000e+01
6.140000000000000000e+02
1.043000000000000000e+03
6.290000000000000000e+02
2.810000000000000000e+02
1.920000000000000000e+02
1.344000000000000000e+03
1.522000000000000000e+03
7.590000000000000000e+02
1.239000000000000000e+03
1.166000000000000000e+03
1.290000000000000000e+02
2.790000000000000000e+02
8.290000000000000000e+02
7.620000000000000000e+02
1.049000000000000000e+03
1.550000000000000000e+02
4.990000000000000000e+02
5.250000000000000000e+02
1.800000000000000000e+01
3.970000000000000000e+02
1.234000000000000000e+03
6.440000000000000000e+02
3.540000000000000000e+02
5.500000000000000000e+02
4.800000000000000000e+01
2.700000000000000000e+02
1.236000000000000000e+03
9.070000000000000000e+02
2.670000000000000000e+02
6.200000000000000000e+01
6.190000000000000000e+02
4.540000000000000000e+02
3.050000000000000000e+02
2.600000000000000000e+01
3.580000000000000000e+02
1.000000000000000000e+02
3.660000000000000000e+02
9.600000000000000000e+01
1.580000000000000000e+02
2.600000000000000000e+01
2.360000000000000000e+02
9.000000000000000000e+01
2.180000000000000000e+02
2.260000000000000000e+02
8.300000000000000000e+01
7.700000000000000000e+01
2.790000000000000000e+02
2.580000000000000000e+02
1.230000000000000000e+02
1.790000000000000000e+02
1.300000000000000000e+02
1.590000000000000000e+02
4.600000000000000000e+02
2.140000000000000000e+02
6.600000000000000000e+01
5.200000000000000000e+01
3.000000000000000000e+01
6.500000000000000000e+01
3.800000000000000000e+01
1.490000000000000000e+02
1.000000000000000000e+01
9.000000000000000000e+00
3.200000000000000000e+01
8.000000000000000000e+01
1.040000000000000000e+02
2.400000000000000000e+01
4.200000000000000000e+01
3.600000000000000000e+01
1.230000000000000000e+02
4.900000000000000000e+01
9.400000000000000000e+01
2.200000000000000000e+01
6.100000000000000000e+01
8.000000000000000000e+00
1.000000000000000000e+01
5.300000000000000000e+01
4.000000000000000000e+01
1.600000000000000000e+01
2.500000000000000000e+01
7.000000000000000000e+01
4.100000000000000000e+01
1.000000000000000000e+01
2.000000000000000000e+00
6.000000000000000000e+00
1.400000000000000000e+01
7.000000000000000000e+00
3.000000000000000000e+00
3.000000000000000000e+00
3.000000000000000000e+00
2.100000000000000000e+01
9.000000000000000000e+00
8.000000000000000000e+00
2.000000000000000000e+00
4.000000000000000000e+00
6.000000000000000000e+00
3.500000000000000000e+01
1.000000000000000000e+00
4.500000000000000000e+01
7.000000000000000000e+00
6.000000000000000000e+00
2.000000000000000000e+00
5.000000000000000000e+00
1.400000000000000000e+01
4.000000000000000000e+00
6.000000000000000000e+00
2.000000000000000000e+00
1.000000000000000000e+00
6.000000000000000000e+00
2.000000000000000000e+00
5.000000000000000000e+00
2.000000000000000000e+00
1.000000000000000000e+00
3.000000000000000000e+00
1.000000000000000000e+00
8.000000000000000000e+00
3.000000000000000000e+00
1.000000000000000000e+00
1.000000000000000000e+00
1.000000000000000000e+00
1.000000000000000000e+00
1.000000000000000000e+00
1.000000000000000000e+00
