1.419000000000000000e+03
1.643000000000000000e+03
1.739000000000000000e+03
1.990000000000000000e+02
6.970000000000000000e+02
1.765000000000000000e+03
9.380000000000000000e+02
1.041000000000000000e+03
1.137000000000000000e+03
1.833000000000000000e+03
1.793000000000000000e+03
7.890000000000000000e+02
1.856000000000000000e+03
3.090000000000000000e+02
9.700000000000000000e+01
1.140000000000000000e+02
4.940000000000000000e+02
1.757000000000000000e+03
6.140000000000000000e+02
1.322000000000000000e+03
1.465000000000000000e+03
6.360000000000000000e+02
1.206000000000000000e+03
1.537000000000000000e+03
1.739000000000000000e+03
1.752000000000000000e+03
1.132000000000000000e+03
1.083000000000000000e+03
1.568000000000000000e+03
1.720000000000000000e+03
1.221000000000000000e+03
1.754000000000000000e+03
1.833000000000000000e+03
1.376000000000000000e+03
7.100000000000000000e+02
1.373000000000000000e+03
1.493000000000000000e+03
1.351000000000000000e+03
7.690000000000000000e+02
1.364000000000000000e+03
6.120000000000000000e+02
2.080000000000000000e+02
1.619000000000000000e+03
1.692000000000000000e+03
1.005000000000000000e+03
1.705000000000000000e+03
1.746000000000000000e+03
1.070000000000000000e+03
2.350000000000000000e+02
1.660000000000000000e+02
8.730000000000000000e+02
3.380000000000000000e+02
1.302000000000000000e+03
1.289000000000000000e+03
1.502000000000000000e+03
5.520000000000000000e+02
1.590000000000000000e+03
5.800000000000000000e+02
7.340000000000000000e+02
1.700000000000000000e+02
9.040000000000000000e+02
1.643000000000000000e+03
8.070000000000000000e+02
5.620000000000000000e+02
3.400000000000000000e+02
1.706000000000000000e+03
9.000000000000000000e+02
1.606000000000000000e+03
8.090000000000000000e+02
1.720000000000000000e+03
4.300000000000000000e+01
4.600000000000000000e+02
1.186000000000000000e+03
8.350000000000000000e+02
2.780000000000000000e+02
1.174000000000000000e+03
3.290000000000000000e+02
8.820000000000000000e+02
2.410000000000000000e+02
1.090000000000000000e+03
2.010000000000000000e+02
3.500000000000000000e+01
1.530000000000000000e+02
1.053000000000000000e+03
6.970000000000000000e+02
1.558000000000000000e+03
1.708000000000000000e+03
2.600000000000000000e+01
5.000000000000000000e+00
3.000000000000000000e+02
1.584000000000000000e+03
6.100000000000000000e+02
1.590000000000000000e+02
4.110000000000000000e+02
2.180000000000000000e+02
5.110000000000000000e+02
1.160000000000000000e+02
3.200000000000000000e+01
4.700000000000000000e+01
5.170000000000000000e+02
3.830000000000000000e+02
2.910000000000000000e+02
6.300000000000000000e+01
4.700000000000000000e+01
2.310000000000000000e+02
1.140000000000000000e+02
1.400000000000000000e+01
2.820000000000000000e+02
6.000000000000000000e+00
7.100000000000000000e+01
2.500000000000000000e+01
1.370000000000000000e+02
2.320000000000000000e+02
4.200000000000000000e+01
1.350000000000000000e+02
4.280000000000000000e+02
1.740000000000000000e+02
4.560000000000000000e+02
3.500000000000000000e+01
6.000000000000000000e+00
9.800000000000000000e+01
1.150000000000000000e+02
2.300000000000000000e+01
6.500000000000000000e+01
3.000000000000000000e+00
8.600000000000000000e+01
4.500000000000000000e+01
8.000000000000000000e+01
3.940000000000000000e+02
5.100000000000000000e+01
7.000000000000000000e+00
9.900000000000000000e+01
1.100000000000000000e+01
8.300000000000000000e+01
1.090000000000000000e+02
7.000000000000000000e+01
1.000000000000000000e+01
1.000000000000000000e+00
1.000000000000000000e+01
6.000000000000000000e+00
1.700000000000000000e+01
4.000000000000000000e+00
1.800000000000000000e+01
3.600000000000000000e+01
1.900000000000000000e+01
2.000000000000000000e+00
4.000000000000000000e+00
1.700000000000000000e+01
4.600000000000000000e+01
1.400000000000000000e+01
1.300000000000000000e+01
3.400000000000000000e+01
3.000000000000000000e+00
2.000000000000000000e+01
9.000000000000000000e+00
5.000000000000000000e+00
2.000000000000000000e+01
2.000000000000000000e+01
5.000000000000000000e+00
1.000000000000000000e+01
7.000000000000000000e+00
1.000000000000000000e+00
2.500000000000000000e+01
4.000000000000000000e+00
2.000000000000000000e+00
2.000000000000000000e+00
5.000000000000000000e+00
2.000000000000000000e+00
2.000000000000000000e+00
2.000000000000000000e+00
1.000000000000000000e+00
2.000000000000000000e+00
2.000000000000000000e+00
1.000000000000000000e+00
2.000000000000000000e+00
1.000000000000000000e+00
1.000000000000000000e+00
1.000000000000000000e+00
1.000000000000000000e+00
