9.880000000000000000e+02
1.158000000000000000e+03
9.440000000000000000e+02
1.838000000000000000e+03
1.601000000000000000e+03
1.524000000000000000e+03
1.583000000000000000e+03
1.708000000000000000e+03
1.837000000000000000e+03
9.060000000000000000e+02
1.576000000000000000e+03
1.309000000000000000e+03
9.510000000000000000e+02
1.805000000000000000e+03
1.455000000000000000e+03
1.250000000000000000e+02
1.430000000000000000e+02
3.730000000000000000e+02
9.940000000000000000e+02
1.590000000000000000e+03
1.147000000000000000e+03
1.599000000000000000e+03
1.713000000000000000e+03
1.313000000000000000e+03
1.596000000000000000e+03
1.500000000000000000e+03
1.261000000000000000e+03
1.089000000000000000e+03
1.345000000000000000e+03
1.780000000000000000e+02
4.000000000000000000e+02
1.811000000000000000e+03
4.950000000000000000e+02
1.636000000000000000e+03
4.700000000000000000e+02
5.240000000000000000e+02
1.747000000000000000e+03
2.520000000000000000e+02
1.426000000000000000e+03
1.509000000000000000e+03
1.790000000000000000e+03
1.781000000000000000e+03
1.690000000000000000e+03
3.670000000000000000e+02
5.920000000000000000e+02
1.779000000000000000e+03
1.500000000000000000e+03
8.870000000000000000e+02
1.810000000000000000e+03
1.830000000000000000e+03
1.715000000000000000e+03
1.130000000000000000e+03
1.122000000000000000e+03
1.656000000000000000e+03
1.745000000000000000e+03
1.601000000000000000e+03
6.180000000000000000e+02
1.731000000000000000e+03
1.804000000000000000e+03
7.540000000000000000e+02
8.990000000000000000e+02
4.350000000000000000e+02
1.453000000000000000e+03
7.160000000000000000e+02
6.960000000000000000e+02
1.014000000000000000e+03
2.470000000000000000e+02
2.050000000000000000e+02
4.200000000000000000e+01
3.240000000000000000e+02
1.283000000000000000e+03
5.980000000000000000e+02
1.223000000000000000e+03
3.250000000000000000e+02
5.270000000000000000e+02
7.300000000000000000e+01
7.210000000000000000e+02
1.093000000000000000e+03
5.160000000000000000e+02
2.510000000000000000e+02
8.830000000000000000e+02
2.100000000000000000e+01
5.800000000000000000e+01
4.430000000000000000e+02
3.730000000000000000e+02
1.218000000000000000e+03
2.820000000000000000e+02
5.630000000000000000e+02
8.070000000000000000e+02
2.010000000000000000e+02
1.360000000000000000e+02
1.700000000000000000e+01
6.500000000000000000e+01
7.600000000000000000e+01
3.920000000000000000e+02
2.510000000000000000e+02
1.590000000000000000e+02
8.300000000000000000e+02
7.340000000000000000e+02
3.320000000000000000e+02
8.200000000000000000e+01
3.200000000000000000e+01
1.720000000000000000e+02
4.840000000000000000e+02
1.250000000000000000e+02
3.440000000000000000e+02
6.500000000000000000e+01
6.870000000000000000e+02
2.070000000000000000e+02
1.980000000000000000e+02
1.680000000000000000e+02
1.100000000000000000e+01
2.320000000000000000e+02
8.800000000000000000e+01
7.000000000000000000e+00
1.030000000000000000e+02
6.200000000000000000e+01
3.600000000000000000e+01
3.800000000000000000e+01
8.700000000000000000e+01
7.900000000000000000e+01
9.200000000000000000e+01
6.000000000000000000e+00
5.000000000000000000e+00
1.480000000000000000e+02
1.300000000000000000e+01
1.900000000000000000e+01
5.300000000000000000e+01
1.900000000000000000e+01
1.800000000000000000e+01
3.100000000000000000e+01
8.000000000000000000e+00
2.000000000000000000e+00
5.700000000000000000e+01
4.400000000000000000e+01
4.300000000000000000e+01
1.000000000000000000e+00
3.100000000000000000e+01
4.900000000000000000e+01
1.300000000000000000e+01
3.200000000000000000e+01
1.200000000000000000e+01
1.900000000000000000e+01
5.000000000000000000e+00
4.300000000000000000e+01
2.000000000000000000e+01
1.100000000000000000e+01
2.000000000000000000e+00
8.000000000000000000e+00
2.000000000000000000e+00
1.000000000000000000e+01
7.000000000000000000e+00
4.000000000000000000e+00
1.500000000000000000e+01
6.000000000000000000e+00
4.000000000000000000e+00
3.000000000000000000e+00
1.000000000000000000e+00
3.000000000000000000e+00
4.000000000000000000e+00
3.000000000000000000e+00
1.000000000000000000e+00
1.000000000000000000e+00
5.000000000000000000e+00
2.000000000000000000e+00
1.000000000000000000e+00
1.000000000000000000e+00
1.000000000000000000e+00
2.000000000000000000e+00
1.000000000000000000e+00
1.000000000000000000e+00
1.000000000000000000e+00
1.000000000000000000e+00
1.000000000000000000e+00
1.000000000000000000e+00
1.000000000000000000e+00
1.000000000000000000e+00
1.000000000000000000e+00
1.000000000000000000e+00
