2.850000000000000000e+02
1.584000000000000000e+03
9.090000000000000000e+02
1.848000000000000000e+03
1.887000000000000000e+03
1.098000000000000000e+03
1.660000000000000000e+03
1.857000000000000000e+03
1.763000000000000000e+03
1.823000000000000000e+03
1.795000000000000000e+03
3.890000000000000000e+02
1.573000000000000000e+03
6.600000000000000000e+02
1.654000000000000000e+03
1.400000000000000000e+03
1.824000000000000000e+03
1.762000000000000000e+03
1.713000000000000000e+03
6.140000000000000000e+02
1.054000000000000000e+03
2.060000000000000000e+02
1.357000000000000000e+03
1.290000000000000000e+03
1.381000000000000000e+03
1.083000000000000000e+03
1.893000000000000000e+03
1.719000000000000000e+03
1.685000000000000000e+03
1.658000000000000000e+03
1.795000000000000000e+03
8.520000000000000000e+02
1.585000000000000000e+03
1.820000000000000000e+03
1.743000000000000000e+03
6.900000000000000000e+01
7.390000000000000000e+02
1.304000000000000000e+03
1.489000000000000000e+03
1.805000000000000000e+03
1.784000000000000000e+03
1.206000000000000000e+03
1.279000000000000000e+03
1.970000000000000000e+02
1.760000000000000000e+03
1.471000000000000000e+03
1.890000000000000000e+03
1.455000000000000000e+03
1.230000000000000000e+03
1.980000000000000000e+02
4.650000000000000000e+02
1.762000000000000000e+03
4.490000000000000000e+02
1.025000000000000000e+03
3.940000000000000000e+02
1.045000000000000000e+03
1.044000000000000000e+03
5.450000000000000000e+02
1.503000000000000000e+03
1.558000000000000000e+03
7.530000000000000000e+02
7.480000000000000000e+02
5.770000000000000000e+02
1.460000000000000000e+02
8.170000000000000000e+02
4.980000000000000000e+02
5.040000000000000000e+02
2.570000000000000000e+02
9.310000000000000000e+02
7.250000000000000000e+02
7.070000000000000000e+02
3.130000000000000000e+02
5.160000000000000000e+02
9.490000000000000000e+02
1.477000000000000000e+03
1.241000000000000000e+03
2.270000000000000000e+02
3.710000000000000000e+02
1.830000000000000000e+02
2.170000000000000000e+02
1.205000000000000000e+03
3.330000000000000000e+02
8.100000000000000000e+02
4.920000000000000000e+02
7.940000000000000000e+02
2.350000000000000000e+02
1.119000000000000000e+03
5.760000000000000000e+02
6.380000000000000000e+02
3.520000000000000000e+02
2.200000000000000000e+01
2.590000000000000000e+02
1.210000000000000000e+02
3.250000000000000000e+02
2.000000000000000000e+02
1.400000000000000000e+02
1.410000000000000000e+02
8.200000000000000000e+01
4.200000000000000000e+01
6.200000000000000000e+01
3.180000000000000000e+02
1.000000000000000000e+01
1.450000000000000000e+02
1.210000000000000000e+02
3.830000000000000000e+02
1.300000000000000000e+02
7.600000000000000000e+01
4.580000000000000000e+02
2.500000000000000000e+01
1.600000000000000000e+01
5.600000000000000000e+01
3.000000000000000000e+01
4.600000000000000000e+01
3.700000000000000000e+01
1.700000000000000000e+01
1.030000000000000000e+02
3.700000000000000000e+01
9.600000000000000000e+01
9.400000000000000000e+01
4.000000000000000000e+00
9.800000000000000000e+01
1.200000000000000000e+01
8.100000000000000000e+01
5.600000000000000000e+01
4.000000000000000000e+00
2.600000000000000000e+01
1.000000000000000000e+00
3.200000000000000000e+01
9.000000000000000000e+01
5.600000000000000000e+01
4.100000000000000000e+01
3.900000000000000000e+01
3.100000000000000000e+01
3.300000000000000000e+01
4.000000000000000000e+00
2.700000000000000000e+01
1.600000000000000000e+01
7.000000000000000000e+00
4.000000000000000000e+00
8.000000000000000000e+00
3.000000000000000000e+00
2.000000000000000000e+00
6.000000000000000000e+00
4.000000000000000000e+00
1.200000000000000000e+01
1.000000000000000000e+00
1.100000000000000000e+01
4.000000000000000000e+00
2.400000000000000000e+01
1.000000000000000000e+00
1.300000000000000000e+01
1.000000000000000000e+00
1.500000000000000000e+01
4.000000000000000000e+00
2.000000000000000000e+00
5.000000000000000000e+00
3.000000000000000000e+00
3.000000000000000000e+00
4.000000000000000000e+00
4.000000000000000000e+00
2.000000000000000000e+00
2.000000000000000000e+00
2.000000000000000000e+00
5.000000000000000000e+00
1.000000000000000000e+00
1.000000000000000000e+00
3.000000000000000000e+00
1.000000000000000000e+00
1.000000000000000000e+00
1.000000000000000000e+00
1.000000000000000000e+00
