1.182000000000000000e+03
1.527000000000000000e+03
1.635000000000000000e+03
3.740000000000000000e+02
1.544000000000000000e+03
1.599000000000000000e+03
7.410000000000000000e+02
1.647000000000000000e+03
1.141000000000000000e+03
1.745000000000000000e+03
1.529000000000000000e+03
1.229000000000000000e+03
1.841000000000000000e+03
1.374000000000000000e+03
1.615000000000000000e+03
1.032000000000000000e+03
3.250000000000000000e+02
1.869000000000000000e+03
1.735000000000000000e+03
8.040000000000000000e+02
6.640000000000000000e+02
1.811000000000000000e+03
7.540000000000000000e+02
5.730000000000000000e+02
1.290000000000000000e+02
1.718000000000000000e+03
9.150000000000000000e+02
1.831000000000000000e+03
4.310000000000000000e+02
1.487000000000000000e+03
8.590000000000000000e+02
1.785000000000000000e+03
1.006000000000000000e+03
1.135000000000000000e+03
9.510000000000000000e+02
2.150000000000000000e+02
1.565000000000000000e+03
8.730000000000000000e+02
1.733000000000000000e+03
1.481000000000000000e+03
1.733000000000000000e+03
1.676000000000000000e+03
1.041000000000000000e+03
1.403000000000000000e+03
3.760000000000000000e+02
1.836000000000000000e+03
9.360000000000000000e+02
1.718000000000000000e+03
1.036000000000000000e+03
1.576000000000000000e+03
1.662000000000000000e+03
2.990000000000000000e+02
3.400000000000000000e+02
4.930000000000000000e+02
1.520000000000000000e+03
1.286000000000000000e+03
1.757000000000000000e+03
3.270000000000000000e+02
2.820000000000000000e+02
9.050000000000000000e+02
1.390000000000000000e+03
1.735000000000000000e+03
1.524000000000000000e+03
1.242000000000000000e+03
2.410000000000000000e+02
5.070000000000000000e+02
8.200000000000000000e+01
5.200000000000000000e+02
1.520000000000000000e+02
1.367000000000000000e+03
1.805000000000000000e+03
1.090000000000000000e+03
2.710000000000000000e+02
7.220000000000000000e+02
3.910000000000000000e+02
5.540000000000000000e+02
1.400000000000000000e+03
2.900000000000000000e+01
4.900000000000000000e+02
1.287000000000000000e+03
1.215000000000000000e+03
2.700000000000000000e+01
1.180000000000000000e+02
5.930000000000000000e+02
1.153000000000000000e+03
7.420000000000000000e+02
4.150000000000000000e+02
7.760000000000000000e+02
5.310000000000000000e+02
5.870000000000000000e+02
1.930000000000000000e+02
4.320000000000000000e+02
8.480000000000000000e+02
7.700000000000000000e+01
1.190000000000000000e+02
2.740000000000000000e+02
3.250000000000000000e+02
1.300000000000000000e+02
1.190000000000000000e+02
2.910000000000000000e+02
7.500000000000000000e+01
1.860000000000000000e+02
7.600000000000000000e+01
9.600000000000000000e+01
2.320000000000000000e+02
1.900000000000000000e+01
1.930000000000000000e+02
7.100000000000000000e+01
1.180000000000000000e+02
2.170000000000000000e+02
1.870000000000000000e+02
2.000000000000000000e+00
6.030000000000000000e+02
3.300000000000000000e+01
5.800000000000000000e+01
1.360000000000000000e+02
6.800000000000000000e+01
1.660000000000000000e+02
1.530000000000000000e+02
4.600000000000000000e+01
2.500000000000000000e+01
6.100000000000000000e+01
3.800000000000000000e+01
5.000000000000000000e+00
9.800000000000000000e+01
5.300000000000000000e+01
2.100000000000000000e+01
1.000000000000000000e+00
9.800000000000000000e+01
2.100000000000000000e+01
1.400000000000000000e+01
2.900000000000000000e+01
6.100000000000000000e+01
2.400000000000000000e+01
1.200000000000000000e+01
1.000000000000000000e+01
1.000000000000000000e+01
1.500000000000000000e+01
9.000000000000000000e+00
6.000000000000000000e+00
2.800000000000000000e+01
4.000000000000000000e+00
5.000000000000000000e+00
1.300000000000000000e+01
1.900000000000000000e+01
3.300000000000000000e+01
6.000000000000000000e+00
6.000000000000000000e+00
3.000000000000000000e+00
1.000000000000000000e+00
3.000000000000000000e+00
3.000000000000000000e+01
2.400000000000000000e+01
8.000000000000000000e+00
1.700000000000000000e+01
2.000000000000000000e+01
9.000000000000000000e+00
2.000000000000000000e+00
8.000000000000000000e+00
1.000000000000000000e+01
1.300000000000000000e+01
1.000000000000000000e+00
3.000000000000000000e+00
1.000000000000000000e+00
1.000000000000000000e+00
4.000000000000000000e+00
3.000000000000000000e+00
1.000000000000000000e+00
1.000000000000000000e+00
1.000000000000000000e+00
1.000000000000000000e+00
1.000000000000000000e+00
1.000000000000000000e+00
1.000000000000000000e+00
1.000000000000000000e+00
1.000000000000000000e+00
