1.111000000000000000e+03
1.365000000000000000e+03
1.724000000000000000e+03
1.713000000000000000e+03
1.046000000000000000e+03
7.730000000000000000e+02
3.150000000000000000e+02
7.120000000000000000e+02
5.610000000000000000e+02
2.210000000000000000e+02
1.622000000000000000e+03
1.702000000000000000e+03
1.716000000000000000e+03
1.428000000000000000e+03
1.679000000000000000e+03
1.510000000000000000e+03
1.752000000000000000e+03
1.744000000000000000e+03
1.662000000000000000e+03
1.449000000000000000e+03
1.803000000000000000e+03
1.213000000000000000e+03
5.000000000000000000e+02
1.039000000000000000e+03
4.400000000000000000e+01
1.516000000000000000e+03
1.345000000000000000e+03
1.738000000000000000e+03
1.610000000000000000e+03
1.789000000000000000e+03
1.229000000000000000e+03
1.258000000000000000e+03
1.329000000000000000e+03
1.170000000000000000e+02
9.160000000000000000e+02
1.663000000000000000e+03
1.830000000000000000e+03
1.151000000000000000e+03
3.690000000000000000e+02
1.560000000000000000e+03
5.350000000000000000e+02
1.473000000000000000e+03
3.410000000000000000e+02
1.725000000000000000e+03
1.276000000000000000e+03
9.430000000000000000e+02
7.190000000000000000e+02
1.760000000000000000e+03
9.190000000000000000e+02
3.390000000000000000e+02
1.571000000000000000e+03
8.080000000000000000e+02
1.050000000000000000e+03
6.100000000000000000e+01
4.100000000000000000e+01
5.040000000000000000e+02
9.930000000000000000e+02
1.160000000000000000e+03
1.188000000000000000e+03
7.500000000000000000e+01
1.531000000000000000e+03
4.660000000000000000e+02
1.655000000000000000e+03
1.749000000000000000e+03
3.500000000000000000e+01
1.113000000000000000e+03
2.720000000000000000e+02
1.764000000000000000e+03
1.782000000000000000e+03
9.410000000000000000e+02
2.650000000000000000e+02
1.427000000000000000e+03
1.398000000000000000e+03
1.767000000000000000e+03
2.350000000000000000e+02
1.776000000000000000e+03
3.200000000000000000e+02
8.190000000000000000e+02
6.320000000000000000e+02
1.390000000000000000e+02
9.300000000000000000e+01
7.850000000000000000e+02
6.250000000000000000e+02
1.070000000000000000e+02
7.330000000000000000e+02
6.390000000000000000e+02
6.590000000000000000e+02
4.200000000000000000e+02
1.220000000000000000e+02
1.920000000000000000e+02
4.730000000000000000e+02
4.040000000000000000e+02
9.300000000000000000e+01
4.870000000000000000e+02
4.010000000000000000e+02
2.250000000000000000e+02
5.000000000000000000e+01
4.100000000000000000e+01
6.330000000000000000e+02
6.470000000000000000e+02
4.000000000000000000e+00
4.190000000000000000e+02
1.600000000000000000e+02
2.480000000000000000e+02
9.740000000000000000e+02
3.120000000000000000e+02
1.570000000000000000e+02
2.860000000000000000e+02
1.000000000000000000e+01
6.200000000000000000e+01
4.200000000000000000e+01
1.720000000000000000e+02
1.810000000000000000e+02
2.150000000000000000e+02
7.500000000000000000e+01
7.500000000000000000e+01
5.600000000000000000e+01
1.500000000000000000e+02
9.900000000000000000e+01
9.000000000000000000e+00
2.800000000000000000e+01
1.420000000000000000e+02
1.040000000000000000e+02
2.400000000000000000e+01
4.600000000000000000e+01
8.000000000000000000e+00
1.100000000000000000e+01
7.000000000000000000e+00
8.200000000000000000e+01
4.900000000000000000e+01
5.500000000000000000e+01
4.600000000000000000e+01
3.500000000000000000e+01
2.700000000000000000e+01
1.030000000000000000e+02
1.500000000000000000e+01
2.500000000000000000e+01
2.500000000000000000e+01
5.000000000000000000e+00
1.500000000000000000e+01
1.600000000000000000e+01
5.000000000000000000e+00
4.000000000000000000e+00
2.000000000000000000e+00
1.000000000000000000e+01
2.000000000000000000e+00
1.800000000000000000e+01
2.000000000000000000e+00
1.200000000000000000e+01
2.500000000000000000e+01
2.000000000000000000e+01
8.000000000000000000e+00
5.000000000000000000e+00
2.300000000000000000e+01
1.000000000000000000e+00
3.000000000000000000e+00
2.000000000000000000e+00
5.000000000000000000e+00
3.000000000000000000e+00
4.000000000000000000e+00
4.000000000000000000e+00
1.600000000000000000e+01
5.000000000000000000e+00
4.000000000000000000e+00
3.000000000000000000e+00
2.000000000000000000e+00
1.000000000000000000e+00
2.000000000000000000e+00
3.000000000000000000e+00
3.000000000000000000e+00
1.000000000000000000e+00
1.000000000000000000e+00
1.000000000000000000e+00
1.000000000000000000e+00
1.000000000000000000e+00
2.000000000000000000e+00
1.000000000000000000e+00
1.000000000000000000e+00
