1.458000000000000000e+03
1.615000000000000000e+03
1.176000000000000000e+03
1.465000000000000000e+03
1.624000000000000000e+03
1.442000000000000000e+03
1.443000000000000000e+03
1.620000000000000000e+03
8.800000000000000000e+02
1.426000000000000000e+03
1.491000000000000000e+03
1.278000000000000000e+03
1.451000000000000000e+03
1.580000000000000000e+03
1.574000000000000000e+03
1.702000000000000000e+03
1.639000000000000000e+03
1.291000000000000000e+03
2.010000000000000000e+02
1.656000000000000000e+03
1.540000000000000000e+03
1.612000000000000000e+03
1.217000000000000000e+03
1.633000000000000000e+03
8.370000000000000000e+02
1.765000000000000000e+03
1.594000000000000000e+03
9.560000000000000000e+02
2.630000000000000000e+02
2.050000000000000000e+02
1.380000000000000000e+03
4.770000000000000000e+02
1.501000000000000000e+03
2.750000000000000000e+02
1.595000000000000000e+03
5.670000000000000000e+02
9.430000000000000000e+02
1.046000000000000000e+03
1.702000000000000000e+03
3.780000000000000000e+02
1.492000000000000000e+03
1.270000000000000000e+03
1.086000000000000000e+03
1.616000000000000000e+03
8.960000000000000000e+02
1.216000000000000000e+03
1.218000000000000000e+03
1.107000000000000000e+03
4.330000000000000000e+02
3.900000000000000000e+02
2.650000000000000000e+02
1.406000000000000000e+03
6.840000000000000000e+02
3.690000000000000000e+02
1.175000000000000000e+03
1.810000000000000000e+02
1.003000000000000000e+03
1.221000000000000000e+03
2.980000000000000000e+02
8.220000000000000000e+02
9.520000000000000000e+02
6.110000000000000000e+02
1.039000000000000000e+03
6.820000000000000000e+02
5.270000000000000000e+02
2.980000000000000000e+02
1.406000000000000000e+03
7.010000000000000000e+02
1.618000000000000000e+03
5.750000000000000000e+02
7.950000000000000000e+02
3.080000000000000000e+02
1.118000000000000000e+03
6.130000000000000000e+02
9.500000000000000000e+02
6.140000000000000000e+02
1.547000000000000000e+03
8.800000000000000000e+01
4.020000000000000000e+02
1.557000000000000000e+03
5.710000000000000000e+02
1.620000000000000000e+02
1.121000000000000000e+03
1.030000000000000000e+02
1.410000000000000000e+02
7.810000000000000000e+02
8.090000000000000000e+02
3.610000000000000000e+02
5.070000000000000000e+02
6.020000000000000000e+02
3.530000000000000000e+02
4.390000000000000000e+02
2.300000000000000000e+01
6.000000000000000000e+01
5.880000000000000000e+02
2.190000000000000000e+02
2.020000000000000000e+02
1.007000000000000000e+03
1.533000000000000000e+03
7.540000000000000000e+02
3.660000000000000000e+02
4.530000000000000000e+02
7.550000000000000000e+02
2.030000000000000000e+02
5.900000000000000000e+01
7.000000000000000000e+01
1.860000000000000000e+02
1.840000000000000000e+02
7.300000000000000000e+01
1.100000000000000000e+01
1.190000000000000000e+02
2.670000000000000000e+02
5.000000000000000000e+00
1.040000000000000000e+02
8.500000000000000000e+01
3.400000000000000000e+01
8.600000000000000000e+01
1.020000000000000000e+02
4.500000000000000000e+01
1.650000000000000000e+02
2.500000000000000000e+01
1.730000000000000000e+02
3.000000000000000000e+00
4.500000000000000000e+01
7.000000000000000000e+00
8.800000000000000000e+01
1.190000000000000000e+02
4.300000000000000000e+01
3.800000000000000000e+01
1.100000000000000000e+02
2.500000000000000000e+01
1.900000000000000000e+01
9.800000000000000000e+01
1.300000000000000000e+01
2.270000000000000000e+02
4.130000000000000000e+02
3.100000000000000000e+01
5.800000000000000000e+01
3.200000000000000000e+01
1.600000000000000000e+01
9.000000000000000000e+00
1.170000000000000000e+02
4.600000000000000000e+01
6.000000000000000000e+00
2.400000000000000000e+01
8.000000000000000000e+01
2.300000000000000000e+01
2.500000000000000000e+01
2.300000000000000000e+01
2.300000000000000000e+01
9.000000000000000000e+00
2.000000000000000000e+00
3.800000000000000000e+01
5.000000000000000000e+00
3.000000000000000000e+00
2.000000000000000000e+00
3.200000000000000000e+01
6.000000000000000000e+00
3.000000000000000000e+00
1.300000000000000000e+01
1.300000000000000000e+01
1.000000000000000000e+00
2.700000000000000000e+01
5.000000000000000000e+00
5.000000000000000000e+00
1.300000000000000000e+01
6.000000000000000000e+00
2.000000000000000000e+00
2.000000000000000000e+00
3.300000000000000000e+01
9.000000000000000000e+00
6.000000000000000000e+00
4.000000000000000000e+00
5.000000000000000000e+00
2.000000000000000000e+00
1.300000000000000000e+01
3.000000000000000000e+00
4.000000000000000000e+00
6.000000000000000000e+00
1.000000000000000000e+00
1.000000000000000000e+00
3.000000000000000000e+00
1.000000000000000000e+00
3.000000000000000000e+00
1.000000000000000000e+00
1.000000000000000000e+00
3.000000000000000000e+00
