1.784000000000000000e+03
1.590000000000000000e+02
5.890000000000000000e+02
1.992000000000000000e+03
1.718000000000000000e+03
1.281000000000000000e+03
1.970000000000000000e+03
1.757000000000000000e+03
2.010000000000000000e+03
5.190000000000000000e+02
9.580000000000000000e+02
3.290000000000000000e+02
1.441000000000000000e+03
4.390000000000000000e+02
1.883000000000000000e+03
8.650000000000000000e+02
2.060000000000000000e+02
5.000000000000000000e+01
7.870000000000000000e+02
1.204000000000000000e+03
2.086000000000000000e+03
2.019000000000000000e+03
2.022000000000000000e+03
8.580000000000000000e+02
9.250000000000000000e+02
1.539000000000000000e+03
2.035000000000000000e+03
4.810000000000000000e+02
3.270000000000000000e+02
6.300000000000000000e+02
3.830000000000000000e+02
2.047000000000000000e+03
1.204000000000000000e+03
2.044000000000000000e+03
1.281000000000000000e+03
1.283000000000000000e+03
1.411000000000000000e+03
6.950000000000000000e+02
1.783000000000000000e+03
7.540000000000000000e+02
1.644000000000000000e+03
1.918000000000000000e+03
1.626000000000000000e+03
5.740000000000000000e+02
1.146000000000000000e+03
1.386000000000000000e+03
3.010000000000000000e+02
5.540000000000000000e+02
2.077000000000000000e+03
1.847000000000000000e+03
1.583000000000000000e+03
1.946000000000000000e+03
8.600000000000000000e+02
1.591000000000000000e+03
8.200000000000000000e+01
2.016000000000000000e+03
3.260000000000000000e+02
1.856000000000000000e+03
1.854000000000000000e+03
2.004000000000000000e+03
1.015000000000000000e+03
8.250000000000000000e+02
1.535000000000000000e+03
9.970000000000000000e+02
1.003000000000000000e+03
6.000000000000000000e+00
2.900000000000000000e+01
1.834000000000000000e+03
1.452000000000000000e+03
1.664000000000000000e+03
2.250000000000000000e+02
8.200000000000000000e+01
1.298000000000000000e+03
1.800000000000000000e+03
7.260000000000000000e+02
1.700000000000000000e+02
2.090000000000000000e+02
2.550000000000000000e+02
4.840000000000000000e+02
6.150000000000000000e+02
1.390000000000000000e+02
2.820000000000000000e+02
3.740000000000000000e+02
1.160000000000000000e+03
1.070000000000000000e+02
2.710000000000000000e+02
6.180000000000000000e+02
1.124000000000000000e+03
4.570000000000000000e+02
9.310000000000000000e+02
3.890000000000000000e+02
8.900000000000000000e+01
6.000000000000000000e+00
5.900000000000000000e+01
2.900000000000000000e+01
2.040000000000000000e+02
1.490000000000000000e+02
2.300000000000000000e+01
4.500000000000000000e+01
3.950000000000000000e+02
9.000000000000000000e+00
2.190000000000000000e+02
3.110000000000000000e+02
7.200000000000000000e+01
1.150000000000000000e+02
1.600000000000000000e+01
4.900000000000000000e+01
1.800000000000000000e+01
9.000000000000000000e+01
4.600000000000000000e+01
4.900000000000000000e+01
1.130000000000000000e+02
1.050000000000000000e+02
2.000000000000000000e+00
7.900000000000000000e+01
1.240000000000000000e+02
1.510000000000000000e+02
1.400000000000000000e+01
2.000000000000000000e+00
7.000000000000000000e+00
4.200000000000000000e+01
7.000000000000000000e+01
1.100000000000000000e+01
2.000000000000000000e+00
3.000000000000000000e+00
2.500000000000000000e+01
1.200000000000000000e+01
4.300000000000000000e+01
1.800000000000000000e+01
2.200000000000000000e+01
6.000000000000000000e+00
9.000000000000000000e+00
1.400000000000000000e+01
2.000000000000000000e+00
1.000000000000000000e+01
2.800000000000000000e+01
3.000000000000000000e+00
3.000000000000000000e+00
1.700000000000000000e+01
3.000000000000000000e+00
5.000000000000000000e+00
4.000000000000000000e+00
2.000000000000000000e+00
1.000000000000000000e+00
3.000000000000000000e+00
1.000000000000000000e+00
1.100000000000000000e+01
2.000000000000000000e+00
1.000000000000000000e+00
1.000000000000000000e+00
1.000000000000000000e+00
6.000000000000000000e+00
1.000000000000000000e+00
1.000000000000000000e+00
2.000000000000000000e+00
1.000000000000000000e+00
1.000000000000000000e+00
2.000000000000000000e+00
4.000000000000000000e+00
1.000000000000000000e+00
1.000000000000000000e+00
