1.124000000000000000e+03
7.260000000000000000e+02
7.930000000000000000e+02
8.770000000000000000e+02
1.444000000000000000e+03
1.546000000000000000e+03
1.105000000000000000e+03
4.250000000000000000e+02
1.447000000000000000e+03
1.200000000000000000e+03
1.263000000000000000e+03
1.317000000000000000e+03
1.390000000000000000e+02
1.163000000000000000e+03
1.569000000000000000e+03
1.072000000000000000e+03
8.770000000000000000e+02
3.870000000000000000e+02
1.148000000000000000e+03
1.078000000000000000e+03
1.517000000000000000e+03
1.624000000000000000e+03
1.516000000000000000e+03
1.320000000000000000e+03
6.890000000000000000e+02
9.290000000000000000e+02
9.820000000000000000e+02
1.569000000000000000e+03
1.423000000000000000e+03
5.570000000000000000e+02
8.700000000000000000e+02
1.526000000000000000e+03
1.519000000000000000e+03
7.700000000000000000e+02
1.568000000000000000e+03
5.540000000000000000e+02
4.700000000000000000e+02
1.371000000000000000e+03
6.370000000000000000e+02
1.251000000000000000e+03
1.432000000000000000e+03
1.544000000000000000e+03
1.230000000000000000e+03
9.600000000000000000e+01
1.840000000000000000e+02
1.504000000000000000e+03
2.460000000000000000e+02
6.680000000000000000e+02
4.370000000000000000e+02
1.468000000000000000e+03
1.355000000000000000e+03
8.100000000000000000e+01
1.472000000000000000e+03
9.520000000000000000e+02
6.130000000000000000e+02
2.180000000000000000e+02
5.910000000000000000e+02
1.037000000000000000e+03
9.360000000000000000e+02
1.350000000000000000e+03
1.423000000000000000e+03
1.256000000000000000e+03
8.700000000000000000e+01
1.428000000000000000e+03
1.557000000000000000e+03
1.036000000000000000e+03
4.770000000000000000e+02
6.990000000000000000e+02
1.391000000000000000e+03
7.720000000000000000e+02
1.486000000000000000e+03
1.559000000000000000e+03
1.394000000000000000e+03
8.230000000000000000e+02
1.402000000000000000e+03
2.440000000000000000e+02
1.154000000000000000e+03
4.500000000000000000e+02
3.110000000000000000e+02
1.220000000000000000e+02
3.400000000000000000e+02
1.024000000000000000e+03
8.470000000000000000e+02
4.680000000000000000e+02
2.590000000000000000e+02
5.800000000000000000e+02
2.040000000000000000e+02
3.100000000000000000e+02
1.313000000000000000e+03
2.250000000000000000e+02
1.190000000000000000e+02
2.700000000000000000e+02
8.300000000000000000e+02
1.513000000000000000e+03
3.180000000000000000e+02
6.190000000000000000e+02
3.940000000000000000e+02
7.800000000000000000e+01
8.500000000000000000e+02
3.590000000000000000e+02
9.950000000000000000e+02
1.570000000000000000e+02
1.021000000000000000e+03
4.890000000000000000e+02
2.220000000000000000e+02
1.780000000000000000e+02
1.260000000000000000e+02
4.630000000000000000e+02
5.860000000000000000e+02
1.340000000000000000e+02
7.500000000000000000e+01
4.200000000000000000e+01
1.040000000000000000e+02
7.700000000000000000e+01
2.990000000000000000e+02
5.710000000000000000e+02
1.200000000000000000e+02
3.660000000000000000e+02
1.550000000000000000e+02
1.070000000000000000e+02
1.010000000000000000e+02
3.740000000000000000e+02
3.300000000000000000e+01
7.000000000000000000e+01
2.470000000000000000e+02
4.100000000000000000e+01
1.580000000000000000e+02
1.290000000000000000e+02
2.810000000000000000e+02
1.890000000000000000e+02
4.400000000000000000e+01
1.800000000000000000e+01
9.000000000000000000e+00
2.000000000000000000e+01
1.840000000000000000e+02
3.500000000000000000e+01
7.000000000000000000e+01
1.300000000000000000e+01
1.700000000000000000e+01
4.000000000000000000e+00
1.000000000000000000e+01
3.100000000000000000e+01
9.000000000000000000e+00
1.500000000000000000e+01
4.100000000000000000e+01
9.000000000000000000e+00
7.000000000000000000e+01
4.900000000000000000e+01
3.200000000000000000e+01
9.000000000000000000e+00
6.000000000000000000e+00
5.600000000000000000e+01
3.800000000000000000e+01
4.100000000000000000e+01
6.500000000000000000e+01
8.000000000000000000e+00
2.200000000000000000e+01
1.300000000000000000e+01
2.000000000000000000e+01
2.800000000000000000e+01
2.700000000000000000e+01
5.500000000000000000e+01
2.400000000000000000e+01
3.700000000000000000e+01
6.000000000000000000e+00
1.000000000000000000e+00
9.000000000000000000e+00
3.000000000000000000e+00
5.000000000000000000e+00
2.000000000000000000e+00
3.000000000000000000e+00
2.100000000000000000e+01
1.000000000000000000e+01
1.600000000000000000e+01
7.000000000000000000e+00
3.000000000000000000e+00
1.000000000000000000e+01
1.900000000000000000e+01
1.500000000000000000e+01
7.000000000000000000e+00
4.000000000000000000e+00
1.000000000000000000e+00
2.000000000000000000e+00
1.000000000000000000e+00
1.000000000000000000e+01
6.000000000000000000e+00
4.000000000000000000e+00
2.000000000000000000e+00
2.000000000000000000e+00
1.000000000000000000e+00
4.000000000000000000e+00
2.000000000000000000e+00
2.000000000000000000e+00
1.000000000000000000e+00
1.000000000000000000e+00
6.000000000000000000e+00
1.000000000000000000e+00
2.000000000000000000e+00
2.000000000000000000e+00
1.000000000000000000e+00
1.000000000000000000e+00
1.000000000000000000e+00
