1.501000000000000000e+03
1.718000000000000000e+03
1.745000000000000000e+03
1.674000000000000000e+03
1.709000000000000000e+03
1.199000000000000000e+03
1.282000000000000000e+03
1.651000000000000000e+03
1.332000000000000000e+03
9.900000000000000000e+01
7.650000000000000000e+02
1.572000000000000000e+03
9.360000000000000000e+02
7.470000000000000000e+02
1.092000000000000000e+03
5.160000000000000000e+02
1.714000000000000000e+03
4.960000000000000000e+02
1.681000000000000000e+03
1.719000000000000000e+03
1.387000000000000000e+03
1.700000000000000000e+03
1.772000000000000000e+03
1.638000000000000000e+03
6.250000000000000000e+02
7.470000000000000000e+02
1.725000000000000000e+03
1.593000000000000000e+03
1.668000000000000000e+03
1.715000000000000000e+03
1.614000000000000000e+03
6.190000000000000000e+02
1.543000000000000000e+03
1.461000000000000000e+03
1.570000000000000000e+03
1.766000000000000000e+03
1.014000000000000000e+03
3.300000000000000000e+01
1.081000000000000000e+03
1.377000000000000000e+03
7.160000000000000000e+02
4.370000000000000000e+02
1.510000000000000000e+03
1.152000000000000000e+03
1.350000000000000000e+03
5.920000000000000000e+02
1.738000000000000000e+03
1.747000000000000000e+03
5.500000000000000000e+01
2.300000000000000000e+02
1.201000000000000000e+03
9.400000000000000000e+01
1.481000000000000000e+03
4.920000000000000000e+02
1.279000000000000000e+03
4.110000000000000000e+02
1.055000000000000000e+03
1.166000000000000000e+03
1.421000000000000000e+03
7.250000000000000000e+02
1.445000000000000000e+03
4.590000000000000000e+02
3.780000000000000000e+02
1.550000000000000000e+02
5.690000000000000000e+02
8.960000000000000000e+02
4.910000000000000000e+02
5.000000000000000000e+01
1.707000000000000000e+03
1.490000000000000000e+02
1.054000000000000000e+03
1.240000000000000000e+02
2.960000000000000000e+02
1.138000000000000000e+03
2.950000000000000000e+02
2.980000000000000000e+02
8.940000000000000000e+02
6.090000000000000000e+02
6.590000000000000000e+02
8.860000000000000000e+02
6.380000000000000000e+02
1.310000000000000000e+02
5.840000000000000000e+02
9.740000000000000000e+02
1.220000000000000000e+02
6.400000000000000000e+01
8.400000000000000000e+01
2.750000000000000000e+02
4.600000000000000000e+02
8.310000000000000000e+02
3.120000000000000000e+02
1.195000000000000000e+03
6.500000000000000000e+01
8.100000000000000000e+01
9.380000000000000000e+02
1.990000000000000000e+02
7.510000000000000000e+02
1.267000000000000000e+03
3.590000000000000000e+02
1.217000000000000000e+03
2.230000000000000000e+02
4.330000000000000000e+02
1.551000000000000000e+03
1.590000000000000000e+02
4.000000000000000000e+01
8.900000000000000000e+01
4.400000000000000000e+01
1.880000000000000000e+02
2.340000000000000000e+02
1.640000000000000000e+02
2.060000000000000000e+02
3.890000000000000000e+02
2.080000000000000000e+02
5.900000000000000000e+01
3.300000000000000000e+01
3.700000000000000000e+02
7.400000000000000000e+01
3.100000000000000000e+02
1.600000000000000000e+01
3.400000000000000000e+01
1.580000000000000000e+02
8.500000000000000000e+01
1.510000000000000000e+02
2.090000000000000000e+02
1.800000000000000000e+01
1.030000000000000000e+02
2.500000000000000000e+01
2.000000000000000000e+00
5.900000000000000000e+01
5.500000000000000000e+01
4.400000000000000000e+01
2.500000000000000000e+01
4.000000000000000000e+01
3.900000000000000000e+01
7.000000000000000000e+00
3.000000000000000000e+01
1.700000000000000000e+01
6.100000000000000000e+01
1.900000000000000000e+01
1.000000000000000000e+01
4.700000000000000000e+01
2.200000000000000000e+01
2.000000000000000000e+00
1.200000000000000000e+01
9.000000000000000000e+00
3.000000000000000000e+00
3.000000000000000000e+00
1.000000000000000000e+01
1.000000000000000000e+01
1.400000000000000000e+01
6.000000000000000000e+00
1.800000000000000000e+01
1.300000000000000000e+01
3.000000000000000000e+00
6.000000000000000000e+00
4.000000000000000000e+00
8.000000000000000000e+00
1.000000000000000000e+00
1.300000000000000000e+01
1.000000000000000000e+00
1.400000000000000000e+01
9.000000000000000000e+00
5.000000000000000000e+00
5.000000000000000000e+00
4.000000000000000000e+00
1.000000000000000000e+00
2.000000000000000000e+00
1.000000000000000000e+00
1.000000000000000000e+00
2.000000000000000000e+00
2.000000000000000000e+00
3.000000000000000000e+00
1.000000000000000000e+00
1.000000000000000000e+00
1.000000000000000000e+00
1.000000000000000000e+00
3.000000000000000000e+00
2.000000000000000000e+00
1.000000000000000000e+00
1.000000000000000000e+00
1.000000000000000000e+00
1.000000000000000000e+00
2.000000000000000000e+00
1.000000000000000000e+00
1.000000000000000000e+00
1.000000000000000000e+00
