2.520000000000000000e+02
1.079000000000000000e+03
1.714000000000000000e+03
1.484000000000000000e+03
1.479000000000000000e+03
1.844000000000000000e+03
1.348000000000000000e+03
1.535000000000000000e+03
1.569000000000000000e+03
6.570000000000000000e+02
6.010000000000000000e+02
1.229000000000000000e+03
1.577000000000000000e+03
1.769000000000000000e+03
9.870000000000000000e+02
1.688000000000000000e+03
1.782000000000000000e+03
8.680000000000000000e+02
1.279000000000000000e+03
9.690000000000000000e+02
1.822000000000000000e+03
1.814000000000000000e+03
1.741000000000000000e+03
7.970000000000000000e+02
1.153000000000000000e+03
4.820000000000000000e+02
2.380000000000000000e+02
1.275000000000000000e+03
4.880000000000000000e+02
1.308000000000000000e+03
9.820000000000000000e+02
1.405000000000000000e+03
4.310000000000000000e+02
4.090000000000000000e+02
5.250000000000000000e+02
1.261000000000000000e+03
1.730000000000000000e+03
1.088000000000000000e+03
5.420000000000000000e+02
1.627000000000000000e+03
6.420000000000000000e+02
6.770000000000000000e+02
1.770000000000000000e+03
8.400000000000000000e+01
1.342000000000000000e+03
1.563000000000000000e+03
1.380000000000000000e+03
1.654000000000000000e+03
1.675000000000000000e+03
1.482000000000000000e+03
1.811000000000000000e+03
1.244000000000000000e+03
6.000000000000000000e+02
1.044000000000000000e+03
1.235000000000000000e+03
1.760000000000000000e+03
1.025000000000000000e+03
9.270000000000000000e+02
3.090000000000000000e+02
2.380000000000000000e+02
1.990000000000000000e+02
6.860000000000000000e+02
1.677000000000000000e+03
1.190000000000000000e+02
8.980000000000000000e+02
7.470000000000000000e+02
1.757000000000000000e+03
1.645000000000000000e+03
1.553000000000000000e+03
1.369000000000000000e+03
5.550000000000000000e+02
2.780000000000000000e+02
1.805000000000000000e+03
9.000000000000000000e+00
1.500000000000000000e+03
3.060000000000000000e+02
7.940000000000000000e+02
2.400000000000000000e+01
1.373000000000000000e+03
7.920000000000000000e+02
4.070000000000000000e+02
4.200000000000000000e+02
1.752000000000000000e+03
3.210000000000000000e+02
1.990000000000000000e+02
1.010000000000000000e+02
7.510000000000000000e+02
4.470000000000000000e+02
4.720000000000000000e+02
7.620000000000000000e+02
1.560000000000000000e+02
1.570000000000000000e+02
6.200000000000000000e+02
2.870000000000000000e+02
2.670000000000000000e+02
1.430000000000000000e+02
1.500000000000000000e+02
3.630000000000000000e+02
5.500000000000000000e+01
8.000000000000000000e+00
3.960000000000000000e+02
1.061000000000000000e+03
3.100000000000000000e+01
2.740000000000000000e+02
3.350000000000000000e+02
1.060000000000000000e+02
1.230000000000000000e+02
1.070000000000000000e+02
3.190000000000000000e+02
1.660000000000000000e+02
1.350000000000000000e+02
6.700000000000000000e+01
6.300000000000000000e+01
5.300000000000000000e+01
4.000000000000000000e+00
9.000000000000000000e+01
5.200000000000000000e+01
8.500000000000000000e+01
1.500000000000000000e+02
8.000000000000000000e+00
2.400000000000000000e+01
1.520000000000000000e+02
4.600000000000000000e+01
1.560000000000000000e+02
1.700000000000000000e+01
2.600000000000000000e+01
2.200000000000000000e+01
4.600000000000000000e+01
7.500000000000000000e+01
2.500000000000000000e+01
1.700000000000000000e+01
1.200000000000000000e+01
1.000000000000000000e+01
4.300000000000000000e+01
1.000000000000000000e+00
5.200000000000000000e+01
2.200000000000000000e+01
2.900000000000000000e+01
1.500000000000000000e+01
6.000000000000000000e+00
5.600000000000000000e+01
2.100000000000000000e+01
3.800000000000000000e+01
1.400000000000000000e+01
6.500000000000000000e+01
2.000000000000000000e+00
1.500000000000000000e+01
1.000000000000000000e+01
7.000000000000000000e+00
2.000000000000000000e+00
2.900000000000000000e+01
3.000000000000000000e+00
1.200000000000000000e+01
1.100000000000000000e+01
1.000000000000000000e+00
2.000000000000000000e+00
5.000000000000000000e+00
8.000000000000000000e+00
8.000000000000000000e+00
7.000000000000000000e+00
1.200000000000000000e+01
6.000000000000000000e+00
8.000000000000000000e+00
4.000000000000000000e+00
1.000000000000000000e+00
2.000000000000000000e+00
1.000000000000000000e+00
1.000000000000000000e+00
1.000000000000000000e+00
1.000000000000000000e+00
4.000000000000000000e+00
1.000000000000000000e+00
1.000000000000000000e+00
1.000000000000000000e+00
2.000000000000000000e+00
1.000000000000000000e+00
1.000000000000000000e+00
1.000000000000000000e+00
