2.530000000000000000e+02
1.096000000000000000e+03
1.612000000000000000e+03
1.587000000000000000e+03
2.240000000000000000e+02
1.514000000000000000e+03
1.727000000000000000e+03
6.140000000000000000e+02
1.383000000000000000e+03
1.379000000000000000e+03
1.144000000000000000e+03
5.070000000000000000e+02
1.458000000000000000e+03
1.183000000000000000e+03
1.472000000000000000e+03
1.681000000000000000e+03
1.536000000000000000e+03
9.870000000000000000e+02
8.440000000000000000e+02
7.220000000000000000e+02
1.697000000000000000e+03
1.276000000000000000e+03
9.680000000000000000e+02
1.440000000000000000e+03
1.662000000000000000e+03
1.673000000000000000e+03
1.747000000000000000e+03
1.716000000000000000e+03
8.670000000000000000e+02
1.609000000000000000e+03
4.730000000000000000e+02
1.103000000000000000e+03
1.472000000000000000e+03
1.317000000000000000e+03
2.060000000000000000e+02
4.400000000000000000e+01
6.030000000000000000e+02
1.720000000000000000e+03
5.790000000000000000e+02
1.517000000000000000e+03
3.570000000000000000e+02
5.000000000000000000e+02
1.634000000000000000e+03
6.360000000000000000e+02
1.150000000000000000e+03
5.220000000000000000e+02
1.510000000000000000e+03
7.950000000000000000e+02
9.160000000000000000e+02
1.400000000000000000e+01
3.810000000000000000e+02
1.623000000000000000e+03
1.363000000000000000e+03
1.615000000000000000e+03
2.690000000000000000e+02
3.240000000000000000e+02
1.123000000000000000e+03
1.181000000000000000e+03
4.070000000000000000e+02
7.380000000000000000e+02
9.040000000000000000e+02
1.298000000000000000e+03
1.516000000000000000e+03
3.800000000000000000e+01
1.179000000000000000e+03
1.230000000000000000e+02
1.610000000000000000e+02
1.681000000000000000e+03
1.329000000000000000e+03
9.360000000000000000e+02
1.016000000000000000e+03
6.720000000000000000e+02
1.437000000000000000e+03
1.260000000000000000e+02
6.010000000000000000e+02
1.538000000000000000e+03
2.510000000000000000e+02
3.830000000000000000e+02
1.014000000000000000e+03
3.120000000000000000e+02
1.698000000000000000e+03
2.600000000000000000e+01
1.180000000000000000e+03
3.420000000000000000e+02
1.281000000000000000e+03
8.020000000000000000e+02
1.671000000000000000e+03
6.800000000000000000e+01
1.090000000000000000e+02
6.680000000000000000e+02
9.900000000000000000e+01
2.480000000000000000e+02
1.668000000000000000e+03
5.890000000000000000e+02
8.920000000000000000e+02
1.370000000000000000e+02
8.670000000000000000e+02
7.900000000000000000e+01
2.990000000000000000e+02
3.950000000000000000e+02
4.360000000000000000e+02
4.690000000000000000e+02
2.480000000000000000e+02
3.730000000000000000e+02
1.860000000000000000e+02
1.470000000000000000e+02
9.500000000000000000e+01
7.820000000000000000e+02
1.790000000000000000e+02
2.290000000000000000e+02
3.600000000000000000e+01
2.300000000000000000e+01
1.080000000000000000e+02
1.490000000000000000e+02
6.400000000000000000e+01
1.620000000000000000e+02
3.970000000000000000e+02
2.250000000000000000e+02
1.130000000000000000e+02
8.300000000000000000e+01
5.560000000000000000e+02
1.820000000000000000e+02
2.200000000000000000e+01
9.700000000000000000e+01
2.180000000000000000e+02
7.300000000000000000e+01
9.600000000000000000e+01
5.500000000000000000e+01
6.000000000000000000e+00
1.900000000000000000e+01
9.000000000000000000e+00
2.800000000000000000e+01
3.900000000000000000e+01
1.420000000000000000e+02
1.000000000000000000e+00
5.200000000000000000e+01
7.000000000000000000e+00
6.100000000000000000e+01
4.400000000000000000e+01
3.000000000000000000e+00
4.500000000000000000e+01
2.200000000000000000e+01
3.000000000000000000e+01
1.700000000000000000e+01
1.000000000000000000e+00
3.200000000000000000e+01
5.000000000000000000e+00
5.400000000000000000e+01
2.400000000000000000e+01
2.200000000000000000e+01
1.400000000000000000e+01
1.100000000000000000e+01
1.500000000000000000e+01
3.900000000000000000e+01
1.000000000000000000e+00
2.000000000000000000e+00
3.000000000000000000e+00
1.000000000000000000e+01
2.300000000000000000e+01
1.100000000000000000e+01
7.000000000000000000e+00
1.000000000000000000e+00
7.000000000000000000e+00
3.000000000000000000e+00
9.000000000000000000e+00
1.500000000000000000e+01
1.000000000000000000e+01
2.000000000000000000e+00
5.000000000000000000e+00
3.000000000000000000e+00
2.000000000000000000e+00
6.000000000000000000e+00
4.000000000000000000e+00
4.000000000000000000e+00
3.000000000000000000e+00
1.000000000000000000e+00
3.000000000000000000e+00
1.000000000000000000e+00
4.000000000000000000e+00
3.000000000000000000e+00
1.000000000000000000e+00
1.000000000000000000e+00
1.000000000000000000e+00
1.000000000000000000e+00
3.000000000000000000e+00
1.000000000000000000e+00
1.000000000000000000e+00
