1.578000000000000000e+03
6.110000000000000000e+02
8.130000000000000000e+02
8.820000000000000000e+02
1.216000000000000000e+03
1.717000000000000000e+03
1.652000000000000000e+03
4.340000000000000000e+02
1.344000000000000000e+03
1.249000000000000000e+03
1.420000000000000000e+03
5.070000000000000000e+02
1.606000000000000000e+03
1.501000000000000000e+03
1.476000000000000000e+03
1.264000000000000000e+03
2.300000000000000000e+02
8.870000000000000000e+02
8.710000000000000000e+02
1.633000000000000000e+03
1.523000000000000000e+03
8.820000000000000000e+02
1.451000000000000000e+03
1.089000000000000000e+03
1.021000000000000000e+03
1.677000000000000000e+03
1.393000000000000000e+03
5.610000000000000000e+02
6.900000000000000000e+02
1.452000000000000000e+03
1.733000000000000000e+03
1.630000000000000000e+02
1.706000000000000000e+03
8.000000000000000000e+01
7.600000000000000000e+02
1.392000000000000000e+03
9.910000000000000000e+02
1.153000000000000000e+03
5.980000000000000000e+02
4.540000000000000000e+02
1.684000000000000000e+03
7.820000000000000000e+02
9.700000000000000000e+02
2.860000000000000000e+02
1.602000000000000000e+03
7.200000000000000000e+02
1.668000000000000000e+03
1.527000000000000000e+03
2.080000000000000000e+02
4.350000000000000000e+02
1.548000000000000000e+03
1.138000000000000000e+03
1.047000000000000000e+03
2.000000000000000000e+00
1.739000000000000000e+03
1.594000000000000000e+03
1.370000000000000000e+02
1.247000000000000000e+03
1.722000000000000000e+03
3.240000000000000000e+02
1.221000000000000000e+03
1.721000000000000000e+03
6.990000000000000000e+02
1.309000000000000000e+03
5.130000000000000000e+02
1.160000000000000000e+03
2.290000000000000000e+02
1.374000000000000000e+03
1.582000000000000000e+03
1.704000000000000000e+03
1.203000000000000000e+03
7.900000000000000000e+01
1.106000000000000000e+03
4.750000000000000000e+02
6.530000000000000000e+02
1.644000000000000000e+03
3.700000000000000000e+02
1.615000000000000000e+03
1.015000000000000000e+03
1.120000000000000000e+02
8.460000000000000000e+02
4.860000000000000000e+02
1.501000000000000000e+03
1.584000000000000000e+03
5.460000000000000000e+02
9.300000000000000000e+02
6.480000000000000000e+02
1.420000000000000000e+02
8.400000000000000000e+02
5.870000000000000000e+02
7.800000000000000000e+01
3.130000000000000000e+02
7.820000000000000000e+02
3.460000000000000000e+02
1.490000000000000000e+02
3.800000000000000000e+01
1.650000000000000000e+02
2.330000000000000000e+02
4.300000000000000000e+01
2.910000000000000000e+02
4.120000000000000000e+02
1.000000000000000000e+01
2.500000000000000000e+02
2.200000000000000000e+01
3.600000000000000000e+02
1.930000000000000000e+02
1.250000000000000000e+02
4.410000000000000000e+02
1.950000000000000000e+02
8.200000000000000000e+01
1.270000000000000000e+02
4.230000000000000000e+02
2.820000000000000000e+02
6.000000000000000000e+00
4.700000000000000000e+01
6.000000000000000000e+00
5.100000000000000000e+01
1.910000000000000000e+02
1.320000000000000000e+02
6.000000000000000000e+01
6.200000000000000000e+01
2.930000000000000000e+02
5.800000000000000000e+01
3.610000000000000000e+02
1.410000000000000000e+02
8.300000000000000000e+01
7.900000000000000000e+01
9.000000000000000000e+01
7.000000000000000000e+00
1.600000000000000000e+02
2.200000000000000000e+01
9.800000000000000000e+01
2.700000000000000000e+01
7.000000000000000000e+00
6.100000000000000000e+01
1.900000000000000000e+01
2.300000000000000000e+01
1.000000000000000000e+00
2.100000000000000000e+01
1.000000000000000000e+01
4.100000000000000000e+01
3.300000000000000000e+01
3.100000000000000000e+01
7.000000000000000000e+00
1.900000000000000000e+01
1.100000000000000000e+01
1.700000000000000000e+01
1.900000000000000000e+01
2.900000000000000000e+01
9.000000000000000000e+00
1.000000000000000000e+00
9.200000000000000000e+01
2.500000000000000000e+01
4.800000000000000000e+01
1.500000000000000000e+01
1.000000000000000000e+00
2.000000000000000000e+01
2.800000000000000000e+01
1.000000000000000000e+00
7.000000000000000000e+00
2.000000000000000000e+00
2.000000000000000000e+00
3.600000000000000000e+01
1.000000000000000000e+00
3.000000000000000000e+00
6.000000000000000000e+00
9.000000000000000000e+00
3.000000000000000000e+00
2.000000000000000000e+00
1.300000000000000000e+01
3.000000000000000000e+00
2.000000000000000000e+00
1.500000000000000000e+01
1.000000000000000000e+00
1.000000000000000000e+00
4.000000000000000000e+00
9.000000000000000000e+00
2.000000000000000000e+00
4.000000000000000000e+00
2.000000000000000000e+00
1.000000000000000000e+00
1.000000000000000000e+00
2.000000000000000000e+00
1.000000000000000000e+00
1.000000000000000000e+00
4.000000000000000000e+00
3.000000000000000000e+00
1.000000000000000000e+00
1.000000000000000000e+00
1.000000000000000000e+00
