1.776000000000000000e+03
1.252000000000000000e+03
1.664000000000000000e+03
1.827000000000000000e+03
1.688000000000000000e+03
1.204000000000000000e+03
3.420000000000000000e+02
1.168000000000000000e+03
4.470000000000000000e+02
1.882000000000000000e+03
1.379000000000000000e+03
1.802000000000000000e+03
1.618000000000000000e+03
4.980000000000000000e+02
8.630000000000000000e+02
1.700000000000000000e+03
1.456000000000000000e+03
5.280000000000000000e+02
6.800000000000000000e+01
1.555000000000000000e+03
7.210000000000000000e+02
3.500000000000000000e+02
1.727000000000000000e+03
1.706000000000000000e+03
1.554000000000000000e+03
1.067000000000000000e+03
1.854000000000000000e+03
5.030000000000000000e+02
1.803000000000000000e+03
4.220000000000000000e+02
8.250000000000000000e+02
7.990000000000000000e+02
8.060000000000000000e+02
1.427000000000000000e+03
1.592000000000000000e+03
1.230000000000000000e+03
2.120000000000000000e+02
7.390000000000000000e+02
1.831000000000000000e+03
1.449000000000000000e+03
1.529000000000000000e+03
5.740000000000000000e+02
1.060000000000000000e+03
1.797000000000000000e+03
1.630000000000000000e+02
1.227000000000000000e+03
9.730000000000000000e+02
6.640000000000000000e+02
1.770000000000000000e+03
1.300000000000000000e+02
9.410000000000000000e+02
1.813000000000000000e+03
9.640000000000000000e+02
1.404000000000000000e+03
8.610000000000000000e+02
1.288000000000000000e+03
1.116000000000000000e+03
1.790000000000000000e+03
1.509000000000000000e+03
1.347000000000000000e+03
1.068000000000000000e+03
1.409000000000000000e+03
7.090000000000000000e+02
1.720000000000000000e+03
1.588000000000000000e+03
4.900000000000000000e+01
3.520000000000000000e+02
2.610000000000000000e+02
4.110000000000000000e+02
1.814000000000000000e+03
1.130000000000000000e+02
7.990000000000000000e+02
1.214000000000000000e+03
1.743000000000000000e+03
2.070000000000000000e+02
9.810000000000000000e+02
7.090000000000000000e+02
9.900000000000000000e+01
9.600000000000000000e+02
5.210000000000000000e+02
3.180000000000000000e+02
1.020000000000000000e+02
1.788000000000000000e+03
6.570000000000000000e+02
1.000000000000000000e+02
1.400000000000000000e+01
9.870000000000000000e+02
2.600000000000000000e+01
3.150000000000000000e+02
1.637000000000000000e+03
4.890000000000000000e+02
1.490000000000000000e+02
2.580000000000000000e+02
3.910000000000000000e+02
3.390000000000000000e+02
4.650000000000000000e+02
2.010000000000000000e+02
2.900000000000000000e+01
1.670000000000000000e+02
8.500000000000000000e+01
1.860000000000000000e+02
2.950000000000000000e+02
5.860000000000000000e+02
1.350000000000000000e+02
5.960000000000000000e+02
1.300000000000000000e+01
1.200000000000000000e+01
2.500000000000000000e+01
2.640000000000000000e+02
1.220000000000000000e+02
1.400000000000000000e+01
2.260000000000000000e+02
2.070000000000000000e+02
1.780000000000000000e+02
5.200000000000000000e+01
6.900000000000000000e+01
1.300000000000000000e+02
6.800000000000000000e+01
9.700000000000000000e+01
2.800000000000000000e+01
2.910000000000000000e+02
7.400000000000000000e+01
1.270000000000000000e+02
1.700000000000000000e+01
8.000000000000000000e+00
3.200000000000000000e+01
2.400000000000000000e+01
4.500000000000000000e+01
3.300000000000000000e+01
4.600000000000000000e+01
1.100000000000000000e+01
3.400000000000000000e+01
7.000000000000000000e+00
1.800000000000000000e+01
2.300000000000000000e+01
2.200000000000000000e+01
4.000000000000000000e+00
1.400000000000000000e+01
1.300000000000000000e+01
9.000000000000000000e+01
1.900000000000000000e+01
4.600000000000000000e+01
1.000000000000000000e+01
1.000000000000000000e+01
7.000000000000000000e+00
6.900000000000000000e+01
8.000000000000000000e+00
1.300000000000000000e+01
2.000000000000000000e+01
6.000000000000000000e+00
4.000000000000000000e+00
1.000000000000000000e+00
6.000000000000000000e+00
2.000000000000000000e+00
3.000000000000000000e+00
1.000000000000000000e+00
3.000000000000000000e+00
8.000000000000000000e+00
4.000000000000000000e+00
5.000000000000000000e+00
5.000000000000000000e+00
3.000000000000000000e+00
2.000000000000000000e+00
2.000000000000000000e+00
1.000000000000000000e+00
1.000000000000000000e+00
1.000000000000000000e+00
1.000000000000000000e+00
1.000000000000000000e+00
1.000000000000000000e+00
1.000000000000000000e+00
1.000000000000000000e+00
1.000000000000000000e+00
