2.726000000000000000e+03
3.249000000000000000e+03
1.248000000000000000e+03
6.940000000000000000e+02
1.131000000000000000e+03
2.013000000000000000e+03
2.263000000000000000e+03
3.213000000000000000e+03
2.653000000000000000e+03
3.111000000000000000e+03
1.523000000000000000e+03
2.946000000000000000e+03
8.360000000000000000e+02
3.226000000000000000e+03
2.578000000000000000e+03
1.995000000000000000e+03
2.664000000000000000e+03
2.492000000000000000e+03
1.160000000000000000e+02
2.068000000000000000e+03
8.270000000000000000e+02
1.390000000000000000e+02
2.259000000000000000e+03
3.700000000000000000e+02
9.310000000000000000e+02
1.320000000000000000e+03
1.811000000000000000e+03
3.058000000000000000e+03
4.780000000000000000e+02
8.590000000000000000e+02
2.862000000000000000e+03
1.087000000000000000e+03
5.930000000000000000e+02
1.901000000000000000e+03
9.640000000000000000e+02
3.103000000000000000e+03
2.860000000000000000e+02
3.256000000000000000e+03
2.650000000000000000e+02
2.380000000000000000e+03
5.000000000000000000e+02
1.510000000000000000e+03
2.689000000000000000e+03
2.116000000000000000e+03
1.401000000000000000e+03
3.176000000000000000e+03
3.141000000000000000e+03
2.887000000000000000e+03
3.025000000000000000e+03
1.633000000000000000e+03
7.070000000000000000e+02
1.272000000000000000e+03
3.190000000000000000e+02
5.350000000000000000e+02
4.120000000000000000e+02
2.250000000000000000e+02
6.090000000000000000e+02
1.620000000000000000e+02
2.980000000000000000e+02
7.000000000000000000e+01
2.230000000000000000e+02
6.700000000000000000e+01
9.400000000000000000e+01
1.660000000000000000e+02
1.450000000000000000e+02
1.990000000000000000e+02
1.060000000000000000e+02
5.500000000000000000e+01
2.800000000000000000e+01
6.700000000000000000e+01
1.200000000000000000e+01
1.300000000000000000e+01
6.000000000000000000e+00
2.000000000000000000e+01
3.070000000000000000e+02
3.500000000000000000e+01
7.000000000000000000e+01
1.200000000000000000e+01
1.400000000000000000e+01
2.900000000000000000e+01
3.000000000000000000e+00
4.100000000000000000e+01
8.000000000000000000e+00
3.100000000000000000e+01
1.700000000000000000e+01
4.000000000000000000e+00
7.000000000000000000e+00
3.000000000000000000e+00
1.100000000000000000e+01
2.000000000000000000e+00
2.000000000000000000e+00
2.000000000000000000e+00
5.000000000000000000e+00
4.000000000000000000e+00
4.000000000000000000e+00
2.000000000000000000e+00
1.000000000000000000e+00
1.000000000000000000e+00
1.000000000000000000e+00
1.000000000000000000e+00
1.000000000000000000e+00
