1.546000000000000000e+03
1.551000000000000000e+03
1.382000000000000000e+03
6.410000000000000000e+02
1.494000000000000000e+03
1.412000000000000000e+03
1.604000000000000000e+03
1.319000000000000000e+03
8.880000000000000000e+02
1.525000000000000000e+03
1.397000000000000000e+03
1.528000000000000000e+03
8.310000000000000000e+02
2.770000000000000000e+02
2.510000000000000000e+02
2.240000000000000000e+02
2.650000000000000000e+02
1.514000000000000000e+03
6.890000000000000000e+02
1.370000000000000000e+03
1.187000000000000000e+03
1.071000000000000000e+03
9.680000000000000000e+02
1.304000000000000000e+03
9.260000000000000000e+02
7.770000000000000000e+02
1.080000000000000000e+02
1.028000000000000000e+03
1.345000000000000000e+03
8.890000000000000000e+02
1.445000000000000000e+03
6.550000000000000000e+02
1.250000000000000000e+03
1.368000000000000000e+03
6.130000000000000000e+02
4.040000000000000000e+02
1.519000000000000000e+03
1.258000000000000000e+03
1.305000000000000000e+03
7.220000000000000000e+02
5.830000000000000000e+02
1.512000000000000000e+03
1.310000000000000000e+03
5.210000000000000000e+02
1.321000000000000000e+03
1.388000000000000000e+03
1.526000000000000000e+03
6.050000000000000000e+02
1.166000000000000000e+03
1.092000000000000000e+03
1.660000000000000000e+02
1.512000000000000000e+03
1.560000000000000000e+03
8.700000000000000000e+02
1.616000000000000000e+03
5.090000000000000000e+02
1.584000000000000000e+03
1.415000000000000000e+03
4.340000000000000000e+02
2.200000000000000000e+02
8.600000000000000000e+01
6.760000000000000000e+02
3.500000000000000000e+02
3.160000000000000000e+02
1.526000000000000000e+03
8.990000000000000000e+02
1.149000000000000000e+03
1.545000000000000000e+03
1.321000000000000000e+03
4.800000000000000000e+01
8.810000000000000000e+02
1.330000000000000000e+02
4.290000000000000000e+02
1.117000000000000000e+03
2.920000000000000000e+02
1.575000000000000000e+03
3.200000000000000000e+02
5.910000000000000000e+02
1.010000000000000000e+03
1.128000000000000000e+03
4.960000000000000000e+02
3.200000000000000000e+01
1.573000000000000000e+03
1.258000000000000000e+03
1.420000000000000000e+02
5.800000000000000000e+01
1.463000000000000000e+03
9.590000000000000000e+02
4.980000000000000000e+02
7.260000000000000000e+02
7.850000000000000000e+02
5.390000000000000000e+02
4.460000000000000000e+02
7.920000000000000000e+02
9.880000000000000000e+02
2.180000000000000000e+02
4.370000000000000000e+02
8.400000000000000000e+01
1.126000000000000000e+03
5.530000000000000000e+02
6.700000000000000000e+01
4.400000000000000000e+01
1.024000000000000000e+03
1.630000000000000000e+02
2.760000000000000000e+02
8.500000000000000000e+01
8.170000000000000000e+02
6.050000000000000000e+02
3.640000000000000000e+02
2.400000000000000000e+01
1.800000000000000000e+02
3.250000000000000000e+02
1.590000000000000000e+02
5.900000000000000000e+01
2.800000000000000000e+02
7.500000000000000000e+01
2.180000000000000000e+02
2.600000000000000000e+01
5.400000000000000000e+01
1.500000000000000000e+02
3.190000000000000000e+02
3.720000000000000000e+02
6.700000000000000000e+01
8.000000000000000000e+00
7.200000000000000000e+01
1.120000000000000000e+02
1.100000000000000000e+01
2.400000000000000000e+02
6.500000000000000000e+01
1.080000000000000000e+02
2.400000000000000000e+01
2.900000000000000000e+01
3.800000000000000000e+02
1.900000000000000000e+01
3.500000000000000000e+01
1.930000000000000000e+02
2.040000000000000000e+02
4.900000000000000000e+01
1.270000000000000000e+02
1.200000000000000000e+01
2.500000000000000000e+01
1.390000000000000000e+02
1.170000000000000000e+02
1.200000000000000000e+01
9.000000000000000000e+00
4.600000000000000000e+01
1.000000000000000000e+01
1.010000000000000000e+02
3.600000000000000000e+01
4.200000000000000000e+01
9.400000000000000000e+01
1.310000000000000000e+02
2.200000000000000000e+01
5.000000000000000000e+00
1.320000000000000000e+02
3.000000000000000000e+00
4.000000000000000000e+00
1.000000000000000000e+01
2.900000000000000000e+01
2.200000000000000000e+01
6.000000000000000000e+00
1.200000000000000000e+01
6.000000000000000000e+00
4.000000000000000000e+01
1.000000000000000000e+00
9.000000000000000000e+00
7.000000000000000000e+00
1.900000000000000000e+01
8.000000000000000000e+00
1.700000000000000000e+01
1.000000000000000000e+00
3.000000000000000000e+00
2.000000000000000000e+00
9.000000000000000000e+00
1.100000000000000000e+01
3.000000000000000000e+00
5.000000000000000000e+00
3.000000000000000000e+00
1.000000000000000000e+00
3.000000000000000000e+00
5.000000000000000000e+00
5.000000000000000000e+00
1.100000000000000000e+01
1.600000000000000000e+01
1.000000000000000000e+00
7.000000000000000000e+00
1.000000000000000000e+00
2.000000000000000000e+00
1.000000000000000000e+00
4.000000000000000000e+00
4.000000000000000000e+00
1.000000000000000000e+00
2.000000000000000000e+00
4.000000000000000000e+00
3.000000000000000000e+00
4.000000000000000000e+00
1.000000000000000000e+00
1.000000000000000000e+00
1.000000000000000000e+00
1.000000000000000000e+00
1.000000000000000000e+00
1.000000000000000000e+00
1.000000000000000000e+00
1.000000000000000000e+00
