1.729000000000000000e+03
9.420000000000000000e+02
3.330000000000000000e+02
1.146000000000000000e+03
1.840000000000000000e+02
1.253000000000000000e+03
1.745000000000000000e+03
1.834000000000000000e+03
1.794000000000000000e+03
1.624000000000000000e+03
1.763000000000000000e+03
1.617000000000000000e+03
1.759000000000000000e+03
1.517000000000000000e+03
4.320000000000000000e+02
1.617000000000000000e+03
1.369000000000000000e+03
3.200000000000000000e+02
1.153000000000000000e+03
4.020000000000000000e+02
1.226000000000000000e+03
9.210000000000000000e+02
1.207000000000000000e+03
1.402000000000000000e+03
1.001000000000000000e+03
1.472000000000000000e+03
1.841000000000000000e+03
1.111000000000000000e+03
8.970000000000000000e+02
1.742000000000000000e+03
1.609000000000000000e+03
1.259000000000000000e+03
1.697000000000000000e+03
8.500000000000000000e+01
8.900000000000000000e+01
4.400000000000000000e+01
2.750000000000000000e+02
1.724000000000000000e+03
1.017000000000000000e+03
1.785000000000000000e+03
2.260000000000000000e+02
1.230000000000000000e+02
4.900000000000000000e+02
5.960000000000000000e+02
1.666000000000000000e+03
1.625000000000000000e+03
1.810000000000000000e+02
1.431000000000000000e+03
7.550000000000000000e+02
1.550000000000000000e+03
7.800000000000000000e+02
1.510000000000000000e+03
1.766000000000000000e+03
1.732000000000000000e+03
1.879000000000000000e+03
1.704000000000000000e+03
6.750000000000000000e+02
5.350000000000000000e+02
1.178000000000000000e+03
1.021000000000000000e+03
1.580000000000000000e+03
1.787000000000000000e+03
1.300000000000000000e+03
5.790000000000000000e+02
1.640000000000000000e+02
6.800000000000000000e+01
8.060000000000000000e+02
2.010000000000000000e+02
6.690000000000000000e+02
2.560000000000000000e+02
3.480000000000000000e+02
1.096000000000000000e+03
8.040000000000000000e+02
3.080000000000000000e+02
6.090000000000000000e+02
4.500000000000000000e+01
6.510000000000000000e+02
1.475000000000000000e+03
3.030000000000000000e+02
1.383000000000000000e+03
4.870000000000000000e+02
1.727000000000000000e+03
7.990000000000000000e+02
8.860000000000000000e+02
9.200000000000000000e+01
1.070000000000000000e+02
5.700000000000000000e+02
4.480000000000000000e+02
1.494000000000000000e+03
1.028000000000000000e+03
2.100000000000000000e+01
8.470000000000000000e+02
2.530000000000000000e+02
1.490000000000000000e+02
1.310000000000000000e+03
3.760000000000000000e+02
1.070000000000000000e+02
7.070000000000000000e+02
6.920000000000000000e+02
4.370000000000000000e+02
1.420000000000000000e+02
1.570000000000000000e+02
1.150000000000000000e+02
1.290000000000000000e+02
1.520000000000000000e+02
4.500000000000000000e+01
2.510000000000000000e+02
3.200000000000000000e+01
8.000000000000000000e+00
6.030000000000000000e+02
5.200000000000000000e+01
4.860000000000000000e+02
5.000000000000000000e+01
3.000000000000000000e+01
4.480000000000000000e+02
1.700000000000000000e+02
2.300000000000000000e+01
6.900000000000000000e+01
3.120000000000000000e+02
3.370000000000000000e+02
6.500000000000000000e+01
1.460000000000000000e+02
1.350000000000000000e+02
1.700000000000000000e+01
3.600000000000000000e+01
1.200000000000000000e+01
3.800000000000000000e+01
7.500000000000000000e+01
5.600000000000000000e+01
2.000000000000000000e+01
8.000000000000000000e+00
6.000000000000000000e+01
5.800000000000000000e+01
1.100000000000000000e+01
1.200000000000000000e+01
5.900000000000000000e+01
2.300000000000000000e+01
8.000000000000000000e+00
2.100000000000000000e+01
1.100000000000000000e+01
2.100000000000000000e+01
3.000000000000000000e+00
1.000000000000000000e+00
1.100000000000000000e+01
6.000000000000000000e+00
6.000000000000000000e+00
1.400000000000000000e+01
8.000000000000000000e+00
1.200000000000000000e+01
7.000000000000000000e+00
1.000000000000000000e+00
2.000000000000000000e+00
1.000000000000000000e+00
5.000000000000000000e+00
1.900000000000000000e+01
1.000000000000000000e+01
5.000000000000000000e+00
2.000000000000000000e+00
1.000000000000000000e+00
1.200000000000000000e+01
3.000000000000000000e+00
2.000000000000000000e+00
5.000000000000000000e+00
5.000000000000000000e+00
1.000000000000000000e+00
1.000000000000000000e+00
1.000000000000000000e+00
3.000000000000000000e+00
1.000000000000000000e+00
2.000000000000000000e+00
1.000000000000000000e+00
1.000000000000000000e+00
1.000000000000000000e+00
4.000000000000000000e+00
2.000000000000000000e+00
4.000000000000000000e+00
1.000000000000000000e+00
2.000000000000000000e+00
1.000000000000000000e+00
1.000000000000000000e+00
