6.930000000000000000e+02
1.090000000000000000e+03
1.582000000000000000e+03
1.578000000000000000e+03
5.860000000000000000e+02
1.201000000000000000e+03
3.000000000000000000e+02
1.480000000000000000e+03
1.299000000000000000e+03
9.400000000000000000e+02
1.227000000000000000e+03
2.480000000000000000e+02
9.890000000000000000e+02
1.428000000000000000e+03
7.200000000000000000e+01
1.529000000000000000e+03
3.320000000000000000e+02
1.568000000000000000e+03
1.483000000000000000e+03
1.324000000000000000e+03
8.120000000000000000e+02
1.483000000000000000e+03
1.189000000000000000e+03
1.570000000000000000e+02
9.670000000000000000e+02
1.513000000000000000e+03
1.598000000000000000e+03
1.228000000000000000e+03
1.603000000000000000e+03
1.355000000000000000e+03
9.080000000000000000e+02
1.495000000000000000e+03
1.603000000000000000e+03
1.438000000000000000e+03
1.063000000000000000e+03
1.137000000000000000e+03
1.118000000000000000e+03
1.436000000000000000e+03
1.355000000000000000e+03
4.690000000000000000e+02
6.100000000000000000e+02
1.646000000000000000e+03
4.390000000000000000e+02
1.508000000000000000e+03
1.064000000000000000e+03
5.250000000000000000e+02
2.070000000000000000e+02
2.960000000000000000e+02
1.577000000000000000e+03
6.000000000000000000e+00
1.211000000000000000e+03
1.487000000000000000e+03
1.570000000000000000e+03
1.384000000000000000e+03
1.200000000000000000e+03
1.006000000000000000e+03
4.450000000000000000e+02
1.618000000000000000e+03
5.670000000000000000e+02
5.970000000000000000e+02
1.383000000000000000e+03
7.570000000000000000e+02
7.130000000000000000e+02
1.460000000000000000e+02
4.370000000000000000e+02
1.417000000000000000e+03
8.170000000000000000e+02
1.551000000000000000e+03
1.167000000000000000e+03
1.123000000000000000e+03
1.342000000000000000e+03
7.200000000000000000e+02
1.080000000000000000e+03
5.160000000000000000e+02
9.420000000000000000e+02
8.080000000000000000e+02
3.950000000000000000e+02
2.490000000000000000e+02
8.700000000000000000e+02
9.740000000000000000e+02
1.114000000000000000e+03
8.550000000000000000e+02
1.551000000000000000e+03
6.870000000000000000e+02
8.650000000000000000e+02
6.190000000000000000e+02
8.100000000000000000e+01
3.880000000000000000e+02
7.180000000000000000e+02
2.200000000000000000e+01
1.367000000000000000e+03
5.100000000000000000e+01
7.360000000000000000e+02
3.000000000000000000e+01
6.530000000000000000e+02
3.870000000000000000e+02
2.820000000000000000e+02
5.330000000000000000e+02
1.760000000000000000e+02
3.330000000000000000e+02
1.460000000000000000e+02
9.500000000000000000e+01
2.330000000000000000e+02
1.170000000000000000e+02
1.820000000000000000e+02
6.400000000000000000e+01
3.420000000000000000e+02
4.500000000000000000e+01
1.040000000000000000e+02
2.460000000000000000e+02
3.650000000000000000e+02
2.150000000000000000e+02
2.180000000000000000e+02
1.600000000000000000e+01
3.460000000000000000e+02
3.230000000000000000e+02
5.230000000000000000e+02
9.000000000000000000e+00
1.600000000000000000e+01
4.760000000000000000e+02
1.200000000000000000e+01
2.950000000000000000e+02
2.360000000000000000e+02
1.320000000000000000e+02
1.420000000000000000e+02
2.540000000000000000e+02
5.400000000000000000e+01
1.060000000000000000e+02
4.500000000000000000e+01
2.300000000000000000e+01
2.800000000000000000e+01
8.800000000000000000e+01
4.900000000000000000e+01
2.080000000000000000e+02
2.500000000000000000e+01
1.350000000000000000e+02
7.000000000000000000e+01
9.800000000000000000e+01
1.300000000000000000e+01
1.030000000000000000e+02
4.300000000000000000e+01
1.270000000000000000e+02
7.000000000000000000e+01
4.700000000000000000e+01
1.530000000000000000e+02
3.600000000000000000e+01
7.100000000000000000e+01
6.400000000000000000e+01
8.000000000000000000e+01
3.000000000000000000e+00
3.000000000000000000e+01
1.800000000000000000e+01
1.100000000000000000e+01
1.900000000000000000e+01
1.200000000000000000e+01
2.200000000000000000e+01
3.300000000000000000e+01
2.900000000000000000e+01
3.000000000000000000e+00
6.000000000000000000e+00
3.700000000000000000e+01
4.000000000000000000e+00
5.000000000000000000e+00
1.000000000000000000e+01
3.000000000000000000e+00
9.000000000000000000e+00
1.300000000000000000e+01
2.000000000000000000e+01
1.000000000000000000e+00
7.000000000000000000e+00
3.000000000000000000e+00
6.000000000000000000e+00
2.000000000000000000e+01
5.000000000000000000e+00
1.300000000000000000e+01
3.000000000000000000e+00
1.300000000000000000e+01
3.000000000000000000e+00
1.000000000000000000e+00
1.000000000000000000e+00
6.000000000000000000e+00
1.000000000000000000e+00
5.000000000000000000e+00
3.000000000000000000e+00
8.000000000000000000e+00
3.000000000000000000e+00
3.000000000000000000e+00
5.000000000000000000e+00
2.000000000000000000e+00
1.000000000000000000e+00
1.000000000000000000e+00
1.000000000000000000e+00
5.000000000000000000e+00
2.000000000000000000e+00
1.000000000000000000e+00
1.000000000000000000e+00
1.000000000000000000e+00
1.000000000000000000e+00
1.000000000000000000e+00
2.000000000000000000e+00
1.000000000000000000e+00
1.000000000000000000e+00
