1.049000000000000000e+03
1.733000000000000000e+03
1.372000000000000000e+03
1.472000000000000000e+03
1.458000000000000000e+03
1.747000000000000000e+03
1.105000000000000000e+03
1.052000000000000000e+03
1.540000000000000000e+03
1.605000000000000000e+03
1.136000000000000000e+03
1.703000000000000000e+03
9.440000000000000000e+02
4.710000000000000000e+02
1.632000000000000000e+03
7.040000000000000000e+02
8.790000000000000000e+02
1.476000000000000000e+03
1.686000000000000000e+03
5.300000000000000000e+02
1.707000000000000000e+03
1.272000000000000000e+03
1.427000000000000000e+03
1.742000000000000000e+03
1.723000000000000000e+03
1.175000000000000000e+03
1.600000000000000000e+02
1.289000000000000000e+03
7.170000000000000000e+02
1.128000000000000000e+03
1.240000000000000000e+03
5.770000000000000000e+02
1.019000000000000000e+03
1.198000000000000000e+03
2.790000000000000000e+02
5.900000000000000000e+02
1.746000000000000000e+03
1.485000000000000000e+03
9.180000000000000000e+02
8.080000000000000000e+02
1.625000000000000000e+03
1.730000000000000000e+03
1.529000000000000000e+03
2.720000000000000000e+02
1.298000000000000000e+03
1.676000000000000000e+03
1.529000000000000000e+03
7.220000000000000000e+02
1.531000000000000000e+03
9.500000000000000000e+02
6.450000000000000000e+02
1.657000000000000000e+03
6.600000000000000000e+02
2.930000000000000000e+02
4.230000000000000000e+02
8.810000000000000000e+02
8.400000000000000000e+02
1.115000000000000000e+03
2.790000000000000000e+02
5.110000000000000000e+02
1.337000000000000000e+03
1.291000000000000000e+03
8.000000000000000000e+00
9.300000000000000000e+01
3.110000000000000000e+02
6.550000000000000000e+02
2.330000000000000000e+02
2.900000000000000000e+01
1.671000000000000000e+03
1.608000000000000000e+03
4.060000000000000000e+02
5.050000000000000000e+02
1.870000000000000000e+02
1.752000000000000000e+03
3.200000000000000000e+02
1.690000000000000000e+02
5.800000000000000000e+01
3.830000000000000000e+02
1.900000000000000000e+02
8.530000000000000000e+02
2.820000000000000000e+02
1.024000000000000000e+03
9.400000000000000000e+01
1.283000000000000000e+03
1.454000000000000000e+03
4.820000000000000000e+02
5.300000000000000000e+01
1.150000000000000000e+02
5.750000000000000000e+02
1.170000000000000000e+02
1.504000000000000000e+03
2.670000000000000000e+02
8.050000000000000000e+02
1.090000000000000000e+02
4.250000000000000000e+02
1.750000000000000000e+02
1.524000000000000000e+03
2.530000000000000000e+02
1.366000000000000000e+03
9.580000000000000000e+02
7.100000000000000000e+01
7.390000000000000000e+02
1.320000000000000000e+02
1.660000000000000000e+02
1.690000000000000000e+02
4.240000000000000000e+02
6.530000000000000000e+02
1.920000000000000000e+02
1.000000000000000000e+03
7.300000000000000000e+01
4.400000000000000000e+01
3.780000000000000000e+02
6.100000000000000000e+01
2.550000000000000000e+02
1.010000000000000000e+02
9.400000000000000000e+01
5.420000000000000000e+02
1.800000000000000000e+01
9.500000000000000000e+01
3.470000000000000000e+02
3.440000000000000000e+02
5.300000000000000000e+01
3.400000000000000000e+01
2.900000000000000000e+01
2.900000000000000000e+01
2.440000000000000000e+02
1.190000000000000000e+02
5.700000000000000000e+01
1.500000000000000000e+01
6.900000000000000000e+01
4.200000000000000000e+01
7.900000000000000000e+01
6.500000000000000000e+01
1.000000000000000000e+01
4.300000000000000000e+01
2.200000000000000000e+01
1.490000000000000000e+02
4.300000000000000000e+01
1.400000000000000000e+01
2.900000000000000000e+01
7.800000000000000000e+01
2.000000000000000000e+00
1.500000000000000000e+01
1.500000000000000000e+01
1.200000000000000000e+01
6.000000000000000000e+00
2.200000000000000000e+01
2.100000000000000000e+01
4.000000000000000000e+00
2.400000000000000000e+01
2.000000000000000000e+00
6.000000000000000000e+00
2.500000000000000000e+01
1.000000000000000000e+00
2.000000000000000000e+00
1.000000000000000000e+01
1.000000000000000000e+01
2.000000000000000000e+01
1.300000000000000000e+01
1.000000000000000000e+00
2.000000000000000000e+00
3.000000000000000000e+00
9.000000000000000000e+00
9.000000000000000000e+00
3.000000000000000000e+00
2.000000000000000000e+00
4.000000000000000000e+00
3.000000000000000000e+00
4.000000000000000000e+00
3.000000000000000000e+00
1.100000000000000000e+01
1.000000000000000000e+00
1.000000000000000000e+00
1.000000000000000000e+00
5.000000000000000000e+00
3.000000000000000000e+00
2.000000000000000000e+00
1.000000000000000000e+00
2.000000000000000000e+00
2.000000000000000000e+00
1.000000000000000000e+00
3.000000000000000000e+00
1.000000000000000000e+00
1.000000000000000000e+00
1.000000000000000000e+00
1.000000000000000000e+00
1.000000000000000000e+00
1.000000000000000000e+00
2.000000000000000000e+00
1.000000000000000000e+00
