1.661000000000000000e+03
1.410000000000000000e+03
1.727000000000000000e+03
1.315000000000000000e+03
6.880000000000000000e+02
1.406000000000000000e+03
1.636000000000000000e+03
1.321000000000000000e+03
1.461000000000000000e+03
1.330000000000000000e+03
9.700000000000000000e+02
1.382000000000000000e+03
1.546000000000000000e+03
1.689000000000000000e+03
5.360000000000000000e+02
6.080000000000000000e+02
9.700000000000000000e+02
1.051000000000000000e+03
9.370000000000000000e+02
1.035000000000000000e+03
2.310000000000000000e+02
1.246000000000000000e+03
1.529000000000000000e+03
1.590000000000000000e+03
7.730000000000000000e+02
7.360000000000000000e+02
5.850000000000000000e+02
1.679000000000000000e+03
2.970000000000000000e+02
1.159000000000000000e+03
1.542000000000000000e+03
1.670000000000000000e+03
1.153000000000000000e+03
1.547000000000000000e+03
1.366000000000000000e+03
1.601000000000000000e+03
1.591000000000000000e+03
1.424000000000000000e+03
2.200000000000000000e+02
7.200000000000000000e+01
8.480000000000000000e+02
1.482000000000000000e+03
1.249000000000000000e+03
1.663000000000000000e+03
5.250000000000000000e+02
1.000000000000000000e+00
1.880000000000000000e+02
5.210000000000000000e+02
1.641000000000000000e+03
2.040000000000000000e+02
7.460000000000000000e+02
8.300000000000000000e+02
5.000000000000000000e+02
1.679000000000000000e+03
1.110000000000000000e+03
6.150000000000000000e+02
9.120000000000000000e+02
9.110000000000000000e+02
3.870000000000000000e+02
3.620000000000000000e+02
1.680000000000000000e+03
9.680000000000000000e+02
7.030000000000000000e+02
2.450000000000000000e+02
9.010000000000000000e+02
1.037000000000000000e+03
1.558000000000000000e+03
3.910000000000000000e+02
6.700000000000000000e+01
1.186000000000000000e+03
3.010000000000000000e+02
1.668000000000000000e+03
1.081000000000000000e+03
5.150000000000000000e+02
1.690000000000000000e+02
1.484000000000000000e+03
7.780000000000000000e+02
1.425000000000000000e+03
1.690000000000000000e+02
7.500000000000000000e+01
1.440000000000000000e+03
1.201000000000000000e+03
2.470000000000000000e+02
3.950000000000000000e+02
1.550000000000000000e+02
3.990000000000000000e+02
1.020000000000000000e+02
1.679000000000000000e+03
2.530000000000000000e+02
9.170000000000000000e+02
7.900000000000000000e+02
3.400000000000000000e+01
1.850000000000000000e+02
7.940000000000000000e+02
1.684000000000000000e+03
3.400000000000000000e+01
1.490000000000000000e+03
6.940000000000000000e+02
4.400000000000000000e+02
1.940000000000000000e+02
1.640000000000000000e+02
1.480000000000000000e+02
3.550000000000000000e+02
3.170000000000000000e+02
9.000000000000000000e+00
6.720000000000000000e+02
2.650000000000000000e+02
9.800000000000000000e+01
4.370000000000000000e+02
9.300000000000000000e+01
1.173000000000000000e+03
4.500000000000000000e+01
3.290000000000000000e+02
1.400000000000000000e+01
4.690000000000000000e+02
6.200000000000000000e+01
1.320000000000000000e+02
4.430000000000000000e+02
4.000000000000000000e+00
1.500000000000000000e+01
2.090000000000000000e+02
8.300000000000000000e+01
7.100000000000000000e+01
2.000000000000000000e+00
1.150000000000000000e+02
5.600000000000000000e+01
8.300000000000000000e+01
1.420000000000000000e+02
1.280000000000000000e+02
2.800000000000000000e+01
7.400000000000000000e+01
3.900000000000000000e+01
2.000000000000000000e+00
1.000000000000000000e+00
5.200000000000000000e+01
6.000000000000000000e+00
4.800000000000000000e+01
2.450000000000000000e+02
1.000000000000000000e+00
1.260000000000000000e+02
1.500000000000000000e+01
3.900000000000000000e+01
2.500000000000000000e+01
1.700000000000000000e+01
5.000000000000000000e+00
1.100000000000000000e+01
4.800000000000000000e+01
2.300000000000000000e+01
4.300000000000000000e+01
9.500000000000000000e+01
2.100000000000000000e+01
4.000000000000000000e+00
2.400000000000000000e+01
4.200000000000000000e+01
1.700000000000000000e+01
1.600000000000000000e+01
2.700000000000000000e+01
1.700000000000000000e+01
1.800000000000000000e+01
2.000000000000000000e+00
3.200000000000000000e+01
1.000000000000000000e+01
1.000000000000000000e+01
6.000000000000000000e+00
1.000000000000000000e+00
1.000000000000000000e+00
1.400000000000000000e+01
9.000000000000000000e+00
1.400000000000000000e+01
1.000000000000000000e+00
2.000000000000000000e+00
3.000000000000000000e+00
2.000000000000000000e+00
5.000000000000000000e+00
1.000000000000000000e+00
1.000000000000000000e+00
3.000000000000000000e+00
2.000000000000000000e+00
5.000000000000000000e+00
5.000000000000000000e+00
4.000000000000000000e+00
1.000000000000000000e+00
3.000000000000000000e+00
1.000000000000000000e+00
1.000000000000000000e+00
1.000000000000000000e+00
1.000000000000000000e+00
1.000000000000000000e+00
1.000000000000000000e+00
1.000000000000000000e+00
1.000000000000000000e+00
1.000000000000000000e+00
