9.620000000000000000e+02
1.139000000000000000e+03
7.490000000000000000e+02
1.092000000000000000e+03
1.378000000000000000e+03
2.800000000000000000e+01
5.800000000000000000e+01
7.490000000000000000e+02
1.033000000000000000e+03
1.293000000000000000e+03
1.315000000000000000e+03
1.136000000000000000e+03
6.250000000000000000e+02
8.490000000000000000e+02
7.160000000000000000e+02
1.111000000000000000e+03
4.160000000000000000e+02
1.293000000000000000e+03
9.970000000000000000e+02
9.080000000000000000e+02
8.800000000000000000e+02
1.358000000000000000e+03
2.300000000000000000e+01
1.780000000000000000e+02
8.680000000000000000e+02
1.237000000000000000e+03
1.161000000000000000e+03
1.281000000000000000e+03
8.300000000000000000e+02
1.060000000000000000e+03
3.530000000000000000e+02
6.040000000000000000e+02
1.197000000000000000e+03
1.298000000000000000e+03
7.950000000000000000e+02
1.224000000000000000e+03
1.106000000000000000e+03
8.900000000000000000e+01
1.020000000000000000e+02
1.328000000000000000e+03
1.381000000000000000e+03
2.830000000000000000e+02
1.018000000000000000e+03
4.670000000000000000e+02
1.300000000000000000e+03
5.350000000000000000e+02
1.235000000000000000e+03
1.294000000000000000e+03
1.194000000000000000e+03
2.250000000000000000e+02
1.217000000000000000e+03
1.242000000000000000e+03
6.550000000000000000e+02
8.850000000000000000e+02
7.840000000000000000e+02
2.660000000000000000e+02
7.220000000000000000e+02
1.181000000000000000e+03
8.920000000000000000e+02
1.302000000000000000e+03
4.610000000000000000e+02
4.520000000000000000e+02
1.363000000000000000e+03
1.680000000000000000e+02
1.260000000000000000e+02
1.250000000000000000e+03
1.161000000000000000e+03
1.361000000000000000e+03
1.214000000000000000e+03
6.430000000000000000e+02
9.220000000000000000e+02
1.063000000000000000e+03
9.000000000000000000e+02
9.720000000000000000e+02
1.039000000000000000e+03
4.440000000000000000e+02
2.990000000000000000e+02
1.315000000000000000e+03
5.350000000000000000e+02
3.890000000000000000e+02
3.040000000000000000e+02
5.220000000000000000e+02
8.180000000000000000e+02
4.230000000000000000e+02
1.327000000000000000e+03
1.202000000000000000e+03
6.950000000000000000e+02
1.260000000000000000e+03
3.530000000000000000e+02
6.580000000000000000e+02
4.950000000000000000e+02
1.225000000000000000e+03
1.310000000000000000e+02
4.100000000000000000e+02
4.360000000000000000e+02
2.180000000000000000e+02
2.330000000000000000e+02
5.890000000000000000e+02
7.820000000000000000e+02
1.314000000000000000e+03
1.308000000000000000e+03
1.010000000000000000e+03
3.930000000000000000e+02
5.240000000000000000e+02
5.620000000000000000e+02
6.550000000000000000e+02
2.400000000000000000e+02
9.730000000000000000e+02
2.000000000000000000e+02
1.960000000000000000e+02
1.089000000000000000e+03
1.300000000000000000e+01
2.800000000000000000e+02
1.760000000000000000e+02
7.480000000000000000e+02
1.210000000000000000e+02
4.170000000000000000e+02
5.720000000000000000e+02
4.660000000000000000e+02
5.320000000000000000e+02
1.320000000000000000e+02
3.290000000000000000e+02
1.171000000000000000e+03
1.190000000000000000e+02
2.680000000000000000e+02
3.490000000000000000e+02
3.200000000000000000e+01
1.470000000000000000e+02
1.300000000000000000e+01
3.410000000000000000e+02
2.180000000000000000e+02
2.230000000000000000e+02
2.710000000000000000e+02
1.550000000000000000e+02
1.020000000000000000e+02
2.200000000000000000e+01
1.520000000000000000e+02
4.700000000000000000e+01
4.800000000000000000e+01
1.670000000000000000e+02
7.500000000000000000e+01
1.600000000000000000e+01
4.500000000000000000e+01
4.300000000000000000e+01
1.500000000000000000e+01
8.500000000000000000e+01
1.750000000000000000e+02
2.130000000000000000e+02
2.610000000000000000e+02
6.300000000000000000e+01
2.200000000000000000e+01
7.700000000000000000e+01
1.110000000000000000e+02
7.100000000000000000e+01
9.900000000000000000e+01
1.590000000000000000e+02
2.100000000000000000e+01
8.200000000000000000e+01
7.000000000000000000e+00
1.900000000000000000e+01
7.500000000000000000e+01
5.300000000000000000e+01
7.000000000000000000e+00
6.000000000000000000e+00
1.010000000000000000e+02
1.100000000000000000e+01
2.600000000000000000e+01
9.000000000000000000e+00
2.200000000000000000e+01
9.300000000000000000e+01
4.000000000000000000e+00
3.100000000000000000e+01
1.500000000000000000e+01
9.400000000000000000e+01
5.600000000000000000e+01
1.000000000000000000e+01
3.300000000000000000e+01
8.000000000000000000e+00
4.800000000000000000e+01
2.400000000000000000e+01
1.200000000000000000e+01
4.000000000000000000e+00
1.900000000000000000e+01
3.700000000000000000e+01
3.900000000000000000e+01
1.700000000000000000e+01
4.400000000000000000e+01
2.000000000000000000e+00
6.000000000000000000e+00
5.000000000000000000e+00
3.000000000000000000e+00
8.000000000000000000e+00
1.000000000000000000e+01
4.600000000000000000e+01
9.000000000000000000e+00
1.200000000000000000e+01
8.000000000000000000e+00
4.000000000000000000e+00
4.000000000000000000e+00
3.000000000000000000e+01
3.200000000000000000e+01
3.000000000000000000e+00
5.000000000000000000e+00
5.000000000000000000e+00
7.000000000000000000e+00
5.000000000000000000e+00
2.000000000000000000e+00
1.100000000000000000e+01
1.300000000000000000e+01
5.000000000000000000e+00
1.400000000000000000e+01
3.000000000000000000e+00
2.000000000000000000e+00
1.000000000000000000e+00
7.000000000000000000e+00
1.000000000000000000e+00
4.000000000000000000e+00
2.000000000000000000e+00
1.000000000000000000e+00
1.000000000000000000e+00
4.000000000000000000e+00
1.000000000000000000e+00
3.000000000000000000e+00
1.000000000000000000e+00
1.000000000000000000e+00
1.000000000000000000e+00
4.000000000000000000e+00
1.000000000000000000e+00
1.000000000000000000e+00
1.000000000000000000e+00
2.000000000000000000e+00
1.000000000000000000e+00
1.000000000000000000e+00
