1.407000000000000000e+03
1.210000000000000000e+03
1.080000000000000000e+03
9.030000000000000000e+02
9.550000000000000000e+02
3.720000000000000000e+02
7.560000000000000000e+02
1.435000000000000000e+03
1.294000000000000000e+03
1.422000000000000000e+03
7.010000000000000000e+02
1.225000000000000000e+03
1.323000000000000000e+03
1.730000000000000000e+02
1.012000000000000000e+03
1.299000000000000000e+03
1.238000000000000000e+03
4.360000000000000000e+02
5.400000000000000000e+01
1.101000000000000000e+03
6.040000000000000000e+02
1.454000000000000000e+03
1.456000000000000000e+03
1.416000000000000000e+03
1.415000000000000000e+03
1.464000000000000000e+03
1.168000000000000000e+03
3.080000000000000000e+02
3.970000000000000000e+02
1.390000000000000000e+03
5.170000000000000000e+02
1.467000000000000000e+03
1.140000000000000000e+03
1.451000000000000000e+03
1.405000000000000000e+03
1.099000000000000000e+03
1.446000000000000000e+03
1.497000000000000000e+03
1.338000000000000000e+03
3.550000000000000000e+02
7.010000000000000000e+02
3.920000000000000000e+02
3.130000000000000000e+02
2.000000000000000000e+02
1.052000000000000000e+03
7.430000000000000000e+02
7.580000000000000000e+02
5.710000000000000000e+02
8.280000000000000000e+02
1.014000000000000000e+03
1.039000000000000000e+03
9.820000000000000000e+02
1.308000000000000000e+03
4.490000000000000000e+02
1.479000000000000000e+03
9.610000000000000000e+02
5.910000000000000000e+02
3.370000000000000000e+02
1.351000000000000000e+03
2.770000000000000000e+02
8.720000000000000000e+02
1.211000000000000000e+03
1.452000000000000000e+03
1.420000000000000000e+03
1.442000000000000000e+03
6.030000000000000000e+02
5.210000000000000000e+02
1.376000000000000000e+03
3.600000000000000000e+02
5.400000000000000000e+01
1.513000000000000000e+03
1.440000000000000000e+02
1.150000000000000000e+02
1.195000000000000000e+03
6.320000000000000000e+02
8.040000000000000000e+02
1.323000000000000000e+03
1.437000000000000000e+03
1.321000000000000000e+03
2.470000000000000000e+02
1.037000000000000000e+03
5.330000000000000000e+02
5.480000000000000000e+02
7.660000000000000000e+02
1.491000000000000000e+03
1.130000000000000000e+02
8.050000000000000000e+02
9.250000000000000000e+02
1.154000000000000000e+03
1.020000000000000000e+02
1.157000000000000000e+03
8.600000000000000000e+01
3.290000000000000000e+02
5.820000000000000000e+02
4.650000000000000000e+02
9.140000000000000000e+02
1.270000000000000000e+03
6.230000000000000000e+02
5.770000000000000000e+02
2.740000000000000000e+02
9.370000000000000000e+02
2.430000000000000000e+02
3.630000000000000000e+02
2.060000000000000000e+02
2.470000000000000000e+02
1.820000000000000000e+02
3.900000000000000000e+02
6.640000000000000000e+02
9.810000000000000000e+02
1.200000000000000000e+02
8.700000000000000000e+01
2.340000000000000000e+02
1.940000000000000000e+02
4.200000000000000000e+01
4.600000000000000000e+02
7.330000000000000000e+02
7.800000000000000000e+01
2.470000000000000000e+02
4.980000000000000000e+02
1.500000000000000000e+02
4.900000000000000000e+01
1.170000000000000000e+02
2.400000000000000000e+01
1.610000000000000000e+02
1.930000000000000000e+02
4.100000000000000000e+01
2.800000000000000000e+01
1.110000000000000000e+02
1.070000000000000000e+02
6.200000000000000000e+01
1.020000000000000000e+02
3.300000000000000000e+01
1.080000000000000000e+02
7.000000000000000000e+01
3.400000000000000000e+01
4.000000000000000000e+00
6.800000000000000000e+01
1.800000000000000000e+01
2.070000000000000000e+02
6.500000000000000000e+01
7.200000000000000000e+01
1.400000000000000000e+02
7.600000000000000000e+01
4.500000000000000000e+01
3.400000000000000000e+01
2.000000000000000000e+02
1.010000000000000000e+02
2.200000000000000000e+01
1.670000000000000000e+02
1.270000000000000000e+02
1.900000000000000000e+01
3.920000000000000000e+02
1.000000000000000000e+00
2.300000000000000000e+01
5.300000000000000000e+01
1.300000000000000000e+01
4.100000000000000000e+01
4.800000000000000000e+01
1.700000000000000000e+01
8.000000000000000000e+00
1.600000000000000000e+01
7.400000000000000000e+01
2.600000000000000000e+01
1.400000000000000000e+01
2.400000000000000000e+01
8.000000000000000000e+00
4.000000000000000000e+00
4.000000000000000000e+00
1.300000000000000000e+01
2.000000000000000000e+00
7.000000000000000000e+00
3.000000000000000000e+01
9.000000000000000000e+00
1.000000000000000000e+00
2.000000000000000000e+00
1.800000000000000000e+01
2.400000000000000000e+01
5.000000000000000000e+00
1.200000000000000000e+01
3.000000000000000000e+00
8.000000000000000000e+00
4.000000000000000000e+00
1.000000000000000000e+01
3.000000000000000000e+00
2.000000000000000000e+00
2.000000000000000000e+00
6.000000000000000000e+00
1.000000000000000000e+00
1.300000000000000000e+01
4.000000000000000000e+00
8.000000000000000000e+00
2.000000000000000000e+00
1.000000000000000000e+00
2.000000000000000000e+00
1.000000000000000000e+00
2.000000000000000000e+00
2.000000000000000000e+00
9.000000000000000000e+00
2.000000000000000000e+00
1.000000000000000000e+00
1.000000000000000000e+00
1.000000000000000000e+00
4.000000000000000000e+00
4.000000000000000000e+00
4.000000000000000000e+00
3.000000000000000000e+00
2.000000000000000000e+00
1.000000000000000000e+00
3.000000000000000000e+00
3.000000000000000000e+00
1.000000000000000000e+00
1.000000000000000000e+00
6.000000000000000000e+00
1.000000000000000000e+00
1.000000000000000000e+00
1.000000000000000000e+00
4.000000000000000000e+00
1.000000000000000000e+00
