1.486000000000000000e+03
1.505000000000000000e+03
7.320000000000000000e+02
5.100000000000000000e+02
1.619000000000000000e+03
6.070000000000000000e+02
4.510000000000000000e+02
2.430000000000000000e+02
1.486000000000000000e+03
1.638000000000000000e+03
2.220000000000000000e+02
1.556000000000000000e+03
1.652000000000000000e+03
5.120000000000000000e+02
1.790000000000000000e+02
1.019000000000000000e+03
1.305000000000000000e+03
1.682000000000000000e+03
1.098000000000000000e+03
1.008000000000000000e+03
1.258000000000000000e+03
1.457000000000000000e+03
1.033000000000000000e+03
1.721000000000000000e+03
1.673000000000000000e+03
1.616000000000000000e+03
1.558000000000000000e+03
8.260000000000000000e+02
1.696000000000000000e+03
8.830000000000000000e+02
1.318000000000000000e+03
1.032000000000000000e+03
1.253000000000000000e+03
1.486000000000000000e+03
3.230000000000000000e+02
1.701000000000000000e+03
1.358000000000000000e+03
8.160000000000000000e+02
5.960000000000000000e+02
1.631000000000000000e+03
1.667000000000000000e+03
1.100000000000000000e+02
4.210000000000000000e+02
1.606000000000000000e+03
6.000000000000000000e+00
1.198000000000000000e+03
1.721000000000000000e+03
1.349000000000000000e+03
1.600000000000000000e+03
1.420000000000000000e+03
1.081000000000000000e+03
1.382000000000000000e+03
1.342000000000000000e+03
6.800000000000000000e+02
9.900000000000000000e+01
7.100000000000000000e+01
3.160000000000000000e+02
1.208000000000000000e+03
7.560000000000000000e+02
1.306000000000000000e+03
2.500000000000000000e+01
1.702000000000000000e+03
9.820000000000000000e+02
1.533000000000000000e+03
8.750000000000000000e+02
1.507000000000000000e+03
2.450000000000000000e+02
1.594000000000000000e+03
9.740000000000000000e+02
4.880000000000000000e+02
1.640000000000000000e+02
6.580000000000000000e+02
1.465000000000000000e+03
4.120000000000000000e+02
9.270000000000000000e+02
5.780000000000000000e+02
5.820000000000000000e+02
1.151000000000000000e+03
9.360000000000000000e+02
2.810000000000000000e+02
3.760000000000000000e+02
1.460000000000000000e+03
2.780000000000000000e+02
1.140000000000000000e+02
1.222000000000000000e+03
3.690000000000000000e+02
1.557000000000000000e+03
6.960000000000000000e+02
1.134000000000000000e+03
3.030000000000000000e+02
3.800000000000000000e+01
2.580000000000000000e+02
1.600000000000000000e+02
1.190000000000000000e+02
3.200000000000000000e+01
6.310000000000000000e+02
2.040000000000000000e+02
5.080000000000000000e+02
8.870000000000000000e+02
2.460000000000000000e+02
9.200000000000000000e+01
3.420000000000000000e+02
5.500000000000000000e+02
3.970000000000000000e+02
2.900000000000000000e+01
2.190000000000000000e+02
1.490000000000000000e+02
9.000000000000000000e+00
8.110000000000000000e+02
3.500000000000000000e+02
7.450000000000000000e+02
1.900000000000000000e+01
4.400000000000000000e+02
1.480000000000000000e+02
8.000000000000000000e+00
5.200000000000000000e+01
1.200000000000000000e+01
1.160000000000000000e+02
3.120000000000000000e+02
1.030000000000000000e+02
6.700000000000000000e+01
2.320000000000000000e+02
2.900000000000000000e+01
3.000000000000000000e+01
1.460000000000000000e+02
6.000000000000000000e+00
4.370000000000000000e+02
4.900000000000000000e+01
1.370000000000000000e+02
6.700000000000000000e+01
4.300000000000000000e+01
8.000000000000000000e+00
1.320000000000000000e+02
7.000000000000000000e+00
9.100000000000000000e+01
7.500000000000000000e+01
3.000000000000000000e+00
3.400000000000000000e+01
5.600000000000000000e+01
1.000000000000000000e+00
4.000000000000000000e+00
5.000000000000000000e+01
1.600000000000000000e+01
1.030000000000000000e+02
8.200000000000000000e+01
2.400000000000000000e+01
8.000000000000000000e+00
2.600000000000000000e+01
2.400000000000000000e+01
4.200000000000000000e+01
6.000000000000000000e+00
8.000000000000000000e+00
3.200000000000000000e+01
1.000000000000000000e+01
1.400000000000000000e+01
6.900000000000000000e+01
2.300000000000000000e+01
2.000000000000000000e+00
1.000000000000000000e+00
6.000000000000000000e+00
6.000000000000000000e+00
1.800000000000000000e+01
1.100000000000000000e+01
9.000000000000000000e+00
1.000000000000000000e+01
1.000000000000000000e+00
6.000000000000000000e+00
8.000000000000000000e+00
1.900000000000000000e+01
1.000000000000000000e+00
2.000000000000000000e+00
5.000000000000000000e+00
4.000000000000000000e+00
3.000000000000000000e+00
1.000000000000000000e+00
3.000000000000000000e+00
2.000000000000000000e+00
2.000000000000000000e+00
1.000000000000000000e+00
2.000000000000000000e+00
1.400000000000000000e+01
2.000000000000000000e+00
2.000000000000000000e+00
3.000000000000000000e+00
3.000000000000000000e+00
1.000000000000000000e+00
1.000000000000000000e+00
1.000000000000000000e+00
1.000000000000000000e+00
