4.459000000000000000e+03
2.731000000000000000e+03
5.008000000000000000e+03
5.052000000000000000e+03
3.439000000000000000e+03
7.531000000000000000e+03
4.663000000000000000e+03
1.672000000000000000e+03
3.728000000000000000e+03
8.273000000000000000e+03
1.134000000000000000e+03
3.770000000000000000e+03
6.597000000000000000e+03
7.874000000000000000e+03
4.986000000000000000e+03
6.321000000000000000e+03
3.217000000000000000e+03
5.027000000000000000e+03
1.021000000000000000e+03
2.160000000000000000e+02
3.200000000000000000e+02
2.460000000000000000e+03
5.400000000000000000e+02
1.880000000000000000e+02
1.585000000000000000e+03
1.174000000000000000e+03
1.500000000000000000e+02
2.178000000000000000e+03
6.280000000000000000e+02
7.600000000000000000e+01
7.340000000000000000e+02
1.891000000000000000e+03
4.870000000000000000e+02
6.100000000000000000e+01
4.290000000000000000e+02
2.200000000000000000e+01
2.500000000000000000e+01
1.190000000000000000e+02
1.400000000000000000e+01
1.150000000000000000e+02
1.300000000000000000e+01
3.700000000000000000e+01
5.000000000000000000e+00
5.000000000000000000e+00
8.000000000000000000e+00
9.000000000000000000e+00
3.000000000000000000e+00
1.000000000000000000e+00
2.000000000000000000e+00
1.000000000000000000e+00
1.000000000000000000e+00
