1.026000000000000000e+03
1.837000000000000000e+03
1.806000000000000000e+03
1.609000000000000000e+03
1.107000000000000000e+03
1.081000000000000000e+03
1.735000000000000000e+03
1.219000000000000000e+03
1.671000000000000000e+03
1.776000000000000000e+03
1.766000000000000000e+03
1.770000000000000000e+03
1.436000000000000000e+03
4.000000000000000000e+01
1.735000000000000000e+03
1.451000000000000000e+03
1.882000000000000000e+03
1.740000000000000000e+02
1.136000000000000000e+03
1.651000000000000000e+03
1.398000000000000000e+03
1.700000000000000000e+02
1.884000000000000000e+03
1.288000000000000000e+03
2.920000000000000000e+02
1.519000000000000000e+03
1.721000000000000000e+03
1.409000000000000000e+03
1.379000000000000000e+03
7.960000000000000000e+02
1.643000000000000000e+03
1.713000000000000000e+03
8.800000000000000000e+02
1.737000000000000000e+03
9.880000000000000000e+02
5.290000000000000000e+02
5.210000000000000000e+02
8.370000000000000000e+02
1.730000000000000000e+03
1.706000000000000000e+03
8.410000000000000000e+02
1.163000000000000000e+03
1.235000000000000000e+03
6.940000000000000000e+02
1.212000000000000000e+03
6.500000000000000000e+01
7.100000000000000000e+02
6.790000000000000000e+02
1.568000000000000000e+03
1.765000000000000000e+03
1.150000000000000000e+02
3.700000000000000000e+02
5.730000000000000000e+02
1.699000000000000000e+03
2.020000000000000000e+02
8.940000000000000000e+02
1.791000000000000000e+03
1.147000000000000000e+03
1.381000000000000000e+03
2.550000000000000000e+02
1.804000000000000000e+03
1.287000000000000000e+03
9.240000000000000000e+02
1.299000000000000000e+03
1.599000000000000000e+03
3.120000000000000000e+02
1.269000000000000000e+03
3.590000000000000000e+02
7.660000000000000000e+02
1.038000000000000000e+03
2.520000000000000000e+02
9.040000000000000000e+02
1.576000000000000000e+03
3.890000000000000000e+02
2.940000000000000000e+02
7.810000000000000000e+02
1.869000000000000000e+03
5.080000000000000000e+02
2.130000000000000000e+02
5.940000000000000000e+02
7.400000000000000000e+01
2.240000000000000000e+02
4.430000000000000000e+02
2.800000000000000000e+01
5.210000000000000000e+02
4.200000000000000000e+01
1.680000000000000000e+02
3.000000000000000000e+00
1.360000000000000000e+03
6.340000000000000000e+02
4.100000000000000000e+01
3.550000000000000000e+02
1.300000000000000000e+02
3.890000000000000000e+02
3.070000000000000000e+02
5.350000000000000000e+02
3.540000000000000000e+02
8.390000000000000000e+02
1.450000000000000000e+02
8.800000000000000000e+01
1.310000000000000000e+02
5.700000000000000000e+01
5.060000000000000000e+02
1.460000000000000000e+02
3.400000000000000000e+01
1.010000000000000000e+02
9.700000000000000000e+01
1.980000000000000000e+02
1.940000000000000000e+02
1.600000000000000000e+01
6.050000000000000000e+02
2.470000000000000000e+02
6.200000000000000000e+02
1.570000000000000000e+02
3.900000000000000000e+02
2.170000000000000000e+02
7.600000000000000000e+01
2.300000000000000000e+01
9.400000000000000000e+01
6.400000000000000000e+01
9.000000000000000000e+00
3.000000000000000000e+01
1.300000000000000000e+01
3.000000000000000000e+01
8.500000000000000000e+01
3.000000000000000000e+00
7.000000000000000000e+01
1.400000000000000000e+01
8.700000000000000000e+01
2.000000000000000000e+00
9.100000000000000000e+01
1.400000000000000000e+01
5.200000000000000000e+01
2.400000000000000000e+01
3.500000000000000000e+01
9.000000000000000000e+00
4.500000000000000000e+01
3.900000000000000000e+01
5.000000000000000000e+00
7.000000000000000000e+00
2.500000000000000000e+01
2.700000000000000000e+01
1.200000000000000000e+01
1.100000000000000000e+01
2.000000000000000000e+00
5.000000000000000000e+00
1.500000000000000000e+01
1.400000000000000000e+01
2.200000000000000000e+01
2.000000000000000000e+00
4.000000000000000000e+00
8.000000000000000000e+00
6.000000000000000000e+00
4.000000000000000000e+00
1.000000000000000000e+00
1.600000000000000000e+01
2.000000000000000000e+00
1.800000000000000000e+01
1.400000000000000000e+01
2.000000000000000000e+00
1.000000000000000000e+00
1.000000000000000000e+00
1.000000000000000000e+00
6.000000000000000000e+00
2.000000000000000000e+00
3.000000000000000000e+00
4.000000000000000000e+00
4.000000000000000000e+00
1.000000000000000000e+00
1.000000000000000000e+00
1.000000000000000000e+00
2.000000000000000000e+00
1.000000000000000000e+00
1.000000000000000000e+00
