5.840000000000000000e+02
7.490000000000000000e+02
4.470000000000000000e+02
1.047000000000000000e+03
9.400000000000000000e+02
1.049000000000000000e+03
7.790000000000000000e+02
6.940000000000000000e+02
7.890000000000000000e+02
9.390000000000000000e+02
9.560000000000000000e+02
7.360000000000000000e+02
9.960000000000000000e+02
6.240000000000000000e+02
1.006000000000000000e+03
9.960000000000000000e+02
7.170000000000000000e+02
9.130000000000000000e+02
9.780000000000000000e+02
1.340000000000000000e+02
8.100000000000000000e+02
1.030000000000000000e+03
1.093000000000000000e+03
1.026000000000000000e+03
1.018000000000000000e+03
8.230000000000000000e+02
9.560000000000000000e+02
9.110000000000000000e+02
1.027000000000000000e+03
1.093000000000000000e+03
1.049000000000000000e+03
1.106000000000000000e+03
5.370000000000000000e+02
3.440000000000000000e+02
5.700000000000000000e+02
1.028000000000000000e+03
9.760000000000000000e+02
9.640000000000000000e+02
1.014000000000000000e+03
8.480000000000000000e+02
1.062000000000000000e+03
6.520000000000000000e+02
1.410000000000000000e+02
4.240000000000000000e+02
1.019000000000000000e+03
2.340000000000000000e+02
1.990000000000000000e+02
6.570000000000000000e+02
8.980000000000000000e+02
7.460000000000000000e+02
5.890000000000000000e+02
2.350000000000000000e+02
6.600000000000000000e+02
1.820000000000000000e+02
7.780000000000000000e+02
6.050000000000000000e+02
8.360000000000000000e+02
1.062000000000000000e+03
5.270000000000000000e+02
2.700000000000000000e+02
9.340000000000000000e+02
1.037000000000000000e+03
1.013000000000000000e+03
5.360000000000000000e+02
1.850000000000000000e+02
2.680000000000000000e+02
9.900000000000000000e+01
5.130000000000000000e+02
3.750000000000000000e+02
1.080000000000000000e+02
4.900000000000000000e+01
1.110000000000000000e+02
3.190000000000000000e+02
8.330000000000000000e+02
9.960000000000000000e+02
2.630000000000000000e+02
9.900000000000000000e+01
2.900000000000000000e+01
4.770000000000000000e+02
6.700000000000000000e+02
7.720000000000000000e+02
4.530000000000000000e+02
4.200000000000000000e+02
3.350000000000000000e+02
6.170000000000000000e+02
3.430000000000000000e+02
1.097000000000000000e+03
2.890000000000000000e+02
1.030000000000000000e+02
3.540000000000000000e+02
1.760000000000000000e+02
2.730000000000000000e+02
9.600000000000000000e+02
7.270000000000000000e+02
8.690000000000000000e+02
8.470000000000000000e+02
3.990000000000000000e+02
4.340000000000000000e+02
5.290000000000000000e+02
9.600000000000000000e+01
1.590000000000000000e+02
5.600000000000000000e+01
9.190000000000000000e+02
1.750000000000000000e+02
8.000000000000000000e+02
1.056000000000000000e+03
9.320000000000000000e+02
8.250000000000000000e+02
8.510000000000000000e+02
8.400000000000000000e+02
1.030000000000000000e+03
5.110000000000000000e+02
6.410000000000000000e+02
4.460000000000000000e+02
3.590000000000000000e+02
1.250000000000000000e+02
5.400000000000000000e+01
1.400000000000000000e+02
6.860000000000000000e+02
9.880000000000000000e+02
9.600000000000000000e+01
5.400000000000000000e+02
9.890000000000000000e+02
1.640000000000000000e+02
3.800000000000000000e+01
3.100000000000000000e+01
4.200000000000000000e+01
7.000000000000000000e+01
4.070000000000000000e+02
7.260000000000000000e+02
9.800000000000000000e+01
8.300000000000000000e+01
5.800000000000000000e+01
5.140000000000000000e+02
6.080000000000000000e+02
1.030000000000000000e+03
4.540000000000000000e+02
6.390000000000000000e+02
3.360000000000000000e+02
3.620000000000000000e+02
2.000000000000000000e+01
1.810000000000000000e+02
9.930000000000000000e+02
1.250000000000000000e+02
2.070000000000000000e+02
4.020000000000000000e+02
2.100000000000000000e+02
5.100000000000000000e+01
1.003000000000000000e+03
9.660000000000000000e+02
5.700000000000000000e+02
2.700000000000000000e+02
1.330000000000000000e+02
8.790000000000000000e+02
3.490000000000000000e+02
7.580000000000000000e+02
2.590000000000000000e+02
8.720000000000000000e+02
3.070000000000000000e+02
1.560000000000000000e+02
5.860000000000000000e+02
4.080000000000000000e+02
1.600000000000000000e+02
2.480000000000000000e+02
6.700000000000000000e+01
5.420000000000000000e+02
1.640000000000000000e+02
6.900000000000000000e+01
2.930000000000000000e+02
3.300000000000000000e+02
1.080000000000000000e+02
2.870000000000000000e+02
6.000000000000000000e+00
8.700000000000000000e+01
2.180000000000000000e+02
3.990000000000000000e+02
6.100000000000000000e+01
8.900000000000000000e+01
4.670000000000000000e+02
1.000000000000000000e+01
3.700000000000000000e+01
8.500000000000000000e+01
8.500000000000000000e+01
2.030000000000000000e+02
7.900000000000000000e+01
3.000000000000000000e+00
1.410000000000000000e+02
1.670000000000000000e+02
1.960000000000000000e+02
6.000000000000000000e+00
2.800000000000000000e+01
8.100000000000000000e+01
1.530000000000000000e+02
4.700000000000000000e+01
4.000000000000000000e+00
8.000000000000000000e+00
5.900000000000000000e+01
8.000000000000000000e+00
7.500000000000000000e+01
5.600000000000000000e+01
2.000000000000000000e+01
7.100000000000000000e+01
1.700000000000000000e+01
2.300000000000000000e+01
4.600000000000000000e+01
7.700000000000000000e+01
2.600000000000000000e+01
6.300000000000000000e+01
1.600000000000000000e+01
3.400000000000000000e+01
9.000000000000000000e+00
6.000000000000000000e+00
2.100000000000000000e+01
5.000000000000000000e+01
3.000000000000000000e+01
1.300000000000000000e+01
3.300000000000000000e+01
5.400000000000000000e+01
3.500000000000000000e+01
4.000000000000000000e+01
1.400000000000000000e+01
4.100000000000000000e+01
2.500000000000000000e+01
9.000000000000000000e+00
1.700000000000000000e+01
7.000000000000000000e+00
2.400000000000000000e+01
1.500000000000000000e+01
1.000000000000000000e+01
1.300000000000000000e+01
1.000000000000000000e+01
1.000000000000000000e+00
2.000000000000000000e+00
1.000000000000000000e+01
1.000000000000000000e+00
2.000000000000000000e+00
2.100000000000000000e+01
1.200000000000000000e+01
1.200000000000000000e+01
7.000000000000000000e+00
3.000000000000000000e+00
2.000000000000000000e+01
4.000000000000000000e+00
3.000000000000000000e+00
3.000000000000000000e+00
2.200000000000000000e+01
6.000000000000000000e+00
2.000000000000000000e+01
5.000000000000000000e+00
2.000000000000000000e+00
1.200000000000000000e+01
1.000000000000000000e+00
3.000000000000000000e+00
1.000000000000000000e+01
1.000000000000000000e+01
8.000000000000000000e+00
2.000000000000000000e+00
7.000000000000000000e+00
1.000000000000000000e+00
1.000000000000000000e+00
2.000000000000000000e+00
2.000000000000000000e+00
3.000000000000000000e+00
1.000000000000000000e+00
2.000000000000000000e+00
3.000000000000000000e+00
2.000000000000000000e+00
3.000000000000000000e+00
1.000000000000000000e+00
1.000000000000000000e+00
9.000000000000000000e+00
2.000000000000000000e+00
1.600000000000000000e+01
5.000000000000000000e+00
2.000000000000000000e+00
2.000000000000000000e+00
1.600000000000000000e+01
2.000000000000000000e+00
8.000000000000000000e+00
7.000000000000000000e+00
2.000000000000000000e+00
1.000000000000000000e+00
1.000000000000000000e+00
1.000000000000000000e+00
2.000000000000000000e+00
5.000000000000000000e+00
1.000000000000000000e+00
1.000000000000000000e+00
2.000000000000000000e+00
4.000000000000000000e+00
3.000000000000000000e+00
2.000000000000000000e+00
1.000000000000000000e+00
2.000000000000000000e+00
2.000000000000000000e+00
2.000000000000000000e+00
5.000000000000000000e+00
1.000000000000000000e+00
4.000000000000000000e+00
1.000000000000000000e+00
