1.250000000000000000e+03
9.340000000000000000e+02
1.309000000000000000e+03
1.234000000000000000e+03
1.168000000000000000e+03
2.000000000000000000e+02
9.190000000000000000e+02
1.633000000000000000e+03
1.171000000000000000e+03
1.763000000000000000e+03
1.575000000000000000e+03
1.537000000000000000e+03
1.752000000000000000e+03
1.216000000000000000e+03
1.468000000000000000e+03
1.113000000000000000e+03
9.550000000000000000e+02
1.755000000000000000e+03
1.536000000000000000e+03
1.489000000000000000e+03
9.440000000000000000e+02
1.752000000000000000e+03
1.610000000000000000e+03
6.020000000000000000e+02
1.823000000000000000e+03
1.260000000000000000e+02
3.310000000000000000e+02
1.263000000000000000e+03
1.742000000000000000e+03
1.400000000000000000e+03
1.526000000000000000e+03
1.616000000000000000e+03
4.760000000000000000e+02
1.753000000000000000e+03
1.790000000000000000e+03
4.060000000000000000e+02
1.628000000000000000e+03
1.396000000000000000e+03
1.372000000000000000e+03
5.930000000000000000e+02
1.814000000000000000e+03
2.830000000000000000e+02
1.595000000000000000e+03
1.665000000000000000e+03
1.722000000000000000e+03
1.449000000000000000e+03
6.930000000000000000e+02
7.770000000000000000e+02
1.325000000000000000e+03
3.430000000000000000e+02
4.550000000000000000e+02
8.360000000000000000e+02
1.695000000000000000e+03
1.784000000000000000e+03
1.484000000000000000e+03
1.775000000000000000e+03
1.083000000000000000e+03
7.610000000000000000e+02
2.610000000000000000e+02
1.730000000000000000e+02
1.716000000000000000e+03
1.008000000000000000e+03
5.190000000000000000e+02
1.653000000000000000e+03
1.269000000000000000e+03
4.150000000000000000e+02
7.190000000000000000e+02
8.390000000000000000e+02
1.001000000000000000e+03
3.470000000000000000e+02
7.340000000000000000e+02
5.320000000000000000e+02
1.082000000000000000e+03
3.210000000000000000e+02
4.930000000000000000e+02
2.570000000000000000e+02
8.000000000000000000e+01
3.410000000000000000e+02
1.960000000000000000e+02
1.470000000000000000e+02
2.550000000000000000e+02
6.020000000000000000e+02
7.000000000000000000e+00
8.900000000000000000e+01
3.400000000000000000e+01
7.500000000000000000e+02
1.080000000000000000e+03
8.630000000000000000e+02
7.110000000000000000e+02
1.391000000000000000e+03
4.450000000000000000e+02
2.130000000000000000e+02
1.510000000000000000e+02
5.600000000000000000e+01
1.406000000000000000e+03
5.700000000000000000e+01
6.310000000000000000e+02
5.300000000000000000e+01
5.420000000000000000e+02
2.530000000000000000e+02
2.450000000000000000e+02
3.500000000000000000e+01
5.700000000000000000e+02
3.940000000000000000e+02
2.000000000000000000e+01
4.010000000000000000e+02
1.010000000000000000e+02
2.700000000000000000e+01
2.200000000000000000e+02
1.280000000000000000e+02
4.400000000000000000e+01
2.960000000000000000e+02
1.730000000000000000e+02
6.000000000000000000e+01
9.700000000000000000e+01
5.400000000000000000e+01
1.930000000000000000e+02
1.590000000000000000e+02
3.500000000000000000e+01
1.280000000000000000e+02
7.200000000000000000e+01
1.360000000000000000e+02
1.030000000000000000e+02
9.700000000000000000e+01
2.700000000000000000e+01
1.270000000000000000e+02
2.000000000000000000e+01
6.000000000000000000e+00
1.200000000000000000e+01
1.800000000000000000e+01
3.000000000000000000e+01
2.000000000000000000e+01
5.800000000000000000e+01
2.400000000000000000e+01
1.050000000000000000e+02
3.800000000000000000e+01
3.400000000000000000e+01
1.000000000000000000e+01
1.700000000000000000e+01
1.900000000000000000e+01
1.000000000000000000e+01
1.400000000000000000e+01
6.000000000000000000e+00
7.000000000000000000e+00
1.400000000000000000e+01
8.700000000000000000e+01
1.000000000000000000e+00
2.200000000000000000e+01
8.000000000000000000e+00
1.300000000000000000e+01
1.000000000000000000e+01
3.000000000000000000e+00
3.000000000000000000e+00
7.000000000000000000e+00
3.000000000000000000e+00
4.000000000000000000e+00
2.000000000000000000e+00
5.000000000000000000e+00
9.000000000000000000e+00
4.000000000000000000e+00
1.300000000000000000e+01
1.100000000000000000e+01
3.000000000000000000e+00
1.000000000000000000e+00
1.000000000000000000e+00
2.000000000000000000e+00
6.000000000000000000e+00
1.000000000000000000e+00
2.000000000000000000e+00
1.000000000000000000e+00
3.000000000000000000e+00
1.000000000000000000e+00
2.000000000000000000e+00
1.000000000000000000e+00
1.000000000000000000e+00
2.000000000000000000e+00
2.000000000000000000e+00
1.000000000000000000e+00
1.000000000000000000e+00
2.000000000000000000e+00
1.000000000000000000e+00
