1.025000000000000000e+03
5.380000000000000000e+02
1.413000000000000000e+03
1.445000000000000000e+03
1.287000000000000000e+03
1.380000000000000000e+03
1.510000000000000000e+03
9.560000000000000000e+02
5.330000000000000000e+02
4.320000000000000000e+02
1.595000000000000000e+03
6.560000000000000000e+02
1.662000000000000000e+03
9.600000000000000000e+02
5.370000000000000000e+02
1.719000000000000000e+03
8.870000000000000000e+02
6.220000000000000000e+02
1.713000000000000000e+03
1.646000000000000000e+03
2.830000000000000000e+02
1.221000000000000000e+03
1.624000000000000000e+03
1.644000000000000000e+03
1.538000000000000000e+03
1.556000000000000000e+03
5.100000000000000000e+02
1.025000000000000000e+03
6.770000000000000000e+02
1.570000000000000000e+03
4.300000000000000000e+02
8.310000000000000000e+02
1.584000000000000000e+03
6.470000000000000000e+02
1.603000000000000000e+03
1.162000000000000000e+03
1.687000000000000000e+03
1.164000000000000000e+03
1.093000000000000000e+03
1.318000000000000000e+03
1.044000000000000000e+03
1.412000000000000000e+03
8.980000000000000000e+02
2.310000000000000000e+02
1.636000000000000000e+03
1.417000000000000000e+03
1.306000000000000000e+03
4.050000000000000000e+02
6.530000000000000000e+02
1.179000000000000000e+03
1.240000000000000000e+03
2.550000000000000000e+02
1.032000000000000000e+03
1.479000000000000000e+03
3.090000000000000000e+02
1.930000000000000000e+02
8.670000000000000000e+02
1.276000000000000000e+03
1.740000000000000000e+02
1.420000000000000000e+03
1.497000000000000000e+03
1.149000000000000000e+03
1.710000000000000000e+02
1.183000000000000000e+03
7.610000000000000000e+02
1.008000000000000000e+03
1.599000000000000000e+03
3.700000000000000000e+02
6.250000000000000000e+02
2.860000000000000000e+02
3.010000000000000000e+02
5.570000000000000000e+02
1.463000000000000000e+03
2.000000000000000000e+02
1.117000000000000000e+03
2.480000000000000000e+02
8.800000000000000000e+01
8.670000000000000000e+02
3.300000000000000000e+02
7.200000000000000000e+02
2.440000000000000000e+02
6.940000000000000000e+02
1.543000000000000000e+03
7.760000000000000000e+02
3.870000000000000000e+02
1.180000000000000000e+02
3.630000000000000000e+02
1.790000000000000000e+02
1.160000000000000000e+02
1.620000000000000000e+02
1.575000000000000000e+03
1.511000000000000000e+03
4.140000000000000000e+02
3.780000000000000000e+02
6.060000000000000000e+02
9.900000000000000000e+01
3.500000000000000000e+01
1.410000000000000000e+03
1.544000000000000000e+03
7.500000000000000000e+02
4.810000000000000000e+02
1.031000000000000000e+03
6.000000000000000000e+00
8.170000000000000000e+02
5.500000000000000000e+01
1.453000000000000000e+03
2.000000000000000000e+00
4.450000000000000000e+02
3.320000000000000000e+02
2.290000000000000000e+02
7.200000000000000000e+01
5.000000000000000000e+01
8.600000000000000000e+01
2.990000000000000000e+02
1.090000000000000000e+02
4.850000000000000000e+02
4.800000000000000000e+01
1.540000000000000000e+02
1.550000000000000000e+02
1.740000000000000000e+02
7.200000000000000000e+01
8.500000000000000000e+01
9.900000000000000000e+01
2.900000000000000000e+01
2.830000000000000000e+02
1.040000000000000000e+02
4.900000000000000000e+01
3.200000000000000000e+01
3.900000000000000000e+01
1.000000000000000000e+01
5.400000000000000000e+01
2.200000000000000000e+01
8.400000000000000000e+01
4.000000000000000000e+00
9.700000000000000000e+01
4.200000000000000000e+01
1.400000000000000000e+01
2.600000000000000000e+01
5.600000000000000000e+01
6.000000000000000000e+00
6.000000000000000000e+01
2.500000000000000000e+01
1.120000000000000000e+02
6.200000000000000000e+01
4.600000000000000000e+01
7.000000000000000000e+00
1.600000000000000000e+01
2.800000000000000000e+01
7.000000000000000000e+00
3.000000000000000000e+01
1.800000000000000000e+01
4.700000000000000000e+01
4.000000000000000000e+00
4.000000000000000000e+00
7.000000000000000000e+00
1.400000000000000000e+01
5.000000000000000000e+00
2.600000000000000000e+01
5.000000000000000000e+00
4.000000000000000000e+00
3.900000000000000000e+01
7.000000000000000000e+00
5.000000000000000000e+00
3.000000000000000000e+00
3.000000000000000000e+00
1.300000000000000000e+01
2.000000000000000000e+01
5.400000000000000000e+01
1.600000000000000000e+01
2.200000000000000000e+01
3.000000000000000000e+00
2.000000000000000000e+00
7.000000000000000000e+00
5.000000000000000000e+00
1.000000000000000000e+00
1.000000000000000000e+00
2.000000000000000000e+00
2.000000000000000000e+00
1.000000000000000000e+00
1.000000000000000000e+00
2.000000000000000000e+00
2.000000000000000000e+00
1.000000000000000000e+00
3.000000000000000000e+00
3.000000000000000000e+00
1.000000000000000000e+00
2.000000000000000000e+00
1.000000000000000000e+00
1.000000000000000000e+00
1.000000000000000000e+00
1.000000000000000000e+00
1.000000000000000000e+00
1.000000000000000000e+00
1.000000000000000000e+00
2.000000000000000000e+00
