1.402000000000000000e+03
1.047000000000000000e+03
3.740000000000000000e+02
1.821000000000000000e+03
1.764000000000000000e+03
1.714000000000000000e+03
1.839000000000000000e+03
1.265000000000000000e+03
5.890000000000000000e+02
1.309000000000000000e+03
5.380000000000000000e+02
1.607000000000000000e+03
1.118000000000000000e+03
1.771000000000000000e+03
2.070000000000000000e+02
1.818000000000000000e+03
1.024000000000000000e+03
2.000000000000000000e+00
9.440000000000000000e+02
1.815000000000000000e+03
1.454000000000000000e+03
1.612000000000000000e+03
9.830000000000000000e+02
1.168000000000000000e+03
1.586000000000000000e+03
1.643000000000000000e+03
1.628000000000000000e+03
8.700000000000000000e+02
9.210000000000000000e+02
5.350000000000000000e+02
6.470000000000000000e+02
1.765000000000000000e+03
1.773000000000000000e+03
1.788000000000000000e+03
5.620000000000000000e+02
1.671000000000000000e+03
1.206000000000000000e+03
4.400000000000000000e+02
1.431000000000000000e+03
1.623000000000000000e+03
5.030000000000000000e+02
7.680000000000000000e+02
7.060000000000000000e+02
8.630000000000000000e+02
1.429000000000000000e+03
1.656000000000000000e+03
3.440000000000000000e+02
1.746000000000000000e+03
7.090000000000000000e+02
2.310000000000000000e+02
7.120000000000000000e+02
1.288000000000000000e+03
1.819000000000000000e+03
5.190000000000000000e+02
1.200000000000000000e+02
1.376000000000000000e+03
1.808000000000000000e+03
8.720000000000000000e+02
2.460000000000000000e+02
1.792000000000000000e+03
8.170000000000000000e+02
1.171000000000000000e+03
8.150000000000000000e+02
2.700000000000000000e+01
1.420000000000000000e+03
6.850000000000000000e+02
1.630000000000000000e+02
1.000000000000000000e+00
1.560000000000000000e+02
1.830000000000000000e+03
1.043000000000000000e+03
6.380000000000000000e+02
1.201000000000000000e+03
8.800000000000000000e+02
1.361000000000000000e+03
1.728000000000000000e+03
1.414000000000000000e+03
1.131000000000000000e+03
2.830000000000000000e+02
1.020000000000000000e+03
5.420000000000000000e+02
3.970000000000000000e+02
3.380000000000000000e+02
6.100000000000000000e+01
3.490000000000000000e+02
2.830000000000000000e+02
2.960000000000000000e+02
1.771000000000000000e+03
1.667000000000000000e+03
1.780000000000000000e+02
1.490000000000000000e+03
6.000000000000000000e+02
4.300000000000000000e+01
7.700000000000000000e+01
2.550000000000000000e+02
3.220000000000000000e+02
3.550000000000000000e+02
4.090000000000000000e+02
4.640000000000000000e+02
2.320000000000000000e+02
1.200000000000000000e+02
1.590000000000000000e+02
4.700000000000000000e+01
1.800000000000000000e+01
2.100000000000000000e+01
7.200000000000000000e+01
7.800000000000000000e+01
9.300000000000000000e+01
1.870000000000000000e+02
1.330000000000000000e+02
3.660000000000000000e+02
3.900000000000000000e+01
3.300000000000000000e+01
1.320000000000000000e+02
1.090000000000000000e+02
2.370000000000000000e+02
1.400000000000000000e+01
1.520000000000000000e+02
1.090000000000000000e+02
1.900000000000000000e+02
5.500000000000000000e+01
9.200000000000000000e+01
1.900000000000000000e+01
3.000000000000000000e+00
9.200000000000000000e+01
6.000000000000000000e+00
3.100000000000000000e+01
5.000000000000000000e+00
3.000000000000000000e+00
8.500000000000000000e+01
5.900000000000000000e+01
9.000000000000000000e+00
2.200000000000000000e+01
1.200000000000000000e+01
2.000000000000000000e+01
1.500000000000000000e+01
3.900000000000000000e+01
1.200000000000000000e+01
4.400000000000000000e+01
5.100000000000000000e+01
7.600000000000000000e+01
1.500000000000000000e+01
4.000000000000000000e+00
1.300000000000000000e+01
4.200000000000000000e+01
9.000000000000000000e+00
1.800000000000000000e+01
9.000000000000000000e+00
2.000000000000000000e+00
8.000000000000000000e+00
2.500000000000000000e+01
7.000000000000000000e+00
3.100000000000000000e+01
1.200000000000000000e+01
1.000000000000000000e+00
2.000000000000000000e+00
1.200000000000000000e+01
2.000000000000000000e+00
5.000000000000000000e+00
8.000000000000000000e+00
2.000000000000000000e+00
3.000000000000000000e+00
4.000000000000000000e+00
2.000000000000000000e+00
1.000000000000000000e+00
5.000000000000000000e+00
1.000000000000000000e+00
2.000000000000000000e+00
1.000000000000000000e+00
1.000000000000000000e+00
