1.670000000000000000e+02
1.234000000000000000e+03
1.773000000000000000e+03
1.064000000000000000e+03
1.281000000000000000e+03
6.480000000000000000e+02
3.160000000000000000e+02
2.180000000000000000e+02
4.090000000000000000e+02
4.300000000000000000e+02
1.697000000000000000e+03
1.375000000000000000e+03
1.263000000000000000e+03
9.410000000000000000e+02
6.600000000000000000e+02
1.000000000000000000e+03
5.590000000000000000e+02
1.442000000000000000e+03
3.960000000000000000e+02
1.086000000000000000e+03
7.550000000000000000e+02
1.676000000000000000e+03
1.612000000000000000e+03
7.250000000000000000e+02
7.400000000000000000e+01
1.800000000000000000e+03
4.910000000000000000e+02
8.760000000000000000e+02
1.473000000000000000e+03
1.637000000000000000e+03
1.139000000000000000e+03
2.430000000000000000e+02
9.370000000000000000e+02
1.053000000000000000e+03
1.742000000000000000e+03
1.467000000000000000e+03
1.403000000000000000e+03
1.609000000000000000e+03
1.030000000000000000e+02
1.602000000000000000e+03
1.167000000000000000e+03
1.180000000000000000e+03
1.643000000000000000e+03
5.600000000000000000e+02
6.070000000000000000e+02
1.684000000000000000e+03
6.910000000000000000e+02
1.720000000000000000e+03
1.280000000000000000e+03
2.900000000000000000e+02
1.633000000000000000e+03
9.300000000000000000e+02
1.737000000000000000e+03
4.820000000000000000e+02
1.409000000000000000e+03
1.551000000000000000e+03
7.930000000000000000e+02
1.576000000000000000e+03
1.727000000000000000e+03
1.565000000000000000e+03
2.830000000000000000e+02
6.300000000000000000e+02
1.133000000000000000e+03
1.068000000000000000e+03
1.920000000000000000e+02
3.240000000000000000e+02
1.655000000000000000e+03
1.586000000000000000e+03
1.728000000000000000e+03
1.527000000000000000e+03
8.560000000000000000e+02
1.699000000000000000e+03
1.341000000000000000e+03
5.510000000000000000e+02
7.710000000000000000e+02
1.727000000000000000e+03
8.210000000000000000e+02
1.587000000000000000e+03
1.464000000000000000e+03
1.179000000000000000e+03
6.550000000000000000e+02
1.065000000000000000e+03
4.300000000000000000e+02
9.440000000000000000e+02
5.300000000000000000e+01
1.452000000000000000e+03
2.950000000000000000e+02
4.480000000000000000e+02
7.350000000000000000e+02
3.640000000000000000e+02
5.420000000000000000e+02
4.330000000000000000e+02
1.520000000000000000e+02
5.380000000000000000e+02
3.910000000000000000e+02
8.300000000000000000e+01
3.200000000000000000e+01
9.900000000000000000e+01
2.850000000000000000e+02
3.000000000000000000e+01
4.500000000000000000e+01
7.900000000000000000e+01
2.360000000000000000e+02
1.790000000000000000e+02
1.400000000000000000e+01
1.700000000000000000e+02
1.900000000000000000e+01
5.000000000000000000e+00
3.540000000000000000e+02
2.670000000000000000e+02
2.900000000000000000e+01
2.260000000000000000e+02
1.400000000000000000e+02
6.500000000000000000e+01
1.410000000000000000e+02
8.700000000000000000e+01
1.770000000000000000e+02
2.330000000000000000e+02
1.180000000000000000e+02
2.800000000000000000e+01
1.500000000000000000e+01
1.080000000000000000e+02
1.370000000000000000e+02
6.500000000000000000e+01
1.000000000000000000e+02
1.400000000000000000e+02
2.200000000000000000e+01
3.500000000000000000e+01
2.600000000000000000e+01
5.000000000000000000e+01
2.600000000000000000e+01
9.300000000000000000e+01
9.000000000000000000e+00
2.100000000000000000e+01
5.200000000000000000e+01
1.200000000000000000e+01
1.750000000000000000e+02
1.800000000000000000e+01
3.900000000000000000e+01
3.500000000000000000e+01
3.000000000000000000e+00
6.800000000000000000e+01
8.100000000000000000e+01
4.900000000000000000e+01
7.000000000000000000e+00
5.000000000000000000e+00
2.700000000000000000e+01
2.700000000000000000e+01
6.000000000000000000e+00
4.000000000000000000e+00
9.000000000000000000e+00
2.300000000000000000e+01
4.000000000000000000e+00
4.200000000000000000e+01
1.300000000000000000e+01
6.000000000000000000e+00
4.000000000000000000e+00
2.000000000000000000e+00
1.000000000000000000e+00
1.000000000000000000e+01
6.000000000000000000e+00
3.000000000000000000e+00
6.000000000000000000e+00
1.300000000000000000e+01
1.200000000000000000e+01
3.000000000000000000e+00
6.000000000000000000e+00
2.000000000000000000e+00
3.000000000000000000e+00
2.000000000000000000e+00
1.000000000000000000e+00
2.000000000000000000e+00
1.000000000000000000e+00
1.000000000000000000e+00
1.000000000000000000e+00
1.000000000000000000e+00
2.000000000000000000e+00
2.000000000000000000e+00
1.000000000000000000e+00
1.000000000000000000e+00
1.000000000000000000e+00
