1.596000000000000000e+03
2.073000000000000000e+03
3.290000000000000000e+02
3.072000000000000000e+03
2.642000000000000000e+03
3.020000000000000000e+02
6.260000000000000000e+02
3.963000000000000000e+03
3.985000000000000000e+03
3.563000000000000000e+03
3.359000000000000000e+03
3.806000000000000000e+03
1.837000000000000000e+03
3.651000000000000000e+03
1.202000000000000000e+03
3.324000000000000000e+03
3.222000000000000000e+03
5.290000000000000000e+02
2.137000000000000000e+03
3.840000000000000000e+02
4.110000000000000000e+03
3.417000000000000000e+03
4.087000000000000000e+03
2.358000000000000000e+03
3.901000000000000000e+03
2.421000000000000000e+03
4.025000000000000000e+03
1.632000000000000000e+03
2.664000000000000000e+03
3.778000000000000000e+03
2.891000000000000000e+03
2.022000000000000000e+03
2.909000000000000000e+03
1.403000000000000000e+03
1.208000000000000000e+03
1.105000000000000000e+03
1.814000000000000000e+03
8.820000000000000000e+02
8.050000000000000000e+02
7.730000000000000000e+02
4.940000000000000000e+02
9.830000000000000000e+02
7.900000000000000000e+01
1.295000000000000000e+03
1.030000000000000000e+02
1.530000000000000000e+02
2.000000000000000000e+00
8.300000000000000000e+01
6.300000000000000000e+01
5.420000000000000000e+02
6.600000000000000000e+01
5.980000000000000000e+02
3.700000000000000000e+01
2.210000000000000000e+02
3.120000000000000000e+02
1.550000000000000000e+02
1.100000000000000000e+01
2.300000000000000000e+01
3.130000000000000000e+02
4.200000000000000000e+01
4.000000000000000000e+00
1.380000000000000000e+02
4.500000000000000000e+01
4.000000000000000000e+00
1.100000000000000000e+01
1.210000000000000000e+02
1.620000000000000000e+02
1.700000000000000000e+01
3.100000000000000000e+01
1.000000000000000000e+01
7.000000000000000000e+00
3.300000000000000000e+01
2.000000000000000000e+00
1.900000000000000000e+01
1.000000000000000000e+00
3.000000000000000000e+00
1.000000000000000000e+00
1.000000000000000000e+00
4.000000000000000000e+00
2.000000000000000000e+00
1.000000000000000000e+00
1.000000000000000000e+00
