2.277000000000000000e+03
2.361000000000000000e+03
2.654000000000000000e+03
2.690000000000000000e+03
2.715000000000000000e+03
9.390000000000000000e+02
2.498000000000000000e+03
1.550000000000000000e+03
2.990000000000000000e+02
1.250000000000000000e+03
1.035000000000000000e+03
2.616000000000000000e+03
1.029000000000000000e+03
2.098000000000000000e+03
2.716000000000000000e+03
1.332000000000000000e+03
7.700000000000000000e+02
2.638000000000000000e+03
2.662000000000000000e+03
2.267000000000000000e+03
2.460000000000000000e+03
2.378000000000000000e+03
1.651000000000000000e+03
2.160000000000000000e+02
1.929000000000000000e+03
1.771000000000000000e+03
1.810000000000000000e+02
1.280000000000000000e+03
1.174000000000000000e+03
5.670000000000000000e+02
4.200000000000000000e+01
2.626000000000000000e+03
1.928000000000000000e+03
6.280000000000000000e+02
8.200000000000000000e+02
2.000000000000000000e+00
3.850000000000000000e+02
2.688000000000000000e+03
2.580000000000000000e+02
1.140000000000000000e+02
8.630000000000000000e+02
2.147000000000000000e+03
1.930000000000000000e+03
1.595000000000000000e+03
1.093000000000000000e+03
2.222000000000000000e+03
2.113000000000000000e+03
2.513000000000000000e+03
1.410000000000000000e+03
2.576000000000000000e+03
4.710000000000000000e+02
2.381000000000000000e+03
1.646000000000000000e+03
1.932000000000000000e+03
8.030000000000000000e+02
1.505000000000000000e+03
1.668000000000000000e+03
6.900000000000000000e+01
7.200000000000000000e+01
1.103000000000000000e+03
4.800000000000000000e+01
1.780000000000000000e+02
2.840000000000000000e+02
7.570000000000000000e+02
6.520000000000000000e+02
4.550000000000000000e+02
2.490000000000000000e+02
5.270000000000000000e+02
1.580000000000000000e+02
4.820000000000000000e+02
3.230000000000000000e+02
3.630000000000000000e+02
1.078000000000000000e+03
1.800000000000000000e+01
3.400000000000000000e+01
1.270000000000000000e+02
3.150000000000000000e+02
6.150000000000000000e+02
2.020000000000000000e+02
3.770000000000000000e+02
8.000000000000000000e+00
3.000000000000000000e+01
9.700000000000000000e+01
7.600000000000000000e+01
3.400000000000000000e+01
9.200000000000000000e+01
1.430000000000000000e+02
1.510000000000000000e+02
9.600000000000000000e+01
1.000000000000000000e+02
1.400000000000000000e+01
8.000000000000000000e+00
6.100000000000000000e+01
3.200000000000000000e+01
4.800000000000000000e+01
1.400000000000000000e+01
1.700000000000000000e+01
5.000000000000000000e+00
1.200000000000000000e+01
2.000000000000000000e+00
5.000000000000000000e+00
5.000000000000000000e+00
1.000000000000000000e+01
2.000000000000000000e+00
2.500000000000000000e+01
9.000000000000000000e+00
1.600000000000000000e+01
6.000000000000000000e+00
5.000000000000000000e+00
6.000000000000000000e+00
3.000000000000000000e+00
1.000000000000000000e+00
1.000000000000000000e+00
5.000000000000000000e+00
1.000000000000000000e+00
1.000000000000000000e+00
2.000000000000000000e+00
1.000000000000000000e+00
1.000000000000000000e+00
4.000000000000000000e+00
1.000000000000000000e+00
2.000000000000000000e+00
