1.353000000000000000e+03
1.164000000000000000e+03
1.321000000000000000e+03
6.320000000000000000e+02
7.140000000000000000e+02
4.710000000000000000e+02
1.700000000000000000e+01
2.600000000000000000e+01
1.406000000000000000e+03
6.630000000000000000e+02
1.380000000000000000e+03
7.740000000000000000e+02
3.610000000000000000e+02
7.190000000000000000e+02
1.517000000000000000e+03
1.081000000000000000e+03
1.600000000000000000e+03
1.525000000000000000e+03
4.010000000000000000e+02
1.311000000000000000e+03
1.534000000000000000e+03
1.480000000000000000e+03
1.195000000000000000e+03
9.170000000000000000e+02
1.622000000000000000e+03
5.670000000000000000e+02
1.563000000000000000e+03
1.102000000000000000e+03
1.050000000000000000e+03
1.517000000000000000e+03
8.050000000000000000e+02
1.408000000000000000e+03
1.450000000000000000e+03
4.600000000000000000e+02
5.620000000000000000e+02
2.830000000000000000e+02
9.780000000000000000e+02
4.670000000000000000e+02
1.210000000000000000e+02
1.486000000000000000e+03
1.596000000000000000e+03
1.590000000000000000e+03
1.175000000000000000e+03
8.300000000000000000e+02
1.022000000000000000e+03
1.544000000000000000e+03
7.290000000000000000e+02
1.554000000000000000e+03
1.304000000000000000e+03
1.374000000000000000e+03
1.162000000000000000e+03
7.120000000000000000e+02
1.610000000000000000e+03
1.513000000000000000e+03
2.510000000000000000e+02
2.730000000000000000e+02
8.470000000000000000e+02
3.280000000000000000e+02
1.331000000000000000e+03
1.093000000000000000e+03
1.294000000000000000e+03
1.453000000000000000e+03
1.561000000000000000e+03
6.180000000000000000e+02
1.662000000000000000e+03
1.342000000000000000e+03
1.481000000000000000e+03
1.018000000000000000e+03
1.226000000000000000e+03
3.000000000000000000e+01
4.440000000000000000e+02
8.500000000000000000e+01
5.140000000000000000e+02
2.610000000000000000e+02
1.518000000000000000e+03
9.330000000000000000e+02
1.010000000000000000e+02
1.076000000000000000e+03
1.463000000000000000e+03
2.220000000000000000e+02
7.420000000000000000e+02
1.168000000000000000e+03
8.220000000000000000e+02
1.278000000000000000e+03
1.100000000000000000e+03
3.650000000000000000e+02
1.700000000000000000e+02
8.370000000000000000e+02
2.010000000000000000e+02
1.920000000000000000e+02
2.990000000000000000e+02
1.030000000000000000e+02
5.220000000000000000e+02
7.100000000000000000e+01
9.600000000000000000e+01
5.960000000000000000e+02
7.700000000000000000e+01
5.940000000000000000e+02
4.130000000000000000e+02
3.230000000000000000e+02
6.720000000000000000e+02
9.330000000000000000e+02
5.890000000000000000e+02
1.900000000000000000e+02
2.100000000000000000e+01
4.860000000000000000e+02
1.980000000000000000e+02
1.116000000000000000e+03
2.550000000000000000e+02
5.360000000000000000e+02
1.760000000000000000e+02
1.170000000000000000e+02
3.560000000000000000e+02
4.300000000000000000e+01
3.210000000000000000e+02
5.100000000000000000e+01
5.800000000000000000e+01
3.360000000000000000e+02
5.300000000000000000e+01
9.300000000000000000e+01
1.940000000000000000e+02
1.440000000000000000e+02
3.370000000000000000e+02
4.200000000000000000e+01
1.480000000000000000e+02
1.005000000000000000e+03
3.550000000000000000e+02
2.220000000000000000e+02
4.800000000000000000e+01
1.600000000000000000e+02
1.500000000000000000e+01
2.200000000000000000e+01
1.280000000000000000e+02
1.640000000000000000e+02
4.200000000000000000e+01
1.330000000000000000e+02
5.000000000000000000e+00
4.000000000000000000e+01
5.500000000000000000e+01
5.800000000000000000e+01
1.000000000000000000e+01
8.900000000000000000e+01
6.100000000000000000e+01
8.200000000000000000e+01
8.100000000000000000e+01
1.700000000000000000e+01
3.000000000000000000e+01
8.100000000000000000e+01
1.400000000000000000e+01
3.500000000000000000e+01
4.000000000000000000e+00
8.000000000000000000e+00
3.800000000000000000e+01
8.000000000000000000e+00
2.000000000000000000e+00
4.000000000000000000e+00
8.800000000000000000e+01
3.000000000000000000e+01
1.600000000000000000e+01
3.000000000000000000e+00
1.000000000000000000e+01
7.000000000000000000e+00
7.000000000000000000e+00
1.000000000000000000e+01
1.800000000000000000e+01
1.000000000000000000e+01
4.600000000000000000e+01
2.500000000000000000e+01
1.600000000000000000e+01
6.000000000000000000e+00
2.000000000000000000e+00
1.000000000000000000e+00
1.100000000000000000e+01
3.000000000000000000e+00
9.000000000000000000e+00
5.000000000000000000e+00
1.000000000000000000e+01
1.000000000000000000e+00
3.000000000000000000e+00
1.200000000000000000e+01
1.100000000000000000e+01
4.000000000000000000e+00
4.000000000000000000e+00
2.000000000000000000e+00
1.000000000000000000e+00
1.000000000000000000e+00
1.000000000000000000e+00
2.000000000000000000e+00
5.000000000000000000e+00
5.000000000000000000e+00
5.000000000000000000e+00
1.000000000000000000e+00
1.000000000000000000e+00
1.000000000000000000e+00
1.000000000000000000e+00
2.000000000000000000e+00
2.000000000000000000e+00
1.000000000000000000e+00
2.000000000000000000e+00
1.000000000000000000e+00
1.000000000000000000e+00
2.000000000000000000e+00
1.000000000000000000e+00
1.000000000000000000e+00
