1.686000000000000000e+03
1.716000000000000000e+03
9.710000000000000000e+02
1.336000000000000000e+03
1.705000000000000000e+03
5.140000000000000000e+02
2.450000000000000000e+02
6.430000000000000000e+02
1.521000000000000000e+03
9.710000000000000000e+02
1.722000000000000000e+03
3.650000000000000000e+02
8.620000000000000000e+02
4.800000000000000000e+02
8.370000000000000000e+02
1.443000000000000000e+03
1.743000000000000000e+03
1.012000000000000000e+03
1.684000000000000000e+03
1.619000000000000000e+03
1.593000000000000000e+03
1.855000000000000000e+03
1.666000000000000000e+03
1.442000000000000000e+03
1.792000000000000000e+03
1.168000000000000000e+03
1.176000000000000000e+03
5.540000000000000000e+02
1.674000000000000000e+03
8.260000000000000000e+02
2.730000000000000000e+02
1.430000000000000000e+03
1.020000000000000000e+02
2.630000000000000000e+02
1.170000000000000000e+03
1.129000000000000000e+03
1.333000000000000000e+03
1.760000000000000000e+02
1.746000000000000000e+03
6.230000000000000000e+02
1.389000000000000000e+03
1.648000000000000000e+03
1.732000000000000000e+03
1.837000000000000000e+03
1.370000000000000000e+03
3.870000000000000000e+02
1.658000000000000000e+03
7.220000000000000000e+02
5.700000000000000000e+01
4.150000000000000000e+02
9.760000000000000000e+02
2.680000000000000000e+02
1.767000000000000000e+03
5.320000000000000000e+02
1.510000000000000000e+03
1.433000000000000000e+03
7.960000000000000000e+02
1.218000000000000000e+03
7.560000000000000000e+02
3.220000000000000000e+02
1.616000000000000000e+03
1.102000000000000000e+03
1.323000000000000000e+03
2.610000000000000000e+02
8.900000000000000000e+01
1.607000000000000000e+03
9.870000000000000000e+02
7.920000000000000000e+02
1.281000000000000000e+03
1.340000000000000000e+02
4.260000000000000000e+02
1.752000000000000000e+03
6.420000000000000000e+02
1.210000000000000000e+02
8.800000000000000000e+02
1.472000000000000000e+03
1.197000000000000000e+03
7.050000000000000000e+02
5.320000000000000000e+02
9.280000000000000000e+02
7.500000000000000000e+01
2.080000000000000000e+02
1.741000000000000000e+03
1.777000000000000000e+03
9.300000000000000000e+02
5.840000000000000000e+02
2.580000000000000000e+02
1.278000000000000000e+03
4.620000000000000000e+02
1.450000000000000000e+02
6.590000000000000000e+02
3.400000000000000000e+01
6.630000000000000000e+02
3.400000000000000000e+02
1.500000000000000000e+01
1.920000000000000000e+02
7.610000000000000000e+02
1.176000000000000000e+03
4.300000000000000000e+01
4.100000000000000000e+02
6.000000000000000000e+01
2.010000000000000000e+02
1.060000000000000000e+02
3.370000000000000000e+02
4.180000000000000000e+02
2.660000000000000000e+02
2.020000000000000000e+02
1.020000000000000000e+02
1.000000000000000000e+01
4.040000000000000000e+02
1.540000000000000000e+02
8.700000000000000000e+01
1.200000000000000000e+01
2.600000000000000000e+01
1.370000000000000000e+02
4.010000000000000000e+02
3.200000000000000000e+01
3.200000000000000000e+01
1.900000000000000000e+02
8.500000000000000000e+01
2.300000000000000000e+01
6.000000000000000000e+00
1.200000000000000000e+01
6.900000000000000000e+01
4.400000000000000000e+01
9.100000000000000000e+01
2.000000000000000000e+00
2.200000000000000000e+01
4.100000000000000000e+01
4.700000000000000000e+01
4.000000000000000000e+01
1.000000000000000000e+01
6.200000000000000000e+01
1.900000000000000000e+01
1.650000000000000000e+02
7.300000000000000000e+01
9.700000000000000000e+01
1.100000000000000000e+01
2.000000000000000000e+00
1.010000000000000000e+02
1.500000000000000000e+01
1.100000000000000000e+01
8.000000000000000000e+00
2.400000000000000000e+01
2.000000000000000000e+00
3.000000000000000000e+00
3.000000000000000000e+00
2.000000000000000000e+00
7.200000000000000000e+01
1.600000000000000000e+01
4.100000000000000000e+01
3.300000000000000000e+01
1.100000000000000000e+01
2.000000000000000000e+00
1.200000000000000000e+01
4.000000000000000000e+00
1.400000000000000000e+01
8.000000000000000000e+00
3.000000000000000000e+00
2.000000000000000000e+00
3.000000000000000000e+00
2.000000000000000000e+00
3.000000000000000000e+00
6.000000000000000000e+00
4.000000000000000000e+00
2.000000000000000000e+00
2.000000000000000000e+00
2.000000000000000000e+00
2.000000000000000000e+00
1.000000000000000000e+00
7.000000000000000000e+00
4.000000000000000000e+00
2.000000000000000000e+00
3.000000000000000000e+00
1.000000000000000000e+00
1.000000000000000000e+00
4.000000000000000000e+00
1.000000000000000000e+00
1.000000000000000000e+00
1.000000000000000000e+00
1.000000000000000000e+00
1.000000000000000000e+00
1.000000000000000000e+00
2.000000000000000000e+00
1.000000000000000000e+00
