1.405000000000000000e+03
1.023000000000000000e+03
1.761000000000000000e+03
1.276000000000000000e+03
1.204000000000000000e+03
1.844000000000000000e+03
1.351000000000000000e+03
1.655000000000000000e+03
1.573000000000000000e+03
1.410000000000000000e+03
1.277000000000000000e+03
1.536000000000000000e+03
1.536000000000000000e+03
1.025000000000000000e+03
8.100000000000000000e+01
1.300000000000000000e+01
5.950000000000000000e+02
1.842000000000000000e+03
1.848000000000000000e+03
1.572000000000000000e+03
6.590000000000000000e+02
1.843000000000000000e+03
1.437000000000000000e+03
1.438000000000000000e+03
9.090000000000000000e+02
1.162000000000000000e+03
1.671000000000000000e+03
6.780000000000000000e+02
1.777000000000000000e+03
1.836000000000000000e+03
4.810000000000000000e+02
1.674000000000000000e+03
1.642000000000000000e+03
1.811000000000000000e+03
7.280000000000000000e+02
9.920000000000000000e+02
1.232000000000000000e+03
1.617000000000000000e+03
1.754000000000000000e+03
1.617000000000000000e+03
1.263000000000000000e+03
1.241000000000000000e+03
1.182000000000000000e+03
1.799000000000000000e+03
1.362000000000000000e+03
1.451000000000000000e+03
1.783000000000000000e+03
9.860000000000000000e+02
1.787000000000000000e+03
1.666000000000000000e+03
7.270000000000000000e+02
2.800000000000000000e+01
7.290000000000000000e+02
9.480000000000000000e+02
1.672000000000000000e+03
1.078000000000000000e+03
6.820000000000000000e+02
1.525000000000000000e+03
6.140000000000000000e+02
7.990000000000000000e+02
3.530000000000000000e+02
2.340000000000000000e+02
9.140000000000000000e+02
3.820000000000000000e+02
2.390000000000000000e+02
1.420000000000000000e+02
6.260000000000000000e+02
3.290000000000000000e+02
2.290000000000000000e+02
1.742000000000000000e+03
5.950000000000000000e+02
1.001000000000000000e+03
5.160000000000000000e+02
4.270000000000000000e+02
3.200000000000000000e+01
1.650000000000000000e+02
2.020000000000000000e+02
3.400000000000000000e+01
1.680000000000000000e+02
4.140000000000000000e+02
4.060000000000000000e+02
4.750000000000000000e+02
7.140000000000000000e+02
1.815000000000000000e+03
5.330000000000000000e+02
1.010000000000000000e+02
3.340000000000000000e+02
1.829000000000000000e+03
9.250000000000000000e+02
8.700000000000000000e+01
2.310000000000000000e+02
5.680000000000000000e+02
1.300000000000000000e+02
1.820000000000000000e+02
8.350000000000000000e+02
3.300000000000000000e+02
1.113000000000000000e+03
3.640000000000000000e+02
3.070000000000000000e+02
2.640000000000000000e+02
4.390000000000000000e+02
2.190000000000000000e+02
2.000000000000000000e+00
5.900000000000000000e+01
1.600000000000000000e+01
2.500000000000000000e+01
3.300000000000000000e+01
1.350000000000000000e+02
2.490000000000000000e+02
1.340000000000000000e+02
2.940000000000000000e+02
1.450000000000000000e+02
6.500000000000000000e+01
4.000000000000000000e+01
2.700000000000000000e+01
1.510000000000000000e+02
2.680000000000000000e+02
1.600000000000000000e+01
5.000000000000000000e+01
6.100000000000000000e+01
1.300000000000000000e+01
4.400000000000000000e+01
8.600000000000000000e+01
5.000000000000000000e+00
3.100000000000000000e+01
4.000000000000000000e+01
5.100000000000000000e+01
3.700000000000000000e+01
9.800000000000000000e+01
3.000000000000000000e+00
1.430000000000000000e+02
8.400000000000000000e+01
1.110000000000000000e+02
8.000000000000000000e+00
8.100000000000000000e+01
4.000000000000000000e+01
6.000000000000000000e+00
7.000000000000000000e+00
4.000000000000000000e+01
4.000000000000000000e+00
6.300000000000000000e+01
8.000000000000000000e+00
1.000000000000000000e+00
7.000000000000000000e+00
1.100000000000000000e+01
6.000000000000000000e+00
3.000000000000000000e+00
1.400000000000000000e+01
1.900000000000000000e+01
1.000000000000000000e+00
2.000000000000000000e+00
1.700000000000000000e+01
1.500000000000000000e+01
2.000000000000000000e+00
1.000000000000000000e+00
2.000000000000000000e+00
1.300000000000000000e+01
5.000000000000000000e+00
8.000000000000000000e+00
2.000000000000000000e+00
1.000000000000000000e+00
2.000000000000000000e+00
2.000000000000000000e+00
6.000000000000000000e+00
5.000000000000000000e+00
3.000000000000000000e+00
8.000000000000000000e+00
4.000000000000000000e+00
1.000000000000000000e+00
1.000000000000000000e+00
1.000000000000000000e+00
3.000000000000000000e+00
1.000000000000000000e+00
1.000000000000000000e+00
1.000000000000000000e+00
1.000000000000000000e+00
1.000000000000000000e+00
1.000000000000000000e+00
1.000000000000000000e+00
1.000000000000000000e+00
1.000000000000000000e+00
