9.950000000000000000e+02
1.410000000000000000e+03
1.155000000000000000e+03
1.229000000000000000e+03
2.830000000000000000e+02
1.582000000000000000e+03
1.143000000000000000e+03
1.676000000000000000e+03
1.583000000000000000e+03
1.576000000000000000e+03
1.482000000000000000e+03
1.664000000000000000e+03
1.360000000000000000e+03
1.602000000000000000e+03
1.334000000000000000e+03
1.710000000000000000e+03
1.006000000000000000e+03
1.551000000000000000e+03
1.017000000000000000e+03
1.672000000000000000e+03
1.243000000000000000e+03
8.830000000000000000e+02
1.080000000000000000e+02
1.557000000000000000e+03
8.520000000000000000e+02
1.154000000000000000e+03
1.616000000000000000e+03
6.300000000000000000e+01
1.430000000000000000e+03
3.950000000000000000e+02
6.990000000000000000e+02
1.430000000000000000e+03
1.496000000000000000e+03
8.870000000000000000e+02
7.880000000000000000e+02
1.310000000000000000e+02
4.240000000000000000e+02
1.446000000000000000e+03
1.356000000000000000e+03
1.149000000000000000e+03
1.143000000000000000e+03
1.263000000000000000e+03
5.490000000000000000e+02
5.400000000000000000e+02
1.629000000000000000e+03
2.260000000000000000e+02
1.374000000000000000e+03
1.052000000000000000e+03
1.632000000000000000e+03
1.200000000000000000e+03
1.505000000000000000e+03
7.620000000000000000e+02
8.970000000000000000e+02
2.200000000000000000e+01
1.388000000000000000e+03
1.415000000000000000e+03
1.536000000000000000e+03
1.311000000000000000e+03
1.379000000000000000e+03
1.613000000000000000e+03
1.316000000000000000e+03
1.302000000000000000e+03
1.400000000000000000e+02
8.270000000000000000e+02
9.710000000000000000e+02
9.470000000000000000e+02
5.790000000000000000e+02
3.500000000000000000e+02
7.260000000000000000e+02
1.499000000000000000e+03
9.120000000000000000e+02
2.390000000000000000e+02
2.710000000000000000e+02
1.650000000000000000e+03
1.599000000000000000e+03
5.390000000000000000e+02
1.810000000000000000e+02
2.190000000000000000e+02
6.700000000000000000e+01
3.830000000000000000e+02
5.930000000000000000e+02
1.320000000000000000e+02
4.930000000000000000e+02
1.120000000000000000e+02
1.090000000000000000e+02
3.000000000000000000e+01
9.200000000000000000e+01
6.280000000000000000e+02
4.520000000000000000e+02
4.070000000000000000e+02
6.680000000000000000e+02
1.056000000000000000e+03
1.490000000000000000e+02
7.800000000000000000e+02
1.640000000000000000e+02
2.050000000000000000e+02
2.260000000000000000e+02
6.360000000000000000e+02
2.570000000000000000e+02
4.680000000000000000e+02
2.170000000000000000e+02
1.000000000000000000e+00
4.720000000000000000e+02
2.940000000000000000e+02
3.670000000000000000e+02
4.100000000000000000e+01
2.200000000000000000e+01
3.150000000000000000e+02
6.000000000000000000e+01
3.000000000000000000e+01
9.940000000000000000e+02
1.510000000000000000e+02
5.840000000000000000e+02
6.860000000000000000e+02
1.540000000000000000e+02
4.300000000000000000e+02
1.010000000000000000e+02
1.570000000000000000e+02
1.820000000000000000e+02
3.410000000000000000e+02
4.910000000000000000e+02
5.000000000000000000e+00
9.700000000000000000e+01
7.650000000000000000e+02
5.900000000000000000e+01
6.900000000000000000e+01
2.510000000000000000e+02
3.300000000000000000e+01
8.900000000000000000e+01
5.100000000000000000e+01
3.250000000000000000e+02
7.600000000000000000e+01
1.600000000000000000e+01
2.000000000000000000e+01
2.560000000000000000e+02
3.700000000000000000e+01
2.000000000000000000e+00
8.000000000000000000e+01
3.100000000000000000e+01
2.700000000000000000e+01
7.400000000000000000e+01
4.500000000000000000e+01
1.600000000000000000e+01
8.600000000000000000e+01
2.400000000000000000e+01
1.300000000000000000e+01
4.000000000000000000e+00
6.000000000000000000e+01
1.400000000000000000e+01
7.000000000000000000e+00
6.000000000000000000e+00
4.000000000000000000e+00
2.000000000000000000e+00
4.000000000000000000e+00
9.000000000000000000e+00
3.600000000000000000e+01
7.000000000000000000e+00
3.000000000000000000e+00
4.100000000000000000e+01
2.900000000000000000e+01
1.200000000000000000e+01
5.000000000000000000e+00
1.000000000000000000e+01
9.000000000000000000e+00
2.300000000000000000e+01
7.000000000000000000e+00
2.000000000000000000e+01
4.000000000000000000e+00
1.400000000000000000e+01
9.000000000000000000e+00
8.000000000000000000e+00
1.000000000000000000e+01
7.000000000000000000e+00
4.000000000000000000e+00
1.000000000000000000e+00
1.000000000000000000e+00
4.000000000000000000e+00
1.000000000000000000e+00
3.000000000000000000e+00
7.000000000000000000e+00
2.000000000000000000e+00
6.000000000000000000e+00
1.000000000000000000e+00
2.000000000000000000e+00
3.000000000000000000e+00
1.000000000000000000e+00
2.000000000000000000e+00
1.000000000000000000e+00
1.000000000000000000e+00
1.000000000000000000e+00
1.000000000000000000e+00
3.000000000000000000e+00
1.000000000000000000e+00
1.000000000000000000e+00
1.000000000000000000e+00
3.000000000000000000e+00
1.000000000000000000e+00
