1.000000000000000000e+03
1.168000000000000000e+03
1.809000000000000000e+03
1.578000000000000000e+03
1.658000000000000000e+03
1.664000000000000000e+03
1.841000000000000000e+03
9.120000000000000000e+02
1.763000000000000000e+03
1.447000000000000000e+03
1.349000000000000000e+03
6.520000000000000000e+02
1.297000000000000000e+03
6.200000000000000000e+02
1.791000000000000000e+03
1.670000000000000000e+03
1.482000000000000000e+03
3.630000000000000000e+02
5.100000000000000000e+02
2.580000000000000000e+02
1.544000000000000000e+03
1.637000000000000000e+03
7.390000000000000000e+02
1.458000000000000000e+03
1.139000000000000000e+03
1.646000000000000000e+03
1.141000000000000000e+03
1.374000000000000000e+03
1.803000000000000000e+03
1.294000000000000000e+03
6.230000000000000000e+02
1.614000000000000000e+03
3.860000000000000000e+02
1.730000000000000000e+03
5.840000000000000000e+02
1.787000000000000000e+03
9.260000000000000000e+02
1.715000000000000000e+03
4.640000000000000000e+02
7.700000000000000000e+02
3.050000000000000000e+02
1.112000000000000000e+03
1.710000000000000000e+02
1.599000000000000000e+03
1.279000000000000000e+03
1.487000000000000000e+03
1.504000000000000000e+03
1.717000000000000000e+03
1.710000000000000000e+03
1.182000000000000000e+03
3.660000000000000000e+02
1.750000000000000000e+02
1.238000000000000000e+03
6.870000000000000000e+02
5.070000000000000000e+02
1.769000000000000000e+03
1.103000000000000000e+03
1.280000000000000000e+02
8.160000000000000000e+02
1.319000000000000000e+03
1.027000000000000000e+03
4.230000000000000000e+02
4.960000000000000000e+02
1.412000000000000000e+03
1.254000000000000000e+03
1.711000000000000000e+03
1.511000000000000000e+03
9.790000000000000000e+02
1.572000000000000000e+03
6.200000000000000000e+01
5.660000000000000000e+02
8.390000000000000000e+02
1.095000000000000000e+03
1.486000000000000000e+03
1.697000000000000000e+03
1.040000000000000000e+03
6.800000000000000000e+01
9.730000000000000000e+02
1.870000000000000000e+02
1.500000000000000000e+02
1.340000000000000000e+02
2.860000000000000000e+02
8.720000000000000000e+02
8.420000000000000000e+02
5.610000000000000000e+02
4.080000000000000000e+02
6.420000000000000000e+02
4.650000000000000000e+02
1.090000000000000000e+02
5.740000000000000000e+02
2.620000000000000000e+02
2.120000000000000000e+02
2.760000000000000000e+02
1.380000000000000000e+02
4.430000000000000000e+02
8.700000000000000000e+01
6.000000000000000000e+01
7.050000000000000000e+02
2.750000000000000000e+02
1.240000000000000000e+02
1.040000000000000000e+02
1.240000000000000000e+02
1.700000000000000000e+01
7.340000000000000000e+02
6.600000000000000000e+01
8.000000000000000000e+01
3.220000000000000000e+02
4.260000000000000000e+02
9.300000000000000000e+01
2.350000000000000000e+02
2.240000000000000000e+02
1.980000000000000000e+02
1.170000000000000000e+02
1.710000000000000000e+02
2.320000000000000000e+02
4.200000000000000000e+01
1.010000000000000000e+02
3.120000000000000000e+02
3.300000000000000000e+01
8.700000000000000000e+01
1.600000000000000000e+01
2.100000000000000000e+01
2.600000000000000000e+01
3.600000000000000000e+01
3.100000000000000000e+01
1.400000000000000000e+01
5.300000000000000000e+01
6.800000000000000000e+01
2.400000000000000000e+01
1.400000000000000000e+01
4.700000000000000000e+01
4.200000000000000000e+01
3.000000000000000000e+01
6.600000000000000000e+01
1.300000000000000000e+01
9.000000000000000000e+00
2.700000000000000000e+01
3.400000000000000000e+01
3.600000000000000000e+01
3.600000000000000000e+01
7.000000000000000000e+00
1.700000000000000000e+01
1.400000000000000000e+01
3.800000000000000000e+01
1.200000000000000000e+01
1.200000000000000000e+01
1.000000000000000000e+01
1.000000000000000000e+00
1.300000000000000000e+01
5.000000000000000000e+00
6.000000000000000000e+00
1.000000000000000000e+00
1.000000000000000000e+00
7.000000000000000000e+00
9.000000000000000000e+00
2.000000000000000000e+00
1.600000000000000000e+01
3.000000000000000000e+00
7.000000000000000000e+00
2.000000000000000000e+00
2.000000000000000000e+00
4.000000000000000000e+00
2.000000000000000000e+00
5.000000000000000000e+00
9.000000000000000000e+00
2.000000000000000000e+00
4.000000000000000000e+00
1.000000000000000000e+00
3.000000000000000000e+00
1.000000000000000000e+00
2.000000000000000000e+00
2.000000000000000000e+00
1.000000000000000000e+00
8.000000000000000000e+00
1.000000000000000000e+00
1.000000000000000000e+00
1.000000000000000000e+00
1.000000000000000000e+00
2.000000000000000000e+00
1.000000000000000000e+00
