1.154000000000000000e+03
7.450000000000000000e+02
1.023000000000000000e+03
1.120000000000000000e+03
8.340000000000000000e+02
1.329000000000000000e+03
1.253000000000000000e+03
8.860000000000000000e+02
1.165000000000000000e+03
8.860000000000000000e+02
5.520000000000000000e+02
9.360000000000000000e+02
1.098000000000000000e+03
1.101000000000000000e+03
1.013000000000000000e+03
1.033000000000000000e+03
1.155000000000000000e+03
1.173000000000000000e+03
1.028000000000000000e+03
8.840000000000000000e+02
1.323000000000000000e+03
8.760000000000000000e+02
6.990000000000000000e+02
1.231000000000000000e+03
1.311000000000000000e+03
1.178000000000000000e+03
9.760000000000000000e+02
7.220000000000000000e+02
1.256000000000000000e+03
9.840000000000000000e+02
3.560000000000000000e+02
3.500000000000000000e+02
8.070000000000000000e+02
1.199000000000000000e+03
1.292000000000000000e+03
1.275000000000000000e+03
2.930000000000000000e+02
6.200000000000000000e+01
1.137000000000000000e+03
4.460000000000000000e+02
1.175000000000000000e+03
7.340000000000000000e+02
9.810000000000000000e+02
1.225000000000000000e+03
1.297000000000000000e+03
1.238000000000000000e+03
2.490000000000000000e+02
3.160000000000000000e+02
1.282000000000000000e+03
1.244000000000000000e+03
4.910000000000000000e+02
8.710000000000000000e+02
5.650000000000000000e+02
8.870000000000000000e+02
5.590000000000000000e+02
6.060000000000000000e+02
3.180000000000000000e+02
1.258000000000000000e+03
1.280000000000000000e+03
1.257000000000000000e+03
4.490000000000000000e+02
3.640000000000000000e+02
4.140000000000000000e+02
5.650000000000000000e+02
7.370000000000000000e+02
3.170000000000000000e+02
9.900000000000000000e+02
1.107000000000000000e+03
1.271000000000000000e+03
8.370000000000000000e+02
1.160000000000000000e+03
2.220000000000000000e+02
8.290000000000000000e+02
1.117000000000000000e+03
4.260000000000000000e+02
7.740000000000000000e+02
4.060000000000000000e+02
1.311000000000000000e+03
2.000000000000000000e+02
8.860000000000000000e+02
8.100000000000000000e+01
6.540000000000000000e+02
2.800000000000000000e+02
3.900000000000000000e+01
7.800000000000000000e+02
1.297000000000000000e+03
1.307000000000000000e+03
6.520000000000000000e+02
1.990000000000000000e+02
4.150000000000000000e+02
5.490000000000000000e+02
8.100000000000000000e+01
4.260000000000000000e+02
5.050000000000000000e+02
1.089000000000000000e+03
5.060000000000000000e+02
6.560000000000000000e+02
4.670000000000000000e+02
6.520000000000000000e+02
1.164000000000000000e+03
2.210000000000000000e+02
1.188000000000000000e+03
1.220000000000000000e+02
9.390000000000000000e+02
9.400000000000000000e+02
1.268000000000000000e+03
6.360000000000000000e+02
2.210000000000000000e+02
6.980000000000000000e+02
3.180000000000000000e+02
1.071000000000000000e+03
5.170000000000000000e+02
2.180000000000000000e+02
1.590000000000000000e+02
2.880000000000000000e+02
5.330000000000000000e+02
8.700000000000000000e+01
1.277000000000000000e+03
2.470000000000000000e+02
5.300000000000000000e+01
2.910000000000000000e+02
2.770000000000000000e+02
1.450000000000000000e+02
1.730000000000000000e+02
5.400000000000000000e+01
6.500000000000000000e+01
6.500000000000000000e+01
7.800000000000000000e+01
2.700000000000000000e+01
4.200000000000000000e+01
1.820000000000000000e+02
1.220000000000000000e+02
4.180000000000000000e+02
2.550000000000000000e+02
1.510000000000000000e+02
1.220000000000000000e+02
1.010000000000000000e+02
9.100000000000000000e+01
6.900000000000000000e+01
1.430000000000000000e+02
1.140000000000000000e+02
3.950000000000000000e+02
6.800000000000000000e+01
2.180000000000000000e+02
1.800000000000000000e+01
4.700000000000000000e+01
1.050000000000000000e+02
2.260000000000000000e+02
1.220000000000000000e+02
3.390000000000000000e+02
1.970000000000000000e+02
1.560000000000000000e+02
2.200000000000000000e+01
2.400000000000000000e+01
1.280000000000000000e+02
1.400000000000000000e+01
7.700000000000000000e+01
1.200000000000000000e+01
2.000000000000000000e+00
7.700000000000000000e+01
9.000000000000000000e+01
1.730000000000000000e+02
9.600000000000000000e+01
1.700000000000000000e+01
4.400000000000000000e+01
3.300000000000000000e+01
1.600000000000000000e+01
3.140000000000000000e+02
2.600000000000000000e+01
2.800000000000000000e+01
3.500000000000000000e+01
1.300000000000000000e+01
4.000000000000000000e+00
1.500000000000000000e+01
1.200000000000000000e+01
2.100000000000000000e+01
6.200000000000000000e+01
6.000000000000000000e+00
2.000000000000000000e+00
4.000000000000000000e+00
5.100000000000000000e+01
9.400000000000000000e+01
1.100000000000000000e+01
1.200000000000000000e+01
2.200000000000000000e+01
3.600000000000000000e+01
6.000000000000000000e+00
4.600000000000000000e+01
4.000000000000000000e+01
1.800000000000000000e+01
4.000000000000000000e+00
5.000000000000000000e+00
3.000000000000000000e+00
2.000000000000000000e+00
2.700000000000000000e+01
3.000000000000000000e+00
1.100000000000000000e+01
2.400000000000000000e+01
1.000000000000000000e+00
2.000000000000000000e+00
1.800000000000000000e+01
9.000000000000000000e+00
1.000000000000000000e+01
5.000000000000000000e+00
1.000000000000000000e+00
1.200000000000000000e+01
1.400000000000000000e+01
2.000000000000000000e+00
1.200000000000000000e+01
2.000000000000000000e+00
4.000000000000000000e+00
6.000000000000000000e+00
5.000000000000000000e+00
6.000000000000000000e+00
8.000000000000000000e+00
1.000000000000000000e+00
3.000000000000000000e+00
3.000000000000000000e+00
1.300000000000000000e+01
4.000000000000000000e+00
1.000000000000000000e+00
2.000000000000000000e+00
5.000000000000000000e+00
5.000000000000000000e+00
1.000000000000000000e+00
2.000000000000000000e+00
1.000000000000000000e+00
1.000000000000000000e+00
1.000000000000000000e+00
4.000000000000000000e+00
3.000000000000000000e+00
2.000000000000000000e+00
2.000000000000000000e+00
3.000000000000000000e+00
1.000000000000000000e+00
2.000000000000000000e+00
1.000000000000000000e+00
1.000000000000000000e+00
2.000000000000000000e+00
2.000000000000000000e+00
1.000000000000000000e+00
1.000000000000000000e+00
1.000000000000000000e+00
