9.790000000000000000e+02
5.040000000000000000e+02
4.200000000000000000e+01
6.420000000000000000e+02
1.419000000000000000e+03
1.455000000000000000e+03
1.351000000000000000e+03
1.697000000000000000e+03
7.990000000000000000e+02
1.645000000000000000e+03
1.769000000000000000e+03
8.540000000000000000e+02
1.334000000000000000e+03
1.783000000000000000e+03
5.570000000000000000e+02
1.477000000000000000e+03
1.094000000000000000e+03
1.778000000000000000e+03
8.150000000000000000e+02
1.744000000000000000e+03
1.164000000000000000e+03
2.480000000000000000e+02
1.206000000000000000e+03
1.836000000000000000e+03
1.728000000000000000e+03
1.805000000000000000e+03
6.650000000000000000e+02
1.624000000000000000e+03
1.497000000000000000e+03
1.788000000000000000e+03
4.300000000000000000e+01
5.470000000000000000e+02
1.666000000000000000e+03
1.279000000000000000e+03
1.261000000000000000e+03
1.072000000000000000e+03
1.542000000000000000e+03
1.398000000000000000e+03
1.179000000000000000e+03
1.558000000000000000e+03
1.196000000000000000e+03
1.734000000000000000e+03
9.310000000000000000e+02
1.390000000000000000e+03
1.776000000000000000e+03
1.830000000000000000e+02
5.940000000000000000e+02
1.409000000000000000e+03
3.600000000000000000e+01
6.300000000000000000e+01
1.697000000000000000e+03
1.600000000000000000e+03
1.108000000000000000e+03
1.888000000000000000e+03
6.040000000000000000e+02
1.832000000000000000e+03
1.690000000000000000e+03
1.486000000000000000e+03
1.814000000000000000e+03
1.666000000000000000e+03
1.239000000000000000e+03
2.680000000000000000e+02
7.060000000000000000e+02
1.179000000000000000e+03
9.690000000000000000e+02
3.370000000000000000e+02
4.650000000000000000e+02
1.076000000000000000e+03
1.741000000000000000e+03
3.190000000000000000e+02
4.420000000000000000e+02
1.830000000000000000e+02
1.370000000000000000e+02
3.580000000000000000e+02
7.730000000000000000e+02
7.910000000000000000e+02
1.547000000000000000e+03
9.700000000000000000e+01
4.080000000000000000e+02
9.080000000000000000e+02
7.220000000000000000e+02
3.850000000000000000e+02
2.300000000000000000e+01
9.360000000000000000e+02
5.500000000000000000e+02
1.013000000000000000e+03
2.180000000000000000e+02
2.210000000000000000e+02
7.750000000000000000e+02
5.000000000000000000e+01
4.500000000000000000e+01
7.740000000000000000e+02
6.000000000000000000e+00
1.730000000000000000e+02
1.550000000000000000e+02
3.060000000000000000e+02
2.480000000000000000e+02
4.960000000000000000e+02
5.770000000000000000e+02
1.060000000000000000e+02
3.760000000000000000e+02
1.980000000000000000e+02
3.760000000000000000e+02
1.650000000000000000e+02
1.230000000000000000e+02
7.700000000000000000e+01
1.710000000000000000e+02
8.100000000000000000e+01
6.000000000000000000e+01
1.210000000000000000e+02
3.700000000000000000e+01
1.060000000000000000e+02
1.000000000000000000e+00
4.100000000000000000e+01
4.390000000000000000e+02
3.470000000000000000e+02
2.720000000000000000e+02
1.430000000000000000e+02
3.010000000000000000e+02
7.300000000000000000e+01
2.600000000000000000e+01
1.190000000000000000e+02
5.100000000000000000e+01
2.850000000000000000e+02
3.000000000000000000e+00
1.600000000000000000e+01
2.500000000000000000e+01
5.400000000000000000e+01
1.300000000000000000e+01
1.500000000000000000e+01
2.300000000000000000e+01
7.300000000000000000e+01
6.200000000000000000e+01
1.000000000000000000e+02
5.500000000000000000e+01
2.000000000000000000e+00
1.400000000000000000e+01
3.300000000000000000e+01
4.000000000000000000e+00
5.000000000000000000e+00
1.000000000000000000e+00
1.100000000000000000e+01
5.000000000000000000e+00
1.000000000000000000e+00
2.100000000000000000e+01
5.200000000000000000e+01
5.000000000000000000e+00
1.800000000000000000e+01
1.300000000000000000e+01
6.000000000000000000e+00
8.000000000000000000e+00
1.900000000000000000e+01
9.000000000000000000e+00
6.000000000000000000e+00
1.300000000000000000e+01
4.000000000000000000e+00
5.000000000000000000e+00
1.400000000000000000e+01
3.000000000000000000e+00
4.000000000000000000e+00
6.000000000000000000e+00
1.000000000000000000e+00
1.000000000000000000e+00
3.000000000000000000e+00
3.000000000000000000e+00
2.000000000000000000e+00
2.000000000000000000e+00
1.000000000000000000e+00
3.000000000000000000e+00
2.000000000000000000e+00
3.000000000000000000e+00
1.000000000000000000e+00
1.000000000000000000e+00
2.000000000000000000e+00
1.000000000000000000e+00
1.000000000000000000e+00
