8.600000000000000000e+01
5.680000000000000000e+02
1.013000000000000000e+03
1.164000000000000000e+03
1.230000000000000000e+03
1.429000000000000000e+03
1.435000000000000000e+03
1.027000000000000000e+03
1.453000000000000000e+03
1.338000000000000000e+03
1.179000000000000000e+03
1.068000000000000000e+03
1.198000000000000000e+03
2.120000000000000000e+02
1.240000000000000000e+03
1.443000000000000000e+03
1.573000000000000000e+03
1.525000000000000000e+03
9.580000000000000000e+02
1.680000000000000000e+02
7.050000000000000000e+02
1.209000000000000000e+03
1.497000000000000000e+03
9.100000000000000000e+02
2.800000000000000000e+01
9.220000000000000000e+02
8.760000000000000000e+02
4.880000000000000000e+02
2.830000000000000000e+02
1.481000000000000000e+03
5.360000000000000000e+02
1.513000000000000000e+03
2.200000000000000000e+01
6.590000000000000000e+02
4.870000000000000000e+02
9.000000000000000000e+01
1.379000000000000000e+03
5.010000000000000000e+02
1.028000000000000000e+03
1.316000000000000000e+03
8.100000000000000000e+01
8.070000000000000000e+02
3.720000000000000000e+02
1.472000000000000000e+03
7.880000000000000000e+02
1.484000000000000000e+03
1.020000000000000000e+02
1.290000000000000000e+02
1.463000000000000000e+03
6.000000000000000000e+01
8.350000000000000000e+02
1.473000000000000000e+03
1.446000000000000000e+03
1.444000000000000000e+03
2.110000000000000000e+02
1.550000000000000000e+02
1.117000000000000000e+03
2.790000000000000000e+02
1.360000000000000000e+02
5.300000000000000000e+01
8.090000000000000000e+02
1.341000000000000000e+03
4.970000000000000000e+02
1.412000000000000000e+03
5.810000000000000000e+02
2.510000000000000000e+02
1.240000000000000000e+03
3.670000000000000000e+02
1.101000000000000000e+03
1.135000000000000000e+03
4.000000000000000000e+02
1.331000000000000000e+03
9.240000000000000000e+02
1.510000000000000000e+03
1.502000000000000000e+03
1.472000000000000000e+03
4.630000000000000000e+02
1.524000000000000000e+03
8.470000000000000000e+02
7.310000000000000000e+02
6.600000000000000000e+02
1.200000000000000000e+01
6.150000000000000000e+02
9.920000000000000000e+02
6.720000000000000000e+02
2.190000000000000000e+02
1.552000000000000000e+03
8.830000000000000000e+02
2.550000000000000000e+02
4.990000000000000000e+02
1.292000000000000000e+03
1.526000000000000000e+03
5.330000000000000000e+02
1.277000000000000000e+03
9.950000000000000000e+02
6.950000000000000000e+02
7.630000000000000000e+02
1.700000000000000000e+02
6.930000000000000000e+02
4.300000000000000000e+02
3.090000000000000000e+02
9.230000000000000000e+02
3.480000000000000000e+02
2.240000000000000000e+02
3.550000000000000000e+02
1.223000000000000000e+03
1.497000000000000000e+03
1.478000000000000000e+03
1.110000000000000000e+02
1.070000000000000000e+02
4.360000000000000000e+02
6.260000000000000000e+02
1.360000000000000000e+02
5.790000000000000000e+02
2.320000000000000000e+02
4.400000000000000000e+01
1.300000000000000000e+03
1.920000000000000000e+02
1.500000000000000000e+01
1.250000000000000000e+02
9.500000000000000000e+01
1.650000000000000000e+02
1.830000000000000000e+02
1.900000000000000000e+02
1.100000000000000000e+01
2.200000000000000000e+01
4.000000000000000000e+00
3.690000000000000000e+02
1.240000000000000000e+02
4.800000000000000000e+01
4.190000000000000000e+02
9.100000000000000000e+01
3.640000000000000000e+02
4.400000000000000000e+01
3.600000000000000000e+01
8.000000000000000000e+00
2.330000000000000000e+02
3.210000000000000000e+02
2.910000000000000000e+02
5.000000000000000000e+00
4.300000000000000000e+01
1.760000000000000000e+02
1.330000000000000000e+02
1.320000000000000000e+02
3.100000000000000000e+01
1.300000000000000000e+01
1.600000000000000000e+01
5.900000000000000000e+01
2.000000000000000000e+00
4.900000000000000000e+01
1.500000000000000000e+01
4.900000000000000000e+01
7.300000000000000000e+01
8.200000000000000000e+01
3.100000000000000000e+01
7.300000000000000000e+01
1.600000000000000000e+01
1.200000000000000000e+01
6.000000000000000000e+00
2.100000000000000000e+01
1.900000000000000000e+01
2.400000000000000000e+01
6.000000000000000000e+00
2.300000000000000000e+01
1.200000000000000000e+01
1.000000000000000000e+01
3.600000000000000000e+01
2.000000000000000000e+00
3.000000000000000000e+00
3.300000000000000000e+01
2.000000000000000000e+00
9.000000000000000000e+00
3.700000000000000000e+01
3.000000000000000000e+00
6.000000000000000000e+00
6.000000000000000000e+00
2.000000000000000000e+01
1.900000000000000000e+01
9.000000000000000000e+00
3.000000000000000000e+00
4.000000000000000000e+00
6.000000000000000000e+00
2.000000000000000000e+00
3.000000000000000000e+00
7.000000000000000000e+00
2.000000000000000000e+00
3.000000000000000000e+00
1.300000000000000000e+01
2.000000000000000000e+00
5.000000000000000000e+00
5.000000000000000000e+00
1.000000000000000000e+00
3.000000000000000000e+00
4.000000000000000000e+00
2.000000000000000000e+00
2.000000000000000000e+00
1.000000000000000000e+00
1.000000000000000000e+00
8.000000000000000000e+00
2.000000000000000000e+00
2.000000000000000000e+00
2.000000000000000000e+00
1.000000000000000000e+00
1.000000000000000000e+00
1.000000000000000000e+00
2.000000000000000000e+00
1.000000000000000000e+00
1.000000000000000000e+00
1.000000000000000000e+00
