1.458000000000000000e+03
1.723000000000000000e+03
1.797000000000000000e+03
1.395000000000000000e+03
6.950000000000000000e+02
1.451000000000000000e+03
1.746000000000000000e+03
1.612000000000000000e+03
1.764000000000000000e+03
6.190000000000000000e+02
1.790000000000000000e+02
1.754000000000000000e+03
1.351000000000000000e+03
1.185000000000000000e+03
1.654000000000000000e+03
1.212000000000000000e+03
4.860000000000000000e+02
1.456000000000000000e+03
9.830000000000000000e+02
1.690000000000000000e+03
8.650000000000000000e+02
1.676000000000000000e+03
4.540000000000000000e+02
1.670000000000000000e+03
1.712000000000000000e+03
1.286000000000000000e+03
1.270000000000000000e+03
1.634000000000000000e+03
1.397000000000000000e+03
5.380000000000000000e+02
3.610000000000000000e+02
1.567000000000000000e+03
1.596000000000000000e+03
1.669000000000000000e+03
1.039000000000000000e+03
9.700000000000000000e+02
1.482000000000000000e+03
9.350000000000000000e+02
1.699000000000000000e+03
1.718000000000000000e+03
1.251000000000000000e+03
9.020000000000000000e+02
1.457000000000000000e+03
5.020000000000000000e+02
5.200000000000000000e+02
1.430000000000000000e+03
1.230000000000000000e+02
2.270000000000000000e+02
1.447000000000000000e+03
9.730000000000000000e+02
1.608000000000000000e+03
4.090000000000000000e+02
8.370000000000000000e+02
7.980000000000000000e+02
5.210000000000000000e+02
5.800000000000000000e+01
1.684000000000000000e+03
1.621000000000000000e+03
3.970000000000000000e+02
6.000000000000000000e+02
1.146000000000000000e+03
7.580000000000000000e+02
4.490000000000000000e+02
3.650000000000000000e+02
1.090000000000000000e+03
1.057000000000000000e+03
6.960000000000000000e+02
5.400000000000000000e+01
1.399000000000000000e+03
1.135000000000000000e+03
7.110000000000000000e+02
6.000000000000000000e+02
1.287000000000000000e+03
5.600000000000000000e+01
8.460000000000000000e+02
1.064000000000000000e+03
7.470000000000000000e+02
1.673000000000000000e+03
1.300000000000000000e+02
3.090000000000000000e+02
1.684000000000000000e+03
8.540000000000000000e+02
7.680000000000000000e+02
1.500000000000000000e+01
1.767000000000000000e+03
1.267000000000000000e+03
6.250000000000000000e+02
3.390000000000000000e+02
2.860000000000000000e+02
9.740000000000000000e+02
6.900000000000000000e+01
1.620000000000000000e+02
4.570000000000000000e+02
1.680000000000000000e+02
1.330000000000000000e+02
2.740000000000000000e+02
1.280000000000000000e+02
7.900000000000000000e+01
7.500000000000000000e+01
2.770000000000000000e+02
3.700000000000000000e+02
4.190000000000000000e+02
3.900000000000000000e+01
3.600000000000000000e+01
1.070000000000000000e+02
3.980000000000000000e+02
2.450000000000000000e+02
2.390000000000000000e+02
2.030000000000000000e+02
2.300000000000000000e+01
4.000000000000000000e+01
1.300000000000000000e+01
3.360000000000000000e+02
1.080000000000000000e+02
1.150000000000000000e+02
1.490000000000000000e+02
2.000000000000000000e+01
2.280000000000000000e+02
2.540000000000000000e+02
6.800000000000000000e+01
4.000000000000000000e+00
3.400000000000000000e+01
4.300000000000000000e+01
1.740000000000000000e+02
3.000000000000000000e+00
4.500000000000000000e+01
3.000000000000000000e+01
1.010000000000000000e+02
2.200000000000000000e+02
7.100000000000000000e+01
5.400000000000000000e+01
3.600000000000000000e+01
1.080000000000000000e+02
4.000000000000000000e+00
2.200000000000000000e+01
2.000000000000000000e+01
6.000000000000000000e+00
1.100000000000000000e+02
9.700000000000000000e+01
4.000000000000000000e+00
1.500000000000000000e+01
4.000000000000000000e+00
6.000000000000000000e+00
1.500000000000000000e+01
1.000000000000000000e+01
1.000000000000000000e+01
1.000000000000000000e+00
5.400000000000000000e+01
3.100000000000000000e+01
2.700000000000000000e+01
1.100000000000000000e+01
5.000000000000000000e+00
1.500000000000000000e+01
4.000000000000000000e+00
9.000000000000000000e+00
1.000000000000000000e+01
6.000000000000000000e+00
4.000000000000000000e+00
7.000000000000000000e+00
4.000000000000000000e+00
3.000000000000000000e+00
1.200000000000000000e+01
3.000000000000000000e+00
6.000000000000000000e+00
4.000000000000000000e+00
5.000000000000000000e+00
9.000000000000000000e+00
1.000000000000000000e+01
2.000000000000000000e+00
2.000000000000000000e+00
2.000000000000000000e+00
1.000000000000000000e+00
2.000000000000000000e+00
1.000000000000000000e+00
1.000000000000000000e+00
2.000000000000000000e+00
1.000000000000000000e+00
1.000000000000000000e+00
1.000000000000000000e+00
1.000000000000000000e+00
1.000000000000000000e+00
