1.683000000000000000e+03
1.555000000000000000e+03
9.840000000000000000e+02
7.930000000000000000e+02
3.390000000000000000e+02
9.700000000000000000e+02
1.657000000000000000e+03
5.190000000000000000e+02
1.692000000000000000e+03
7.250000000000000000e+02
1.402000000000000000e+03
6.010000000000000000e+02
7.670000000000000000e+02
1.254000000000000000e+03
6.740000000000000000e+02
3.380000000000000000e+02
3.590000000000000000e+02
1.240000000000000000e+03
1.755000000000000000e+03
1.740000000000000000e+03
1.568000000000000000e+03
4.890000000000000000e+02
1.649000000000000000e+03
1.747000000000000000e+03
1.745000000000000000e+03
1.392000000000000000e+03
1.246000000000000000e+03
1.017000000000000000e+03
1.626000000000000000e+03
6.770000000000000000e+02
5.550000000000000000e+02
5.000000000000000000e+02
9.100000000000000000e+01
1.419000000000000000e+03
1.662000000000000000e+03
1.372000000000000000e+03
1.175000000000000000e+03
1.095000000000000000e+03
1.718000000000000000e+03
6.970000000000000000e+02
4.020000000000000000e+02
1.673000000000000000e+03
3.410000000000000000e+02
8.290000000000000000e+02
1.460000000000000000e+03
1.482000000000000000e+03
8.250000000000000000e+02
1.950000000000000000e+02
4.800000000000000000e+01
4.410000000000000000e+02
1.418000000000000000e+03
1.715000000000000000e+03
1.838000000000000000e+03
1.755000000000000000e+03
1.635000000000000000e+03
6.400000000000000000e+01
1.637000000000000000e+03
6.600000000000000000e+02
3.860000000000000000e+02
9.750000000000000000e+02
3.920000000000000000e+02
4.590000000000000000e+02
1.312000000000000000e+03
5.200000000000000000e+02
1.159000000000000000e+03
1.287000000000000000e+03
3.770000000000000000e+02
1.078000000000000000e+03
1.460000000000000000e+03
8.970000000000000000e+02
1.299000000000000000e+03
1.602000000000000000e+03
2.000000000000000000e+01
7.900000000000000000e+01
3.000000000000000000e+02
2.400000000000000000e+02
1.150000000000000000e+02
1.755000000000000000e+03
8.830000000000000000e+02
1.163000000000000000e+03
2.960000000000000000e+02
9.650000000000000000e+02
1.777000000000000000e+03
4.780000000000000000e+02
5.510000000000000000e+02
2.120000000000000000e+02
1.010000000000000000e+03
6.440000000000000000e+02
1.418000000000000000e+03
2.890000000000000000e+02
2.000000000000000000e+02
6.330000000000000000e+02
2.880000000000000000e+02
1.089000000000000000e+03
2.500000000000000000e+02
1.260000000000000000e+02
1.340000000000000000e+02
1.618000000000000000e+03
1.230000000000000000e+02
1.853000000000000000e+03
1.027000000000000000e+03
7.390000000000000000e+02
8.600000000000000000e+01
1.990000000000000000e+02
1.640000000000000000e+02
3.400000000000000000e+01
2.010000000000000000e+02
1.510000000000000000e+02
1.220000000000000000e+02
4.500000000000000000e+01
2.660000000000000000e+02
3.540000000000000000e+02
6.200000000000000000e+01
3.300000000000000000e+01
2.500000000000000000e+01
1.630000000000000000e+02
3.800000000000000000e+01
6.300000000000000000e+01
2.200000000000000000e+01
1.070000000000000000e+02
1.300000000000000000e+01
1.870000000000000000e+02
9.600000000000000000e+01
1.400000000000000000e+01
1.050000000000000000e+02
2.800000000000000000e+01
7.200000000000000000e+01
4.300000000000000000e+01
4.400000000000000000e+01
3.100000000000000000e+01
1.700000000000000000e+01
3.400000000000000000e+01
1.600000000000000000e+01
7.000000000000000000e+00
8.000000000000000000e+00
1.880000000000000000e+02
3.100000000000000000e+01
1.100000000000000000e+01
7.600000000000000000e+01
1.000000000000000000e+00
4.800000000000000000e+01
1.600000000000000000e+01
9.700000000000000000e+01
7.900000000000000000e+01
5.000000000000000000e+00
3.000000000000000000e+00
2.400000000000000000e+01
5.000000000000000000e+00
9.000000000000000000e+00
1.300000000000000000e+01
2.000000000000000000e+00
8.000000000000000000e+00
9.000000000000000000e+00
3.900000000000000000e+01
1.000000000000000000e+00
5.000000000000000000e+00
1.000000000000000000e+01
7.000000000000000000e+00
2.000000000000000000e+00
5.000000000000000000e+00
7.000000000000000000e+00
2.000000000000000000e+00
2.000000000000000000e+01
4.000000000000000000e+00
1.000000000000000000e+01
1.000000000000000000e+00
2.000000000000000000e+00
2.000000000000000000e+00
2.000000000000000000e+00
1.000000000000000000e+00
3.000000000000000000e+00
2.000000000000000000e+00
3.000000000000000000e+00
1.000000000000000000e+00
3.000000000000000000e+00
1.000000000000000000e+00
1.000000000000000000e+00
2.000000000000000000e+00
2.000000000000000000e+00
2.000000000000000000e+00
1.000000000000000000e+00
1.000000000000000000e+00
