6.586000000000000000e+03
1.443300000000000000e+04
1.569700000000000000e+04
2.785600000000000000e+04
2.469400000000000000e+04
5.350000000000000000e+02
2.189000000000000000e+03
2.420000000000000000e+03
7.450000000000000000e+02
1.255000000000000000e+03
1.953000000000000000e+03
1.108000000000000000e+03
9.000000000000000000e+00
1.830000000000000000e+02
1.400000000000000000e+01
2.040000000000000000e+02
6.600000000000000000e+01
4.700000000000000000e+01
3.000000000000000000e+00
2.000000000000000000e+00
1.000000000000000000e+00
