3.750000000000000000e+02
5.740000000000000000e+02
1.376000000000000000e+03
1.310000000000000000e+03
1.096000000000000000e+03
6.490000000000000000e+02
4.900000000000000000e+02
1.308000000000000000e+03
1.394000000000000000e+03
7.030000000000000000e+02
5.000000000000000000e+01
2.350000000000000000e+02
5.590000000000000000e+02
1.280000000000000000e+02
7.900000000000000000e+01
1.128000000000000000e+03
1.400000000000000000e+03
1.381000000000000000e+03
1.130000000000000000e+03
1.090000000000000000e+03
1.178000000000000000e+03
1.417000000000000000e+03
1.055000000000000000e+03
1.395000000000000000e+03
1.430000000000000000e+03
9.420000000000000000e+02
1.134000000000000000e+03
1.270000000000000000e+03
1.302000000000000000e+03
1.101000000000000000e+03
1.380000000000000000e+03
1.002000000000000000e+03
1.364000000000000000e+03
4.290000000000000000e+02
1.291000000000000000e+03
8.510000000000000000e+02
9.210000000000000000e+02
9.300000000000000000e+02
1.050000000000000000e+02
7.010000000000000000e+02
1.386000000000000000e+03
1.302000000000000000e+03
1.261000000000000000e+03
1.002000000000000000e+03
6.140000000000000000e+02
1.390000000000000000e+03
3.550000000000000000e+02
1.352000000000000000e+03
8.050000000000000000e+02
5.850000000000000000e+02
2.430000000000000000e+02
1.158000000000000000e+03
8.810000000000000000e+02
4.810000000000000000e+02
1.246000000000000000e+03
5.050000000000000000e+02
1.247000000000000000e+03
7.180000000000000000e+02
1.254000000000000000e+03
1.136000000000000000e+03
1.376000000000000000e+03
1.476000000000000000e+03
1.365000000000000000e+03
2.130000000000000000e+02
4.220000000000000000e+02
1.379000000000000000e+03
3.400000000000000000e+02
1.448000000000000000e+03
7.730000000000000000e+02
2.070000000000000000e+02
2.500000000000000000e+02
3.850000000000000000e+02
7.520000000000000000e+02
2.680000000000000000e+02
9.640000000000000000e+02
1.340000000000000000e+02
9.210000000000000000e+02
1.399000000000000000e+03
1.419000000000000000e+03
3.460000000000000000e+02
9.750000000000000000e+02
1.057000000000000000e+03
1.132000000000000000e+03
8.260000000000000000e+02
6.000000000000000000e+02
4.290000000000000000e+02
4.520000000000000000e+02
1.900000000000000000e+01
4.510000000000000000e+02
2.170000000000000000e+02
1.403000000000000000e+03
7.750000000000000000e+02
9.720000000000000000e+02
3.460000000000000000e+02
6.560000000000000000e+02
1.850000000000000000e+02
1.357000000000000000e+03
1.710000000000000000e+02
1.280000000000000000e+03
4.400000000000000000e+02
7.760000000000000000e+02
1.900000000000000000e+02
6.100000000000000000e+02
2.890000000000000000e+02
2.890000000000000000e+02
5.670000000000000000e+02
4.700000000000000000e+01
4.600000000000000000e+01
8.070000000000000000e+02
1.430000000000000000e+02
8.600000000000000000e+01
2.300000000000000000e+01
2.700000000000000000e+01
6.700000000000000000e+01
7.200000000000000000e+01
4.760000000000000000e+02
5.700000000000000000e+01
1.760000000000000000e+02
3.510000000000000000e+02
1.830000000000000000e+02
1.148000000000000000e+03
5.370000000000000000e+02
7.180000000000000000e+02
1.320000000000000000e+02
4.400000000000000000e+01
5.500000000000000000e+01
9.110000000000000000e+02
1.800000000000000000e+02
7.010000000000000000e+02
7.600000000000000000e+01
3.700000000000000000e+02
2.590000000000000000e+02
1.900000000000000000e+01
1.000000000000000000e+00
4.000000000000000000e+00
3.610000000000000000e+02
3.130000000000000000e+02
1.240000000000000000e+02
3.900000000000000000e+01
2.400000000000000000e+01
1.710000000000000000e+02
3.700000000000000000e+01
2.240000000000000000e+02
5.000000000000000000e+01
3.700000000000000000e+01
4.800000000000000000e+01
2.440000000000000000e+02
1.670000000000000000e+02
8.200000000000000000e+01
8.200000000000000000e+01
3.400000000000000000e+01
1.030000000000000000e+02
1.220000000000000000e+02
2.300000000000000000e+01
1.330000000000000000e+02
1.000000000000000000e+01
1.300000000000000000e+02
8.600000000000000000e+01
9.200000000000000000e+01
6.700000000000000000e+01
2.700000000000000000e+01
4.400000000000000000e+01
7.000000000000000000e+01
3.600000000000000000e+01
2.700000000000000000e+01
2.000000000000000000e+00
1.700000000000000000e+01
1.700000000000000000e+01
2.300000000000000000e+01
3.200000000000000000e+01
1.900000000000000000e+01
2.000000000000000000e+00
1.000000000000000000e+01
9.000000000000000000e+00
8.000000000000000000e+00
1.000000000000000000e+01
5.800000000000000000e+01
1.100000000000000000e+01
9.000000000000000000e+00
6.000000000000000000e+00
7.000000000000000000e+00
1.600000000000000000e+01
9.000000000000000000e+00
3.000000000000000000e+00
1.000000000000000000e+00
1.000000000000000000e+00
5.000000000000000000e+00
3.000000000000000000e+00
5.000000000000000000e+00
2.000000000000000000e+00
9.000000000000000000e+00
1.000000000000000000e+00
1.000000000000000000e+00
1.000000000000000000e+00
5.000000000000000000e+00
2.000000000000000000e+01
1.000000000000000000e+00
1.000000000000000000e+01
5.000000000000000000e+00
6.000000000000000000e+00
4.000000000000000000e+00
6.000000000000000000e+00
2.000000000000000000e+00
1.000000000000000000e+00
1.000000000000000000e+00
5.000000000000000000e+00
2.000000000000000000e+00
1.000000000000000000e+00
1.000000000000000000e+00
5.000000000000000000e+00
5.000000000000000000e+00
1.000000000000000000e+00
1.000000000000000000e+00
1.000000000000000000e+00
1.000000000000000000e+00
3.000000000000000000e+00
2.000000000000000000e+00
1.000000000000000000e+00
5.000000000000000000e+00
1.000000000000000000e+00
2.000000000000000000e+00
1.000000000000000000e+00
1.000000000000000000e+00
3.000000000000000000e+00
1.000000000000000000e+00
1.000000000000000000e+00
