8.570000000000000000e+02
1.391000000000000000e+03
1.083000000000000000e+03
1.722000000000000000e+03
1.763000000000000000e+03
1.597000000000000000e+03
1.454000000000000000e+03
1.354000000000000000e+03
1.282000000000000000e+03
1.774000000000000000e+03
1.169000000000000000e+03
1.333000000000000000e+03
1.564000000000000000e+03
1.472000000000000000e+03
4.540000000000000000e+02
1.209000000000000000e+03
1.694000000000000000e+03
9.480000000000000000e+02
9.250000000000000000e+02
1.690000000000000000e+03
5.960000000000000000e+02
8.500000000000000000e+01
1.497000000000000000e+03
1.150000000000000000e+03
8.090000000000000000e+02
1.704000000000000000e+03
9.060000000000000000e+02
1.296000000000000000e+03
1.155000000000000000e+03
1.950000000000000000e+02
1.329000000000000000e+03
1.627000000000000000e+03
1.588000000000000000e+03
7.250000000000000000e+02
9.720000000000000000e+02
1.691000000000000000e+03
1.553000000000000000e+03
1.760000000000000000e+03
1.393000000000000000e+03
4.980000000000000000e+02
1.738000000000000000e+03
1.057000000000000000e+03
3.940000000000000000e+02
1.374000000000000000e+03
3.770000000000000000e+02
1.558000000000000000e+03
1.556000000000000000e+03
1.817000000000000000e+03
1.184000000000000000e+03
1.747000000000000000e+03
1.880000000000000000e+02
1.724000000000000000e+03
5.130000000000000000e+02
1.663000000000000000e+03
1.497000000000000000e+03
3.380000000000000000e+02
6.170000000000000000e+02
1.473000000000000000e+03
3.110000000000000000e+02
2.100000000000000000e+02
1.400000000000000000e+02
1.620000000000000000e+02
2.740000000000000000e+02
8.080000000000000000e+02
2.540000000000000000e+02
9.820000000000000000e+02
1.685000000000000000e+03
1.046000000000000000e+03
2.000000000000000000e+02
6.420000000000000000e+02
1.716000000000000000e+03
3.410000000000000000e+02
1.744000000000000000e+03
1.056000000000000000e+03
1.587000000000000000e+03
7.080000000000000000e+02
7.790000000000000000e+02
4.950000000000000000e+02
6.660000000000000000e+02
1.262000000000000000e+03
8.900000000000000000e+01
1.900000000000000000e+01
2.280000000000000000e+02
5.570000000000000000e+02
6.930000000000000000e+02
4.870000000000000000e+02
1.320000000000000000e+02
2.820000000000000000e+02
1.248000000000000000e+03
1.970000000000000000e+02
2.700000000000000000e+02
1.100000000000000000e+01
3.140000000000000000e+02
8.300000000000000000e+02
4.190000000000000000e+02
6.500000000000000000e+01
1.730000000000000000e+02
3.800000000000000000e+01
8.300000000000000000e+01
3.350000000000000000e+02
4.610000000000000000e+02
2.200000000000000000e+01
1.110000000000000000e+02
2.690000000000000000e+02
1.660000000000000000e+02
9.220000000000000000e+02
5.830000000000000000e+02
6.900000000000000000e+01
4.450000000000000000e+02
5.500000000000000000e+01
1.700000000000000000e+01
5.300000000000000000e+01
4.500000000000000000e+01
1.500000000000000000e+02
7.520000000000000000e+02
3.900000000000000000e+01
4.000000000000000000e+01
3.940000000000000000e+02
4.000000000000000000e+00
3.220000000000000000e+02
1.190000000000000000e+02
3.200000000000000000e+01
6.000000000000000000e+01
9.100000000000000000e+01
1.690000000000000000e+02
3.600000000000000000e+01
1.010000000000000000e+02
9.800000000000000000e+01
3.700000000000000000e+01
3.800000000000000000e+01
1.100000000000000000e+01
1.290000000000000000e+02
6.000000000000000000e+01
3.000000000000000000e+01
1.000000000000000000e+00
8.400000000000000000e+01
2.000000000000000000e+01
1.200000000000000000e+01
1.000000000000000000e+01
5.800000000000000000e+01
3.300000000000000000e+01
1.200000000000000000e+01
2.300000000000000000e+01
8.000000000000000000e+00
3.000000000000000000e+00
3.300000000000000000e+01
1.600000000000000000e+01
3.000000000000000000e+00
2.700000000000000000e+01
4.000000000000000000e+00
5.000000000000000000e+00
7.000000000000000000e+00
1.500000000000000000e+01
1.100000000000000000e+01
3.000000000000000000e+00
2.000000000000000000e+00
3.000000000000000000e+00
2.000000000000000000e+00
4.000000000000000000e+00
1.000000000000000000e+00
1.000000000000000000e+01
2.000000000000000000e+00
4.000000000000000000e+00
1.000000000000000000e+00
1.000000000000000000e+00
8.000000000000000000e+00
1.000000000000000000e+00
6.000000000000000000e+00
1.000000000000000000e+00
2.000000000000000000e+00
1.000000000000000000e+00
4.000000000000000000e+00
3.000000000000000000e+00
1.000000000000000000e+00
1.000000000000000000e+00
1.000000000000000000e+00
1.000000000000000000e+00
2.000000000000000000e+00
1.000000000000000000e+00
1.000000000000000000e+00
1.000000000000000000e+00
