1.000000000000000000e+02
1.512000000000000000e+03
1.686000000000000000e+03
1.408000000000000000e+03
1.679000000000000000e+03
7.220000000000000000e+02
1.713000000000000000e+03
6.470000000000000000e+02
1.386000000000000000e+03
1.180000000000000000e+03
1.786000000000000000e+03
1.420000000000000000e+02
1.378000000000000000e+03
1.571000000000000000e+03
1.781000000000000000e+03
5.260000000000000000e+02
1.693000000000000000e+03
1.631000000000000000e+03
9.100000000000000000e+02
4.540000000000000000e+02
1.570000000000000000e+03
2.960000000000000000e+02
1.692000000000000000e+03
1.820000000000000000e+03
1.651000000000000000e+03
1.744000000000000000e+03
1.127000000000000000e+03
1.970000000000000000e+02
1.427000000000000000e+03
1.000000000000000000e+00
1.080000000000000000e+03
8.960000000000000000e+02
1.721000000000000000e+03
9.620000000000000000e+02
1.043000000000000000e+03
1.571000000000000000e+03
1.130000000000000000e+03
1.804000000000000000e+03
1.678000000000000000e+03
1.757000000000000000e+03
7.000000000000000000e+00
1.514000000000000000e+03
1.323000000000000000e+03
7.720000000000000000e+02
1.109000000000000000e+03
7.420000000000000000e+02
1.930000000000000000e+02
7.000000000000000000e+02
1.393000000000000000e+03
1.510000000000000000e+02
1.579000000000000000e+03
7.830000000000000000e+02
1.222000000000000000e+03
1.346000000000000000e+03
1.764000000000000000e+03
2.140000000000000000e+02
1.423000000000000000e+03
1.312000000000000000e+03
4.680000000000000000e+02
2.220000000000000000e+02
5.890000000000000000e+02
1.236000000000000000e+03
8.670000000000000000e+02
1.712000000000000000e+03
1.599000000000000000e+03
2.560000000000000000e+02
9.830000000000000000e+02
5.540000000000000000e+02
3.870000000000000000e+02
2.560000000000000000e+02
1.544000000000000000e+03
3.300000000000000000e+02
1.165000000000000000e+03
8.970000000000000000e+02
1.757000000000000000e+03
2.500000000000000000e+02
5.350000000000000000e+02
1.788000000000000000e+03
1.014000000000000000e+03
9.270000000000000000e+02
4.690000000000000000e+02
2.270000000000000000e+02
8.500000000000000000e+01
2.830000000000000000e+02
2.010000000000000000e+02
1.237000000000000000e+03
3.650000000000000000e+02
6.000000000000000000e+00
7.120000000000000000e+02
2.090000000000000000e+02
3.820000000000000000e+02
1.171000000000000000e+03
7.020000000000000000e+02
4.650000000000000000e+02
3.620000000000000000e+02
5.900000000000000000e+02
6.590000000000000000e+02
3.600000000000000000e+01
8.440000000000000000e+02
1.420000000000000000e+02
1.870000000000000000e+02
5.600000000000000000e+01
1.320000000000000000e+02
5.240000000000000000e+02
3.700000000000000000e+02
3.140000000000000000e+02
7.760000000000000000e+02
1.230000000000000000e+02
2.900000000000000000e+01
3.380000000000000000e+02
4.700000000000000000e+01
1.260000000000000000e+02
5.600000000000000000e+01
1.200000000000000000e+01
1.600000000000000000e+01
9.100000000000000000e+01
1.010000000000000000e+02
1.100000000000000000e+02
4.300000000000000000e+01
1.350000000000000000e+02
1.130000000000000000e+02
1.700000000000000000e+02
2.800000000000000000e+01
1.200000000000000000e+01
3.000000000000000000e+00
2.000000000000000000e+01
5.000000000000000000e+00
3.900000000000000000e+01
2.600000000000000000e+01
6.200000000000000000e+01
7.500000000000000000e+01
7.500000000000000000e+01
9.000000000000000000e+01
3.500000000000000000e+01
4.100000000000000000e+01
1.300000000000000000e+01
5.000000000000000000e+00
6.400000000000000000e+01
2.000000000000000000e+00
5.500000000000000000e+01
6.700000000000000000e+01
2.000000000000000000e+00
3.200000000000000000e+01
2.600000000000000000e+01
3.200000000000000000e+01
4.000000000000000000e+00
2.800000000000000000e+01
2.300000000000000000e+01
1.000000000000000000e+00
3.000000000000000000e+00
1.100000000000000000e+01
2.000000000000000000e+00
2.500000000000000000e+01
1.700000000000000000e+01
6.000000000000000000e+00
8.000000000000000000e+00
5.000000000000000000e+00
5.000000000000000000e+00
7.000000000000000000e+00
4.000000000000000000e+00
1.000000000000000000e+00
5.000000000000000000e+00
5.000000000000000000e+00
2.000000000000000000e+00
1.100000000000000000e+01
1.000000000000000000e+00
1.100000000000000000e+01
2.000000000000000000e+00
1.000000000000000000e+01
1.000000000000000000e+00
2.000000000000000000e+00
3.000000000000000000e+00
5.000000000000000000e+00
2.000000000000000000e+00
4.000000000000000000e+00
2.000000000000000000e+00
2.000000000000000000e+00
1.000000000000000000e+00
1.000000000000000000e+00
