1.739000000000000000e+03
1.752000000000000000e+03
1.806000000000000000e+03
1.415000000000000000e+03
1.323000000000000000e+03
1.506000000000000000e+03
9.190000000000000000e+02
1.011000000000000000e+03
1.327000000000000000e+03
1.615000000000000000e+03
1.741000000000000000e+03
1.260000000000000000e+03
1.658000000000000000e+03
2.500000000000000000e+02
1.119000000000000000e+03
1.748000000000000000e+03
1.176000000000000000e+03
1.665000000000000000e+03
1.777000000000000000e+03
5.750000000000000000e+02
5.170000000000000000e+02
1.689000000000000000e+03
1.304000000000000000e+03
1.656000000000000000e+03
1.046000000000000000e+03
2.380000000000000000e+02
1.552000000000000000e+03
1.693000000000000000e+03
1.787000000000000000e+03
1.090000000000000000e+02
1.722000000000000000e+03
1.532000000000000000e+03
1.109000000000000000e+03
7.510000000000000000e+02
4.340000000000000000e+02
3.560000000000000000e+02
7.300000000000000000e+01
9.670000000000000000e+02
3.030000000000000000e+02
1.832000000000000000e+03
9.140000000000000000e+02
1.121000000000000000e+03
4.570000000000000000e+02
1.808000000000000000e+03
1.589000000000000000e+03
6.220000000000000000e+02
1.147000000000000000e+03
7.600000000000000000e+01
1.010000000000000000e+02
1.499000000000000000e+03
1.537000000000000000e+03
3.780000000000000000e+02
1.085000000000000000e+03
1.203000000000000000e+03
9.080000000000000000e+02
1.242000000000000000e+03
1.601000000000000000e+03
5.740000000000000000e+02
3.290000000000000000e+02
1.637000000000000000e+03
2.600000000000000000e+02
9.750000000000000000e+02
1.800000000000000000e+01
9.350000000000000000e+02
1.454000000000000000e+03
8.300000000000000000e+02
1.436000000000000000e+03
1.677000000000000000e+03
1.258000000000000000e+03
7.420000000000000000e+02
1.001000000000000000e+03
1.794000000000000000e+03
1.980000000000000000e+02
7.410000000000000000e+02
3.650000000000000000e+02
8.020000000000000000e+02
1.750000000000000000e+03
1.629000000000000000e+03
1.517000000000000000e+03
8.000000000000000000e+01
4.420000000000000000e+02
6.610000000000000000e+02
1.160000000000000000e+02
5.630000000000000000e+02
5.210000000000000000e+02
1.366000000000000000e+03
5.220000000000000000e+02
3.800000000000000000e+02
6.100000000000000000e+02
1.420000000000000000e+02
4.900000000000000000e+01
3.200000000000000000e+01
3.400000000000000000e+01
6.660000000000000000e+02
3.380000000000000000e+02
4.320000000000000000e+02
7.820000000000000000e+02
7.800000000000000000e+01
1.580000000000000000e+02
1.900000000000000000e+02
1.900000000000000000e+01
1.290000000000000000e+02
4.420000000000000000e+02
1.970000000000000000e+02
1.390000000000000000e+02
1.190000000000000000e+02
3.120000000000000000e+02
4.370000000000000000e+02
3.400000000000000000e+01
5.000000000000000000e+01
2.810000000000000000e+02
1.110000000000000000e+02
3.300000000000000000e+01
1.000000000000000000e+00
4.200000000000000000e+01
2.190000000000000000e+02
4.700000000000000000e+01
1.530000000000000000e+02
7.900000000000000000e+01
1.920000000000000000e+02
9.000000000000000000e+00
1.100000000000000000e+01
2.200000000000000000e+01
1.570000000000000000e+02
2.900000000000000000e+02
2.800000000000000000e+01
1.460000000000000000e+02
1.200000000000000000e+01
2.500000000000000000e+01
8.200000000000000000e+01
1.000000000000000000e+00
4.200000000000000000e+01
5.700000000000000000e+01
5.400000000000000000e+01
2.390000000000000000e+02
2.800000000000000000e+01
1.600000000000000000e+01
3.200000000000000000e+01
2.000000000000000000e+00
5.100000000000000000e+01
4.000000000000000000e+00
9.000000000000000000e+00
3.000000000000000000e+00
1.400000000000000000e+01
4.300000000000000000e+01
1.500000000000000000e+01
7.000000000000000000e+00
1.300000000000000000e+01
1.100000000000000000e+01
1.100000000000000000e+01
1.000000000000000000e+01
1.000000000000000000e+00
5.000000000000000000e+00
1.400000000000000000e+01
2.000000000000000000e+00
9.000000000000000000e+00
7.000000000000000000e+00
3.000000000000000000e+00
8.000000000000000000e+00
4.000000000000000000e+00
5.000000000000000000e+00
2.000000000000000000e+00
7.000000000000000000e+00
3.000000000000000000e+00
1.000000000000000000e+00
4.000000000000000000e+00
4.000000000000000000e+00
1.000000000000000000e+00
1.000000000000000000e+00
1.000000000000000000e+00
2.000000000000000000e+00
2.000000000000000000e+00
3.000000000000000000e+00
2.000000000000000000e+00
2.000000000000000000e+00
1.000000000000000000e+00
1.000000000000000000e+00
1.000000000000000000e+00
