7.158000000000000000e+03
1.203800000000000000e+04
2.233200000000000000e+04
1.771100000000000000e+04
1.892900000000000000e+04
9.510000000000000000e+02
2.936000000000000000e+03
6.117000000000000000e+03
2.561000000000000000e+03
3.190000000000000000e+02
2.696000000000000000e+03
1.519000000000000000e+03
3.420000000000000000e+02
9.580000000000000000e+02
2.344000000000000000e+03
5.000000000000000000e+00
9.900000000000000000e+01
7.970000000000000000e+02
4.300000000000000000e+01
1.060000000000000000e+02
2.300000000000000000e+01
3.000000000000000000e+00
3.000000000000000000e+00
8.000000000000000000e+00
2.000000000000000000e+00
