3.420000000000000000e+02
1.514000000000000000e+03
1.367000000000000000e+03
1.267000000000000000e+03
1.658000000000000000e+03
1.681000000000000000e+03
1.723000000000000000e+03
1.631000000000000000e+03
1.305000000000000000e+03
1.138000000000000000e+03
3.700000000000000000e+02
2.840000000000000000e+02
1.094000000000000000e+03
3.000000000000000000e+00
1.479000000000000000e+03
3.970000000000000000e+02
4.500000000000000000e+01
1.450000000000000000e+03
5.640000000000000000e+02
8.290000000000000000e+02
1.558000000000000000e+03
1.285000000000000000e+03
6.260000000000000000e+02
1.242000000000000000e+03
9.440000000000000000e+02
1.242000000000000000e+03
1.690000000000000000e+03
1.731000000000000000e+03
8.530000000000000000e+02
1.624000000000000000e+03
1.568000000000000000e+03
7.210000000000000000e+02
1.607000000000000000e+03
1.501000000000000000e+03
1.564000000000000000e+03
1.639000000000000000e+03
1.460000000000000000e+03
4.670000000000000000e+02
2.390000000000000000e+02
1.190000000000000000e+02
5.160000000000000000e+02
1.039000000000000000e+03
7.390000000000000000e+02
1.506000000000000000e+03
6.030000000000000000e+02
3.590000000000000000e+02
1.671000000000000000e+03
5.100000000000000000e+02
5.730000000000000000e+02
8.650000000000000000e+02
1.688000000000000000e+03
9.520000000000000000e+02
1.694000000000000000e+03
8.720000000000000000e+02
1.520000000000000000e+03
1.049000000000000000e+03
1.718000000000000000e+03
1.364000000000000000e+03
1.616000000000000000e+03
9.820000000000000000e+02
1.076000000000000000e+03
1.324000000000000000e+03
1.216000000000000000e+03
6.520000000000000000e+02
1.501000000000000000e+03
1.090000000000000000e+03
5.860000000000000000e+02
6.760000000000000000e+02
2.070000000000000000e+02
1.060000000000000000e+02
8.450000000000000000e+02
7.570000000000000000e+02
1.480000000000000000e+03
1.629000000000000000e+03
4.120000000000000000e+02
4.680000000000000000e+02
1.163000000000000000e+03
6.200000000000000000e+02
1.780000000000000000e+02
1.093000000000000000e+03
1.860000000000000000e+02
1.240000000000000000e+02
3.270000000000000000e+02
1.480000000000000000e+02
6.600000000000000000e+01
1.365000000000000000e+03
1.370000000000000000e+02
7.700000000000000000e+01
1.614000000000000000e+03
3.720000000000000000e+02
2.010000000000000000e+02
3.670000000000000000e+02
1.330000000000000000e+02
2.340000000000000000e+02
7.580000000000000000e+02
7.300000000000000000e+01
1.376000000000000000e+03
7.630000000000000000e+02
5.090000000000000000e+02
6.100000000000000000e+01
1.400000000000000000e+02
1.752000000000000000e+03
1.770000000000000000e+02
2.090000000000000000e+02
2.510000000000000000e+02
1.018000000000000000e+03
8.500000000000000000e+01
7.530000000000000000e+02
6.500000000000000000e+01
3.780000000000000000e+02
3.000000000000000000e+00
3.960000000000000000e+02
1.160000000000000000e+02
3.160000000000000000e+02
2.500000000000000000e+01
1.660000000000000000e+02
1.480000000000000000e+02
1.200000000000000000e+02
3.900000000000000000e+01
9.400000000000000000e+01
2.000000000000000000e+01
2.290000000000000000e+02
3.700000000000000000e+01
1.000000000000000000e+01
2.520000000000000000e+02
7.400000000000000000e+01
1.600000000000000000e+01
8.000000000000000000e+00
1.200000000000000000e+01
5.000000000000000000e+00
3.910000000000000000e+02
3.500000000000000000e+01
2.070000000000000000e+02
2.300000000000000000e+01
3.500000000000000000e+01
8.500000000000000000e+01
2.600000000000000000e+01
6.200000000000000000e+01
3.700000000000000000e+01
5.000000000000000000e+00
3.700000000000000000e+01
1.000000000000000000e+01
4.400000000000000000e+01
6.100000000000000000e+01
7.100000000000000000e+01
2.100000000000000000e+01
2.000000000000000000e+00
1.300000000000000000e+01
1.600000000000000000e+01
9.000000000000000000e+00
4.300000000000000000e+01
4.600000000000000000e+01
1.300000000000000000e+01
1.000000000000000000e+01
1.300000000000000000e+01
1.600000000000000000e+01
4.000000000000000000e+00
2.000000000000000000e+00
5.000000000000000000e+00
5.000000000000000000e+00
3.000000000000000000e+00
4.000000000000000000e+00
2.000000000000000000e+00
1.800000000000000000e+01
8.000000000000000000e+00
7.000000000000000000e+00
1.000000000000000000e+01
4.000000000000000000e+00
7.000000000000000000e+00
3.000000000000000000e+00
1.000000000000000000e+00
1.000000000000000000e+01
7.000000000000000000e+00
3.000000000000000000e+00
7.000000000000000000e+00
2.000000000000000000e+00
1.000000000000000000e+00
1.000000000000000000e+00
3.000000000000000000e+00
1.000000000000000000e+00
3.000000000000000000e+00
1.000000000000000000e+00
1.000000000000000000e+00
2.000000000000000000e+00
1.000000000000000000e+00
2.000000000000000000e+00
