7.950000000000000000e+02
1.837000000000000000e+03
1.705000000000000000e+03
1.778000000000000000e+03
1.737000000000000000e+03
1.664000000000000000e+03
1.010000000000000000e+03
6.900000000000000000e+02
9.670000000000000000e+02
4.500000000000000000e+02
1.184000000000000000e+03
1.660000000000000000e+03
8.800000000000000000e+01
8.900000000000000000e+01
2.320000000000000000e+02
5.810000000000000000e+02
3.340000000000000000e+02
1.100000000000000000e+03
1.218000000000000000e+03
5.020000000000000000e+02
2.440000000000000000e+02
1.845000000000000000e+03
1.698000000000000000e+03
1.648000000000000000e+03
1.375000000000000000e+03
5.410000000000000000e+02
5.640000000000000000e+02
5.860000000000000000e+02
1.642000000000000000e+03
1.736000000000000000e+03
9.130000000000000000e+02
1.788000000000000000e+03
1.292000000000000000e+03
1.090000000000000000e+03
4.580000000000000000e+02
1.327000000000000000e+03
1.802000000000000000e+03
1.371000000000000000e+03
1.201000000000000000e+03
1.794000000000000000e+03
5.810000000000000000e+02
1.654000000000000000e+03
1.504000000000000000e+03
8.130000000000000000e+02
1.681000000000000000e+03
1.766000000000000000e+03
1.775000000000000000e+03
1.487000000000000000e+03
1.550000000000000000e+02
1.071000000000000000e+03
1.745000000000000000e+03
9.400000000000000000e+02
4.080000000000000000e+02
1.449000000000000000e+03
4.100000000000000000e+01
1.009000000000000000e+03
1.134000000000000000e+03
1.428000000000000000e+03
3.860000000000000000e+02
1.752000000000000000e+03
7.050000000000000000e+02
8.650000000000000000e+02
3.910000000000000000e+02
1.990000000000000000e+02
1.563000000000000000e+03
2.670000000000000000e+02
1.489000000000000000e+03
3.610000000000000000e+02
1.705000000000000000e+03
2.740000000000000000e+02
1.070000000000000000e+03
8.970000000000000000e+02
8.600000000000000000e+02
6.660000000000000000e+02
2.030000000000000000e+02
1.426000000000000000e+03
4.970000000000000000e+02
7.470000000000000000e+02
2.760000000000000000e+02
1.405000000000000000e+03
3.040000000000000000e+02
5.100000000000000000e+02
2.470000000000000000e+02
1.280000000000000000e+02
1.510000000000000000e+02
1.534000000000000000e+03
1.900000000000000000e+02
8.970000000000000000e+02
1.619000000000000000e+03
3.590000000000000000e+02
1.252000000000000000e+03
1.634000000000000000e+03
7.590000000000000000e+02
8.330000000000000000e+02
2.540000000000000000e+02
1.265000000000000000e+03
5.260000000000000000e+02
2.000000000000000000e+01
7.100000000000000000e+01
1.620000000000000000e+02
6.700000000000000000e+02
8.900000000000000000e+01
1.290000000000000000e+02
2.810000000000000000e+02
4.150000000000000000e+02
1.760000000000000000e+02
1.970000000000000000e+02
9.500000000000000000e+01
2.900000000000000000e+01
8.000000000000000000e+00
1.010000000000000000e+02
2.700000000000000000e+01
1.580000000000000000e+02
8.300000000000000000e+01
3.230000000000000000e+02
3.300000000000000000e+01
6.400000000000000000e+01
1.230000000000000000e+02
4.900000000000000000e+01
7.600000000000000000e+01
4.200000000000000000e+01
5.600000000000000000e+01
5.400000000000000000e+01
8.000000000000000000e+00
2.000000000000000000e+00
5.000000000000000000e+00
3.000000000000000000e+00
1.600000000000000000e+01
4.900000000000000000e+01
8.000000000000000000e+00
3.600000000000000000e+01
1.800000000000000000e+01
8.200000000000000000e+01
3.600000000000000000e+01
5.900000000000000000e+01
2.400000000000000000e+01
6.100000000000000000e+01
1.210000000000000000e+02
1.700000000000000000e+01
1.900000000000000000e+01
9.000000000000000000e+00
3.900000000000000000e+01
5.000000000000000000e+00
2.800000000000000000e+01
7.000000000000000000e+00
9.000000000000000000e+00
2.400000000000000000e+01
1.700000000000000000e+01
9.000000000000000000e+00
3.000000000000000000e+00
2.000000000000000000e+01
7.000000000000000000e+00
7.000000000000000000e+00
1.100000000000000000e+01
2.000000000000000000e+00
7.000000000000000000e+00
7.000000000000000000e+00
1.000000000000000000e+01
4.000000000000000000e+00
5.000000000000000000e+00
6.000000000000000000e+00
3.000000000000000000e+00
4.000000000000000000e+00
3.000000000000000000e+00
2.000000000000000000e+00
2.000000000000000000e+00
1.000000000000000000e+00
1.000000000000000000e+00
1.000000000000000000e+00
1.000000000000000000e+00
1.000000000000000000e+00
1.000000000000000000e+00
1.000000000000000000e+00
1.000000000000000000e+00
1.000000000000000000e+00
3.000000000000000000e+00
