1.335000000000000000e+03
1.511000000000000000e+03
1.543000000000000000e+03
1.054000000000000000e+03
1.525000000000000000e+03
1.717000000000000000e+03
1.252000000000000000e+03
8.980000000000000000e+02
2.120000000000000000e+02
1.257000000000000000e+03
4.780000000000000000e+02
1.667000000000000000e+03
1.170000000000000000e+02
1.406000000000000000e+03
1.823000000000000000e+03
1.725000000000000000e+03
1.351000000000000000e+03
1.073000000000000000e+03
3.170000000000000000e+02
1.812000000000000000e+03
5.910000000000000000e+02
2.710000000000000000e+02
1.758000000000000000e+03
1.685000000000000000e+03
1.771000000000000000e+03
1.750000000000000000e+02
1.711000000000000000e+03
9.190000000000000000e+02
1.663000000000000000e+03
1.737000000000000000e+03
1.611000000000000000e+03
1.676000000000000000e+03
1.616000000000000000e+03
1.093000000000000000e+03
1.257000000000000000e+03
1.749000000000000000e+03
5.680000000000000000e+02
1.605000000000000000e+03
1.561000000000000000e+03
1.401000000000000000e+03
1.172000000000000000e+03
1.372000000000000000e+03
1.015000000000000000e+03
6.000000000000000000e+00
3.340000000000000000e+02
1.637000000000000000e+03
5.280000000000000000e+02
2.720000000000000000e+02
1.123000000000000000e+03
1.687000000000000000e+03
5.550000000000000000e+02
7.430000000000000000e+02
1.006000000000000000e+03
5.820000000000000000e+02
1.520000000000000000e+02
9.390000000000000000e+02
1.130000000000000000e+03
1.545000000000000000e+03
1.517000000000000000e+03
6.690000000000000000e+02
1.810000000000000000e+02
1.502000000000000000e+03
6.400000000000000000e+02
6.410000000000000000e+02
7.800000000000000000e+01
3.030000000000000000e+02
5.570000000000000000e+02
7.550000000000000000e+02
8.580000000000000000e+02
1.660000000000000000e+02
1.735000000000000000e+03
1.396000000000000000e+03
3.920000000000000000e+02
6.450000000000000000e+02
3.660000000000000000e+02
8.230000000000000000e+02
1.156000000000000000e+03
1.567000000000000000e+03
1.570000000000000000e+02
2.090000000000000000e+02
1.386000000000000000e+03
1.290000000000000000e+02
1.596000000000000000e+03
2.650000000000000000e+02
4.500000000000000000e+01
6.670000000000000000e+02
1.165000000000000000e+03
2.270000000000000000e+02
3.000000000000000000e+02
2.500000000000000000e+02
2.060000000000000000e+02
7.000000000000000000e+01
7.300000000000000000e+01
1.150000000000000000e+03
8.490000000000000000e+02
4.900000000000000000e+01
8.800000000000000000e+01
1.010000000000000000e+02
9.480000000000000000e+02
7.920000000000000000e+02
7.290000000000000000e+02
1.370000000000000000e+02
1.690000000000000000e+02
1.300000000000000000e+02
2.720000000000000000e+02
4.410000000000000000e+02
8.070000000000000000e+02
1.640000000000000000e+02
1.000000000000000000e+01
4.680000000000000000e+02
4.520000000000000000e+02
3.950000000000000000e+02
4.340000000000000000e+02
5.200000000000000000e+01
2.800000000000000000e+01
5.100000000000000000e+02
4.400000000000000000e+01
1.390000000000000000e+02
1.800000000000000000e+02
6.300000000000000000e+01
1.200000000000000000e+01
3.800000000000000000e+01
6.200000000000000000e+01
8.200000000000000000e+01
1.000000000000000000e+00
3.390000000000000000e+02
4.500000000000000000e+01
3.100000000000000000e+01
5.500000000000000000e+01
1.110000000000000000e+02
1.800000000000000000e+01
5.900000000000000000e+01
6.600000000000000000e+01
2.500000000000000000e+01
3.200000000000000000e+01
1.400000000000000000e+01
6.400000000000000000e+01
4.300000000000000000e+01
3.300000000000000000e+01
2.000000000000000000e+00
1.000000000000000000e+01
2.500000000000000000e+01
2.600000000000000000e+01
8.000000000000000000e+00
5.000000000000000000e+00
1.500000000000000000e+01
1.100000000000000000e+01
6.000000000000000000e+00
9.000000000000000000e+00
1.100000000000000000e+01
1.100000000000000000e+01
3.000000000000000000e+00
2.600000000000000000e+01
1.100000000000000000e+01
1.700000000000000000e+01
1.000000000000000000e+00
1.000000000000000000e+00
3.000000000000000000e+00
1.000000000000000000e+00
4.000000000000000000e+00
1.700000000000000000e+01
1.000000000000000000e+00
5.000000000000000000e+00
5.000000000000000000e+00
3.000000000000000000e+00
1.000000000000000000e+00
1.000000000000000000e+00
3.000000000000000000e+00
8.000000000000000000e+00
7.000000000000000000e+00
7.000000000000000000e+00
1.000000000000000000e+00
1.000000000000000000e+00
6.000000000000000000e+00
1.000000000000000000e+00
2.000000000000000000e+00
2.000000000000000000e+00
1.000000000000000000e+00
4.000000000000000000e+00
1.000000000000000000e+00
1.000000000000000000e+00
1.000000000000000000e+00
1.000000000000000000e+00
1.000000000000000000e+00
1.000000000000000000e+00
