8.640000000000000000e+02
6.630000000000000000e+02
1.617000000000000000e+03
8.420000000000000000e+02
1.548000000000000000e+03
1.640000000000000000e+03
1.287000000000000000e+03
1.055000000000000000e+03
1.012000000000000000e+03
1.232000000000000000e+03
5.570000000000000000e+02
1.403000000000000000e+03
8.490000000000000000e+02
2.930000000000000000e+02
7.930000000000000000e+02
1.154000000000000000e+03
4.870000000000000000e+02
1.360000000000000000e+02
1.507000000000000000e+03
1.970000000000000000e+02
4.510000000000000000e+02
6.470000000000000000e+02
1.445000000000000000e+03
1.096000000000000000e+03
4.680000000000000000e+02
5.060000000000000000e+02
8.110000000000000000e+02
2.450000000000000000e+02
1.367000000000000000e+03
1.504000000000000000e+03
1.430000000000000000e+02
1.540000000000000000e+03
1.631000000000000000e+03
9.050000000000000000e+02
3.760000000000000000e+02
4.920000000000000000e+02
1.625000000000000000e+03
1.111000000000000000e+03
3.790000000000000000e+02
1.643000000000000000e+03
1.556000000000000000e+03
1.640000000000000000e+03
1.536000000000000000e+03
1.380000000000000000e+02
1.358000000000000000e+03
1.697000000000000000e+03
1.333000000000000000e+03
6.940000000000000000e+02
1.633000000000000000e+03
1.371000000000000000e+03
7.510000000000000000e+02
6.630000000000000000e+02
1.538000000000000000e+03
1.549000000000000000e+03
1.475000000000000000e+03
1.205000000000000000e+03
1.301000000000000000e+03
1.235000000000000000e+03
1.600000000000000000e+03
5.640000000000000000e+02
9.110000000000000000e+02
9.400000000000000000e+02
1.860000000000000000e+02
6.970000000000000000e+02
1.661000000000000000e+03
6.660000000000000000e+02
1.860000000000000000e+02
1.127000000000000000e+03
1.610000000000000000e+02
1.317000000000000000e+03
1.309000000000000000e+03
2.640000000000000000e+02
7.800000000000000000e+01
1.191000000000000000e+03
9.020000000000000000e+02
1.569000000000000000e+03
1.518000000000000000e+03
2.850000000000000000e+02
3.830000000000000000e+02
9.940000000000000000e+02
1.446000000000000000e+03
1.611000000000000000e+03
4.280000000000000000e+02
5.500000000000000000e+02
4.400000000000000000e+01
8.810000000000000000e+02
3.600000000000000000e+01
1.000000000000000000e+03
1.631000000000000000e+03
2.990000000000000000e+02
1.320000000000000000e+03
4.000000000000000000e+02
1.060000000000000000e+02
1.127000000000000000e+03
1.117000000000000000e+03
3.620000000000000000e+02
9.500000000000000000e+01
3.350000000000000000e+02
6.640000000000000000e+02
2.080000000000000000e+02
5.840000000000000000e+02
7.900000000000000000e+01
1.561000000000000000e+03
1.890000000000000000e+02
6.220000000000000000e+02
2.410000000000000000e+02
9.100000000000000000e+01
1.700000000000000000e+01
2.500000000000000000e+01
3.510000000000000000e+02
8.700000000000000000e+01
1.600000000000000000e+02
1.800000000000000000e+02
1.580000000000000000e+02
3.060000000000000000e+02
1.850000000000000000e+02
8.200000000000000000e+01
5.400000000000000000e+01
4.090000000000000000e+02
2.800000000000000000e+01
2.400000000000000000e+02
9.200000000000000000e+01
3.000000000000000000e+00
3.000000000000000000e+00
1.400000000000000000e+01
4.300000000000000000e+01
2.300000000000000000e+01
7.700000000000000000e+01
2.880000000000000000e+02
1.170000000000000000e+02
1.100000000000000000e+01
9.500000000000000000e+01
3.300000000000000000e+01
2.700000000000000000e+01
6.600000000000000000e+01
1.110000000000000000e+02
1.760000000000000000e+02
1.700000000000000000e+01
1.600000000000000000e+01
4.000000000000000000e+01
1.230000000000000000e+02
5.100000000000000000e+01
4.900000000000000000e+01
6.000000000000000000e+00
4.200000000000000000e+01
3.000000000000000000e+00
1.900000000000000000e+01
3.300000000000000000e+01
2.600000000000000000e+01
5.100000000000000000e+01
8.000000000000000000e+00
5.800000000000000000e+01
1.600000000000000000e+01
7.100000000000000000e+01
6.000000000000000000e+00
1.400000000000000000e+01
2.200000000000000000e+01
1.000000000000000000e+01
7.000000000000000000e+00
1.200000000000000000e+01
1.000000000000000000e+01
1.200000000000000000e+01
1.300000000000000000e+01
1.000000000000000000e+01
6.000000000000000000e+00
1.000000000000000000e+00
2.000000000000000000e+00
1.000000000000000000e+00
4.000000000000000000e+00
9.000000000000000000e+00
1.000000000000000000e+00
7.000000000000000000e+00
5.000000000000000000e+00
1.000000000000000000e+00
3.000000000000000000e+00
3.000000000000000000e+00
1.000000000000000000e+00
2.000000000000000000e+00
2.000000000000000000e+00
1.000000000000000000e+00
4.000000000000000000e+00
1.000000000000000000e+00
2.000000000000000000e+00
1.000000000000000000e+00
1.000000000000000000e+00
1.000000000000000000e+00
1.000000000000000000e+00
2.000000000000000000e+00
1.000000000000000000e+00
1.000000000000000000e+00
