2.220000000000000000e+02
1.722000000000000000e+03
1.801000000000000000e+03
1.472000000000000000e+03
1.714000000000000000e+03
1.220000000000000000e+03
1.730000000000000000e+03
1.809000000000000000e+03
1.738000000000000000e+03
1.666000000000000000e+03
1.264000000000000000e+03
1.751000000000000000e+03
1.560000000000000000e+03
1.820000000000000000e+02
4.720000000000000000e+02
1.066000000000000000e+03
3.000000000000000000e+01
7.590000000000000000e+02
1.713000000000000000e+03
1.766000000000000000e+03
7.320000000000000000e+02
1.700000000000000000e+02
1.534000000000000000e+03
1.605000000000000000e+03
5.040000000000000000e+02
9.430000000000000000e+02
1.591000000000000000e+03
1.760000000000000000e+03
9.830000000000000000e+02
1.285000000000000000e+03
1.767000000000000000e+03
4.410000000000000000e+02
1.493000000000000000e+03
1.433000000000000000e+03
1.253000000000000000e+03
1.814000000000000000e+03
1.257000000000000000e+03
1.733000000000000000e+03
4.640000000000000000e+02
7.260000000000000000e+02
6.100000000000000000e+02
8.830000000000000000e+02
1.345000000000000000e+03
1.054000000000000000e+03
1.881000000000000000e+03
1.764000000000000000e+03
1.801000000000000000e+03
1.358000000000000000e+03
2.040000000000000000e+02
2.590000000000000000e+02
1.826000000000000000e+03
3.700000000000000000e+02
4.140000000000000000e+02
1.110000000000000000e+03
2.580000000000000000e+02
1.369000000000000000e+03
1.763000000000000000e+03
3.510000000000000000e+02
4.900000000000000000e+01
7.770000000000000000e+02
1.133000000000000000e+03
4.610000000000000000e+02
2.370000000000000000e+02
6.410000000000000000e+02
6.590000000000000000e+02
2.460000000000000000e+02
3.880000000000000000e+02
1.518000000000000000e+03
1.179000000000000000e+03
1.424000000000000000e+03
1.339000000000000000e+03
5.490000000000000000e+02
8.000000000000000000e+01
2.400000000000000000e+02
1.799000000000000000e+03
9.850000000000000000e+02
1.590000000000000000e+02
1.367000000000000000e+03
5.850000000000000000e+02
1.168000000000000000e+03
1.495000000000000000e+03
6.480000000000000000e+02
9.820000000000000000e+02
1.540000000000000000e+02
1.520000000000000000e+03
2.700000000000000000e+01
5.870000000000000000e+02
7.460000000000000000e+02
5.600000000000000000e+01
3.010000000000000000e+02
5.460000000000000000e+02
3.790000000000000000e+02
5.630000000000000000e+02
7.950000000000000000e+02
8.220000000000000000e+02
8.970000000000000000e+02
3.210000000000000000e+02
1.012000000000000000e+03
5.000000000000000000e+01
2.160000000000000000e+02
1.250000000000000000e+02
4.500000000000000000e+01
2.500000000000000000e+01
1.150000000000000000e+02
5.200000000000000000e+01
1.900000000000000000e+01
1.530000000000000000e+02
1.070000000000000000e+02
2.890000000000000000e+02
9.200000000000000000e+01
3.000000000000000000e+01
1.370000000000000000e+02
9.100000000000000000e+01
8.900000000000000000e+01
3.540000000000000000e+02
3.400000000000000000e+01
7.600000000000000000e+01
1.890000000000000000e+02
1.010000000000000000e+02
6.700000000000000000e+01
6.000000000000000000e+00
3.000000000000000000e+01
1.950000000000000000e+02
1.300000000000000000e+01
5.600000000000000000e+01
2.300000000000000000e+01
9.800000000000000000e+01
6.000000000000000000e+00
1.000000000000000000e+01
5.400000000000000000e+01
5.400000000000000000e+01
9.600000000000000000e+01
2.200000000000000000e+01
3.300000000000000000e+01
1.200000000000000000e+01
1.000000000000000000e+01
3.300000000000000000e+01
8.000000000000000000e+00
7.000000000000000000e+00
9.000000000000000000e+00
3.800000000000000000e+01
1.300000000000000000e+01
2.000000000000000000e+00
8.000000000000000000e+00
7.000000000000000000e+00
6.000000000000000000e+00
2.000000000000000000e+00
7.000000000000000000e+00
1.000000000000000000e+00
8.000000000000000000e+00
4.000000000000000000e+00
7.000000000000000000e+00
2.000000000000000000e+00
2.000000000000000000e+00
3.000000000000000000e+00
6.000000000000000000e+00
2.000000000000000000e+00
8.000000000000000000e+00
2.000000000000000000e+00
7.000000000000000000e+00
1.000000000000000000e+00
3.000000000000000000e+00
1.000000000000000000e+00
4.000000000000000000e+00
1.000000000000000000e+00
6.000000000000000000e+00
2.000000000000000000e+00
1.000000000000000000e+00
1.000000000000000000e+00
2.000000000000000000e+00
4.000000000000000000e+00
1.000000000000000000e+00
1.000000000000000000e+00
1.000000000000000000e+00
1.000000000000000000e+00
2.000000000000000000e+00
1.000000000000000000e+00
1.000000000000000000e+00
1.000000000000000000e+00
