1.340000000000000000e+03
6.080000000000000000e+02
1.268000000000000000e+03
1.204000000000000000e+03
1.202000000000000000e+03
1.022000000000000000e+03
9.230000000000000000e+02
9.210000000000000000e+02
9.840000000000000000e+02
1.373000000000000000e+03
5.570000000000000000e+02
2.380000000000000000e+02
1.350000000000000000e+03
1.274000000000000000e+03
1.347000000000000000e+03
4.620000000000000000e+02
1.356000000000000000e+03
1.263000000000000000e+03
1.385000000000000000e+03
1.109000000000000000e+03
8.320000000000000000e+02
1.260000000000000000e+03
1.326000000000000000e+03
1.160000000000000000e+02
9.330000000000000000e+02
1.226000000000000000e+03
1.456000000000000000e+03
1.248000000000000000e+03
4.480000000000000000e+02
1.361000000000000000e+03
1.279000000000000000e+03
1.192000000000000000e+03
1.455000000000000000e+03
1.323000000000000000e+03
1.140000000000000000e+03
8.430000000000000000e+02
3.960000000000000000e+02
9.150000000000000000e+02
1.340000000000000000e+03
5.190000000000000000e+02
1.391000000000000000e+03
1.296000000000000000e+03
1.140000000000000000e+03
9.900000000000000000e+02
8.430000000000000000e+02
1.360000000000000000e+02
1.377000000000000000e+03
5.890000000000000000e+02
6.300000000000000000e+01
6.490000000000000000e+02
5.650000000000000000e+02
1.107000000000000000e+03
1.084000000000000000e+03
1.129000000000000000e+03
9.650000000000000000e+02
7.570000000000000000e+02
1.389000000000000000e+03
3.750000000000000000e+02
4.940000000000000000e+02
6.810000000000000000e+02
4.680000000000000000e+02
7.870000000000000000e+02
1.097000000000000000e+03
5.900000000000000000e+02
1.375000000000000000e+03
1.070000000000000000e+03
1.401000000000000000e+03
1.030000000000000000e+02
4.000000000000000000e+02
6.760000000000000000e+02
1.690000000000000000e+02
1.392000000000000000e+03
8.080000000000000000e+02
1.440000000000000000e+03
2.640000000000000000e+02
1.040000000000000000e+03
1.189000000000000000e+03
2.670000000000000000e+02
1.397000000000000000e+03
3.900000000000000000e+02
2.360000000000000000e+02
1.310000000000000000e+03
1.353000000000000000e+03
7.060000000000000000e+02
1.018000000000000000e+03
1.140000000000000000e+02
1.940000000000000000e+02
7.580000000000000000e+02
1.000000000000000000e+03
1.015000000000000000e+03
3.100000000000000000e+01
3.850000000000000000e+02
2.670000000000000000e+02
7.700000000000000000e+01
2.220000000000000000e+02
6.000000000000000000e+01
5.400000000000000000e+02
1.103000000000000000e+03
3.950000000000000000e+02
7.600000000000000000e+01
1.420000000000000000e+02
1.440000000000000000e+02
1.280000000000000000e+02
2.390000000000000000e+02
1.670000000000000000e+02
6.600000000000000000e+02
5.890000000000000000e+02
7.290000000000000000e+02
3.480000000000000000e+02
5.370000000000000000e+02
1.690000000000000000e+02
2.920000000000000000e+02
3.620000000000000000e+02
2.980000000000000000e+02
6.820000000000000000e+02
5.400000000000000000e+01
2.580000000000000000e+02
2.800000000000000000e+02
4.740000000000000000e+02
9.330000000000000000e+02
7.700000000000000000e+01
7.900000000000000000e+01
5.300000000000000000e+01
1.400000000000000000e+01
2.100000000000000000e+01
1.530000000000000000e+02
9.100000000000000000e+01
4.600000000000000000e+01
3.500000000000000000e+01
5.100000000000000000e+01
7.710000000000000000e+02
5.910000000000000000e+02
1.600000000000000000e+01
2.380000000000000000e+02
2.300000000000000000e+01
3.370000000000000000e+02
2.450000000000000000e+02
3.480000000000000000e+02
5.060000000000000000e+02
3.300000000000000000e+01
1.430000000000000000e+02
3.000000000000000000e+00
1.150000000000000000e+02
4.800000000000000000e+01
2.250000000000000000e+02
3.620000000000000000e+02
1.100000000000000000e+01
1.730000000000000000e+02
1.030000000000000000e+02
1.720000000000000000e+02
4.000000000000000000e+00
7.700000000000000000e+01
1.360000000000000000e+02
1.400000000000000000e+01
7.200000000000000000e+01
1.000000000000000000e+01
1.000000000000000000e+00
2.300000000000000000e+01
1.390000000000000000e+02
2.300000000000000000e+01
3.700000000000000000e+01
1.800000000000000000e+01
8.000000000000000000e+00
1.200000000000000000e+01
2.500000000000000000e+01
2.500000000000000000e+01
7.300000000000000000e+01
5.200000000000000000e+01
4.800000000000000000e+01
5.000000000000000000e+00
7.600000000000000000e+01
2.400000000000000000e+01
4.000000000000000000e+00
1.900000000000000000e+01
8.400000000000000000e+01
5.000000000000000000e+00
2.100000000000000000e+01
5.000000000000000000e+00
4.000000000000000000e+00
5.000000000000000000e+00
6.300000000000000000e+01
4.000000000000000000e+00
5.000000000000000000e+00
3.400000000000000000e+01
5.700000000000000000e+01
1.700000000000000000e+01
3.000000000000000000e+00
7.000000000000000000e+00
1.000000000000000000e+00
1.400000000000000000e+01
2.000000000000000000e+00
3.500000000000000000e+01
1.000000000000000000e+00
1.100000000000000000e+01
1.000000000000000000e+00
1.700000000000000000e+01
2.300000000000000000e+01
1.200000000000000000e+01
6.000000000000000000e+00
1.000000000000000000e+00
3.000000000000000000e+00
4.000000000000000000e+00
4.000000000000000000e+00
3.000000000000000000e+00
3.000000000000000000e+00
6.000000000000000000e+00
1.200000000000000000e+01
4.000000000000000000e+00
5.000000000000000000e+00
2.000000000000000000e+00
1.000000000000000000e+00
3.000000000000000000e+00
1.000000000000000000e+00
6.000000000000000000e+00
2.000000000000000000e+00
1.000000000000000000e+00
1.000000000000000000e+00
2.000000000000000000e+00
2.000000000000000000e+00
2.000000000000000000e+00
1.000000000000000000e+00
1.000000000000000000e+00
2.000000000000000000e+00
1.000000000000000000e+00
