1.732000000000000000e+03
1.374000000000000000e+03
1.521000000000000000e+03
1.310000000000000000e+03
8.210000000000000000e+02
2.140000000000000000e+02
1.591000000000000000e+03
6.050000000000000000e+02
1.779000000000000000e+03
1.400000000000000000e+03
1.554000000000000000e+03
1.577000000000000000e+03
7.210000000000000000e+02
6.220000000000000000e+02
1.361000000000000000e+03
3.860000000000000000e+02
1.635000000000000000e+03
1.105000000000000000e+03
4.000000000000000000e+02
2.070000000000000000e+02
6.740000000000000000e+02
1.799000000000000000e+03
6.990000000000000000e+02
1.861000000000000000e+03
1.124000000000000000e+03
1.627000000000000000e+03
9.790000000000000000e+02
1.231000000000000000e+03
1.756000000000000000e+03
5.940000000000000000e+02
7.100000000000000000e+01
6.700000000000000000e+02
1.571000000000000000e+03
5.020000000000000000e+02
6.170000000000000000e+02
1.781000000000000000e+03
1.643000000000000000e+03
1.766000000000000000e+03
1.816000000000000000e+03
1.655000000000000000e+03
1.812000000000000000e+03
1.753000000000000000e+03
1.520000000000000000e+03
7.020000000000000000e+02
1.824000000000000000e+03
1.550000000000000000e+03
1.131000000000000000e+03
1.762000000000000000e+03
1.849000000000000000e+03
1.819000000000000000e+03
1.640000000000000000e+03
4.220000000000000000e+02
1.288000000000000000e+03
1.299000000000000000e+03
1.582000000000000000e+03
1.340000000000000000e+03
1.163000000000000000e+03
3.850000000000000000e+02
4.790000000000000000e+02
9.490000000000000000e+02
1.197000000000000000e+03
1.411000000000000000e+03
1.100000000000000000e+03
9.220000000000000000e+02
7.660000000000000000e+02
1.778000000000000000e+03
4.670000000000000000e+02
1.087000000000000000e+03
1.470000000000000000e+02
1.738000000000000000e+03
2.960000000000000000e+02
3.460000000000000000e+02
2.300000000000000000e+01
2.190000000000000000e+02
1.930000000000000000e+02
8.860000000000000000e+02
4.960000000000000000e+02
1.372000000000000000e+03
7.400000000000000000e+02
3.930000000000000000e+02
2.100000000000000000e+01
9.300000000000000000e+01
1.220000000000000000e+02
1.020000000000000000e+02
2.500000000000000000e+01
3.800000000000000000e+01
8.600000000000000000e+01
5.270000000000000000e+02
1.120000000000000000e+02
9.560000000000000000e+02
4.880000000000000000e+02
2.560000000000000000e+02
2.300000000000000000e+01
1.138000000000000000e+03
1.027000000000000000e+03
8.180000000000000000e+02
1.490000000000000000e+02
3.160000000000000000e+02
8.900000000000000000e+02
9.700000000000000000e+01
2.750000000000000000e+02
2.200000000000000000e+01
2.810000000000000000e+02
1.290000000000000000e+02
9.200000000000000000e+01
1.580000000000000000e+02
3.610000000000000000e+02
3.210000000000000000e+02
5.550000000000000000e+02
2.860000000000000000e+02
2.800000000000000000e+01
1.590000000000000000e+02
2.310000000000000000e+02
1.360000000000000000e+02
1.690000000000000000e+02
4.500000000000000000e+01
3.400000000000000000e+01
2.800000000000000000e+01
5.100000000000000000e+01
6.100000000000000000e+01
1.500000000000000000e+01
6.700000000000000000e+01
1.770000000000000000e+02
6.200000000000000000e+01
1.700000000000000000e+01
8.000000000000000000e+00
6.000000000000000000e+00
9.400000000000000000e+01
5.200000000000000000e+01
5.500000000000000000e+01
9.700000000000000000e+01
4.900000000000000000e+01
6.600000000000000000e+01
1.000000000000000000e+00
1.300000000000000000e+01
1.000000000000000000e+00
9.000000000000000000e+00
5.100000000000000000e+01
8.000000000000000000e+00
4.000000000000000000e+01
3.600000000000000000e+01
2.000000000000000000e+00
1.800000000000000000e+01
5.000000000000000000e+00
1.000000000000000000e+00
3.000000000000000000e+00
8.000000000000000000e+00
6.000000000000000000e+00
3.000000000000000000e+00
1.100000000000000000e+01
8.000000000000000000e+00
4.000000000000000000e+00
1.400000000000000000e+01
2.000000000000000000e+00
1.400000000000000000e+01
1.100000000000000000e+01
4.000000000000000000e+00
1.000000000000000000e+01
1.000000000000000000e+00
1.000000000000000000e+01
4.000000000000000000e+00
2.000000000000000000e+00
8.000000000000000000e+00
3.000000000000000000e+00
1.000000000000000000e+00
1.000000000000000000e+00
1.000000000000000000e+00
7.000000000000000000e+00
1.000000000000000000e+00
1.000000000000000000e+00
3.000000000000000000e+00
1.000000000000000000e+00
1.000000000000000000e+00
1.000000000000000000e+00
1.000000000000000000e+00
1.000000000000000000e+00
1.000000000000000000e+00
