1.298000000000000000e+03
1.674000000000000000e+03
1.225000000000000000e+03
9.570000000000000000e+02
1.393000000000000000e+03
7.330000000000000000e+02
1.657000000000000000e+03
1.585000000000000000e+03
7.460000000000000000e+02
1.085000000000000000e+03
1.598000000000000000e+03
1.175000000000000000e+03
1.780000000000000000e+02
7.210000000000000000e+02
1.666000000000000000e+03
1.703000000000000000e+03
1.204000000000000000e+03
1.712000000000000000e+03
8.920000000000000000e+02
1.664000000000000000e+03
1.352000000000000000e+03
1.638000000000000000e+03
1.109000000000000000e+03
1.393000000000000000e+03
1.554000000000000000e+03
1.427000000000000000e+03
9.170000000000000000e+02
1.710000000000000000e+03
2.290000000000000000e+02
1.586000000000000000e+03
9.200000000000000000e+02
1.437000000000000000e+03
1.371000000000000000e+03
1.385000000000000000e+03
3.940000000000000000e+02
1.232000000000000000e+03
1.503000000000000000e+03
1.042000000000000000e+03
1.323000000000000000e+03
8.450000000000000000e+02
8.050000000000000000e+02
6.460000000000000000e+02
2.170000000000000000e+02
4.100000000000000000e+02
6.270000000000000000e+02
1.598000000000000000e+03
4.800000000000000000e+02
1.668000000000000000e+03
1.116000000000000000e+03
8.330000000000000000e+02
5.100000000000000000e+01
2.920000000000000000e+02
3.970000000000000000e+02
5.420000000000000000e+02
1.096000000000000000e+03
1.697000000000000000e+03
1.238000000000000000e+03
2.400000000000000000e+02
1.180000000000000000e+02
2.340000000000000000e+02
1.652000000000000000e+03
5.750000000000000000e+02
5.220000000000000000e+02
1.301000000000000000e+03
1.455000000000000000e+03
4.520000000000000000e+02
1.071000000000000000e+03
1.541000000000000000e+03
1.449000000000000000e+03
3.400000000000000000e+02
3.690000000000000000e+02
1.053000000000000000e+03
1.526000000000000000e+03
1.544000000000000000e+03
1.626000000000000000e+03
8.000000000000000000e+00
8.130000000000000000e+02
3.410000000000000000e+02
4.250000000000000000e+02
9.330000000000000000e+02
5.440000000000000000e+02
3.060000000000000000e+02
6.510000000000000000e+02
4.200000000000000000e+02
6.530000000000000000e+02
2.680000000000000000e+02
9.740000000000000000e+02
1.523000000000000000e+03
6.240000000000000000e+02
5.110000000000000000e+02
8.860000000000000000e+02
5.400000000000000000e+01
1.188000000000000000e+03
9.400000000000000000e+01
6.630000000000000000e+02
7.760000000000000000e+02
6.400000000000000000e+01
1.380000000000000000e+03
3.900000000000000000e+01
8.300000000000000000e+01
3.710000000000000000e+02
7.200000000000000000e+01
3.210000000000000000e+02
1.670000000000000000e+02
5.750000000000000000e+02
2.610000000000000000e+02
1.230000000000000000e+02
1.050000000000000000e+02
9.900000000000000000e+01
1.180000000000000000e+02
3.300000000000000000e+01
4.200000000000000000e+01
1.210000000000000000e+02
1.510000000000000000e+02
1.210000000000000000e+02
2.780000000000000000e+02
4.700000000000000000e+01
1.790000000000000000e+02
1.330000000000000000e+02
1.840000000000000000e+02
1.730000000000000000e+02
2.200000000000000000e+01
1.300000000000000000e+01
1.420000000000000000e+02
3.400000000000000000e+01
2.000000000000000000e+01
9.000000000000000000e+00
1.050000000000000000e+02
2.010000000000000000e+02
3.160000000000000000e+02
3.300000000000000000e+01
1.600000000000000000e+01
2.020000000000000000e+02
1.000000000000000000e+00
4.400000000000000000e+01
3.300000000000000000e+01
6.400000000000000000e+01
1.690000000000000000e+02
3.200000000000000000e+01
1.000000000000000000e+01
8.600000000000000000e+01
6.200000000000000000e+01
2.000000000000000000e+00
3.300000000000000000e+01
1.100000000000000000e+01
6.600000000000000000e+01
5.000000000000000000e+00
5.000000000000000000e+00
4.900000000000000000e+01
3.100000000000000000e+01
2.000000000000000000e+00
8.000000000000000000e+00
3.700000000000000000e+01
2.900000000000000000e+01
1.500000000000000000e+01
9.000000000000000000e+00
2.600000000000000000e+01
1.700000000000000000e+01
1.000000000000000000e+00
9.000000000000000000e+00
1.100000000000000000e+01
3.000000000000000000e+00
1.000000000000000000e+00
1.300000000000000000e+01
8.000000000000000000e+00
1.000000000000000000e+00
2.000000000000000000e+00
2.000000000000000000e+00
5.000000000000000000e+00
2.300000000000000000e+01
8.000000000000000000e+00
2.000000000000000000e+00
3.000000000000000000e+00
3.000000000000000000e+00
3.000000000000000000e+00
2.000000000000000000e+00
1.000000000000000000e+00
8.000000000000000000e+00
6.000000000000000000e+00
1.000000000000000000e+00
1.000000000000000000e+00
1.000000000000000000e+00
2.000000000000000000e+00
1.000000000000000000e+00
1.000000000000000000e+00
1.000000000000000000e+00
1.000000000000000000e+00
1.000000000000000000e+00
1.000000000000000000e+00
1.000000000000000000e+00
1.000000000000000000e+00
1.000000000000000000e+00
2.000000000000000000e+00
1.000000000000000000e+00
