1.390000000000000000e+02
1.306000000000000000e+03
1.749000000000000000e+03
1.788000000000000000e+03
2.710000000000000000e+02
1.678000000000000000e+03
1.711000000000000000e+03
1.045000000000000000e+03
1.269000000000000000e+03
1.784000000000000000e+03
1.437000000000000000e+03
1.000000000000000000e+03
1.460000000000000000e+02
1.111000000000000000e+03
1.752000000000000000e+03
1.740000000000000000e+03
5.010000000000000000e+02
1.123000000000000000e+03
1.410000000000000000e+03
1.620000000000000000e+03
1.642000000000000000e+03
8.850000000000000000e+02
1.689000000000000000e+03
5.580000000000000000e+02
1.312000000000000000e+03
7.750000000000000000e+02
9.800000000000000000e+02
1.756000000000000000e+03
1.798000000000000000e+03
1.773000000000000000e+03
1.470000000000000000e+03
1.349000000000000000e+03
1.203000000000000000e+03
1.263000000000000000e+03
8.590000000000000000e+02
1.711000000000000000e+03
3.950000000000000000e+02
1.754000000000000000e+03
1.799000000000000000e+03
8.360000000000000000e+02
7.220000000000000000e+02
1.174000000000000000e+03
1.626000000000000000e+03
1.793000000000000000e+03
6.120000000000000000e+02
3.310000000000000000e+02
3.460000000000000000e+02
1.440000000000000000e+02
1.114000000000000000e+03
1.356000000000000000e+03
5.420000000000000000e+02
1.666000000000000000e+03
7.940000000000000000e+02
6.050000000000000000e+02
1.503000000000000000e+03
1.742000000000000000e+03
3.670000000000000000e+02
1.469000000000000000e+03
1.518000000000000000e+03
1.163000000000000000e+03
2.850000000000000000e+02
1.482000000000000000e+03
1.357000000000000000e+03
1.569000000000000000e+03
4.910000000000000000e+02
9.790000000000000000e+02
1.175000000000000000e+03
2.640000000000000000e+02
1.042000000000000000e+03
3.220000000000000000e+02
1.593000000000000000e+03
9.790000000000000000e+02
8.170000000000000000e+02
3.580000000000000000e+02
1.285000000000000000e+03
6.850000000000000000e+02
7.290000000000000000e+02
6.710000000000000000e+02
1.565000000000000000e+03
5.990000000000000000e+02
8.270000000000000000e+02
1.625000000000000000e+03
5.610000000000000000e+02
1.500000000000000000e+01
6.300000000000000000e+01
9.100000000000000000e+01
4.670000000000000000e+02
4.050000000000000000e+02
8.100000000000000000e+01
1.250000000000000000e+02
4.600000000000000000e+02
4.900000000000000000e+01
1.300000000000000000e+01
1.110000000000000000e+02
3.690000000000000000e+02
4.330000000000000000e+02
4.000000000000000000e+01
4.110000000000000000e+02
6.500000000000000000e+01
2.400000000000000000e+02
1.830000000000000000e+02
2.290000000000000000e+02
2.000000000000000000e+02
1.720000000000000000e+02
1.380000000000000000e+02
5.900000000000000000e+01
6.700000000000000000e+01
5.660000000000000000e+02
3.700000000000000000e+01
6.500000000000000000e+01
1.770000000000000000e+02
1.670000000000000000e+02
1.700000000000000000e+01
2.520000000000000000e+02
1.200000000000000000e+02
2.660000000000000000e+02
2.000000000000000000e+00
1.030000000000000000e+02
2.080000000000000000e+02
1.600000000000000000e+01
9.000000000000000000e+00
1.880000000000000000e+02
4.000000000000000000e+01
1.180000000000000000e+02
9.200000000000000000e+01
1.000000000000000000e+02
1.000000000000000000e+00
3.500000000000000000e+01
8.800000000000000000e+01
5.000000000000000000e+00
4.000000000000000000e+00
1.000000000000000000e+00
2.000000000000000000e+00
4.000000000000000000e+01
5.100000000000000000e+01
2.300000000000000000e+01
2.700000000000000000e+01
1.700000000000000000e+01
1.800000000000000000e+01
6.800000000000000000e+01
6.000000000000000000e+00
1.900000000000000000e+01
2.900000000000000000e+01
9.000000000000000000e+00
1.300000000000000000e+01
1.500000000000000000e+01
5.500000000000000000e+01
1.200000000000000000e+01
2.600000000000000000e+01
3.200000000000000000e+01
2.100000000000000000e+01
7.000000000000000000e+00
1.100000000000000000e+01
6.000000000000000000e+00
5.000000000000000000e+00
4.000000000000000000e+00
5.000000000000000000e+00
2.000000000000000000e+00
2.000000000000000000e+00
3.000000000000000000e+00
1.200000000000000000e+01
1.100000000000000000e+01
1.000000000000000000e+00
7.000000000000000000e+00
2.000000000000000000e+00
3.000000000000000000e+00
2.000000000000000000e+00
1.000000000000000000e+01
1.000000000000000000e+00
2.000000000000000000e+00
6.000000000000000000e+00
3.000000000000000000e+00
3.000000000000000000e+00
1.000000000000000000e+00
1.000000000000000000e+00
2.000000000000000000e+00
1.000000000000000000e+00
1.000000000000000000e+00
2.000000000000000000e+00
2.000000000000000000e+00
1.000000000000000000e+00
1.000000000000000000e+00
