1.029900000000000000e+04
3.292000000000000000e+03
3.849000000000000000e+03
4.010000000000000000e+03
7.344000000000000000e+03
1.366900000000000000e+04
2.153000000000000000e+03
7.053000000000000000e+03
4.245000000000000000e+03
1.163400000000000000e+04
3.245000000000000000e+03
1.120000000000000000e+02
1.295600000000000000e+04
4.423000000000000000e+03
1.058000000000000000e+03
2.522000000000000000e+03
7.350000000000000000e+02
2.380000000000000000e+02
6.990000000000000000e+02
2.490000000000000000e+03
1.225000000000000000e+03
5.590000000000000000e+02
1.294000000000000000e+03
3.250000000000000000e+02
1.620000000000000000e+02
2.500000000000000000e+02
6.000000000000000000e+01
1.600000000000000000e+01
5.000000000000000000e+00
1.300000000000000000e+01
2.900000000000000000e+01
2.000000000000000000e+00
3.000000000000000000e+01
4.000000000000000000e+00
