7.940000000000000000e+02
1.528000000000000000e+03
1.261000000000000000e+03
1.328000000000000000e+03
5.890000000000000000e+02
1.723000000000000000e+03
1.715000000000000000e+03
1.400000000000000000e+02
9.760000000000000000e+02
1.691000000000000000e+03
1.575000000000000000e+03
8.890000000000000000e+02
1.648000000000000000e+03
1.766000000000000000e+03
1.706000000000000000e+03
1.494000000000000000e+03
1.420000000000000000e+03
1.650000000000000000e+03
5.420000000000000000e+02
1.346000000000000000e+03
1.257000000000000000e+03
1.650000000000000000e+03
1.720000000000000000e+03
7.990000000000000000e+02
8.620000000000000000e+02
1.606000000000000000e+03
1.203000000000000000e+03
1.106000000000000000e+03
1.775000000000000000e+03
1.820000000000000000e+03
1.696000000000000000e+03
1.791000000000000000e+03
4.400000000000000000e+02
1.341000000000000000e+03
9.790000000000000000e+02
1.280000000000000000e+02
1.617000000000000000e+03
1.372000000000000000e+03
5.090000000000000000e+02
1.549000000000000000e+03
1.153000000000000000e+03
8.670000000000000000e+02
8.340000000000000000e+02
1.762000000000000000e+03
1.529000000000000000e+03
2.850000000000000000e+02
7.360000000000000000e+02
1.123000000000000000e+03
3.600000000000000000e+02
1.624000000000000000e+03
1.025000000000000000e+03
1.805000000000000000e+03
3.210000000000000000e+02
1.020000000000000000e+03
1.090000000000000000e+02
1.399000000000000000e+03
1.749000000000000000e+03
1.071000000000000000e+03
6.350000000000000000e+02
1.171000000000000000e+03
6.980000000000000000e+02
5.180000000000000000e+02
6.690000000000000000e+02
1.754000000000000000e+03
1.544000000000000000e+03
4.880000000000000000e+02
3.250000000000000000e+02
1.170000000000000000e+03
8.300000000000000000e+01
5.990000000000000000e+02
5.420000000000000000e+02
5.700000000000000000e+01
4.470000000000000000e+02
1.432000000000000000e+03
6.840000000000000000e+02
4.140000000000000000e+02
6.900000000000000000e+01
9.310000000000000000e+02
1.192000000000000000e+03
1.479000000000000000e+03
4.030000000000000000e+02
3.670000000000000000e+02
7.490000000000000000e+02
3.080000000000000000e+02
7.390000000000000000e+02
1.720000000000000000e+02
1.800000000000000000e+01
1.609000000000000000e+03
5.000000000000000000e+01
2.530000000000000000e+02
8.000000000000000000e+00
5.520000000000000000e+02
4.930000000000000000e+02
4.090000000000000000e+02
9.660000000000000000e+02
6.000000000000000000e+01
8.300000000000000000e+01
1.520000000000000000e+02
3.610000000000000000e+02
8.500000000000000000e+01
2.110000000000000000e+02
2.730000000000000000e+02
5.500000000000000000e+01
2.910000000000000000e+02
2.000000000000000000e+00
1.329000000000000000e+03
7.000000000000000000e+00
2.020000000000000000e+02
2.600000000000000000e+02
2.450000000000000000e+02
2.240000000000000000e+02
1.960000000000000000e+02
1.330000000000000000e+02
1.340000000000000000e+02
4.900000000000000000e+01
1.540000000000000000e+02
7.000000000000000000e+00
1.230000000000000000e+02
8.500000000000000000e+01
1.810000000000000000e+02
1.540000000000000000e+02
4.200000000000000000e+01
2.800000000000000000e+01
9.200000000000000000e+01
7.300000000000000000e+01
3.400000000000000000e+01
5.000000000000000000e+01
3.700000000000000000e+01
1.760000000000000000e+02
7.200000000000000000e+01
4.000000000000000000e+01
3.000000000000000000e+00
2.700000000000000000e+01
2.800000000000000000e+01
2.800000000000000000e+01
1.300000000000000000e+01
6.000000000000000000e+00
4.000000000000000000e+00
1.800000000000000000e+01
5.400000000000000000e+01
5.000000000000000000e+00
1.700000000000000000e+01
5.600000000000000000e+01
2.600000000000000000e+01
1.500000000000000000e+01
1.700000000000000000e+01
1.000000000000000000e+00
2.600000000000000000e+01
8.000000000000000000e+00
9.000000000000000000e+00
1.000000000000000000e+01
1.600000000000000000e+01
9.000000000000000000e+00
1.800000000000000000e+01
6.000000000000000000e+00
7.000000000000000000e+00
3.000000000000000000e+00
2.000000000000000000e+00
1.600000000000000000e+01
1.000000000000000000e+00
4.000000000000000000e+00
5.000000000000000000e+00
1.000000000000000000e+01
2.000000000000000000e+00
7.000000000000000000e+00
1.000000000000000000e+00
1.000000000000000000e+00
1.700000000000000000e+01
1.000000000000000000e+00
2.000000000000000000e+00
1.100000000000000000e+01
3.000000000000000000e+00
1.000000000000000000e+00
1.000000000000000000e+00
3.000000000000000000e+00
3.000000000000000000e+00
2.000000000000000000e+00
1.000000000000000000e+00
1.000000000000000000e+00
1.000000000000000000e+00
1.000000000000000000e+00
1.000000000000000000e+00
1.000000000000000000e+00
1.000000000000000000e+00
