1.635000000000000000e+03
1.451000000000000000e+03
1.019000000000000000e+03
1.527000000000000000e+03
1.799000000000000000e+03
1.110000000000000000e+03
1.140000000000000000e+03
1.771000000000000000e+03
7.340000000000000000e+02
5.750000000000000000e+02
1.306000000000000000e+03
1.814000000000000000e+03
1.209000000000000000e+03
1.437000000000000000e+03
1.689000000000000000e+03
1.354000000000000000e+03
2.200000000000000000e+01
1.825000000000000000e+03
1.630000000000000000e+03
1.714000000000000000e+03
1.709000000000000000e+03
1.425000000000000000e+03
1.822000000000000000e+03
1.007000000000000000e+03
8.410000000000000000e+02
1.011000000000000000e+03
3.370000000000000000e+02
1.028000000000000000e+03
1.599000000000000000e+03
5.180000000000000000e+02
1.513000000000000000e+03
1.793000000000000000e+03
1.722000000000000000e+03
9.010000000000000000e+02
1.825000000000000000e+03
1.780000000000000000e+03
8.690000000000000000e+02
5.270000000000000000e+02
1.483000000000000000e+03
1.265000000000000000e+03
1.436000000000000000e+03
1.072000000000000000e+03
1.601000000000000000e+03
1.736000000000000000e+03
1.778000000000000000e+03
1.613000000000000000e+03
1.656000000000000000e+03
1.155000000000000000e+03
2.690000000000000000e+02
6.470000000000000000e+02
8.640000000000000000e+02
6.200000000000000000e+01
8.500000000000000000e+02
1.077000000000000000e+03
1.747000000000000000e+03
5.800000000000000000e+02
4.690000000000000000e+02
7.610000000000000000e+02
1.200000000000000000e+02
1.215000000000000000e+03
6.650000000000000000e+02
1.820000000000000000e+03
6.950000000000000000e+02
1.783000000000000000e+03
1.728000000000000000e+03
1.940000000000000000e+02
1.368000000000000000e+03
1.950000000000000000e+02
8.950000000000000000e+02
1.157000000000000000e+03
6.220000000000000000e+02
8.120000000000000000e+02
1.060000000000000000e+02
4.530000000000000000e+02
6.220000000000000000e+02
3.660000000000000000e+02
3.360000000000000000e+02
1.712000000000000000e+03
2.500000000000000000e+02
1.304000000000000000e+03
2.840000000000000000e+02
1.400000000000000000e+02
3.640000000000000000e+02
3.710000000000000000e+02
1.720000000000000000e+02
7.700000000000000000e+02
2.430000000000000000e+02
1.310000000000000000e+02
3.500000000000000000e+01
6.800000000000000000e+01
1.496000000000000000e+03
4.140000000000000000e+02
3.860000000000000000e+02
1.400000000000000000e+01
2.000000000000000000e+00
1.780000000000000000e+02
3.080000000000000000e+02
6.600000000000000000e+01
1.500000000000000000e+02
5.190000000000000000e+02
2.980000000000000000e+02
2.140000000000000000e+02
5.540000000000000000e+02
1.060000000000000000e+02
8.600000000000000000e+01
4.600000000000000000e+02
4.250000000000000000e+02
1.700000000000000000e+01
1.030000000000000000e+02
4.000000000000000000e+00
3.600000000000000000e+01
5.600000000000000000e+01
4.400000000000000000e+01
1.900000000000000000e+01
7.000000000000000000e+00
1.210000000000000000e+02
1.290000000000000000e+02
4.500000000000000000e+01
9.000000000000000000e+01
1.000000000000000000e+00
2.280000000000000000e+02
1.500000000000000000e+01
1.190000000000000000e+02
1.200000000000000000e+01
6.800000000000000000e+01
1.000000000000000000e+00
2.000000000000000000e+00
1.300000000000000000e+02
3.000000000000000000e+00
6.600000000000000000e+01
8.500000000000000000e+01
1.720000000000000000e+02
1.400000000000000000e+02
3.100000000000000000e+01
1.600000000000000000e+01
2.300000000000000000e+01
5.000000000000000000e+00
4.300000000000000000e+01
6.800000000000000000e+01
5.400000000000000000e+01
1.500000000000000000e+01
1.800000000000000000e+01
1.000000000000000000e+00
1.600000000000000000e+01
1.400000000000000000e+01
2.300000000000000000e+01
3.000000000000000000e+01
2.000000000000000000e+00
2.800000000000000000e+01
1.100000000000000000e+01
3.000000000000000000e+00
7.000000000000000000e+00
3.300000000000000000e+01
1.000000000000000000e+00
3.000000000000000000e+00
4.000000000000000000e+00
8.000000000000000000e+00
2.000000000000000000e+00
1.000000000000000000e+00
4.000000000000000000e+00
2.000000000000000000e+00
1.000000000000000000e+00
1.000000000000000000e+00
3.000000000000000000e+00
5.000000000000000000e+00
2.000000000000000000e+00
5.000000000000000000e+00
3.000000000000000000e+00
1.000000000000000000e+00
4.000000000000000000e+00
3.000000000000000000e+00
2.000000000000000000e+00
1.000000000000000000e+00
1.000000000000000000e+00
4.000000000000000000e+00
1.000000000000000000e+00
1.000000000000000000e+00
1.000000000000000000e+00
1.000000000000000000e+00
