1.658000000000000000e+03
1.001000000000000000e+03
1.510000000000000000e+03
1.787000000000000000e+03
1.158000000000000000e+03
1.102000000000000000e+03
1.793000000000000000e+03
1.674000000000000000e+03
1.633000000000000000e+03
1.594000000000000000e+03
1.564000000000000000e+03
1.224000000000000000e+03
1.269000000000000000e+03
3.940000000000000000e+02
4.300000000000000000e+01
8.480000000000000000e+02
1.754000000000000000e+03
1.560000000000000000e+03
7.790000000000000000e+02
1.271000000000000000e+03
1.452000000000000000e+03
3.850000000000000000e+02
8.200000000000000000e+01
1.344000000000000000e+03
2.950000000000000000e+02
1.820000000000000000e+03
1.555000000000000000e+03
1.806000000000000000e+03
1.464000000000000000e+03
8.750000000000000000e+02
1.694000000000000000e+03
1.064000000000000000e+03
1.515000000000000000e+03
3.250000000000000000e+02
1.827000000000000000e+03
9.630000000000000000e+02
1.394000000000000000e+03
1.774000000000000000e+03
1.910000000000000000e+02
8.940000000000000000e+02
1.835000000000000000e+03
1.679000000000000000e+03
1.796000000000000000e+03
1.407000000000000000e+03
1.683000000000000000e+03
1.828000000000000000e+03
1.752000000000000000e+03
1.727000000000000000e+03
4.500000000000000000e+02
6.010000000000000000e+02
3.160000000000000000e+02
5.060000000000000000e+02
1.765000000000000000e+03
6.240000000000000000e+02
1.813000000000000000e+03
2.040000000000000000e+02
6.160000000000000000e+02
8.360000000000000000e+02
2.310000000000000000e+02
6.330000000000000000e+02
1.743000000000000000e+03
5.000000000000000000e+01
7.370000000000000000e+02
1.037000000000000000e+03
2.200000000000000000e+01
6.170000000000000000e+02
7.240000000000000000e+02
7.640000000000000000e+02
6.300000000000000000e+01
1.510000000000000000e+02
5.630000000000000000e+02
1.398000000000000000e+03
1.136000000000000000e+03
2.420000000000000000e+02
1.052000000000000000e+03
1.316000000000000000e+03
1.103000000000000000e+03
4.630000000000000000e+02
8.000000000000000000e+00
4.580000000000000000e+02
1.748000000000000000e+03
5.630000000000000000e+02
6.660000000000000000e+02
4.140000000000000000e+02
3.420000000000000000e+02
9.300000000000000000e+01
9.300000000000000000e+02
4.960000000000000000e+02
5.300000000000000000e+01
1.218000000000000000e+03
1.428000000000000000e+03
9.600000000000000000e+01
4.300000000000000000e+01
2.350000000000000000e+02
1.960000000000000000e+02
5.570000000000000000e+02
3.750000000000000000e+02
1.910000000000000000e+02
2.520000000000000000e+02
1.140000000000000000e+02
8.280000000000000000e+02
2.500000000000000000e+02
1.396000000000000000e+03
3.340000000000000000e+02
2.900000000000000000e+02
1.570000000000000000e+02
1.240000000000000000e+02
1.420000000000000000e+02
4.400000000000000000e+01
2.170000000000000000e+02
1.270000000000000000e+02
1.270000000000000000e+02
2.840000000000000000e+02
7.400000000000000000e+01
1.600000000000000000e+01
8.400000000000000000e+01
2.100000000000000000e+01
1.500000000000000000e+01
9.000000000000000000e+00
2.200000000000000000e+01
6.600000000000000000e+01
2.000000000000000000e+01
3.500000000000000000e+01
1.390000000000000000e+02
7.800000000000000000e+01
5.100000000000000000e+01
3.100000000000000000e+01
1.140000000000000000e+02
1.400000000000000000e+01
8.200000000000000000e+01
6.100000000000000000e+01
2.100000000000000000e+01
9.600000000000000000e+01
2.600000000000000000e+01
4.000000000000000000e+01
7.000000000000000000e+00
1.400000000000000000e+01
1.000000000000000000e+01
2.000000000000000000e+00
4.000000000000000000e+00
3.000000000000000000e+01
2.300000000000000000e+01
4.000000000000000000e+00
3.200000000000000000e+01
1.100000000000000000e+01
3.700000000000000000e+01
1.300000000000000000e+01
1.100000000000000000e+01
1.000000000000000000e+00
3.000000000000000000e+00
3.000000000000000000e+00
5.000000000000000000e+00
6.000000000000000000e+00
9.000000000000000000e+00
3.000000000000000000e+00
1.000000000000000000e+00
3.000000000000000000e+00
6.000000000000000000e+00
2.000000000000000000e+00
6.000000000000000000e+00
1.000000000000000000e+00
1.000000000000000000e+00
1.000000000000000000e+00
4.000000000000000000e+00
3.000000000000000000e+00
3.000000000000000000e+00
2.000000000000000000e+00
2.000000000000000000e+00
1.000000000000000000e+00
1.000000000000000000e+00
1.000000000000000000e+00
1.000000000000000000e+00
2.000000000000000000e+00
1.000000000000000000e+00
1.000000000000000000e+00
