1.473000000000000000e+03
1.372000000000000000e+03
1.687000000000000000e+03
1.825000000000000000e+03
1.199000000000000000e+03
1.463000000000000000e+03
1.736000000000000000e+03
7.700000000000000000e+02
6.390000000000000000e+02
1.771000000000000000e+03
1.545000000000000000e+03
1.658000000000000000e+03
1.801000000000000000e+03
1.697000000000000000e+03
2.630000000000000000e+02
1.097000000000000000e+03
1.814000000000000000e+03
1.708000000000000000e+03
1.218000000000000000e+03
1.533000000000000000e+03
1.090000000000000000e+03
1.547000000000000000e+03
1.839000000000000000e+03
1.342000000000000000e+03
1.390000000000000000e+02
1.798000000000000000e+03
1.640000000000000000e+02
1.550000000000000000e+03
9.150000000000000000e+02
1.739000000000000000e+03
9.950000000000000000e+02
9.330000000000000000e+02
1.940000000000000000e+02
7.640000000000000000e+02
1.150000000000000000e+02
1.198000000000000000e+03
1.706000000000000000e+03
6.210000000000000000e+02
1.654000000000000000e+03
1.081000000000000000e+03
1.500000000000000000e+03
1.629000000000000000e+03
7.060000000000000000e+02
1.423000000000000000e+03
3.560000000000000000e+02
1.781000000000000000e+03
1.763000000000000000e+03
1.876000000000000000e+03
1.609000000000000000e+03
1.819000000000000000e+03
3.250000000000000000e+02
6.440000000000000000e+02
5.100000000000000000e+02
6.170000000000000000e+02
1.484000000000000000e+03
4.220000000000000000e+02
2.160000000000000000e+02
7.180000000000000000e+02
8.500000000000000000e+02
1.706000000000000000e+03
1.373000000000000000e+03
1.139000000000000000e+03
5.890000000000000000e+02
9.050000000000000000e+02
1.570000000000000000e+02
5.150000000000000000e+02
1.096000000000000000e+03
1.353000000000000000e+03
5.760000000000000000e+02
1.798000000000000000e+03
7.470000000000000000e+02
1.880000000000000000e+02
8.220000000000000000e+02
1.258000000000000000e+03
4.030000000000000000e+02
3.580000000000000000e+02
2.880000000000000000e+02
8.290000000000000000e+02
9.000000000000000000e+01
3.840000000000000000e+02
4.340000000000000000e+02
4.900000000000000000e+01
1.120000000000000000e+03
1.201000000000000000e+03
5.080000000000000000e+02
2.760000000000000000e+02
1.400000000000000000e+01
2.320000000000000000e+02
1.420000000000000000e+02
2.220000000000000000e+02
5.230000000000000000e+02
2.290000000000000000e+02
4.400000000000000000e+02
1.049000000000000000e+03
2.460000000000000000e+02
5.100000000000000000e+01
7.120000000000000000e+02
1.805000000000000000e+03
1.230000000000000000e+02
7.000000000000000000e+00
4.230000000000000000e+02
9.350000000000000000e+02
2.880000000000000000e+02
1.490000000000000000e+02
9.500000000000000000e+01
2.030000000000000000e+02
6.600000000000000000e+01
1.410000000000000000e+02
2.800000000000000000e+01
6.000000000000000000e+00
1.040000000000000000e+02
4.900000000000000000e+01
2.300000000000000000e+01
4.500000000000000000e+01
5.000000000000000000e+00
4.000000000000000000e+00
6.500000000000000000e+01
1.600000000000000000e+01
3.600000000000000000e+01
1.700000000000000000e+01
1.170000000000000000e+02
7.000000000000000000e+00
5.600000000000000000e+01
4.000000000000000000e+01
2.000000000000000000e+01
6.900000000000000000e+01
2.400000000000000000e+01
5.800000000000000000e+01
2.200000000000000000e+01
7.400000000000000000e+01
1.470000000000000000e+02
2.680000000000000000e+02
7.700000000000000000e+01
1.500000000000000000e+01
2.600000000000000000e+01
4.000000000000000000e+00
3.400000000000000000e+01
5.000000000000000000e+00
2.800000000000000000e+01
1.000000000000000000e+02
3.100000000000000000e+01
1.400000000000000000e+01
2.700000000000000000e+01
6.000000000000000000e+00
2.300000000000000000e+01
8.000000000000000000e+00
5.000000000000000000e+00
2.100000000000000000e+01
9.000000000000000000e+00
4.000000000000000000e+00
1.500000000000000000e+01
2.200000000000000000e+01
4.000000000000000000e+00
9.000000000000000000e+00
3.000000000000000000e+00
1.000000000000000000e+01
1.300000000000000000e+01
2.000000000000000000e+00
1.000000000000000000e+00
2.000000000000000000e+00
1.000000000000000000e+00
1.000000000000000000e+00
1.000000000000000000e+00
2.000000000000000000e+00
1.000000000000000000e+00
3.000000000000000000e+00
4.000000000000000000e+00
2.000000000000000000e+00
2.000000000000000000e+00
2.000000000000000000e+00
1.000000000000000000e+00
1.000000000000000000e+00
1.000000000000000000e+00
1.000000000000000000e+00
1.000000000000000000e+00
