1.600000000000000000e+03
1.448000000000000000e+03
1.559000000000000000e+03
1.315000000000000000e+03
1.318000000000000000e+03
1.033000000000000000e+03
1.342000000000000000e+03
1.636000000000000000e+03
1.493000000000000000e+03
1.479000000000000000e+03
1.534000000000000000e+03
1.450000000000000000e+03
8.900000000000000000e+02
5.880000000000000000e+02
1.349000000000000000e+03
1.244000000000000000e+03
1.510000000000000000e+03
7.210000000000000000e+02
1.309000000000000000e+03
4.430000000000000000e+02
1.215000000000000000e+03
1.549000000000000000e+03
1.228000000000000000e+03
8.610000000000000000e+02
7.790000000000000000e+02
1.560000000000000000e+03
1.558000000000000000e+03
1.493000000000000000e+03
1.449000000000000000e+03
6.710000000000000000e+02
1.619000000000000000e+03
1.189000000000000000e+03
1.560000000000000000e+03
1.086000000000000000e+03
9.500000000000000000e+01
3.420000000000000000e+02
2.430000000000000000e+02
1.290000000000000000e+02
1.660000000000000000e+03
8.500000000000000000e+01
1.276000000000000000e+03
8.440000000000000000e+02
5.350000000000000000e+02
1.613000000000000000e+03
9.500000000000000000e+02
9.030000000000000000e+02
7.980000000000000000e+02
1.651000000000000000e+03
6.190000000000000000e+02
7.080000000000000000e+02
4.440000000000000000e+02
1.024000000000000000e+03
5.210000000000000000e+02
3.810000000000000000e+02
5.140000000000000000e+02
1.325000000000000000e+03
1.404000000000000000e+03
1.582000000000000000e+03
8.490000000000000000e+02
1.446000000000000000e+03
1.404000000000000000e+03
7.210000000000000000e+02
1.454000000000000000e+03
7.600000000000000000e+02
1.381000000000000000e+03
1.612000000000000000e+03
1.300000000000000000e+01
3.780000000000000000e+02
6.260000000000000000e+02
1.233000000000000000e+03
5.770000000000000000e+02
4.300000000000000000e+02
1.150000000000000000e+02
1.273000000000000000e+03
1.007000000000000000e+03
3.800000000000000000e+01
6.820000000000000000e+02
5.090000000000000000e+02
6.260000000000000000e+02
5.500000000000000000e+01
2.240000000000000000e+02
1.393000000000000000e+03
4.270000000000000000e+02
2.700000000000000000e+01
1.027000000000000000e+03
8.570000000000000000e+02
7.300000000000000000e+01
3.410000000000000000e+02
9.810000000000000000e+02
9.160000000000000000e+02
4.410000000000000000e+02
3.550000000000000000e+02
7.700000000000000000e+01
1.820000000000000000e+02
1.135000000000000000e+03
4.320000000000000000e+02
2.290000000000000000e+02
1.108000000000000000e+03
5.700000000000000000e+01
2.830000000000000000e+02
2.300000000000000000e+02
7.420000000000000000e+02
2.760000000000000000e+02
2.590000000000000000e+02
3.020000000000000000e+02
2.230000000000000000e+02
1.174000000000000000e+03
1.200000000000000000e+02
8.000000000000000000e+01
5.580000000000000000e+02
1.500000000000000000e+01
3.800000000000000000e+01
1.430000000000000000e+02
1.155000000000000000e+03
3.020000000000000000e+02
1.560000000000000000e+02
1.130000000000000000e+02
1.190000000000000000e+02
1.410000000000000000e+02
3.470000000000000000e+02
1.100000000000000000e+01
2.540000000000000000e+02
1.500000000000000000e+01
1.880000000000000000e+02
1.680000000000000000e+02
6.500000000000000000e+01
1.150000000000000000e+02
2.600000000000000000e+02
1.280000000000000000e+02
1.900000000000000000e+01
5.000000000000000000e+00
1.820000000000000000e+02
8.300000000000000000e+01
2.200000000000000000e+02
1.910000000000000000e+02
7.600000000000000000e+01
3.500000000000000000e+01
2.000000000000000000e+00
4.100000000000000000e+01
7.600000000000000000e+01
8.200000000000000000e+01
1.000000000000000000e+00
2.900000000000000000e+01
2.000000000000000000e+01
2.800000000000000000e+01
3.500000000000000000e+01
1.300000000000000000e+01
6.000000000000000000e+00
1.000000000000000000e+01
1.000000000000000000e+01
2.700000000000000000e+01
9.400000000000000000e+01
7.300000000000000000e+01
2.000000000000000000e+00
5.200000000000000000e+01
5.600000000000000000e+01
2.200000000000000000e+01
3.200000000000000000e+01
1.000000000000000000e+00
9.000000000000000000e+00
4.300000000000000000e+01
2.200000000000000000e+01
3.100000000000000000e+01
1.000000000000000000e+00
1.300000000000000000e+01
1.300000000000000000e+01
1.800000000000000000e+01
1.000000000000000000e+00
1.000000000000000000e+00
3.000000000000000000e+00
1.300000000000000000e+01
3.000000000000000000e+00
5.000000000000000000e+00
1.300000000000000000e+01
2.000000000000000000e+00
1.200000000000000000e+01
1.000000000000000000e+00
6.000000000000000000e+00
1.000000000000000000e+00
1.200000000000000000e+01
2.200000000000000000e+01
5.000000000000000000e+00
3.000000000000000000e+00
1.000000000000000000e+01
2.000000000000000000e+00
4.000000000000000000e+00
6.000000000000000000e+00
1.000000000000000000e+00
4.000000000000000000e+00
1.000000000000000000e+00
5.000000000000000000e+00
2.000000000000000000e+00
3.000000000000000000e+00
2.000000000000000000e+00
1.000000000000000000e+00
1.000000000000000000e+00
1.000000000000000000e+00
2.000000000000000000e+00
1.000000000000000000e+00
1.000000000000000000e+00
1.000000000000000000e+00
1.000000000000000000e+00
