1.571000000000000000e+03
1.677000000000000000e+03
1.061000000000000000e+03
1.812000000000000000e+03
1.235000000000000000e+03
1.143000000000000000e+03
1.734000000000000000e+03
1.387000000000000000e+03
2.780000000000000000e+02
1.782000000000000000e+03
1.584000000000000000e+03
2.070000000000000000e+02
1.756000000000000000e+03
1.661000000000000000e+03
1.452000000000000000e+03
9.030000000000000000e+02
1.528000000000000000e+03
4.200000000000000000e+02
5.140000000000000000e+02
1.181000000000000000e+03
5.700000000000000000e+02
1.155000000000000000e+03
4.670000000000000000e+02
1.460000000000000000e+03
1.325000000000000000e+03
1.637000000000000000e+03
1.254000000000000000e+03
1.238000000000000000e+03
1.477000000000000000e+03
3.400000000000000000e+02
6.550000000000000000e+02
2.140000000000000000e+02
6.950000000000000000e+02
8.200000000000000000e+01
1.242000000000000000e+03
5.980000000000000000e+02
1.390000000000000000e+03
1.528000000000000000e+03
8.860000000000000000e+02
1.764000000000000000e+03
1.108000000000000000e+03
1.773000000000000000e+03
6.200000000000000000e+02
1.493000000000000000e+03
1.720000000000000000e+03
2.220000000000000000e+02
1.769000000000000000e+03
6.240000000000000000e+02
7.490000000000000000e+02
1.681000000000000000e+03
1.352000000000000000e+03
1.541000000000000000e+03
5.500000000000000000e+01
4.760000000000000000e+02
1.649000000000000000e+03
3.110000000000000000e+02
4.700000000000000000e+02
7.500000000000000000e+02
4.370000000000000000e+02
1.821000000000000000e+03
1.480000000000000000e+02
8.660000000000000000e+02
1.612000000000000000e+03
1.703000000000000000e+03
3.030000000000000000e+02
8.970000000000000000e+02
1.072000000000000000e+03
3.910000000000000000e+02
1.303000000000000000e+03
3.470000000000000000e+02
7.930000000000000000e+02
1.708000000000000000e+03
3.560000000000000000e+02
7.150000000000000000e+02
8.330000000000000000e+02
7.320000000000000000e+02
1.771000000000000000e+03
1.300000000000000000e+01
7.800000000000000000e+01
1.900000000000000000e+02
1.702000000000000000e+03
1.604000000000000000e+03
9.390000000000000000e+02
6.700000000000000000e+02
1.140000000000000000e+02
1.672000000000000000e+03
1.032000000000000000e+03
1.200000000000000000e+01
1.340000000000000000e+02
4.220000000000000000e+02
1.012000000000000000e+03
1.670000000000000000e+02
2.430000000000000000e+02
1.080000000000000000e+02
1.134000000000000000e+03
1.713000000000000000e+03
4.580000000000000000e+02
2.240000000000000000e+02
9.390000000000000000e+02
8.000000000000000000e+01
8.900000000000000000e+01
5.510000000000000000e+02
3.670000000000000000e+02
8.000000000000000000e+00
5.700000000000000000e+01
8.600000000000000000e+01
7.400000000000000000e+01
1.710000000000000000e+02
2.300000000000000000e+01
4.600000000000000000e+01
1.250000000000000000e+02
1.030000000000000000e+02
2.210000000000000000e+02
2.740000000000000000e+02
6.700000000000000000e+01
6.300000000000000000e+01
1.440000000000000000e+02
3.600000000000000000e+01
1.920000000000000000e+02
1.600000000000000000e+01
4.100000000000000000e+01
1.000000000000000000e+00
1.490000000000000000e+02
3.300000000000000000e+02
1.060000000000000000e+02
2.400000000000000000e+01
1.700000000000000000e+01
1.740000000000000000e+02
7.600000000000000000e+01
3.300000000000000000e+01
2.300000000000000000e+01
5.300000000000000000e+01
1.280000000000000000e+02
5.700000000000000000e+01
1.000000000000000000e+00
4.000000000000000000e+00
2.500000000000000000e+01
3.500000000000000000e+01
4.300000000000000000e+01
9.000000000000000000e+00
3.700000000000000000e+01
1.700000000000000000e+01
1.900000000000000000e+01
1.800000000000000000e+01
2.800000000000000000e+01
9.000000000000000000e+00
1.000000000000000000e+01
1.300000000000000000e+01
4.000000000000000000e+00
8.000000000000000000e+00
1.100000000000000000e+01
6.000000000000000000e+00
2.000000000000000000e+00
4.000000000000000000e+00
1.000000000000000000e+00
1.000000000000000000e+00
1.300000000000000000e+01
8.000000000000000000e+00
4.000000000000000000e+00
3.000000000000000000e+00
3.000000000000000000e+00
4.000000000000000000e+00
1.000000000000000000e+00
6.000000000000000000e+00
1.000000000000000000e+00
4.000000000000000000e+00
7.000000000000000000e+00
1.000000000000000000e+00
2.000000000000000000e+00
1.000000000000000000e+00
3.000000000000000000e+00
2.000000000000000000e+00
1.000000000000000000e+00
2.000000000000000000e+00
1.000000000000000000e+00
3.000000000000000000e+00
1.000000000000000000e+00
1.000000000000000000e+00
1.000000000000000000e+00
1.000000000000000000e+00
2.000000000000000000e+00
