1.220000000000000000e+03
1.505000000000000000e+03
1.418000000000000000e+03
1.265000000000000000e+03
1.130000000000000000e+03
1.104000000000000000e+03
1.420000000000000000e+03
1.745000000000000000e+03
5.400000000000000000e+02
1.720000000000000000e+03
1.898000000000000000e+03
8.080000000000000000e+02
1.731000000000000000e+03
1.684000000000000000e+03
1.915000000000000000e+03
7.580000000000000000e+02
5.960000000000000000e+02
1.692000000000000000e+03
1.796000000000000000e+03
1.745000000000000000e+03
3.900000000000000000e+02
2.250000000000000000e+02
1.523000000000000000e+03
2.720000000000000000e+02
1.124000000000000000e+03
8.130000000000000000e+02
1.308000000000000000e+03
1.733000000000000000e+03
1.718000000000000000e+03
6.570000000000000000e+02
5.050000000000000000e+02
1.761000000000000000e+03
1.114000000000000000e+03
1.692000000000000000e+03
1.717000000000000000e+03
7.070000000000000000e+02
7.830000000000000000e+02
4.320000000000000000e+02
9.490000000000000000e+02
1.843000000000000000e+03
1.203000000000000000e+03
1.526000000000000000e+03
9.100000000000000000e+02
4.400000000000000000e+01
6.700000000000000000e+01
1.307000000000000000e+03
1.741000000000000000e+03
1.639000000000000000e+03
3.190000000000000000e+02
1.451000000000000000e+03
8.930000000000000000e+02
2.310000000000000000e+02
1.240000000000000000e+03
1.569000000000000000e+03
3.910000000000000000e+02
1.821000000000000000e+03
1.657000000000000000e+03
1.628000000000000000e+03
1.640000000000000000e+02
8.200000000000000000e+01
2.840000000000000000e+02
3.570000000000000000e+02
1.010000000000000000e+03
3.420000000000000000e+02
1.266000000000000000e+03
6.920000000000000000e+02
1.590000000000000000e+03
9.650000000000000000e+02
1.556000000000000000e+03
5.210000000000000000e+02
4.660000000000000000e+02
4.520000000000000000e+02
1.489000000000000000e+03
1.323000000000000000e+03
4.800000000000000000e+02
1.427000000000000000e+03
6.250000000000000000e+02
2.930000000000000000e+02
4.490000000000000000e+02
3.560000000000000000e+02
5.170000000000000000e+02
7.380000000000000000e+02
9.160000000000000000e+02
1.693000000000000000e+03
1.630000000000000000e+02
3.170000000000000000e+02
2.820000000000000000e+02
8.170000000000000000e+02
1.025000000000000000e+03
1.440000000000000000e+03
6.980000000000000000e+02
2.300000000000000000e+01
2.120000000000000000e+02
1.280000000000000000e+02
1.116000000000000000e+03
3.900000000000000000e+01
4.800000000000000000e+01
1.530000000000000000e+02
8.970000000000000000e+02
1.160000000000000000e+02
7.600000000000000000e+01
6.560000000000000000e+02
2.360000000000000000e+02
1.330000000000000000e+02
3.300000000000000000e+01
2.040000000000000000e+02
2.740000000000000000e+02
9.200000000000000000e+01
1.260000000000000000e+02
3.500000000000000000e+01
1.000000000000000000e+00
1.860000000000000000e+02
4.400000000000000000e+01
7.500000000000000000e+01
4.700000000000000000e+01
6.800000000000000000e+01
3.000000000000000000e+00
5.600000000000000000e+01
1.200000000000000000e+01
1.040000000000000000e+02
1.690000000000000000e+02
4.000000000000000000e+01
7.000000000000000000e+00
2.800000000000000000e+02
9.800000000000000000e+01
9.600000000000000000e+01
3.200000000000000000e+01
1.220000000000000000e+02
8.000000000000000000e+00
2.800000000000000000e+01
6.900000000000000000e+01
1.700000000000000000e+01
2.900000000000000000e+01
3.000000000000000000e+00
4.000000000000000000e+00
2.000000000000000000e+01
1.800000000000000000e+01
6.600000000000000000e+01
4.000000000000000000e+00
2.000000000000000000e+01
1.000000000000000000e+00
4.800000000000000000e+01
2.100000000000000000e+01
3.000000000000000000e+00
1.000000000000000000e+01
2.900000000000000000e+01
3.000000000000000000e+00
8.000000000000000000e+00
1.300000000000000000e+01
2.000000000000000000e+01
1.200000000000000000e+01
3.000000000000000000e+00
4.100000000000000000e+01
9.000000000000000000e+00
5.000000000000000000e+00
1.000000000000000000e+01
2.000000000000000000e+00
4.000000000000000000e+00
3.000000000000000000e+00
3.000000000000000000e+00
9.000000000000000000e+00
1.000000000000000000e+01
1.000000000000000000e+00
3.000000000000000000e+00
3.000000000000000000e+00
1.000000000000000000e+00
2.000000000000000000e+00
2.000000000000000000e+00
1.000000000000000000e+00
1.000000000000000000e+00
1.000000000000000000e+00
1.000000000000000000e+00
1.000000000000000000e+00
1.000000000000000000e+00
1.000000000000000000e+00
1.000000000000000000e+00
1.000000000000000000e+00
1.000000000000000000e+00
