1.607000000000000000e+03
1.536000000000000000e+03
1.060000000000000000e+03
2.279000000000000000e+03
2.202000000000000000e+03
3.950000000000000000e+02
8.340000000000000000e+02
2.191000000000000000e+03
1.194000000000000000e+03
2.214000000000000000e+03
1.036000000000000000e+03
8.540000000000000000e+02
2.021000000000000000e+03
2.205000000000000000e+03
1.245000000000000000e+03
2.068000000000000000e+03
2.161000000000000000e+03
1.906000000000000000e+03
2.266000000000000000e+03
1.988000000000000000e+03
1.434000000000000000e+03
7.500000000000000000e+02
2.085000000000000000e+03
1.697000000000000000e+03
9.460000000000000000e+02
2.246000000000000000e+03
2.005000000000000000e+03
7.010000000000000000e+02
1.425000000000000000e+03
2.122000000000000000e+03
1.352000000000000000e+03
1.704000000000000000e+03
1.405000000000000000e+03
6.810000000000000000e+02
8.710000000000000000e+02
2.000000000000000000e+03
1.636000000000000000e+03
1.600000000000000000e+02
3.010000000000000000e+02
1.262000000000000000e+03
1.537000000000000000e+03
2.280000000000000000e+02
2.163000000000000000e+03
7.240000000000000000e+02
6.410000000000000000e+02
1.737000000000000000e+03
2.004000000000000000e+03
2.236000000000000000e+03
5.890000000000000000e+02
1.192000000000000000e+03
4.050000000000000000e+02
1.472000000000000000e+03
9.530000000000000000e+02
6.080000000000000000e+02
2.120000000000000000e+03
1.108000000000000000e+03
1.930000000000000000e+03
7.350000000000000000e+02
3.180000000000000000e+02
1.838000000000000000e+03
1.784000000000000000e+03
3.610000000000000000e+02
1.889000000000000000e+03
1.024000000000000000e+03
4.900000000000000000e+02
5.820000000000000000e+02
1.590000000000000000e+03
5.380000000000000000e+02
1.960000000000000000e+02
2.990000000000000000e+02
1.120000000000000000e+03
4.210000000000000000e+02
4.850000000000000000e+02
3.070000000000000000e+02
2.210000000000000000e+02
2.820000000000000000e+02
2.500000000000000000e+01
2.000000000000000000e+02
5.200000000000000000e+02
1.270000000000000000e+02
8.500000000000000000e+01
1.820000000000000000e+02
2.200000000000000000e+02
1.000000000000000000e+02
5.100000000000000000e+01
1.950000000000000000e+02
3.740000000000000000e+02
1.320000000000000000e+02
1.830000000000000000e+02
5.000000000000000000e+00
6.100000000000000000e+01
2.100000000000000000e+01
9.700000000000000000e+01
8.000000000000000000e+01
1.190000000000000000e+02
1.080000000000000000e+02
5.400000000000000000e+01
8.900000000000000000e+01
4.000000000000000000e+01
1.330000000000000000e+02
1.800000000000000000e+01
3.000000000000000000e+01
5.900000000000000000e+01
1.900000000000000000e+01
5.400000000000000000e+01
1.900000000000000000e+01
1.100000000000000000e+01
1.300000000000000000e+01
6.000000000000000000e+00
1.200000000000000000e+01
4.000000000000000000e+00
1.000000000000000000e+00
3.500000000000000000e+01
9.000000000000000000e+00
3.400000000000000000e+01
2.800000000000000000e+01
3.000000000000000000e+00
5.100000000000000000e+01
1.700000000000000000e+01
1.300000000000000000e+01
7.000000000000000000e+00
5.100000000000000000e+01
4.200000000000000000e+01
2.000000000000000000e+00
1.000000000000000000e+00
1.000000000000000000e+00
3.000000000000000000e+00
3.000000000000000000e+00
4.000000000000000000e+00
1.300000000000000000e+01
2.300000000000000000e+01
2.000000000000000000e+00
9.000000000000000000e+00
8.000000000000000000e+00
3.000000000000000000e+00
2.000000000000000000e+00
1.000000000000000000e+00
1.000000000000000000e+00
2.000000000000000000e+00
6.000000000000000000e+00
1.000000000000000000e+00
1.000000000000000000e+00
1.000000000000000000e+00
1.000000000000000000e+00
1.000000000000000000e+00
1.000000000000000000e+00
1.000000000000000000e+00
