1.133000000000000000e+03
9.720000000000000000e+02
1.259000000000000000e+03
1.061000000000000000e+03
8.690000000000000000e+02
1.001000000000000000e+03
5.110000000000000000e+02
1.100000000000000000e+03
1.282000000000000000e+03
1.310000000000000000e+03
1.171000000000000000e+03
1.227000000000000000e+03
1.304000000000000000e+03
9.510000000000000000e+02
1.259000000000000000e+03
1.011000000000000000e+03
1.198000000000000000e+03
6.310000000000000000e+02
9.100000000000000000e+02
1.288000000000000000e+03
6.320000000000000000e+02
8.440000000000000000e+02
1.226000000000000000e+03
2.690000000000000000e+02
9.720000000000000000e+02
1.281000000000000000e+03
1.248000000000000000e+03
2.730000000000000000e+02
7.760000000000000000e+02
1.269000000000000000e+03
1.300000000000000000e+03
7.200000000000000000e+01
8.380000000000000000e+02
1.145000000000000000e+03
6.670000000000000000e+02
1.190000000000000000e+03
8.310000000000000000e+02
8.580000000000000000e+02
8.790000000000000000e+02
1.372000000000000000e+03
1.030000000000000000e+02
7.300000000000000000e+02
7.610000000000000000e+02
3.220000000000000000e+02
3.100000000000000000e+02
4.780000000000000000e+02
1.196000000000000000e+03
5.250000000000000000e+02
1.458000000000000000e+03
1.278000000000000000e+03
9.860000000000000000e+02
1.275000000000000000e+03
1.233000000000000000e+03
1.248000000000000000e+03
7.130000000000000000e+02
7.330000000000000000e+02
7.510000000000000000e+02
5.830000000000000000e+02
1.309000000000000000e+03
1.060000000000000000e+03
6.890000000000000000e+02
8.250000000000000000e+02
4.570000000000000000e+02
1.600000000000000000e+02
1.174000000000000000e+03
5.060000000000000000e+02
6.680000000000000000e+02
1.096000000000000000e+03
4.060000000000000000e+02
1.360000000000000000e+02
1.310000000000000000e+02
9.580000000000000000e+02
9.910000000000000000e+02
1.185000000000000000e+03
1.141000000000000000e+03
7.610000000000000000e+02
1.150000000000000000e+03
3.120000000000000000e+02
7.890000000000000000e+02
1.149000000000000000e+03
1.310000000000000000e+03
1.249000000000000000e+03
7.570000000000000000e+02
2.280000000000000000e+02
2.400000000000000000e+02
6.190000000000000000e+02
4.640000000000000000e+02
4.570000000000000000e+02
2.990000000000000000e+02
1.316000000000000000e+03
1.293000000000000000e+03
5.520000000000000000e+02
3.350000000000000000e+02
3.630000000000000000e+02
9.300000000000000000e+02
1.067000000000000000e+03
4.980000000000000000e+02
1.296000000000000000e+03
1.259000000000000000e+03
3.670000000000000000e+02
6.610000000000000000e+02
9.470000000000000000e+02
3.860000000000000000e+02
2.660000000000000000e+02
6.400000000000000000e+01
5.330000000000000000e+02
1.180000000000000000e+02
2.210000000000000000e+02
1.620000000000000000e+02
2.000000000000000000e+01
5.620000000000000000e+02
1.850000000000000000e+02
5.500000000000000000e+01
1.700000000000000000e+01
3.320000000000000000e+02
8.000000000000000000e+00
3.190000000000000000e+02
5.200000000000000000e+01
1.800000000000000000e+01
4.410000000000000000e+02
5.100000000000000000e+01
3.400000000000000000e+01
2.240000000000000000e+02
4.310000000000000000e+02
2.800000000000000000e+01
1.040000000000000000e+03
4.960000000000000000e+02
2.780000000000000000e+02
2.100000000000000000e+02
2.200000000000000000e+01
1.540000000000000000e+02
1.150000000000000000e+02
1.690000000000000000e+02
1.550000000000000000e+02
9.600000000000000000e+01
7.700000000000000000e+01
5.550000000000000000e+02
4.500000000000000000e+01
2.760000000000000000e+02
1.480000000000000000e+02
1.220000000000000000e+02
5.100000000000000000e+01
4.700000000000000000e+01
4.500000000000000000e+01
9.200000000000000000e+01
2.960000000000000000e+02
9.800000000000000000e+01
3.100000000000000000e+01
1.030000000000000000e+02
1.170000000000000000e+02
2.220000000000000000e+02
3.790000000000000000e+02
6.000000000000000000e+01
5.100000000000000000e+01
1.700000000000000000e+01
1.220000000000000000e+02
9.100000000000000000e+01
3.400000000000000000e+01
5.300000000000000000e+01
1.590000000000000000e+02
2.300000000000000000e+02
2.730000000000000000e+02
1.680000000000000000e+02
3.200000000000000000e+01
8.300000000000000000e+01
2.800000000000000000e+01
4.000000000000000000e+01
3.500000000000000000e+01
5.200000000000000000e+01
8.400000000000000000e+01
4.400000000000000000e+01
5.400000000000000000e+01
1.500000000000000000e+01
1.810000000000000000e+02
3.300000000000000000e+01
4.000000000000000000e+00
1.600000000000000000e+01
1.000000000000000000e+01
2.000000000000000000e+00
5.000000000000000000e+00
4.500000000000000000e+01
1.400000000000000000e+01
1.000000000000000000e+01
1.200000000000000000e+01
2.500000000000000000e+01
6.300000000000000000e+01
3.000000000000000000e+00
3.300000000000000000e+01
6.000000000000000000e+00
5.000000000000000000e+00
7.000000000000000000e+00
2.700000000000000000e+01
5.000000000000000000e+00
3.000000000000000000e+00
3.100000000000000000e+01
1.100000000000000000e+01
1.600000000000000000e+01
4.000000000000000000e+00
1.100000000000000000e+01
9.000000000000000000e+00
1.000000000000000000e+00
3.000000000000000000e+00
4.000000000000000000e+00
3.000000000000000000e+00
5.000000000000000000e+00
3.000000000000000000e+00
6.000000000000000000e+00
5.000000000000000000e+00
3.000000000000000000e+00
2.000000000000000000e+00
1.000000000000000000e+00
1.000000000000000000e+00
1.000000000000000000e+00
4.000000000000000000e+00
2.000000000000000000e+00
4.000000000000000000e+00
7.000000000000000000e+00
3.000000000000000000e+00
2.000000000000000000e+00
3.000000000000000000e+00
6.000000000000000000e+00
2.000000000000000000e+00
2.000000000000000000e+00
7.000000000000000000e+00
2.000000000000000000e+00
1.000000000000000000e+00
1.000000000000000000e+00
1.000000000000000000e+00
