1.747000000000000000e+03
1.575000000000000000e+03
1.709000000000000000e+03
1.276000000000000000e+03
8.120000000000000000e+02
8.210000000000000000e+02
1.439000000000000000e+03
5.580000000000000000e+02
1.105000000000000000e+03
1.737000000000000000e+03
8.660000000000000000e+02
1.634000000000000000e+03
1.771000000000000000e+03
1.764000000000000000e+03
1.508000000000000000e+03
1.805000000000000000e+03
1.683000000000000000e+03
6.870000000000000000e+02
1.182000000000000000e+03
7.620000000000000000e+02
1.596000000000000000e+03
1.315000000000000000e+03
1.140000000000000000e+03
7.040000000000000000e+02
9.820000000000000000e+02
1.215000000000000000e+03
1.566000000000000000e+03
1.395000000000000000e+03
4.440000000000000000e+02
1.804000000000000000e+03
1.793000000000000000e+03
1.508000000000000000e+03
1.716000000000000000e+03
1.590000000000000000e+02
1.780000000000000000e+03
1.227000000000000000e+03
3.050000000000000000e+02
1.422000000000000000e+03
2.530000000000000000e+02
1.810000000000000000e+02
8.670000000000000000e+02
6.160000000000000000e+02
3.190000000000000000e+02
1.261000000000000000e+03
1.730000000000000000e+02
1.286000000000000000e+03
1.138000000000000000e+03
9.340000000000000000e+02
5.260000000000000000e+02
1.842000000000000000e+03
1.745000000000000000e+03
1.675000000000000000e+03
5.150000000000000000e+02
1.624000000000000000e+03
6.400000000000000000e+01
1.555000000000000000e+03
1.056000000000000000e+03
4.930000000000000000e+02
1.310000000000000000e+02
1.392000000000000000e+03
1.028000000000000000e+03
8.000000000000000000e+02
2.830000000000000000e+02
2.010000000000000000e+02
6.800000000000000000e+01
1.786000000000000000e+03
1.539000000000000000e+03
1.124000000000000000e+03
5.400000000000000000e+01
9.330000000000000000e+02
1.027000000000000000e+03
1.659000000000000000e+03
1.557000000000000000e+03
1.361000000000000000e+03
7.260000000000000000e+02
6.460000000000000000e+02
7.180000000000000000e+02
6.100000000000000000e+02
4.900000000000000000e+02
8.860000000000000000e+02
8.280000000000000000e+02
1.340000000000000000e+03
3.600000000000000000e+01
2.300000000000000000e+01
3.910000000000000000e+02
3.470000000000000000e+02
4.280000000000000000e+02
5.920000000000000000e+02
3.900000000000000000e+01
4.330000000000000000e+02
2.810000000000000000e+02
1.809000000000000000e+03
4.340000000000000000e+02
5.600000000000000000e+01
5.790000000000000000e+02
8.100000000000000000e+01
1.000000000000000000e+02
3.670000000000000000e+02
1.440000000000000000e+02
8.000000000000000000e+01
1.764000000000000000e+03
2.550000000000000000e+02
2.400000000000000000e+02
2.850000000000000000e+02
1.370000000000000000e+02
1.090000000000000000e+02
8.300000000000000000e+01
1.120000000000000000e+02
1.820000000000000000e+02
8.300000000000000000e+01
4.130000000000000000e+02
2.110000000000000000e+02
3.070000000000000000e+02
5.700000000000000000e+01
1.770000000000000000e+02
2.200000000000000000e+01
1.220000000000000000e+02
4.400000000000000000e+01
1.720000000000000000e+02
2.450000000000000000e+02
1.660000000000000000e+02
1.100000000000000000e+01
9.600000000000000000e+01
2.200000000000000000e+01
3.000000000000000000e+00
3.900000000000000000e+01
3.000000000000000000e+01
3.400000000000000000e+01
4.100000000000000000e+01
1.400000000000000000e+01
1.100000000000000000e+01
6.000000000000000000e+00
2.000000000000000000e+01
9.000000000000000000e+00
1.700000000000000000e+01
6.000000000000000000e+00
1.000000000000000000e+00
3.400000000000000000e+01
5.100000000000000000e+01
5.000000000000000000e+00
3.000000000000000000e+00
1.500000000000000000e+01
9.300000000000000000e+01
1.900000000000000000e+01
5.000000000000000000e+00
1.400000000000000000e+01
2.100000000000000000e+01
1.000000000000000000e+01
3.300000000000000000e+01
9.000000000000000000e+00
1.000000000000000000e+00
6.000000000000000000e+00
2.000000000000000000e+00
2.000000000000000000e+00
1.200000000000000000e+01
1.000000000000000000e+00
1.500000000000000000e+01
1.500000000000000000e+01
5.000000000000000000e+00
1.000000000000000000e+00
4.000000000000000000e+00
1.000000000000000000e+00
1.000000000000000000e+00
1.000000000000000000e+00
2.000000000000000000e+00
4.000000000000000000e+00
5.000000000000000000e+00
5.000000000000000000e+00
1.000000000000000000e+00
1.000000000000000000e+00
2.000000000000000000e+00
1.000000000000000000e+00
1.000000000000000000e+00
1.000000000000000000e+00
3.000000000000000000e+00
1.000000000000000000e+00
3.000000000000000000e+00
1.000000000000000000e+00
1.000000000000000000e+00
1.000000000000000000e+00
