1.314000000000000000e+03
7.090000000000000000e+02
1.590000000000000000e+02
1.358000000000000000e+03
1.299000000000000000e+03
1.431000000000000000e+03
8.820000000000000000e+02
1.418000000000000000e+03
1.440000000000000000e+03
1.226000000000000000e+03
5.880000000000000000e+02
1.460000000000000000e+02
1.412000000000000000e+03
5.720000000000000000e+02
7.770000000000000000e+02
6.810000000000000000e+02
1.391000000000000000e+03
8.000000000000000000e+02
9.750000000000000000e+02
1.344000000000000000e+03
8.030000000000000000e+02
7.490000000000000000e+02
6.080000000000000000e+02
3.090000000000000000e+02
1.219000000000000000e+03
1.306000000000000000e+03
6.210000000000000000e+02
9.350000000000000000e+02
1.309000000000000000e+03
3.790000000000000000e+02
9.380000000000000000e+02
9.420000000000000000e+02
6.800000000000000000e+02
4.080000000000000000e+02
1.218000000000000000e+03
4.330000000000000000e+02
1.160000000000000000e+03
7.460000000000000000e+02
1.029000000000000000e+03
1.114000000000000000e+03
5.340000000000000000e+02
2.610000000000000000e+02
3.400000000000000000e+02
7.960000000000000000e+02
1.130000000000000000e+02
1.467000000000000000e+03
1.431000000000000000e+03
6.250000000000000000e+02
3.490000000000000000e+02
6.240000000000000000e+02
1.312000000000000000e+03
1.204000000000000000e+03
1.406000000000000000e+03
1.367000000000000000e+03
1.237000000000000000e+03
1.510000000000000000e+02
3.920000000000000000e+02
1.025000000000000000e+03
1.173000000000000000e+03
9.640000000000000000e+02
1.421000000000000000e+03
1.403000000000000000e+03
1.308000000000000000e+03
1.001000000000000000e+03
1.209000000000000000e+03
1.084000000000000000e+03
2.030000000000000000e+02
1.286000000000000000e+03
7.000000000000000000e+02
1.375000000000000000e+03
1.570000000000000000e+02
2.700000000000000000e+01
1.352000000000000000e+03
1.224000000000000000e+03
3.890000000000000000e+02
1.260000000000000000e+02
1.365000000000000000e+03
3.370000000000000000e+02
3.140000000000000000e+02
8.990000000000000000e+02
5.810000000000000000e+02
1.026000000000000000e+03
1.097000000000000000e+03
4.430000000000000000e+02
5.240000000000000000e+02
7.300000000000000000e+02
8.200000000000000000e+01
5.160000000000000000e+02
8.550000000000000000e+02
1.437000000000000000e+03
1.288000000000000000e+03
1.226000000000000000e+03
6.140000000000000000e+02
1.354000000000000000e+03
4.290000000000000000e+02
1.372000000000000000e+03
2.490000000000000000e+02
7.900000000000000000e+01
2.500000000000000000e+01
2.900000000000000000e+01
9.900000000000000000e+01
5.120000000000000000e+02
1.027000000000000000e+03
9.520000000000000000e+02
1.070000000000000000e+03
5.250000000000000000e+02
1.350000000000000000e+02
7.330000000000000000e+02
3.510000000000000000e+02
9.170000000000000000e+02
9.400000000000000000e+01
3.140000000000000000e+02
2.240000000000000000e+02
6.300000000000000000e+01
3.460000000000000000e+02
2.410000000000000000e+02
1.560000000000000000e+02
9.090000000000000000e+02
4.630000000000000000e+02
8.200000000000000000e+01
4.530000000000000000e+02
2.380000000000000000e+02
1.172000000000000000e+03
8.800000000000000000e+01
4.200000000000000000e+01
2.300000000000000000e+01
2.910000000000000000e+02
3.500000000000000000e+01
6.500000000000000000e+01
1.300000000000000000e+01
1.320000000000000000e+02
5.100000000000000000e+01
1.840000000000000000e+02
2.150000000000000000e+02
9.000000000000000000e+00
7.300000000000000000e+01
2.510000000000000000e+02
7.100000000000000000e+01
2.260000000000000000e+02
2.240000000000000000e+02
3.200000000000000000e+01
1.500000000000000000e+01
9.300000000000000000e+01
1.800000000000000000e+01
2.430000000000000000e+02
7.100000000000000000e+01
3.800000000000000000e+01
8.600000000000000000e+01
5.000000000000000000e+01
1.740000000000000000e+02
1.450000000000000000e+02
5.700000000000000000e+01
1.800000000000000000e+01
1.500000000000000000e+01
1.430000000000000000e+02
1.350000000000000000e+02
7.700000000000000000e+01
9.000000000000000000e+00
1.300000000000000000e+01
3.600000000000000000e+01
1.900000000000000000e+01
5.600000000000000000e+01
1.200000000000000000e+02
4.200000000000000000e+01
4.500000000000000000e+01
1.300000000000000000e+01
1.700000000000000000e+01
7.000000000000000000e+00
6.000000000000000000e+00
3.000000000000000000e+00
5.400000000000000000e+01
3.600000000000000000e+01
3.600000000000000000e+01
1.800000000000000000e+01
1.200000000000000000e+01
1.200000000000000000e+01
1.400000000000000000e+01
4.000000000000000000e+01
2.000000000000000000e+01
2.500000000000000000e+01
2.000000000000000000e+00
4.000000000000000000e+00
1.000000000000000000e+00
1.000000000000000000e+01
1.300000000000000000e+01
1.100000000000000000e+01
2.000000000000000000e+00
2.000000000000000000e+00
4.000000000000000000e+00
6.000000000000000000e+00
6.000000000000000000e+00
1.400000000000000000e+01
5.000000000000000000e+00
6.000000000000000000e+00
4.000000000000000000e+00
1.000000000000000000e+00
1.000000000000000000e+00
2.000000000000000000e+00
2.000000000000000000e+00
5.000000000000000000e+00
8.000000000000000000e+00
3.000000000000000000e+00
1.000000000000000000e+00
1.000000000000000000e+00
1.000000000000000000e+00
1.000000000000000000e+00
2.000000000000000000e+00
5.000000000000000000e+00
1.000000000000000000e+00
1.000000000000000000e+00
1.000000000000000000e+00
2.000000000000000000e+00
1.000000000000000000e+00
1.000000000000000000e+00
1.000000000000000000e+00
2.000000000000000000e+00
