1.701000000000000000e+03
1.287000000000000000e+03
1.603000000000000000e+03
1.778000000000000000e+03
3.090000000000000000e+02
1.522000000000000000e+03
8.000000000000000000e+02
1.642000000000000000e+03
1.702000000000000000e+03
1.365000000000000000e+03
1.586000000000000000e+03
1.152000000000000000e+03
1.667000000000000000e+03
1.452000000000000000e+03
1.549000000000000000e+03
6.700000000000000000e+01
1.055000000000000000e+03
9.040000000000000000e+02
1.350000000000000000e+03
1.278000000000000000e+03
1.472000000000000000e+03
1.701000000000000000e+03
1.736000000000000000e+03
1.680000000000000000e+03
5.960000000000000000e+02
6.020000000000000000e+02
1.494000000000000000e+03
1.309000000000000000e+03
1.361000000000000000e+03
1.552000000000000000e+03
9.560000000000000000e+02
1.073000000000000000e+03
1.642000000000000000e+03
1.450000000000000000e+03
1.026000000000000000e+03
1.178000000000000000e+03
1.225000000000000000e+03
1.240000000000000000e+02
8.510000000000000000e+02
4.850000000000000000e+02
9.600000000000000000e+01
8.700000000000000000e+01
1.721000000000000000e+03
1.037000000000000000e+03
4.750000000000000000e+02
6.590000000000000000e+02
1.512000000000000000e+03
9.200000000000000000e+02
1.732000000000000000e+03
9.470000000000000000e+02
1.776000000000000000e+03
4.660000000000000000e+02
1.030000000000000000e+02
7.430000000000000000e+02
1.533000000000000000e+03
7.620000000000000000e+02
1.420000000000000000e+02
4.010000000000000000e+02
1.040000000000000000e+03
8.850000000000000000e+02
1.643000000000000000e+03
8.620000000000000000e+02
9.110000000000000000e+02
1.419000000000000000e+03
3.490000000000000000e+02
3.680000000000000000e+02
1.290000000000000000e+03
1.081000000000000000e+03
1.684000000000000000e+03
2.320000000000000000e+02
2.350000000000000000e+02
7.900000000000000000e+01
1.716000000000000000e+03
1.090000000000000000e+03
6.520000000000000000e+02
6.510000000000000000e+02
1.197000000000000000e+03
1.670000000000000000e+02
5.820000000000000000e+02
5.990000000000000000e+02
3.600000000000000000e+01
1.514000000000000000e+03
6.170000000000000000e+02
1.588000000000000000e+03
2.030000000000000000e+02
7.000000000000000000e+02
1.706000000000000000e+03
1.399000000000000000e+03
1.190000000000000000e+02
2.280000000000000000e+02
5.300000000000000000e+01
2.620000000000000000e+02
7.570000000000000000e+02
4.140000000000000000e+02
3.940000000000000000e+02
2.670000000000000000e+02
3.460000000000000000e+02
3.480000000000000000e+02
4.700000000000000000e+02
5.560000000000000000e+02
2.960000000000000000e+02
4.700000000000000000e+02
6.600000000000000000e+01
1.970000000000000000e+02
1.910000000000000000e+02
1.090000000000000000e+02
3.430000000000000000e+02
1.700000000000000000e+01
3.090000000000000000e+02
5.420000000000000000e+02
2.050000000000000000e+02
6.000000000000000000e+01
4.000000000000000000e+00
9.500000000000000000e+01
1.220000000000000000e+02
5.400000000000000000e+01
3.800000000000000000e+01
1.890000000000000000e+02
1.200000000000000000e+01
4.000000000000000000e+00
8.300000000000000000e+01
4.500000000000000000e+01
6.000000000000000000e+00
1.000000000000000000e+02
3.000000000000000000e+01
1.700000000000000000e+01
2.700000000000000000e+01
1.420000000000000000e+02
8.100000000000000000e+01
1.190000000000000000e+02
2.900000000000000000e+01
3.500000000000000000e+01
2.500000000000000000e+01
1.650000000000000000e+02
3.600000000000000000e+01
7.400000000000000000e+01
3.100000000000000000e+01
4.500000000000000000e+01
2.500000000000000000e+01
5.600000000000000000e+01
1.300000000000000000e+01
4.000000000000000000e+00
1.530000000000000000e+02
3.200000000000000000e+01
1.700000000000000000e+01
1.000000000000000000e+01
3.000000000000000000e+00
7.000000000000000000e+00
1.000000000000000000e+00
3.000000000000000000e+00
1.100000000000000000e+01
1.700000000000000000e+01
1.600000000000000000e+01
2.000000000000000000e+00
4.000000000000000000e+00
1.800000000000000000e+01
2.000000000000000000e+00
6.000000000000000000e+00
2.000000000000000000e+00
6.000000000000000000e+00
6.000000000000000000e+00
5.000000000000000000e+00
1.200000000000000000e+01
2.000000000000000000e+00
6.000000000000000000e+00
5.000000000000000000e+00
2.000000000000000000e+00
3.000000000000000000e+00
6.000000000000000000e+00
1.000000000000000000e+00
2.000000000000000000e+00
8.000000000000000000e+00
1.000000000000000000e+00
4.000000000000000000e+00
2.000000000000000000e+00
1.000000000000000000e+00
1.000000000000000000e+00
2.000000000000000000e+00
1.000000000000000000e+00
1.000000000000000000e+00
3.000000000000000000e+00
1.000000000000000000e+00
1.000000000000000000e+00
