1.351000000000000000e+03
1.736000000000000000e+03
1.650000000000000000e+03
1.565000000000000000e+03
1.293000000000000000e+03
1.465000000000000000e+03
7.980000000000000000e+02
1.779000000000000000e+03
1.695000000000000000e+03
1.759000000000000000e+03
1.198000000000000000e+03
1.549000000000000000e+03
1.705000000000000000e+03
9.510000000000000000e+02
1.335000000000000000e+03
4.020000000000000000e+02
1.668000000000000000e+03
1.734000000000000000e+03
1.577000000000000000e+03
8.490000000000000000e+02
1.505000000000000000e+03
3.100000000000000000e+02
3.300000000000000000e+02
1.055000000000000000e+03
1.753000000000000000e+03
1.694000000000000000e+03
1.746000000000000000e+03
6.460000000000000000e+02
8.010000000000000000e+02
1.155000000000000000e+03
7.080000000000000000e+02
8.180000000000000000e+02
1.791000000000000000e+03
1.713000000000000000e+03
9.400000000000000000e+02
3.820000000000000000e+02
5.190000000000000000e+02
1.481000000000000000e+03
1.790000000000000000e+02
1.085000000000000000e+03
1.623000000000000000e+03
1.044000000000000000e+03
1.749000000000000000e+03
2.190000000000000000e+02
1.473000000000000000e+03
1.147000000000000000e+03
1.698000000000000000e+03
2.290000000000000000e+02
3.200000000000000000e+02
1.368000000000000000e+03
1.100000000000000000e+02
6.310000000000000000e+02
7.980000000000000000e+02
1.657000000000000000e+03
4.950000000000000000e+02
5.000000000000000000e+02
1.305000000000000000e+03
4.700000000000000000e+01
1.198000000000000000e+03
6.710000000000000000e+02
1.342000000000000000e+03
6.860000000000000000e+02
1.087000000000000000e+03
2.820000000000000000e+02
1.677000000000000000e+03
3.710000000000000000e+02
1.403000000000000000e+03
1.061000000000000000e+03
3.880000000000000000e+02
7.360000000000000000e+02
1.723000000000000000e+03
5.000000000000000000e+01
2.620000000000000000e+02
1.564000000000000000e+03
6.330000000000000000e+02
1.297000000000000000e+03
2.690000000000000000e+02
6.290000000000000000e+02
9.100000000000000000e+02
2.370000000000000000e+02
1.421000000000000000e+03
3.340000000000000000e+02
1.377000000000000000e+03
1.400000000000000000e+01
1.127000000000000000e+03
1.112000000000000000e+03
3.140000000000000000e+02
9.500000000000000000e+01
9.250000000000000000e+02
4.930000000000000000e+02
1.700000000000000000e+01
5.160000000000000000e+02
3.890000000000000000e+02
2.040000000000000000e+02
1.535000000000000000e+03
1.420000000000000000e+02
3.400000000000000000e+01
2.180000000000000000e+02
8.400000000000000000e+01
5.840000000000000000e+02
5.790000000000000000e+02
4.320000000000000000e+02
1.900000000000000000e+01
4.500000000000000000e+01
1.080000000000000000e+02
4.290000000000000000e+02
2.700000000000000000e+01
8.570000000000000000e+02
4.220000000000000000e+02
1.000000000000000000e+01
1.430000000000000000e+02
2.020000000000000000e+02
1.590000000000000000e+02
1.370000000000000000e+02
4.200000000000000000e+01
3.000000000000000000e+00
5.800000000000000000e+01
1.150000000000000000e+02
8.500000000000000000e+01
1.230000000000000000e+02
1.050000000000000000e+02
7.400000000000000000e+01
1.900000000000000000e+01
5.600000000000000000e+01
2.200000000000000000e+02
4.300000000000000000e+01
1.210000000000000000e+02
5.900000000000000000e+01
3.300000000000000000e+01
1.340000000000000000e+02
8.700000000000000000e+01
6.600000000000000000e+01
3.500000000000000000e+01
3.200000000000000000e+01
2.000000000000000000e+00
3.900000000000000000e+01
1.000000000000000000e+01
6.700000000000000000e+01
6.000000000000000000e+00
3.700000000000000000e+01
7.000000000000000000e+00
6.000000000000000000e+00
1.100000000000000000e+01
9.000000000000000000e+00
6.000000000000000000e+00
1.700000000000000000e+01
1.400000000000000000e+01
1.100000000000000000e+01
2.700000000000000000e+01
8.000000000000000000e+00
1.400000000000000000e+01
8.000000000000000000e+00
2.600000000000000000e+01
1.200000000000000000e+01
4.000000000000000000e+00
2.000000000000000000e+00
2.000000000000000000e+00
2.000000000000000000e+00
1.200000000000000000e+01
9.000000000000000000e+00
1.000000000000000000e+00
9.000000000000000000e+00
2.000000000000000000e+00
1.000000000000000000e+00
1.000000000000000000e+00
2.000000000000000000e+01
1.000000000000000000e+00
2.000000000000000000e+00
5.000000000000000000e+00
2.000000000000000000e+00
1.000000000000000000e+00
1.000000000000000000e+00
1.000000000000000000e+00
1.000000000000000000e+00
2.000000000000000000e+00
1.000000000000000000e+00
1.000000000000000000e+00
2.000000000000000000e+00
1.000000000000000000e+00
1.000000000000000000e+00
1.000000000000000000e+00
1.000000000000000000e+00
1.000000000000000000e+00
