1.530000000000000000e+03
1.253000000000000000e+03
1.535000000000000000e+03
1.733000000000000000e+03
1.364000000000000000e+03
1.678000000000000000e+03
1.691000000000000000e+03
1.768000000000000000e+03
2.050000000000000000e+02
1.186000000000000000e+03
2.210000000000000000e+02
1.651000000000000000e+03
5.050000000000000000e+02
1.081000000000000000e+03
1.660000000000000000e+03
6.080000000000000000e+02
1.537000000000000000e+03
1.634000000000000000e+03
1.753000000000000000e+03
9.600000000000000000e+02
8.510000000000000000e+02
1.038000000000000000e+03
1.900000000000000000e+01
7.500000000000000000e+02
1.784000000000000000e+03
1.551000000000000000e+03
1.253000000000000000e+03
3.920000000000000000e+02
2.450000000000000000e+02
1.302000000000000000e+03
1.690000000000000000e+03
8.720000000000000000e+02
9.000000000000000000e+00
1.556000000000000000e+03
1.082000000000000000e+03
6.600000000000000000e+02
1.341000000000000000e+03
1.051000000000000000e+03
4.930000000000000000e+02
1.210000000000000000e+03
1.451000000000000000e+03
4.670000000000000000e+02
3.200000000000000000e+02
9.210000000000000000e+02
3.330000000000000000e+02
1.663000000000000000e+03
1.647000000000000000e+03
1.470000000000000000e+03
1.634000000000000000e+03
1.108000000000000000e+03
1.393000000000000000e+03
1.680000000000000000e+03
1.460000000000000000e+03
9.980000000000000000e+02
1.127000000000000000e+03
7.110000000000000000e+02
5.100000000000000000e+01
3.660000000000000000e+02
6.660000000000000000e+02
8.500000000000000000e+01
1.720000000000000000e+03
1.632000000000000000e+03
6.270000000000000000e+02
1.229000000000000000e+03
7.540000000000000000e+02
1.526000000000000000e+03
3.120000000000000000e+02
6.200000000000000000e+02
1.714000000000000000e+03
5.480000000000000000e+02
7.210000000000000000e+02
1.507000000000000000e+03
1.404000000000000000e+03
1.585000000000000000e+03
9.420000000000000000e+02
3.590000000000000000e+02
6.990000000000000000e+02
1.258000000000000000e+03
8.500000000000000000e+01
4.280000000000000000e+02
1.599000000000000000e+03
3.940000000000000000e+02
2.400000000000000000e+01
5.000000000000000000e+00
2.070000000000000000e+02
5.200000000000000000e+01
2.160000000000000000e+02
4.200000000000000000e+01
1.319000000000000000e+03
8.410000000000000000e+02
8.610000000000000000e+02
1.196000000000000000e+03
4.000000000000000000e+02
1.280000000000000000e+02
6.290000000000000000e+02
2.640000000000000000e+02
2.800000000000000000e+02
4.570000000000000000e+02
7.430000000000000000e+02
9.130000000000000000e+02
3.720000000000000000e+02
1.730000000000000000e+02
8.500000000000000000e+01
4.420000000000000000e+02
3.300000000000000000e+02
5.000000000000000000e+00
4.100000000000000000e+01
8.700000000000000000e+01
1.750000000000000000e+02
7.200000000000000000e+01
5.560000000000000000e+02
2.070000000000000000e+02
4.400000000000000000e+01
2.550000000000000000e+02
1.900000000000000000e+01
1.130000000000000000e+02
2.100000000000000000e+01
1.330000000000000000e+02
1.890000000000000000e+02
8.000000000000000000e+00
2.860000000000000000e+02
3.000000000000000000e+01
1.890000000000000000e+02
1.400000000000000000e+01
1.360000000000000000e+02
1.020000000000000000e+02
8.200000000000000000e+01
1.600000000000000000e+01
1.900000000000000000e+01
6.600000000000000000e+01
5.800000000000000000e+01
1.720000000000000000e+02
9.700000000000000000e+01
1.090000000000000000e+02
6.400000000000000000e+01
4.000000000000000000e+00
7.000000000000000000e+00
3.900000000000000000e+01
3.100000000000000000e+01
3.700000000000000000e+01
1.080000000000000000e+02
8.000000000000000000e+00
1.100000000000000000e+02
2.500000000000000000e+01
1.600000000000000000e+01
5.900000000000000000e+01
2.100000000000000000e+01
8.000000000000000000e+00
1.500000000000000000e+01
6.400000000000000000e+01
1.800000000000000000e+01
9.000000000000000000e+00
2.000000000000000000e+01
1.000000000000000000e+00
3.600000000000000000e+01
5.000000000000000000e+00
3.000000000000000000e+00
1.000000000000000000e+00
1.900000000000000000e+01
5.000000000000000000e+00
3.000000000000000000e+00
1.000000000000000000e+00
2.000000000000000000e+00
6.000000000000000000e+00
5.000000000000000000e+00
5.000000000000000000e+00
1.000000000000000000e+00
4.000000000000000000e+00
4.000000000000000000e+00
1.000000000000000000e+00
4.000000000000000000e+00
3.000000000000000000e+00
3.000000000000000000e+00
3.000000000000000000e+00
3.000000000000000000e+00
2.000000000000000000e+00
4.000000000000000000e+00
4.000000000000000000e+00
2.000000000000000000e+00
5.000000000000000000e+00
1.000000000000000000e+00
2.000000000000000000e+00
1.000000000000000000e+00
1.000000000000000000e+00
1.000000000000000000e+00
