4.740000000000000000e+02
8.370000000000000000e+02
5.600000000000000000e+02
4.390000000000000000e+02
8.120000000000000000e+02
7.710000000000000000e+02
8.440000000000000000e+02
8.340000000000000000e+02
8.140000000000000000e+02
5.310000000000000000e+02
6.230000000000000000e+02
7.760000000000000000e+02
7.950000000000000000e+02
5.440000000000000000e+02
8.090000000000000000e+02
6.790000000000000000e+02
5.070000000000000000e+02
8.710000000000000000e+02
8.700000000000000000e+02
8.320000000000000000e+02
8.590000000000000000e+02
8.210000000000000000e+02
8.470000000000000000e+02
7.840000000000000000e+02
4.000000000000000000e+02
3.650000000000000000e+02
6.060000000000000000e+02
8.300000000000000000e+02
6.020000000000000000e+02
7.390000000000000000e+02
1.340000000000000000e+02
2.050000000000000000e+02
2.180000000000000000e+02
4.100000000000000000e+02
1.700000000000000000e+02
2.520000000000000000e+02
2.380000000000000000e+02
4.260000000000000000e+02
3.510000000000000000e+02
5.000000000000000000e+01
1.170000000000000000e+02
2.310000000000000000e+02
5.300000000000000000e+02
8.680000000000000000e+02
7.890000000000000000e+02
7.000000000000000000e+02
8.500000000000000000e+02
8.080000000000000000e+02
8.310000000000000000e+02
7.710000000000000000e+02
6.890000000000000000e+02
8.410000000000000000e+02
7.790000000000000000e+02
4.730000000000000000e+02
8.060000000000000000e+02
6.160000000000000000e+02
5.630000000000000000e+02
8.070000000000000000e+02
7.510000000000000000e+02
7.090000000000000000e+02
7.250000000000000000e+02
4.430000000000000000e+02
7.400000000000000000e+02
6.330000000000000000e+02
4.190000000000000000e+02
7.440000000000000000e+02
3.210000000000000000e+02
8.970000000000000000e+02
5.550000000000000000e+02
6.890000000000000000e+02
7.680000000000000000e+02
6.980000000000000000e+02
6.150000000000000000e+02
6.130000000000000000e+02
3.710000000000000000e+02
2.010000000000000000e+02
1.450000000000000000e+02
4.380000000000000000e+02
8.000000000000000000e+00
4.420000000000000000e+02
5.200000000000000000e+01
3.450000000000000000e+02
5.900000000000000000e+01
4.700000000000000000e+01
5.310000000000000000e+02
1.130000000000000000e+02
2.600000000000000000e+02
6.230000000000000000e+02
7.430000000000000000e+02
3.250000000000000000e+02
2.690000000000000000e+02
2.990000000000000000e+02
8.240000000000000000e+02
8.520000000000000000e+02
9.280000000000000000e+02
2.310000000000000000e+02
4.770000000000000000e+02
5.170000000000000000e+02
7.510000000000000000e+02
6.550000000000000000e+02
6.910000000000000000e+02
8.210000000000000000e+02
6.360000000000000000e+02
4.500000000000000000e+02
2.150000000000000000e+02
3.610000000000000000e+02
3.050000000000000000e+02
4.510000000000000000e+02
1.700000000000000000e+02
1.320000000000000000e+02
2.100000000000000000e+02
7.810000000000000000e+02
9.370000000000000000e+02
8.790000000000000000e+02
7.430000000000000000e+02
4.070000000000000000e+02
8.000000000000000000e+02
6.160000000000000000e+02
5.620000000000000000e+02
3.440000000000000000e+02
1.110000000000000000e+02
2.490000000000000000e+02
4.500000000000000000e+01
9.500000000000000000e+01
2.500000000000000000e+02
9.900000000000000000e+01
4.100000000000000000e+02
2.620000000000000000e+02
5.300000000000000000e+01
1.310000000000000000e+02
3.050000000000000000e+02
7.160000000000000000e+02
8.780000000000000000e+02
8.400000000000000000e+02
8.810000000000000000e+02
7.940000000000000000e+02
3.850000000000000000e+02
8.170000000000000000e+02
1.540000000000000000e+02
6.280000000000000000e+02
4.860000000000000000e+02
6.180000000000000000e+02
6.530000000000000000e+02
5.770000000000000000e+02
7.540000000000000000e+02
5.500000000000000000e+01
3.740000000000000000e+02
5.900000000000000000e+02
7.230000000000000000e+02
8.400000000000000000e+02
3.110000000000000000e+02
4.110000000000000000e+02
8.430000000000000000e+02
5.020000000000000000e+02
3.520000000000000000e+02
5.010000000000000000e+02
1.120000000000000000e+02
2.770000000000000000e+02
1.670000000000000000e+02
4.970000000000000000e+02
3.520000000000000000e+02
3.500000000000000000e+01
2.030000000000000000e+02
9.000000000000000000e+01
2.850000000000000000e+02
4.000000000000000000e+01
8.200000000000000000e+01
1.560000000000000000e+02
2.320000000000000000e+02
9.700000000000000000e+01
1.160000000000000000e+02
3.060000000000000000e+02
6.520000000000000000e+02
8.250000000000000000e+02
6.360000000000000000e+02
2.160000000000000000e+02
1.660000000000000000e+02
1.810000000000000000e+02
2.800000000000000000e+01
6.090000000000000000e+02
4.470000000000000000e+02
9.800000000000000000e+01
4.710000000000000000e+02
1.920000000000000000e+02
7.300000000000000000e+01
2.910000000000000000e+02
1.910000000000000000e+02
8.130000000000000000e+02
6.400000000000000000e+01
2.000000000000000000e+01
4.000000000000000000e+01
5.060000000000000000e+02
3.100000000000000000e+02
1.210000000000000000e+02
4.520000000000000000e+02
1.430000000000000000e+02
3.400000000000000000e+01
7.400000000000000000e+01
7.000000000000000000e+01
1.740000000000000000e+02
1.220000000000000000e+02
2.680000000000000000e+02
2.110000000000000000e+02
1.880000000000000000e+02
3.210000000000000000e+02
2.800000000000000000e+01
5.900000000000000000e+01
8.500000000000000000e+01
9.700000000000000000e+01
4.570000000000000000e+02
1.800000000000000000e+01
2.200000000000000000e+01
1.700000000000000000e+01
9.500000000000000000e+01
4.200000000000000000e+01
3.000000000000000000e+01
1.850000000000000000e+02
1.540000000000000000e+02
1.600000000000000000e+01
9.000000000000000000e+00
5.300000000000000000e+01
1.000000000000000000e+00
8.700000000000000000e+01
2.900000000000000000e+01
1.900000000000000000e+01
4.100000000000000000e+01
6.600000000000000000e+01
1.000000000000000000e+00
1.500000000000000000e+01
1.300000000000000000e+01
3.800000000000000000e+01
1.730000000000000000e+02
4.000000000000000000e+01
9.700000000000000000e+01
5.300000000000000000e+01
6.400000000000000000e+01
4.200000000000000000e+01
2.710000000000000000e+02
2.140000000000000000e+02
1.100000000000000000e+01
6.000000000000000000e+00
1.560000000000000000e+02
4.700000000000000000e+01
1.600000000000000000e+01
1.400000000000000000e+01
1.700000000000000000e+01
4.200000000000000000e+01
1.080000000000000000e+02
1.800000000000000000e+01
2.200000000000000000e+01
6.900000000000000000e+01
7.200000000000000000e+01
2.000000000000000000e+01
6.500000000000000000e+01
4.400000000000000000e+01
3.200000000000000000e+01
1.300000000000000000e+01
2.000000000000000000e+01
2.100000000000000000e+01
1.500000000000000000e+01
3.600000000000000000e+01
8.600000000000000000e+01
3.000000000000000000e+00
3.000000000000000000e+00
1.160000000000000000e+02
5.300000000000000000e+01
2.200000000000000000e+01
4.000000000000000000e+01
1.600000000000000000e+01
7.000000000000000000e+00
1.200000000000000000e+01
1.700000000000000000e+01
4.000000000000000000e+00
7.000000000000000000e+00
2.000000000000000000e+00
1.800000000000000000e+01
5.000000000000000000e+00
1.100000000000000000e+01
7.000000000000000000e+00
3.900000000000000000e+01
8.000000000000000000e+00
8.000000000000000000e+00
2.100000000000000000e+01
1.100000000000000000e+01
1.900000000000000000e+01
8.000000000000000000e+00
5.000000000000000000e+00
4.000000000000000000e+00
1.200000000000000000e+01
9.000000000000000000e+00
1.000000000000000000e+00
1.700000000000000000e+01
1.400000000000000000e+01
1.000000000000000000e+00
1.300000000000000000e+01
3.400000000000000000e+01
1.300000000000000000e+01
2.000000000000000000e+00
3.000000000000000000e+00
1.000000000000000000e+00
2.000000000000000000e+00
2.000000000000000000e+00
4.000000000000000000e+00
1.100000000000000000e+01
5.000000000000000000e+00
2.000000000000000000e+00
7.000000000000000000e+00
3.000000000000000000e+00
1.000000000000000000e+00
7.000000000000000000e+00
1.000000000000000000e+00
1.000000000000000000e+01
4.000000000000000000e+00
1.000000000000000000e+00
1.000000000000000000e+00
2.000000000000000000e+00
1.000000000000000000e+00
4.000000000000000000e+00
6.000000000000000000e+00
8.000000000000000000e+00
4.000000000000000000e+00
2.000000000000000000e+00
2.000000000000000000e+00
4.000000000000000000e+00
3.000000000000000000e+00
3.000000000000000000e+00
1.000000000000000000e+00
9.000000000000000000e+00
1.000000000000000000e+00
5.000000000000000000e+00
6.000000000000000000e+00
3.000000000000000000e+00
1.000000000000000000e+00
1.000000000000000000e+00
2.000000000000000000e+00
3.000000000000000000e+00
1.000000000000000000e+00
1.000000000000000000e+00
1.000000000000000000e+00
1.000000000000000000e+00
1.000000000000000000e+00
2.000000000000000000e+00
2.000000000000000000e+00
1.000000000000000000e+00
1.000000000000000000e+00
2.000000000000000000e+00
1.000000000000000000e+00
1.000000000000000000e+00
1.000000000000000000e+00
1.000000000000000000e+00
1.000000000000000000e+00
1.000000000000000000e+00
