6.710000000000000000e+02
1.054000000000000000e+03
1.164000000000000000e+03
7.030000000000000000e+02
1.410000000000000000e+03
8.970000000000000000e+02
9.110000000000000000e+02
1.269000000000000000e+03
8.630000000000000000e+02
4.540000000000000000e+02
3.880000000000000000e+02
1.533000000000000000e+03
1.082000000000000000e+03
1.571000000000000000e+03
5.400000000000000000e+01
5.010000000000000000e+02
1.422000000000000000e+03
1.289000000000000000e+03
1.554000000000000000e+03
1.648000000000000000e+03
1.155000000000000000e+03
1.219000000000000000e+03
3.900000000000000000e+01
1.197000000000000000e+03
8.910000000000000000e+02
1.584000000000000000e+03
6.710000000000000000e+02
1.411000000000000000e+03
1.620000000000000000e+03
7.900000000000000000e+02
1.565000000000000000e+03
1.620000000000000000e+03
1.588000000000000000e+03
1.021000000000000000e+03
1.469000000000000000e+03
1.428000000000000000e+03
1.483000000000000000e+03
1.486000000000000000e+03
1.172000000000000000e+03
1.608000000000000000e+03
1.018000000000000000e+03
7.510000000000000000e+02
1.466000000000000000e+03
1.354000000000000000e+03
6.860000000000000000e+02
6.020000000000000000e+02
1.063000000000000000e+03
5.930000000000000000e+02
1.640000000000000000e+02
7.750000000000000000e+02
1.449000000000000000e+03
5.330000000000000000e+02
3.670000000000000000e+02
1.308000000000000000e+03
1.640000000000000000e+03
8.310000000000000000e+02
1.013000000000000000e+03
9.450000000000000000e+02
1.341000000000000000e+03
1.100000000000000000e+01
1.000000000000000000e+02
3.920000000000000000e+02
3.400000000000000000e+01
6.760000000000000000e+02
3.530000000000000000e+02
4.840000000000000000e+02
1.407000000000000000e+03
1.565000000000000000e+03
6.530000000000000000e+02
3.900000000000000000e+01
4.800000000000000000e+01
1.589000000000000000e+03
5.090000000000000000e+02
1.488000000000000000e+03
4.750000000000000000e+02
1.320000000000000000e+03
3.490000000000000000e+02
1.460000000000000000e+03
2.360000000000000000e+02
2.280000000000000000e+02
2.240000000000000000e+02
1.067000000000000000e+03
4.910000000000000000e+02
8.270000000000000000e+02
1.327000000000000000e+03
2.270000000000000000e+02
2.700000000000000000e+01
1.593000000000000000e+03
3.090000000000000000e+02
7.900000000000000000e+01
7.000000000000000000e+01
1.350000000000000000e+02
2.010000000000000000e+02
1.244000000000000000e+03
6.970000000000000000e+02
1.640000000000000000e+02
7.400000000000000000e+01
1.541000000000000000e+03
5.560000000000000000e+02
4.200000000000000000e+02
3.180000000000000000e+02
1.578000000000000000e+03
1.459000000000000000e+03
9.700000000000000000e+02
5.290000000000000000e+02
9.840000000000000000e+02
6.100000000000000000e+01
1.420000000000000000e+02
1.710000000000000000e+02
2.120000000000000000e+02
3.720000000000000000e+02
6.350000000000000000e+02
2.090000000000000000e+02
5.900000000000000000e+01
1.030000000000000000e+02
1.550000000000000000e+02
1.330000000000000000e+02
4.550000000000000000e+02
2.860000000000000000e+02
3.770000000000000000e+02
3.150000000000000000e+02
2.640000000000000000e+02
1.000000000000000000e+00
9.500000000000000000e+01
2.050000000000000000e+02
2.150000000000000000e+02
1.800000000000000000e+01
1.690000000000000000e+02
2.400000000000000000e+01
6.700000000000000000e+01
2.000000000000000000e+01
1.180000000000000000e+02
9.500000000000000000e+01
6.600000000000000000e+01
1.300000000000000000e+01
7.700000000000000000e+01
4.600000000000000000e+01
6.300000000000000000e+01
1.100000000000000000e+02
1.420000000000000000e+02
8.000000000000000000e+00
1.700000000000000000e+01
6.300000000000000000e+01
3.000000000000000000e+01
3.500000000000000000e+01
4.500000000000000000e+01
2.400000000000000000e+01
2.000000000000000000e+00
6.000000000000000000e+00
2.600000000000000000e+01
1.900000000000000000e+01
7.000000000000000000e+00
1.100000000000000000e+01
1.100000000000000000e+01
1.800000000000000000e+01
6.000000000000000000e+00
3.200000000000000000e+01
3.000000000000000000e+00
1.100000000000000000e+01
2.000000000000000000e+00
8.000000000000000000e+00
6.000000000000000000e+00
2.000000000000000000e+00
3.000000000000000000e+00
4.700000000000000000e+01
1.000000000000000000e+01
1.000000000000000000e+01
1.000000000000000000e+00
2.300000000000000000e+01
3.000000000000000000e+00
2.300000000000000000e+01
2.000000000000000000e+00
2.000000000000000000e+00
3.000000000000000000e+00
4.000000000000000000e+00
1.000000000000000000e+00
3.000000000000000000e+01
5.000000000000000000e+00
1.800000000000000000e+01
9.000000000000000000e+00
2.000000000000000000e+00
3.000000000000000000e+00
6.000000000000000000e+00
2.000000000000000000e+00
1.000000000000000000e+00
4.000000000000000000e+00
2.000000000000000000e+00
3.000000000000000000e+00
4.000000000000000000e+00
1.000000000000000000e+00
3.000000000000000000e+00
1.000000000000000000e+00
3.000000000000000000e+00
1.000000000000000000e+00
2.000000000000000000e+00
1.000000000000000000e+00
1.000000000000000000e+00
