1.801000000000000000e+03
1.120000000000000000e+03
2.980000000000000000e+02
1.766000000000000000e+03
1.446000000000000000e+03
1.688000000000000000e+03
1.538000000000000000e+03
1.848000000000000000e+03
1.774000000000000000e+03
1.266000000000000000e+03
1.748000000000000000e+03
1.478000000000000000e+03
1.767000000000000000e+03
1.501000000000000000e+03
6.510000000000000000e+02
1.747000000000000000e+03
1.281000000000000000e+03
1.731000000000000000e+03
4.660000000000000000e+02
1.052000000000000000e+03
1.896000000000000000e+03
1.156000000000000000e+03
1.704000000000000000e+03
8.760000000000000000e+02
1.656000000000000000e+03
1.790000000000000000e+03
1.339000000000000000e+03
1.221000000000000000e+03
1.403000000000000000e+03
1.709000000000000000e+03
1.792000000000000000e+03
1.750000000000000000e+03
1.473000000000000000e+03
1.608000000000000000e+03
1.809000000000000000e+03
4.720000000000000000e+02
6.820000000000000000e+02
1.159000000000000000e+03
5.000000000000000000e+02
1.564000000000000000e+03
2.250000000000000000e+02
6.830000000000000000e+02
1.795000000000000000e+03
1.572000000000000000e+03
1.840000000000000000e+02
3.180000000000000000e+02
5.030000000000000000e+02
1.058000000000000000e+03
1.010000000000000000e+02
1.648000000000000000e+03
1.025000000000000000e+03
1.393000000000000000e+03
1.181000000000000000e+03
8.950000000000000000e+02
1.285000000000000000e+03
1.682000000000000000e+03
1.054000000000000000e+03
6.060000000000000000e+02
1.484000000000000000e+03
1.045000000000000000e+03
7.750000000000000000e+02
5.970000000000000000e+02
7.820000000000000000e+02
6.470000000000000000e+02
1.940000000000000000e+02
9.490000000000000000e+02
1.663000000000000000e+03
4.460000000000000000e+02
4.090000000000000000e+02
8.030000000000000000e+02
9.100000000000000000e+01
3.300000000000000000e+02
7.890000000000000000e+02
1.222000000000000000e+03
1.657000000000000000e+03
7.930000000000000000e+02
2.030000000000000000e+02
1.325000000000000000e+03
1.760000000000000000e+02
2.500000000000000000e+02
1.810000000000000000e+02
5.700000000000000000e+01
3.480000000000000000e+02
1.350000000000000000e+02
6.000000000000000000e+00
8.560000000000000000e+02
5.440000000000000000e+02
2.430000000000000000e+02
4.260000000000000000e+02
5.900000000000000000e+01
2.820000000000000000e+02
3.860000000000000000e+02
4.810000000000000000e+02
4.390000000000000000e+02
7.460000000000000000e+02
1.600000000000000000e+01
1.010000000000000000e+02
1.230000000000000000e+02
7.400000000000000000e+01
2.200000000000000000e+01
8.100000000000000000e+01
3.100000000000000000e+01
3.050000000000000000e+02
4.700000000000000000e+01
4.300000000000000000e+01
6.800000000000000000e+01
2.050000000000000000e+02
5.880000000000000000e+02
3.700000000000000000e+01
6.900000000000000000e+01
3.000000000000000000e+00
3.260000000000000000e+02
1.470000000000000000e+02
2.200000000000000000e+01
5.300000000000000000e+01
1.046000000000000000e+03
3.850000000000000000e+02
6.000000000000000000e+00
3.100000000000000000e+01
1.780000000000000000e+02
3.300000000000000000e+01
7.400000000000000000e+01
9.600000000000000000e+01
2.000000000000000000e+01
2.000000000000000000e+00
1.100000000000000000e+01
1.100000000000000000e+01
1.380000000000000000e+02
1.800000000000000000e+01
5.000000000000000000e+00
2.250000000000000000e+02
1.540000000000000000e+02
5.000000000000000000e+00
5.400000000000000000e+01
1.050000000000000000e+02
7.100000000000000000e+01
7.500000000000000000e+01
1.000000000000000000e+01
1.800000000000000000e+01
1.200000000000000000e+01
3.100000000000000000e+01
3.300000000000000000e+01
3.800000000000000000e+01
1.100000000000000000e+01
2.700000000000000000e+01
5.200000000000000000e+01
1.000000000000000000e+01
1.000000000000000000e+00
2.000000000000000000e+00
3.000000000000000000e+00
8.000000000000000000e+00
1.000000000000000000e+01
1.000000000000000000e+01
1.000000000000000000e+00
1.000000000000000000e+01
1.000000000000000000e+00
3.000000000000000000e+00
3.000000000000000000e+00
3.000000000000000000e+00
1.000000000000000000e+00
3.000000000000000000e+00
9.000000000000000000e+00
1.000000000000000000e+00
1.000000000000000000e+00
2.000000000000000000e+00
8.000000000000000000e+00
5.000000000000000000e+00
1.000000000000000000e+00
1.000000000000000000e+00
1.000000000000000000e+00
4.000000000000000000e+00
3.000000000000000000e+00
1.000000000000000000e+00
1.000000000000000000e+00
1.000000000000000000e+00
1.000000000000000000e+00
1.000000000000000000e+00
1.000000000000000000e+00
