1.314000000000000000e+03
1.479000000000000000e+03
1.603000000000000000e+03
1.616000000000000000e+03
5.660000000000000000e+02
7.010000000000000000e+02
1.409000000000000000e+03
3.040000000000000000e+02
1.196000000000000000e+03
1.471000000000000000e+03
5.720000000000000000e+02
9.560000000000000000e+02
5.200000000000000000e+02
1.095000000000000000e+03
1.478000000000000000e+03
1.577000000000000000e+03
1.468000000000000000e+03
9.780000000000000000e+02
1.422000000000000000e+03
8.330000000000000000e+02
1.520000000000000000e+03
8.720000000000000000e+02
1.099000000000000000e+03
9.690000000000000000e+02
6.480000000000000000e+02
4.990000000000000000e+02
1.527000000000000000e+03
7.370000000000000000e+02
1.050000000000000000e+03
2.140000000000000000e+02
7.950000000000000000e+02
9.320000000000000000e+02
1.546000000000000000e+03
1.586000000000000000e+03
1.580000000000000000e+03
1.526000000000000000e+03
1.316000000000000000e+03
4.800000000000000000e+01
7.260000000000000000e+02
1.119000000000000000e+03
9.350000000000000000e+02
1.080000000000000000e+03
1.466000000000000000e+03
1.472000000000000000e+03
1.343000000000000000e+03
5.860000000000000000e+02
5.090000000000000000e+02
9.620000000000000000e+02
1.568000000000000000e+03
2.370000000000000000e+02
1.427000000000000000e+03
4.800000000000000000e+02
1.294000000000000000e+03
1.535000000000000000e+03
1.326000000000000000e+03
5.130000000000000000e+02
2.160000000000000000e+02
7.300000000000000000e+02
8.240000000000000000e+02
1.309000000000000000e+03
1.552000000000000000e+03
1.192000000000000000e+03
1.585000000000000000e+03
1.447000000000000000e+03
4.780000000000000000e+02
1.554000000000000000e+03
6.880000000000000000e+02
3.450000000000000000e+02
1.590000000000000000e+02
4.110000000000000000e+02
6.990000000000000000e+02
1.063000000000000000e+03
1.370000000000000000e+03
2.910000000000000000e+02
8.840000000000000000e+02
8.210000000000000000e+02
1.050000000000000000e+02
1.534000000000000000e+03
1.377000000000000000e+03
5.570000000000000000e+02
5.670000000000000000e+02
3.910000000000000000e+02
8.400000000000000000e+01
1.434000000000000000e+03
1.534000000000000000e+03
3.960000000000000000e+02
1.510000000000000000e+02
1.267000000000000000e+03
1.218000000000000000e+03
6.900000000000000000e+01
3.200000000000000000e+01
3.150000000000000000e+02
1.360000000000000000e+02
2.880000000000000000e+02
8.940000000000000000e+02
3.610000000000000000e+02
3.120000000000000000e+02
4.700000000000000000e+01
7.080000000000000000e+02
6.320000000000000000e+02
5.050000000000000000e+02
1.130000000000000000e+03
3.140000000000000000e+02
3.900000000000000000e+02
2.800000000000000000e+01
1.020000000000000000e+02
1.057000000000000000e+03
1.250000000000000000e+02
6.200000000000000000e+01
2.570000000000000000e+02
1.930000000000000000e+02
8.500000000000000000e+01
5.900000000000000000e+01
1.080000000000000000e+02
2.200000000000000000e+01
3.260000000000000000e+02
1.580000000000000000e+02
1.740000000000000000e+02
1.680000000000000000e+02
1.410000000000000000e+02
2.200000000000000000e+01
2.300000000000000000e+02
3.920000000000000000e+02
2.440000000000000000e+02
9.000000000000000000e+01
8.800000000000000000e+01
1.780000000000000000e+02
1.300000000000000000e+02
7.100000000000000000e+01
6.000000000000000000e+00
1.400000000000000000e+01
6.000000000000000000e+01
1.390000000000000000e+02
2.240000000000000000e+02
5.000000000000000000e+01
7.200000000000000000e+01
3.900000000000000000e+01
8.000000000000000000e+01
7.900000000000000000e+01
9.400000000000000000e+01
4.200000000000000000e+01
4.900000000000000000e+01
2.600000000000000000e+01
2.800000000000000000e+01
3.400000000000000000e+01
7.000000000000000000e+01
3.000000000000000000e+00
1.900000000000000000e+01
4.400000000000000000e+01
2.200000000000000000e+01
1.200000000000000000e+01
7.000000000000000000e+00
1.400000000000000000e+01
3.000000000000000000e+00
1.000000000000000000e+00
6.000000000000000000e+00
3.000000000000000000e+00
4.800000000000000000e+01
1.100000000000000000e+01
2.100000000000000000e+01
9.000000000000000000e+00
2.300000000000000000e+01
1.700000000000000000e+01
1.600000000000000000e+01
6.000000000000000000e+00
1.500000000000000000e+01
1.000000000000000000e+00
1.000000000000000000e+00
1.400000000000000000e+01
1.000000000000000000e+00
1.000000000000000000e+00
7.000000000000000000e+00
1.300000000000000000e+01
1.500000000000000000e+01
7.000000000000000000e+00
4.000000000000000000e+00
1.000000000000000000e+00
3.000000000000000000e+00
4.000000000000000000e+00
7.000000000000000000e+00
2.000000000000000000e+00
6.000000000000000000e+00
2.000000000000000000e+00
3.000000000000000000e+00
1.000000000000000000e+00
1.000000000000000000e+00
5.000000000000000000e+00
2.000000000000000000e+00
1.000000000000000000e+00
1.000000000000000000e+00
1.000000000000000000e+00
1.000000000000000000e+00
2.000000000000000000e+00
1.000000000000000000e+00
1.000000000000000000e+00
2.000000000000000000e+00
1.000000000000000000e+00
1.000000000000000000e+00
2.000000000000000000e+00
1.000000000000000000e+00
1.000000000000000000e+00
1.000000000000000000e+00
