4.700000000000000000e+01
1.200000000000000000e+03
9.950000000000000000e+02
1.005000000000000000e+03
1.256000000000000000e+03
1.789000000000000000e+03
4.530000000000000000e+02
1.751000000000000000e+03
1.789000000000000000e+03
1.150000000000000000e+03
1.735000000000000000e+03
1.466000000000000000e+03
1.043000000000000000e+03
1.578000000000000000e+03
1.492000000000000000e+03
2.250000000000000000e+02
1.691000000000000000e+03
1.724000000000000000e+03
3.760000000000000000e+02
1.050000000000000000e+02
8.800000000000000000e+02
1.397000000000000000e+03
1.448000000000000000e+03
1.620000000000000000e+03
1.657000000000000000e+03
1.086000000000000000e+03
1.740000000000000000e+03
1.760000000000000000e+03
1.549000000000000000e+03
6.070000000000000000e+02
1.405000000000000000e+03
1.265000000000000000e+03
1.337000000000000000e+03
1.505000000000000000e+03
7.380000000000000000e+02
1.516000000000000000e+03
3.650000000000000000e+02
8.190000000000000000e+02
7.780000000000000000e+02
7.090000000000000000e+02
1.040000000000000000e+02
7.080000000000000000e+02
3.600000000000000000e+02
1.753000000000000000e+03
1.631000000000000000e+03
5.230000000000000000e+02
6.430000000000000000e+02
1.638000000000000000e+03
1.114000000000000000e+03
1.165000000000000000e+03
1.313000000000000000e+03
1.737000000000000000e+03
4.180000000000000000e+02
1.728000000000000000e+03
1.659000000000000000e+03
1.309000000000000000e+03
1.740000000000000000e+02
1.000000000000000000e+00
1.730000000000000000e+02
8.260000000000000000e+02
9.210000000000000000e+02
1.280000000000000000e+03
1.441000000000000000e+03
7.000000000000000000e+01
3.000000000000000000e+01
5.970000000000000000e+02
6.300000000000000000e+02
1.171000000000000000e+03
1.695000000000000000e+03
1.720000000000000000e+03
1.789000000000000000e+03
7.870000000000000000e+02
1.627000000000000000e+03
1.100000000000000000e+01
1.462000000000000000e+03
1.700000000000000000e+02
2.620000000000000000e+02
1.099000000000000000e+03
1.401000000000000000e+03
1.692000000000000000e+03
1.550000000000000000e+02
8.750000000000000000e+02
4.130000000000000000e+02
5.460000000000000000e+02
1.036000000000000000e+03
3.200000000000000000e+02
5.260000000000000000e+02
3.350000000000000000e+02
6.700000000000000000e+01
5.000000000000000000e+02
5.860000000000000000e+02
3.300000000000000000e+01
8.600000000000000000e+01
3.930000000000000000e+02
2.460000000000000000e+02
2.220000000000000000e+02
8.970000000000000000e+02
5.260000000000000000e+02
4.000000000000000000e+01
8.550000000000000000e+02
5.500000000000000000e+01
5.800000000000000000e+01
1.660000000000000000e+02
2.900000000000000000e+02
1.520000000000000000e+02
4.740000000000000000e+02
4.900000000000000000e+02
1.020000000000000000e+02
8.100000000000000000e+01
3.200000000000000000e+01
9.000000000000000000e+01
3.280000000000000000e+02
1.480000000000000000e+02
1.630000000000000000e+02
4.000000000000000000e+00
6.510000000000000000e+02
1.810000000000000000e+02
1.000000000000000000e+00
1.330000000000000000e+02
2.200000000000000000e+01
6.800000000000000000e+01
2.300000000000000000e+01
1.950000000000000000e+02
1.990000000000000000e+02
1.270000000000000000e+02
6.400000000000000000e+01
2.700000000000000000e+01
2.660000000000000000e+02
5.300000000000000000e+01
2.900000000000000000e+01
1.230000000000000000e+02
7.000000000000000000e+00
1.160000000000000000e+02
1.900000000000000000e+01
4.200000000000000000e+01
9.000000000000000000e+00
6.200000000000000000e+01
4.000000000000000000e+00
5.400000000000000000e+01
4.400000000000000000e+01
1.100000000000000000e+01
2.200000000000000000e+01
7.300000000000000000e+01
8.000000000000000000e+00
1.100000000000000000e+01
2.000000000000000000e+00
9.000000000000000000e+00
7.000000000000000000e+00
7.000000000000000000e+00
2.800000000000000000e+01
1.000000000000000000e+01
2.200000000000000000e+01
3.000000000000000000e+00
3.000000000000000000e+00
7.000000000000000000e+00
4.000000000000000000e+00
1.200000000000000000e+01
2.000000000000000000e+00
7.000000000000000000e+00
5.000000000000000000e+00
3.000000000000000000e+00
3.000000000000000000e+00
1.000000000000000000e+00
5.000000000000000000e+00
4.000000000000000000e+00
6.000000000000000000e+00
1.100000000000000000e+01
3.000000000000000000e+00
6.000000000000000000e+00
2.000000000000000000e+00
2.000000000000000000e+00
1.000000000000000000e+00
2.000000000000000000e+00
2.000000000000000000e+00
1.000000000000000000e+00
1.000000000000000000e+00
1.000000000000000000e+00
1.000000000000000000e+00
