1.502000000000000000e+03
1.783000000000000000e+03
7.920000000000000000e+02
1.782000000000000000e+03
2.270000000000000000e+02
7.050000000000000000e+02
1.817000000000000000e+03
1.185000000000000000e+03
1.783000000000000000e+03
1.626000000000000000e+03
1.173000000000000000e+03
1.728000000000000000e+03
1.596000000000000000e+03
1.798000000000000000e+03
1.757000000000000000e+03
1.719000000000000000e+03
1.749000000000000000e+03
1.655000000000000000e+03
1.741000000000000000e+03
1.268000000000000000e+03
1.446000000000000000e+03
9.130000000000000000e+02
6.590000000000000000e+02
1.373000000000000000e+03
1.304000000000000000e+03
4.340000000000000000e+02
1.082000000000000000e+03
5.540000000000000000e+02
1.290000000000000000e+03
5.640000000000000000e+02
1.428000000000000000e+03
4.000000000000000000e+02
1.349000000000000000e+03
1.231000000000000000e+03
1.714000000000000000e+03
1.492000000000000000e+03
1.735000000000000000e+03
1.465000000000000000e+03
5.970000000000000000e+02
8.280000000000000000e+02
6.770000000000000000e+02
1.603000000000000000e+03
3.850000000000000000e+02
1.350000000000000000e+02
1.410000000000000000e+02
9.000000000000000000e+00
1.730000000000000000e+02
2.280000000000000000e+02
1.373000000000000000e+03
1.862000000000000000e+03
1.154000000000000000e+03
1.604000000000000000e+03
1.675000000000000000e+03
1.798000000000000000e+03
9.590000000000000000e+02
1.059000000000000000e+03
1.612000000000000000e+03
8.860000000000000000e+02
7.060000000000000000e+02
9.250000000000000000e+02
8.520000000000000000e+02
1.114000000000000000e+03
1.060000000000000000e+03
1.740000000000000000e+02
5.790000000000000000e+02
3.800000000000000000e+02
6.110000000000000000e+02
6.040000000000000000e+02
8.590000000000000000e+02
1.254000000000000000e+03
1.835000000000000000e+03
8.650000000000000000e+02
1.020000000000000000e+02
1.071000000000000000e+03
1.597000000000000000e+03
2.230000000000000000e+02
1.759000000000000000e+03
1.170000000000000000e+02
3.340000000000000000e+02
1.230000000000000000e+02
5.090000000000000000e+02
9.610000000000000000e+02
1.346000000000000000e+03
5.960000000000000000e+02
1.155000000000000000e+03
2.680000000000000000e+02
2.200000000000000000e+02
4.350000000000000000e+02
2.450000000000000000e+02
2.790000000000000000e+02
5.190000000000000000e+02
1.643000000000000000e+03
2.750000000000000000e+02
4.060000000000000000e+02
3.410000000000000000e+02
7.500000000000000000e+01
1.190000000000000000e+02
3.130000000000000000e+02
2.170000000000000000e+02
3.000000000000000000e+00
7.540000000000000000e+02
1.710000000000000000e+02
1.160000000000000000e+02
1.630000000000000000e+02
1.500000000000000000e+01
2.670000000000000000e+02
3.800000000000000000e+01
4.030000000000000000e+02
9.200000000000000000e+01
9.200000000000000000e+01
6.500000000000000000e+01
1.040000000000000000e+02
6.100000000000000000e+01
4.500000000000000000e+01
8.200000000000000000e+01
4.340000000000000000e+02
7.900000000000000000e+01
1.700000000000000000e+01
3.040000000000000000e+02
1.530000000000000000e+02
1.900000000000000000e+01
2.800000000000000000e+01
5.100000000000000000e+01
2.600000000000000000e+01
4.100000000000000000e+01
9.000000000000000000e+00
7.900000000000000000e+01
2.900000000000000000e+01
4.500000000000000000e+01
6.300000000000000000e+01
3.700000000000000000e+01
2.700000000000000000e+01
3.900000000000000000e+01
5.900000000000000000e+01
4.000000000000000000e+00
1.400000000000000000e+01
1.100000000000000000e+01
1.000000000000000000e+00
5.000000000000000000e+00
6.000000000000000000e+00
3.900000000000000000e+01
1.300000000000000000e+01
2.600000000000000000e+01
1.000000000000000000e+00
2.200000000000000000e+01
5.500000000000000000e+01
1.700000000000000000e+01
1.200000000000000000e+01
7.000000000000000000e+00
1.400000000000000000e+01
1.300000000000000000e+01
1.500000000000000000e+01
8.000000000000000000e+00
3.000000000000000000e+00
5.000000000000000000e+00
1.000000000000000000e+00
2.000000000000000000e+00
1.000000000000000000e+00
7.000000000000000000e+00
3.000000000000000000e+00
1.000000000000000000e+00
1.500000000000000000e+01
4.000000000000000000e+00
3.000000000000000000e+00
3.000000000000000000e+00
2.000000000000000000e+00
4.000000000000000000e+00
3.000000000000000000e+00
1.000000000000000000e+00
1.000000000000000000e+00
1.000000000000000000e+00
2.000000000000000000e+00
1.000000000000000000e+00
1.000000000000000000e+00
