1.681000000000000000e+03
1.593000000000000000e+03
1.246000000000000000e+03
1.409000000000000000e+03
1.698000000000000000e+03
1.718000000000000000e+03
7.980000000000000000e+02
1.735000000000000000e+03
1.022000000000000000e+03
1.123000000000000000e+03
9.040000000000000000e+02
1.040000000000000000e+03
3.470000000000000000e+02
1.123000000000000000e+03
1.720000000000000000e+03
1.387000000000000000e+03
1.284000000000000000e+03
1.785000000000000000e+03
1.703000000000000000e+03
1.455000000000000000e+03
1.443000000000000000e+03
1.113000000000000000e+03
1.282000000000000000e+03
1.518000000000000000e+03
5.350000000000000000e+02
6.720000000000000000e+02
3.440000000000000000e+02
1.159000000000000000e+03
1.555000000000000000e+03
1.758000000000000000e+03
1.603000000000000000e+03
7.720000000000000000e+02
9.700000000000000000e+01
1.743000000000000000e+03
1.670000000000000000e+03
1.225000000000000000e+03
2.690000000000000000e+02
1.451000000000000000e+03
1.706000000000000000e+03
1.602000000000000000e+03
1.624000000000000000e+03
1.787000000000000000e+03
2.540000000000000000e+02
8.740000000000000000e+02
1.332000000000000000e+03
7.990000000000000000e+02
1.960000000000000000e+02
4.700000000000000000e+02
1.407000000000000000e+03
1.067000000000000000e+03
1.693000000000000000e+03
1.408000000000000000e+03
9.060000000000000000e+02
3.070000000000000000e+02
1.423000000000000000e+03
1.607000000000000000e+03
1.620000000000000000e+03
1.256000000000000000e+03
3.430000000000000000e+02
6.260000000000000000e+02
7.680000000000000000e+02
5.400000000000000000e+01
1.048000000000000000e+03
1.230000000000000000e+03
5.430000000000000000e+02
8.940000000000000000e+02
5.610000000000000000e+02
4.530000000000000000e+02
5.940000000000000000e+02
1.740000000000000000e+03
8.880000000000000000e+02
1.160000000000000000e+02
7.000000000000000000e+00
5.310000000000000000e+02
1.462000000000000000e+03
1.502000000000000000e+03
1.100000000000000000e+01
4.080000000000000000e+02
1.692000000000000000e+03
3.800000000000000000e+01
6.530000000000000000e+02
9.300000000000000000e+02
2.470000000000000000e+02
1.720000000000000000e+02
7.600000000000000000e+01
9.830000000000000000e+02
6.160000000000000000e+02
4.510000000000000000e+02
7.420000000000000000e+02
3.830000000000000000e+02
2.870000000000000000e+02
2.490000000000000000e+02
1.740000000000000000e+02
7.270000000000000000e+02
7.500000000000000000e+01
4.330000000000000000e+02
1.950000000000000000e+02
3.520000000000000000e+02
1.640000000000000000e+02
4.550000000000000000e+02
1.018000000000000000e+03
8.200000000000000000e+01
6.770000000000000000e+02
9.200000000000000000e+01
4.200000000000000000e+01
1.940000000000000000e+02
4.470000000000000000e+02
4.000000000000000000e+00
3.490000000000000000e+02
1.900000000000000000e+02
9.600000000000000000e+01
7.500000000000000000e+01
2.410000000000000000e+02
1.500000000000000000e+01
3.100000000000000000e+01
1.000000000000000000e+00
3.700000000000000000e+01
1.000000000000000000e+00
1.900000000000000000e+01
2.400000000000000000e+01
8.200000000000000000e+01
7.000000000000000000e+01
1.400000000000000000e+01
1.300000000000000000e+02
1.590000000000000000e+02
1.870000000000000000e+02
3.100000000000000000e+01
3.600000000000000000e+01
1.700000000000000000e+01
1.310000000000000000e+02
5.100000000000000000e+01
1.010000000000000000e+02
6.800000000000000000e+01
5.200000000000000000e+01
2.670000000000000000e+02
1.800000000000000000e+01
9.000000000000000000e+00
4.000000000000000000e+01
5.700000000000000000e+01
1.340000000000000000e+02
4.000000000000000000e+00
2.000000000000000000e+01
6.300000000000000000e+01
4.200000000000000000e+01
4.000000000000000000e+01
1.110000000000000000e+02
2.500000000000000000e+01
8.000000000000000000e+00
2.000000000000000000e+01
2.200000000000000000e+01
1.000000000000000000e+01
4.000000000000000000e+00
4.000000000000000000e+00
9.000000000000000000e+00
3.000000000000000000e+01
8.000000000000000000e+00
1.000000000000000000e+00
7.000000000000000000e+00
2.000000000000000000e+00
2.000000000000000000e+00
1.400000000000000000e+01
5.000000000000000000e+00
3.000000000000000000e+00
1.900000000000000000e+01
5.000000000000000000e+00
1.000000000000000000e+00
1.000000000000000000e+00
5.000000000000000000e+00
3.000000000000000000e+00
1.000000000000000000e+00
1.000000000000000000e+00
4.000000000000000000e+00
1.000000000000000000e+00
5.000000000000000000e+00
1.000000000000000000e+00
3.000000000000000000e+00
2.000000000000000000e+00
3.000000000000000000e+00
2.000000000000000000e+00
2.000000000000000000e+00
4.000000000000000000e+00
1.000000000000000000e+00
1.000000000000000000e+00
1.000000000000000000e+00
