6.290000000000000000e+02
1.620000000000000000e+02
1.648000000000000000e+03
1.645000000000000000e+03
3.240000000000000000e+02
1.806000000000000000e+03
7.330000000000000000e+02
1.208000000000000000e+03
1.675000000000000000e+03
1.718000000000000000e+03
1.581000000000000000e+03
1.118000000000000000e+03
1.364000000000000000e+03
1.740000000000000000e+03
1.721000000000000000e+03
1.243000000000000000e+03
1.318000000000000000e+03
1.646000000000000000e+03
1.471000000000000000e+03
8.830000000000000000e+02
6.440000000000000000e+02
1.665000000000000000e+03
4.480000000000000000e+02
1.757000000000000000e+03
1.372000000000000000e+03
1.397000000000000000e+03
1.007000000000000000e+03
6.550000000000000000e+02
1.771000000000000000e+03
1.850000000000000000e+02
1.709000000000000000e+03
3.810000000000000000e+02
1.620000000000000000e+03
1.800000000000000000e+03
1.781000000000000000e+03
1.633000000000000000e+03
3.350000000000000000e+02
1.524000000000000000e+03
4.850000000000000000e+02
1.482000000000000000e+03
1.772000000000000000e+03
7.710000000000000000e+02
1.782000000000000000e+03
1.490000000000000000e+03
9.050000000000000000e+02
2.900000000000000000e+01
1.800000000000000000e+02
8.440000000000000000e+02
4.760000000000000000e+02
5.460000000000000000e+02
2.800000000000000000e+02
1.110000000000000000e+03
7.720000000000000000e+02
1.391000000000000000e+03
1.043000000000000000e+03
1.380000000000000000e+03
3.550000000000000000e+02
9.370000000000000000e+02
1.677000000000000000e+03
4.190000000000000000e+02
1.531000000000000000e+03
1.541000000000000000e+03
8.520000000000000000e+02
5.790000000000000000e+02
1.860000000000000000e+02
5.070000000000000000e+02
9.300000000000000000e+01
2.830000000000000000e+02
1.638000000000000000e+03
1.707000000000000000e+03
1.780000000000000000e+02
2.370000000000000000e+02
7.030000000000000000e+02
1.412000000000000000e+03
2.060000000000000000e+02
7.290000000000000000e+02
6.600000000000000000e+02
2.180000000000000000e+02
1.160000000000000000e+02
1.980000000000000000e+02
3.500000000000000000e+01
1.053000000000000000e+03
1.179000000000000000e+03
5.960000000000000000e+02
1.182000000000000000e+03
2.870000000000000000e+02
1.255000000000000000e+03
6.700000000000000000e+01
2.610000000000000000e+02
7.600000000000000000e+01
1.194000000000000000e+03
3.690000000000000000e+02
4.810000000000000000e+02
4.120000000000000000e+02
8.660000000000000000e+02
3.200000000000000000e+01
1.109000000000000000e+03
1.446000000000000000e+03
9.800000000000000000e+01
8.100000000000000000e+02
8.450000000000000000e+02
1.064000000000000000e+03
4.280000000000000000e+02
3.310000000000000000e+02
1.220000000000000000e+02
4.100000000000000000e+01
4.900000000000000000e+02
1.360000000000000000e+02
8.100000000000000000e+01
1.700000000000000000e+01
1.380000000000000000e+02
2.000000000000000000e+01
7.900000000000000000e+01
1.070000000000000000e+02
2.170000000000000000e+02
3.700000000000000000e+01
1.430000000000000000e+02
7.700000000000000000e+01
2.250000000000000000e+02
9.000000000000000000e+00
1.600000000000000000e+01
5.500000000000000000e+01
7.800000000000000000e+01
1.200000000000000000e+01
9.000000000000000000e+00
4.870000000000000000e+02
1.100000000000000000e+01
1.120000000000000000e+02
8.000000000000000000e+00
1.700000000000000000e+01
1.170000000000000000e+02
1.900000000000000000e+01
5.500000000000000000e+01
8.000000000000000000e+00
3.800000000000000000e+01
4.200000000000000000e+01
7.000000000000000000e+00
5.300000000000000000e+01
4.400000000000000000e+01
3.200000000000000000e+01
6.000000000000000000e+00
3.000000000000000000e+00
1.100000000000000000e+01
2.600000000000000000e+01
5.200000000000000000e+01
1.600000000000000000e+01
1.800000000000000000e+01
2.900000000000000000e+01
2.400000000000000000e+01
1.000000000000000000e+00
1.100000000000000000e+01
3.000000000000000000e+00
3.000000000000000000e+00
3.000000000000000000e+00
7.300000000000000000e+01
2.000000000000000000e+00
4.000000000000000000e+00
2.000000000000000000e+00
9.000000000000000000e+00
9.000000000000000000e+00
3.000000000000000000e+00
3.000000000000000000e+00
2.000000000000000000e+00
3.000000000000000000e+00
3.000000000000000000e+00
2.000000000000000000e+00
2.000000000000000000e+00
8.000000000000000000e+00
1.000000000000000000e+00
1.000000000000000000e+00
4.000000000000000000e+00
2.000000000000000000e+00
1.000000000000000000e+00
2.000000000000000000e+00
1.000000000000000000e+00
1.000000000000000000e+00
1.000000000000000000e+00
1.000000000000000000e+00
1.000000000000000000e+00
1.000000000000000000e+00
