9.560000000000000000e+02
1.872000000000000000e+03
1.316000000000000000e+03
1.820000000000000000e+02
6.010000000000000000e+02
1.634000000000000000e+03
1.215000000000000000e+03
1.501000000000000000e+03
1.775000000000000000e+03
2.730000000000000000e+02
7.060000000000000000e+02
8.290000000000000000e+02
1.430000000000000000e+03
7.750000000000000000e+02
6.140000000000000000e+02
2.580000000000000000e+02
4.670000000000000000e+02
7.420000000000000000e+02
1.755000000000000000e+03
1.551000000000000000e+03
8.860000000000000000e+02
1.465000000000000000e+03
1.382000000000000000e+03
1.792000000000000000e+03
1.776000000000000000e+03
1.117000000000000000e+03
9.990000000000000000e+02
1.078000000000000000e+03
1.654000000000000000e+03
6.920000000000000000e+02
1.427000000000000000e+03
9.330000000000000000e+02
5.000000000000000000e+02
1.730000000000000000e+03
1.234000000000000000e+03
6.810000000000000000e+02
8.820000000000000000e+02
7.850000000000000000e+02
1.338000000000000000e+03
1.786000000000000000e+03
1.747000000000000000e+03
1.770000000000000000e+03
2.960000000000000000e+02
1.573000000000000000e+03
1.019000000000000000e+03
1.030000000000000000e+02
1.819000000000000000e+03
1.300000000000000000e+03
8.510000000000000000e+02
1.540000000000000000e+02
2.310000000000000000e+02
1.725000000000000000e+03
1.559000000000000000e+03
1.370000000000000000e+03
1.817000000000000000e+03
8.130000000000000000e+02
1.637000000000000000e+03
1.561000000000000000e+03
1.770000000000000000e+03
9.770000000000000000e+02
8.700000000000000000e+01
8.210000000000000000e+02
3.650000000000000000e+02
1.876000000000000000e+03
1.205000000000000000e+03
1.195000000000000000e+03
4.400000000000000000e+02
4.780000000000000000e+02
1.061000000000000000e+03
1.725000000000000000e+03
1.341000000000000000e+03
1.363000000000000000e+03
1.650000000000000000e+02
1.720000000000000000e+03
3.200000000000000000e+01
2.460000000000000000e+02
1.702000000000000000e+03
1.135000000000000000e+03
1.445000000000000000e+03
1.716000000000000000e+03
5.740000000000000000e+02
6.700000000000000000e+02
8.900000000000000000e+01
1.524000000000000000e+03
1.390000000000000000e+02
5.410000000000000000e+02
2.700000000000000000e+02
4.400000000000000000e+01
3.910000000000000000e+02
1.180000000000000000e+02
1.840000000000000000e+02
3.940000000000000000e+02
1.290000000000000000e+02
3.700000000000000000e+02
3.810000000000000000e+02
4.000000000000000000e+02
6.800000000000000000e+01
2.600000000000000000e+02
2.170000000000000000e+02
2.000000000000000000e+02
6.080000000000000000e+02
5.480000000000000000e+02
2.400000000000000000e+01
5.700000000000000000e+01
3.230000000000000000e+02
3.390000000000000000e+02
1.200000000000000000e+01
3.290000000000000000e+02
2.640000000000000000e+02
1.500000000000000000e+01
1.300000000000000000e+01
1.390000000000000000e+02
1.000000000000000000e+02
2.600000000000000000e+01
4.200000000000000000e+01
5.600000000000000000e+01
4.400000000000000000e+01
1.660000000000000000e+02
2.800000000000000000e+01
1.000000000000000000e+01
7.200000000000000000e+01
1.450000000000000000e+02
9.600000000000000000e+01
1.100000000000000000e+01
1.700000000000000000e+01
1.010000000000000000e+02
1.400000000000000000e+01
6.700000000000000000e+01
4.800000000000000000e+01
9.100000000000000000e+01
3.700000000000000000e+01
1.300000000000000000e+01
3.700000000000000000e+01
2.200000000000000000e+01
2.500000000000000000e+01
4.000000000000000000e+00
4.000000000000000000e+00
5.000000000000000000e+00
2.800000000000000000e+01
2.000000000000000000e+00
9.000000000000000000e+00
3.000000000000000000e+00
3.800000000000000000e+01
4.100000000000000000e+01
1.000000000000000000e+00
8.000000000000000000e+00
1.100000000000000000e+01
2.500000000000000000e+01
3.000000000000000000e+00
2.000000000000000000e+00
5.000000000000000000e+00
4.000000000000000000e+00
1.000000000000000000e+01
1.000000000000000000e+00
2.000000000000000000e+00
1.000000000000000000e+00
4.000000000000000000e+00
1.100000000000000000e+01
1.000000000000000000e+01
2.200000000000000000e+01
2.000000000000000000e+00
1.000000000000000000e+01
5.000000000000000000e+00
1.000000000000000000e+00
6.000000000000000000e+00
4.000000000000000000e+00
2.000000000000000000e+00
1.000000000000000000e+00
1.000000000000000000e+00
2.000000000000000000e+00
1.000000000000000000e+00
1.000000000000000000e+00
2.000000000000000000e+00
1.000000000000000000e+00
1.000000000000000000e+00
2.000000000000000000e+00
1.000000000000000000e+00
2.000000000000000000e+00
