1.384000000000000000e+03
1.007000000000000000e+03
1.249000000000000000e+03
1.377000000000000000e+03
1.213000000000000000e+03
3.640000000000000000e+02
6.540000000000000000e+02
8.940000000000000000e+02
1.210000000000000000e+03
7.910000000000000000e+02
1.150000000000000000e+03
7.350000000000000000e+02
4.800000000000000000e+01
1.401000000000000000e+03
1.113000000000000000e+03
1.370000000000000000e+03
1.109000000000000000e+03
8.420000000000000000e+02
9.680000000000000000e+02
1.159000000000000000e+03
2.560000000000000000e+02
1.410000000000000000e+03
1.321000000000000000e+03
1.376000000000000000e+03
8.210000000000000000e+02
1.194000000000000000e+03
1.020000000000000000e+02
4.130000000000000000e+02
1.388000000000000000e+03
8.850000000000000000e+02
2.170000000000000000e+02
7.650000000000000000e+02
1.332000000000000000e+03
2.400000000000000000e+01
7.330000000000000000e+02
3.550000000000000000e+02
1.313000000000000000e+03
1.061000000000000000e+03
1.071000000000000000e+03
1.410000000000000000e+02
1.163000000000000000e+03
1.219000000000000000e+03
7.660000000000000000e+02
1.422000000000000000e+03
1.379000000000000000e+03
1.388000000000000000e+03
1.318000000000000000e+03
4.560000000000000000e+02
2.990000000000000000e+02
1.112000000000000000e+03
1.388000000000000000e+03
5.560000000000000000e+02
9.940000000000000000e+02
6.920000000000000000e+02
1.219000000000000000e+03
1.439000000000000000e+03
1.415000000000000000e+03
2.970000000000000000e+02
1.367000000000000000e+03
7.070000000000000000e+02
4.990000000000000000e+02
1.404000000000000000e+03
8.900000000000000000e+02
5.640000000000000000e+02
1.403000000000000000e+03
1.890000000000000000e+02
1.387000000000000000e+03
9.080000000000000000e+02
1.400000000000000000e+03
3.830000000000000000e+02
1.089000000000000000e+03
1.198000000000000000e+03
2.890000000000000000e+02
9.460000000000000000e+02
1.394000000000000000e+03
1.860000000000000000e+02
3.700000000000000000e+02
1.223000000000000000e+03
5.130000000000000000e+02
4.120000000000000000e+02
4.270000000000000000e+02
5.120000000000000000e+02
8.500000000000000000e+01
1.214000000000000000e+03
5.210000000000000000e+02
4.860000000000000000e+02
9.920000000000000000e+02
1.049000000000000000e+03
6.530000000000000000e+02
6.280000000000000000e+02
1.016000000000000000e+03
6.660000000000000000e+02
1.268000000000000000e+03
4.370000000000000000e+02
3.590000000000000000e+02
1.470000000000000000e+03
2.590000000000000000e+02
6.040000000000000000e+02
6.400000000000000000e+01
6.750000000000000000e+02
1.293000000000000000e+03
3.830000000000000000e+02
2.040000000000000000e+02
3.050000000000000000e+02
1.880000000000000000e+02
5.980000000000000000e+02
3.380000000000000000e+02
5.480000000000000000e+02
4.200000000000000000e+01
7.830000000000000000e+02
8.350000000000000000e+02
6.360000000000000000e+02
6.900000000000000000e+01
1.148000000000000000e+03
1.110000000000000000e+02
3.700000000000000000e+01
4.900000000000000000e+01
2.700000000000000000e+02
2.130000000000000000e+02
1.320000000000000000e+02
1.010000000000000000e+02
3.980000000000000000e+02
8.200000000000000000e+01
1.610000000000000000e+02
8.500000000000000000e+01
4.750000000000000000e+02
1.900000000000000000e+02
1.450000000000000000e+02
2.940000000000000000e+02
4.500000000000000000e+01
1.300000000000000000e+02
1.560000000000000000e+02
1.820000000000000000e+02
1.800000000000000000e+01
1.970000000000000000e+02
1.400000000000000000e+01
2.470000000000000000e+02
5.700000000000000000e+01
8.600000000000000000e+01
1.500000000000000000e+01
4.000000000000000000e+01
2.700000000000000000e+01
8.100000000000000000e+01
3.600000000000000000e+01
1.070000000000000000e+02
2.700000000000000000e+01
7.800000000000000000e+01
6.000000000000000000e+00
1.010000000000000000e+02
1.120000000000000000e+02
1.210000000000000000e+02
3.600000000000000000e+01
6.700000000000000000e+01
1.300000000000000000e+01
1.260000000000000000e+02
1.530000000000000000e+02
2.100000000000000000e+01
2.000000000000000000e+01
5.600000000000000000e+01
4.800000000000000000e+01
3.800000000000000000e+01
5.000000000000000000e+00
2.200000000000000000e+01
2.900000000000000000e+01
5.500000000000000000e+01
4.000000000000000000e+00
2.100000000000000000e+01
6.000000000000000000e+01
5.000000000000000000e+00
3.000000000000000000e+00
2.200000000000000000e+01
9.400000000000000000e+01
1.500000000000000000e+01
2.200000000000000000e+01
1.400000000000000000e+01
2.000000000000000000e+00
1.300000000000000000e+01
1.500000000000000000e+01
6.000000000000000000e+00
6.000000000000000000e+00
4.000000000000000000e+00
2.500000000000000000e+01
8.000000000000000000e+00
6.000000000000000000e+00
4.000000000000000000e+00
4.000000000000000000e+00
6.000000000000000000e+00
1.000000000000000000e+00
7.000000000000000000e+00
6.000000000000000000e+00
1.500000000000000000e+01
6.000000000000000000e+00
1.000000000000000000e+00
3.000000000000000000e+00
1.000000000000000000e+00
2.000000000000000000e+00
1.000000000000000000e+00
3.000000000000000000e+00
4.000000000000000000e+00
3.000000000000000000e+00
2.000000000000000000e+00
1.000000000000000000e+00
4.000000000000000000e+00
5.000000000000000000e+00
5.000000000000000000e+00
1.100000000000000000e+01
1.000000000000000000e+00
3.000000000000000000e+00
6.000000000000000000e+00
1.000000000000000000e+00
4.000000000000000000e+00
2.000000000000000000e+00
2.000000000000000000e+00
1.000000000000000000e+00
1.000000000000000000e+00
3.000000000000000000e+00
1.000000000000000000e+00
1.000000000000000000e+00
1.000000000000000000e+00
1.000000000000000000e+00
1.000000000000000000e+00
1.000000000000000000e+00
1.000000000000000000e+00
