1.745000000000000000e+03
1.164000000000000000e+03
1.699000000000000000e+03
1.739000000000000000e+03
1.166000000000000000e+03
1.680000000000000000e+03
2.960000000000000000e+02
1.868000000000000000e+03
6.040000000000000000e+02
9.440000000000000000e+02
9.540000000000000000e+02
1.031000000000000000e+03
1.660000000000000000e+03
1.382000000000000000e+03
1.491000000000000000e+03
1.472000000000000000e+03
1.169000000000000000e+03
1.761000000000000000e+03
4.690000000000000000e+02
1.234000000000000000e+03
1.670000000000000000e+03
6.090000000000000000e+02
1.080000000000000000e+02
1.569000000000000000e+03
1.710000000000000000e+03
1.585000000000000000e+03
3.020000000000000000e+02
1.328000000000000000e+03
1.204000000000000000e+03
7.310000000000000000e+02
1.657000000000000000e+03
1.602000000000000000e+03
1.665000000000000000e+03
1.108000000000000000e+03
4.590000000000000000e+02
1.220000000000000000e+03
1.555000000000000000e+03
6.020000000000000000e+02
1.746000000000000000e+03
1.385000000000000000e+03
1.272000000000000000e+03
1.653000000000000000e+03
7.210000000000000000e+02
3.500000000000000000e+01
1.344000000000000000e+03
4.480000000000000000e+02
1.834000000000000000e+03
1.459000000000000000e+03
1.521000000000000000e+03
1.300000000000000000e+03
7.520000000000000000e+02
3.000000000000000000e+00
1.769000000000000000e+03
1.200000000000000000e+03
6.030000000000000000e+02
8.430000000000000000e+02
1.725000000000000000e+03
1.767000000000000000e+03
4.890000000000000000e+02
3.530000000000000000e+02
2.170000000000000000e+02
3.850000000000000000e+02
3.900000000000000000e+01
1.580000000000000000e+03
6.900000000000000000e+02
1.504000000000000000e+03
8.270000000000000000e+02
1.081000000000000000e+03
8.670000000000000000e+02
1.570000000000000000e+03
1.756000000000000000e+03
7.500000000000000000e+01
8.280000000000000000e+02
9.010000000000000000e+02
2.760000000000000000e+02
1.033000000000000000e+03
2.470000000000000000e+02
7.200000000000000000e+01
3.650000000000000000e+02
7.000000000000000000e+01
4.540000000000000000e+02
1.700000000000000000e+02
1.300000000000000000e+01
9.750000000000000000e+02
1.036000000000000000e+03
4.910000000000000000e+02
6.250000000000000000e+02
2.420000000000000000e+02
1.432000000000000000e+03
7.040000000000000000e+02
3.900000000000000000e+01
5.470000000000000000e+02
2.010000000000000000e+02
1.270000000000000000e+03
5.620000000000000000e+02
4.350000000000000000e+02
1.150000000000000000e+02
3.300000000000000000e+02
3.070000000000000000e+02
1.250000000000000000e+02
3.730000000000000000e+02
3.760000000000000000e+02
8.050000000000000000e+02
5.000000000000000000e+00
2.970000000000000000e+02
1.740000000000000000e+02
1.550000000000000000e+02
7.100000000000000000e+01
1.420000000000000000e+02
1.020000000000000000e+02
9.000000000000000000e+01
1.480000000000000000e+02
3.000000000000000000e+00
8.600000000000000000e+01
1.940000000000000000e+02
5.000000000000000000e+00
2.370000000000000000e+02
4.000000000000000000e+01
2.640000000000000000e+02
1.220000000000000000e+02
5.600000000000000000e+01
1.940000000000000000e+02
7.900000000000000000e+01
6.200000000000000000e+01
5.500000000000000000e+01
1.180000000000000000e+02
9.100000000000000000e+01
2.000000000000000000e+01
3.800000000000000000e+01
2.100000000000000000e+01
2.800000000000000000e+01
3.400000000000000000e+01
3.400000000000000000e+01
1.500000000000000000e+01
6.000000000000000000e+00
1.020000000000000000e+02
1.300000000000000000e+01
2.200000000000000000e+01
4.000000000000000000e+01
6.600000000000000000e+01
2.000000000000000000e+01
1.900000000000000000e+01
6.000000000000000000e+00
4.900000000000000000e+01
6.000000000000000000e+00
4.400000000000000000e+01
1.100000000000000000e+01
1.200000000000000000e+01
1.100000000000000000e+01
5.000000000000000000e+00
5.000000000000000000e+00
1.600000000000000000e+01
2.000000000000000000e+00
1.000000000000000000e+00
4.000000000000000000e+00
2.000000000000000000e+00
1.100000000000000000e+01
9.000000000000000000e+00
3.000000000000000000e+00
4.000000000000000000e+00
2.000000000000000000e+01
1.100000000000000000e+01
9.000000000000000000e+00
1.000000000000000000e+00
6.000000000000000000e+00
1.200000000000000000e+01
3.000000000000000000e+00
1.000000000000000000e+00
4.000000000000000000e+00
3.000000000000000000e+00
1.000000000000000000e+00
4.000000000000000000e+00
1.000000000000000000e+00
4.000000000000000000e+00
3.000000000000000000e+00
1.000000000000000000e+00
1.000000000000000000e+00
1.000000000000000000e+00
1.000000000000000000e+00
