1.279000000000000000e+03
1.734000000000000000e+03
1.269000000000000000e+03
1.653000000000000000e+03
1.469000000000000000e+03
1.387000000000000000e+03
4.470000000000000000e+02
1.392000000000000000e+03
1.561000000000000000e+03
2.080000000000000000e+02
1.696000000000000000e+03
1.125000000000000000e+03
1.580000000000000000e+03
1.463000000000000000e+03
1.174000000000000000e+03
1.638000000000000000e+03
8.510000000000000000e+02
1.510000000000000000e+02
1.706000000000000000e+03
5.650000000000000000e+02
8.180000000000000000e+02
1.379000000000000000e+03
1.334000000000000000e+03
6.740000000000000000e+02
6.310000000000000000e+02
1.612000000000000000e+03
1.930000000000000000e+02
1.690000000000000000e+03
2.160000000000000000e+02
1.112000000000000000e+03
1.689000000000000000e+03
8.280000000000000000e+02
1.659000000000000000e+03
4.410000000000000000e+02
9.980000000000000000e+02
7.100000000000000000e+01
2.660000000000000000e+02
1.710000000000000000e+03
1.393000000000000000e+03
7.100000000000000000e+02
1.488000000000000000e+03
1.351000000000000000e+03
1.563000000000000000e+03
1.740000000000000000e+02
8.600000000000000000e+01
1.639000000000000000e+03
1.705000000000000000e+03
1.128000000000000000e+03
1.285000000000000000e+03
8.600000000000000000e+01
9.320000000000000000e+02
5.740000000000000000e+02
1.754000000000000000e+03
8.710000000000000000e+02
1.489000000000000000e+03
9.910000000000000000e+02
5.640000000000000000e+02
1.512000000000000000e+03
1.204000000000000000e+03
1.518000000000000000e+03
1.516000000000000000e+03
1.288000000000000000e+03
1.040000000000000000e+02
1.563000000000000000e+03
7.330000000000000000e+02
7.540000000000000000e+02
1.198000000000000000e+03
1.653000000000000000e+03
1.686000000000000000e+03
9.170000000000000000e+02
5.100000000000000000e+02
8.180000000000000000e+02
1.112000000000000000e+03
1.684000000000000000e+03
1.600000000000000000e+01
1.300000000000000000e+01
3.820000000000000000e+02
7.300000000000000000e+02
1.089000000000000000e+03
4.590000000000000000e+02
5.140000000000000000e+02
3.910000000000000000e+02
9.000000000000000000e+01
3.730000000000000000e+02
5.000000000000000000e+01
1.050000000000000000e+02
2.900000000000000000e+02
1.008000000000000000e+03
1.250000000000000000e+02
1.699000000000000000e+03
6.020000000000000000e+02
3.660000000000000000e+02
4.300000000000000000e+01
3.060000000000000000e+02
3.030000000000000000e+02
9.700000000000000000e+02
5.500000000000000000e+01
4.750000000000000000e+02
8.200000000000000000e+01
2.550000000000000000e+02
1.720000000000000000e+02
2.380000000000000000e+02
3.620000000000000000e+02
5.700000000000000000e+01
1.380000000000000000e+02
1.600000000000000000e+02
4.800000000000000000e+01
1.990000000000000000e+02
9.260000000000000000e+02
4.230000000000000000e+02
7.720000000000000000e+02
2.530000000000000000e+02
1.110000000000000000e+02
2.500000000000000000e+02
6.270000000000000000e+02
2.000000000000000000e+01
4.220000000000000000e+02
4.900000000000000000e+01
7.170000000000000000e+02
3.000000000000000000e+01
1.280000000000000000e+02
1.140000000000000000e+02
2.900000000000000000e+01
4.000000000000000000e+02
9.000000000000000000e+00
2.400000000000000000e+01
1.660000000000000000e+02
7.800000000000000000e+01
1.400000000000000000e+02
7.800000000000000000e+01
2.240000000000000000e+02
8.700000000000000000e+01
6.000000000000000000e+00
2.000000000000000000e+00
2.100000000000000000e+01
4.800000000000000000e+01
1.600000000000000000e+01
3.000000000000000000e+01
6.000000000000000000e+01
1.600000000000000000e+01
3.300000000000000000e+01
2.200000000000000000e+01
3.400000000000000000e+01
4.000000000000000000e+00
6.000000000000000000e+00
2.500000000000000000e+01
3.000000000000000000e+00
4.000000000000000000e+00
9.000000000000000000e+00
1.100000000000000000e+01
7.000000000000000000e+00
2.600000000000000000e+01
8.000000000000000000e+00
2.100000000000000000e+01
4.000000000000000000e+00
8.000000000000000000e+00
3.000000000000000000e+00
1.000000000000000000e+00
3.000000000000000000e+00
5.000000000000000000e+00
3.000000000000000000e+00
1.200000000000000000e+01
1.700000000000000000e+01
1.000000000000000000e+00
1.200000000000000000e+01
5.000000000000000000e+00
1.500000000000000000e+01
7.000000000000000000e+00
3.000000000000000000e+00
2.000000000000000000e+00
5.000000000000000000e+00
2.000000000000000000e+00
5.000000000000000000e+00
2.000000000000000000e+00
1.000000000000000000e+00
3.000000000000000000e+00
1.000000000000000000e+00
1.000000000000000000e+00
1.000000000000000000e+00
1.000000000000000000e+00
1.000000000000000000e+00
