9.790000000000000000e+02
1.721000000000000000e+03
1.802000000000000000e+03
1.342000000000000000e+03
1.441000000000000000e+03
1.578000000000000000e+03
1.678000000000000000e+03
6.050000000000000000e+02
1.614000000000000000e+03
1.555000000000000000e+03
1.789000000000000000e+03
1.592000000000000000e+03
1.076000000000000000e+03
9.880000000000000000e+02
7.000000000000000000e+02
1.570000000000000000e+03
1.248000000000000000e+03
1.472000000000000000e+03
7.080000000000000000e+02
4.130000000000000000e+02
1.815000000000000000e+03
1.815000000000000000e+03
1.678000000000000000e+03
1.132000000000000000e+03
1.763000000000000000e+03
1.220000000000000000e+03
5.650000000000000000e+02
1.045000000000000000e+03
1.530000000000000000e+03
1.444000000000000000e+03
1.732000000000000000e+03
1.756000000000000000e+03
1.318000000000000000e+03
1.341000000000000000e+03
1.752000000000000000e+03
1.840000000000000000e+03
6.820000000000000000e+02
5.990000000000000000e+02
5.790000000000000000e+02
1.230000000000000000e+03
1.500000000000000000e+01
2.310000000000000000e+02
1.462000000000000000e+03
1.794000000000000000e+03
1.405000000000000000e+03
1.840000000000000000e+02
1.400000000000000000e+01
1.729000000000000000e+03
8.890000000000000000e+02
7.210000000000000000e+02
1.809000000000000000e+03
9.980000000000000000e+02
1.227000000000000000e+03
1.628000000000000000e+03
1.706000000000000000e+03
5.250000000000000000e+02
8.990000000000000000e+02
3.520000000000000000e+02
6.640000000000000000e+02
5.300000000000000000e+02
1.470000000000000000e+02
3.730000000000000000e+02
2.700000000000000000e+01
2.070000000000000000e+02
8.480000000000000000e+02
1.307000000000000000e+03
1.521000000000000000e+03
1.867000000000000000e+03
1.014000000000000000e+03
6.760000000000000000e+02
8.280000000000000000e+02
7.310000000000000000e+02
1.651000000000000000e+03
3.820000000000000000e+02
7.400000000000000000e+01
7.250000000000000000e+02
1.700000000000000000e+02
4.390000000000000000e+02
3.370000000000000000e+02
1.056000000000000000e+03
8.500000000000000000e+01
1.154000000000000000e+03
1.583000000000000000e+03
2.580000000000000000e+02
4.480000000000000000e+02
3.550000000000000000e+02
1.080000000000000000e+03
5.160000000000000000e+02
2.830000000000000000e+02
1.890000000000000000e+02
2.990000000000000000e+02
4.360000000000000000e+02
2.860000000000000000e+02
2.400000000000000000e+02
1.689000000000000000e+03
1.390000000000000000e+02
1.350000000000000000e+02
9.760000000000000000e+02
2.920000000000000000e+02
2.480000000000000000e+02
1.180000000000000000e+02
3.900000000000000000e+02
1.240000000000000000e+02
3.900000000000000000e+01
2.180000000000000000e+02
3.700000000000000000e+02
4.800000000000000000e+01
4.700000000000000000e+01
1.020000000000000000e+02
9.400000000000000000e+01
6.000000000000000000e+01
8.500000000000000000e+01
7.800000000000000000e+01
4.000000000000000000e+01
2.200000000000000000e+01
5.200000000000000000e+01
1.590000000000000000e+02
6.700000000000000000e+01
7.600000000000000000e+01
7.000000000000000000e+00
1.740000000000000000e+02
1.260000000000000000e+02
4.600000000000000000e+01
1.080000000000000000e+02
9.000000000000000000e+00
1.700000000000000000e+02
6.000000000000000000e+00
6.700000000000000000e+01
6.000000000000000000e+00
1.500000000000000000e+01
2.500000000000000000e+01
1.300000000000000000e+01
7.700000000000000000e+01
3.000000000000000000e+00
8.000000000000000000e+00
3.000000000000000000e+00
4.000000000000000000e+00
2.000000000000000000e+00
2.000000000000000000e+00
4.300000000000000000e+01
6.000000000000000000e+00
4.700000000000000000e+01
2.800000000000000000e+01
1.900000000000000000e+01
1.800000000000000000e+01
2.500000000000000000e+01
8.000000000000000000e+00
2.100000000000000000e+01
2.200000000000000000e+01
1.800000000000000000e+01
2.000000000000000000e+00
5.000000000000000000e+00
2.000000000000000000e+00
2.800000000000000000e+01
5.000000000000000000e+00
8.000000000000000000e+00
1.000000000000000000e+00
1.400000000000000000e+01
2.000000000000000000e+00
3.000000000000000000e+00
3.000000000000000000e+00
1.100000000000000000e+01
4.000000000000000000e+00
1.000000000000000000e+01
5.000000000000000000e+00
1.000000000000000000e+00
3.000000000000000000e+00
3.000000000000000000e+00
3.000000000000000000e+00
2.000000000000000000e+00
2.000000000000000000e+00
1.000000000000000000e+00
1.000000000000000000e+00
1.000000000000000000e+00
1.000000000000000000e+00
1.000000000000000000e+00
1.000000000000000000e+00
1.000000000000000000e+00
1.000000000000000000e+00
