1.133000000000000000e+03
1.186000000000000000e+03
7.980000000000000000e+02
8.180000000000000000e+02
9.480000000000000000e+02
8.010000000000000000e+02
3.470000000000000000e+02
1.179000000000000000e+03
9.750000000000000000e+02
8.700000000000000000e+02
1.236000000000000000e+03
1.214000000000000000e+03
1.051000000000000000e+03
9.560000000000000000e+02
1.156000000000000000e+03
1.243000000000000000e+03
1.440000000000000000e+02
4.480000000000000000e+02
1.166000000000000000e+03
1.249000000000000000e+03
9.050000000000000000e+02
9.420000000000000000e+02
1.094000000000000000e+03
8.230000000000000000e+02
1.044000000000000000e+03
1.144000000000000000e+03
6.950000000000000000e+02
1.173000000000000000e+03
8.600000000000000000e+02
1.092000000000000000e+03
2.870000000000000000e+02
6.140000000000000000e+02
9.000000000000000000e+00
6.100000000000000000e+01
6.490000000000000000e+02
4.370000000000000000e+02
1.154000000000000000e+03
9.680000000000000000e+02
1.870000000000000000e+02
4.720000000000000000e+02
2.310000000000000000e+02
1.186000000000000000e+03
1.023000000000000000e+03
5.680000000000000000e+02
2.380000000000000000e+02
1.129000000000000000e+03
3.590000000000000000e+02
1.131000000000000000e+03
5.790000000000000000e+02
1.154000000000000000e+03
1.036000000000000000e+03
1.186000000000000000e+03
1.066000000000000000e+03
1.187000000000000000e+03
5.500000000000000000e+02
1.060000000000000000e+03
4.620000000000000000e+02
1.215000000000000000e+03
1.137000000000000000e+03
1.224000000000000000e+03
9.390000000000000000e+02
6.590000000000000000e+02
3.200000000000000000e+02
9.790000000000000000e+02
1.220000000000000000e+03
1.131000000000000000e+03
1.067000000000000000e+03
1.163000000000000000e+03
1.199000000000000000e+03
2.290000000000000000e+02
5.040000000000000000e+02
4.070000000000000000e+02
5.840000000000000000e+02
1.850000000000000000e+02
4.240000000000000000e+02
5.060000000000000000e+02
7.320000000000000000e+02
1.350000000000000000e+02
8.430000000000000000e+02
7.580000000000000000e+02
1.310000000000000000e+02
7.400000000000000000e+02
5.940000000000000000e+02
3.800000000000000000e+02
5.030000000000000000e+02
1.168000000000000000e+03
8.710000000000000000e+02
8.520000000000000000e+02
1.089000000000000000e+03
5.940000000000000000e+02
1.054000000000000000e+03
1.222000000000000000e+03
1.188000000000000000e+03
9.860000000000000000e+02
1.060000000000000000e+03
6.730000000000000000e+02
3.230000000000000000e+02
7.430000000000000000e+02
2.590000000000000000e+02
8.870000000000000000e+02
7.520000000000000000e+02
2.340000000000000000e+02
9.940000000000000000e+02
4.930000000000000000e+02
7.300000000000000000e+01
2.800000000000000000e+02
4.810000000000000000e+02
3.300000000000000000e+01
6.460000000000000000e+02
3.340000000000000000e+02
6.600000000000000000e+02
1.172000000000000000e+03
8.130000000000000000e+02
3.390000000000000000e+02
4.180000000000000000e+02
3.810000000000000000e+02
6.500000000000000000e+02
1.860000000000000000e+02
3.000000000000000000e+02
2.280000000000000000e+02
1.410000000000000000e+02
2.560000000000000000e+02
4.100000000000000000e+01
1.700000000000000000e+02
2.160000000000000000e+02
7.160000000000000000e+02
1.020000000000000000e+02
5.730000000000000000e+02
1.200000000000000000e+02
7.600000000000000000e+01
6.100000000000000000e+01
2.940000000000000000e+02
2.470000000000000000e+02
4.710000000000000000e+02
2.870000000000000000e+02
1.420000000000000000e+02
7.700000000000000000e+01
2.400000000000000000e+01
5.690000000000000000e+02
4.780000000000000000e+02
5.300000000000000000e+01
1.340000000000000000e+02
8.700000000000000000e+01
1.090000000000000000e+02
9.500000000000000000e+01
5.000000000000000000e+01
2.400000000000000000e+01
2.100000000000000000e+01
4.050000000000000000e+02
4.900000000000000000e+01
8.900000000000000000e+01
3.040000000000000000e+02
7.400000000000000000e+01
2.500000000000000000e+02
6.900000000000000000e+01
3.440000000000000000e+02
9.500000000000000000e+01
3.500000000000000000e+01
1.540000000000000000e+02
3.300000000000000000e+01
5.600000000000000000e+01
6.800000000000000000e+01
1.920000000000000000e+02
2.000000000000000000e+00
6.100000000000000000e+01
2.800000000000000000e+01
3.000000000000000000e+01
1.430000000000000000e+02
4.100000000000000000e+01
1.750000000000000000e+02
3.600000000000000000e+01
5.000000000000000000e+00
2.350000000000000000e+02
1.130000000000000000e+02
3.000000000000000000e+00
6.400000000000000000e+01
3.000000000000000000e+01
3.000000000000000000e+01
1.270000000000000000e+02
1.040000000000000000e+02
1.600000000000000000e+01
7.000000000000000000e+00
3.600000000000000000e+01
5.500000000000000000e+01
2.000000000000000000e+00
1.400000000000000000e+01
1.600000000000000000e+01
4.600000000000000000e+01
3.600000000000000000e+01
2.000000000000000000e+01
2.000000000000000000e+01
1.500000000000000000e+01
1.150000000000000000e+02
1.200000000000000000e+01
1.400000000000000000e+01
2.100000000000000000e+01
7.100000000000000000e+01
3.900000000000000000e+01
1.700000000000000000e+01
9.000000000000000000e+00
8.000000000000000000e+00
9.000000000000000000e+00
2.000000000000000000e+00
1.400000000000000000e+01
2.700000000000000000e+01
5.000000000000000000e+00
2.700000000000000000e+01
9.000000000000000000e+00
4.000000000000000000e+00
2.000000000000000000e+00
1.000000000000000000e+01
6.000000000000000000e+00
5.000000000000000000e+00
3.000000000000000000e+00
4.000000000000000000e+00
1.200000000000000000e+01
1.000000000000000000e+00
1.000000000000000000e+00
2.300000000000000000e+01
1.000000000000000000e+00
1.400000000000000000e+01
8.000000000000000000e+00
1.100000000000000000e+01
1.000000000000000000e+00
3.000000000000000000e+00
4.000000000000000000e+00
2.000000000000000000e+00
6.000000000000000000e+00
1.400000000000000000e+01
7.000000000000000000e+00
1.000000000000000000e+00
1.000000000000000000e+00
1.000000000000000000e+00
1.300000000000000000e+01
7.000000000000000000e+00
7.000000000000000000e+00
3.000000000000000000e+00
4.000000000000000000e+00
8.000000000000000000e+00
1.000000000000000000e+00
3.000000000000000000e+00
1.000000000000000000e+00
2.000000000000000000e+00
1.000000000000000000e+00
1.000000000000000000e+00
4.000000000000000000e+00
3.000000000000000000e+00
3.000000000000000000e+00
3.000000000000000000e+00
1.000000000000000000e+00
4.000000000000000000e+00
1.000000000000000000e+00
1.000000000000000000e+00
1.000000000000000000e+00
1.000000000000000000e+00
2.000000000000000000e+00
1.000000000000000000e+00
1.000000000000000000e+00
1.000000000000000000e+00
