1.870000000000000000e+02
5.600000000000000000e+01
2.460000000000000000e+02
9.400000000000000000e+01
6.800000000000000000e+01
1.470000000000000000e+02
9.440000000000000000e+02
1.535000000000000000e+03
5.000000000000000000e+02
1.790000000000000000e+03
1.265000000000000000e+03
1.784000000000000000e+03
1.588000000000000000e+03
4.540000000000000000e+02
1.708000000000000000e+03
1.537000000000000000e+03
1.172000000000000000e+03
9.530000000000000000e+02
3.150000000000000000e+02
9.400000000000000000e+01
4.660000000000000000e+02
1.479000000000000000e+03
1.807000000000000000e+03
1.148000000000000000e+03
1.413000000000000000e+03
1.741000000000000000e+03
1.374000000000000000e+03
6.150000000000000000e+02
1.376000000000000000e+03
1.687000000000000000e+03
1.625000000000000000e+03
1.657000000000000000e+03
1.804000000000000000e+03
1.849000000000000000e+03
5.000000000000000000e+00
3.030000000000000000e+02
8.130000000000000000e+02
8.210000000000000000e+02
1.776000000000000000e+03
1.173000000000000000e+03
1.757000000000000000e+03
1.631000000000000000e+03
1.527000000000000000e+03
1.820000000000000000e+03
6.340000000000000000e+02
1.750000000000000000e+03
7.880000000000000000e+02
1.234000000000000000e+03
1.099000000000000000e+03
1.798000000000000000e+03
1.251000000000000000e+03
6.900000000000000000e+02
9.420000000000000000e+02
1.105000000000000000e+03
1.302000000000000000e+03
1.395000000000000000e+03
1.869000000000000000e+03
1.512000000000000000e+03
1.560000000000000000e+02
6.480000000000000000e+02
4.150000000000000000e+02
1.230000000000000000e+03
1.558000000000000000e+03
1.475000000000000000e+03
9.030000000000000000e+02
1.672000000000000000e+03
5.920000000000000000e+02
4.010000000000000000e+02
4.700000000000000000e+02
1.064000000000000000e+03
5.900000000000000000e+01
1.106000000000000000e+03
1.874000000000000000e+03
8.370000000000000000e+02
1.090000000000000000e+02
1.020000000000000000e+02
7.130000000000000000e+02
1.790000000000000000e+03
1.004000000000000000e+03
5.660000000000000000e+02
1.603000000000000000e+03
2.630000000000000000e+02
2.300000000000000000e+02
5.960000000000000000e+02
8.770000000000000000e+02
5.610000000000000000e+02
1.390000000000000000e+03
7.780000000000000000e+02
3.610000000000000000e+02
4.090000000000000000e+02
1.640000000000000000e+02
1.200000000000000000e+02
5.050000000000000000e+02
4.610000000000000000e+02
3.950000000000000000e+02
7.510000000000000000e+02
1.453000000000000000e+03
1.600000000000000000e+01
1.240000000000000000e+02
1.180000000000000000e+02
7.200000000000000000e+01
2.300000000000000000e+02
2.500000000000000000e+01
6.550000000000000000e+02
9.000000000000000000e+00
2.700000000000000000e+02
1.000000000000000000e+01
3.200000000000000000e+02
8.100000000000000000e+01
3.550000000000000000e+02
2.260000000000000000e+02
3.220000000000000000e+02
1.400000000000000000e+01
1.890000000000000000e+02
1.700000000000000000e+01
7.500000000000000000e+01
1.420000000000000000e+02
1.390000000000000000e+02
1.570000000000000000e+02
2.800000000000000000e+01
1.170000000000000000e+02
1.190000000000000000e+02
1.470000000000000000e+02
2.400000000000000000e+01
4.400000000000000000e+01
5.400000000000000000e+01
2.800000000000000000e+01
1.670000000000000000e+02
2.000000000000000000e+01
1.300000000000000000e+01
5.000000000000000000e+01
1.700000000000000000e+01
3.600000000000000000e+01
4.600000000000000000e+01
1.300000000000000000e+01
3.800000000000000000e+01
3.300000000000000000e+01
4.600000000000000000e+01
2.100000000000000000e+01
3.000000000000000000e+00
1.000000000000000000e+01
3.000000000000000000e+00
2.300000000000000000e+01
1.600000000000000000e+01
4.300000000000000000e+01
1.400000000000000000e+01
1.000000000000000000e+01
4.000000000000000000e+00
2.000000000000000000e+00
4.000000000000000000e+00
1.900000000000000000e+01
8.000000000000000000e+00
5.000000000000000000e+00
4.000000000000000000e+00
3.000000000000000000e+00
4.000000000000000000e+00
3.000000000000000000e+00
4.000000000000000000e+00
1.000000000000000000e+00
6.000000000000000000e+00
9.000000000000000000e+00
3.000000000000000000e+00
1.000000000000000000e+00
9.000000000000000000e+00
2.000000000000000000e+00
1.000000000000000000e+00
7.000000000000000000e+00
2.000000000000000000e+00
2.000000000000000000e+00
3.000000000000000000e+00
2.000000000000000000e+00
1.000000000000000000e+00
3.000000000000000000e+00
3.000000000000000000e+00
1.000000000000000000e+00
1.000000000000000000e+00
