1.475000000000000000e+03
1.650000000000000000e+02
3.060000000000000000e+02
1.195000000000000000e+03
1.196000000000000000e+03
1.241000000000000000e+03
1.420000000000000000e+03
5.220000000000000000e+02
1.222000000000000000e+03
1.430000000000000000e+03
1.442000000000000000e+03
1.556000000000000000e+03
1.194000000000000000e+03
1.314000000000000000e+03
8.000000000000000000e+01
1.051000000000000000e+03
1.379000000000000000e+03
6.740000000000000000e+02
1.283000000000000000e+03
7.550000000000000000e+02
1.384000000000000000e+03
1.014000000000000000e+03
1.354000000000000000e+03
3.180000000000000000e+02
1.504000000000000000e+03
1.382000000000000000e+03
1.478000000000000000e+03
3.660000000000000000e+02
7.430000000000000000e+02
1.262000000000000000e+03
1.182000000000000000e+03
1.064000000000000000e+03
4.440000000000000000e+02
9.110000000000000000e+02
1.514000000000000000e+03
1.299000000000000000e+03
5.820000000000000000e+02
9.420000000000000000e+02
1.398000000000000000e+03
1.047000000000000000e+03
6.580000000000000000e+02
1.509000000000000000e+03
1.346000000000000000e+03
1.504000000000000000e+03
2.550000000000000000e+02
8.040000000000000000e+02
8.870000000000000000e+02
1.025000000000000000e+03
1.410000000000000000e+03
1.364000000000000000e+03
8.330000000000000000e+02
3.330000000000000000e+02
4.810000000000000000e+02
1.406000000000000000e+03
1.137000000000000000e+03
1.067000000000000000e+03
1.522000000000000000e+03
1.424000000000000000e+03
7.600000000000000000e+01
1.580000000000000000e+03
9.400000000000000000e+01
1.223000000000000000e+03
1.221000000000000000e+03
5.840000000000000000e+02
5.000000000000000000e+01
8.730000000000000000e+02
5.870000000000000000e+02
1.098000000000000000e+03
1.450000000000000000e+03
6.960000000000000000e+02
1.462000000000000000e+03
5.730000000000000000e+02
1.510000000000000000e+03
1.490000000000000000e+02
2.510000000000000000e+02
5.800000000000000000e+01
4.130000000000000000e+02
7.470000000000000000e+02
1.650000000000000000e+02
1.147000000000000000e+03
1.452000000000000000e+03
5.000000000000000000e+00
3.720000000000000000e+02
8.820000000000000000e+02
2.020000000000000000e+02
6.070000000000000000e+02
8.370000000000000000e+02
3.080000000000000000e+02
1.780000000000000000e+02
1.022000000000000000e+03
1.468000000000000000e+03
2.720000000000000000e+02
2.080000000000000000e+02
5.900000000000000000e+02
4.520000000000000000e+02
2.820000000000000000e+02
3.710000000000000000e+02
8.600000000000000000e+02
7.800000000000000000e+01
2.320000000000000000e+02
2.300000000000000000e+01
5.800000000000000000e+01
3.920000000000000000e+02
5.020000000000000000e+02
1.058000000000000000e+03
5.420000000000000000e+02
4.320000000000000000e+02
2.120000000000000000e+02
1.120000000000000000e+02
7.620000000000000000e+02
5.180000000000000000e+02
6.660000000000000000e+02
2.940000000000000000e+02
7.740000000000000000e+02
5.800000000000000000e+01
6.510000000000000000e+02
9.700000000000000000e+01
3.610000000000000000e+02
1.120000000000000000e+02
1.550000000000000000e+02
7.300000000000000000e+01
2.640000000000000000e+02
1.560000000000000000e+02
1.700000000000000000e+01
1.270000000000000000e+02
5.100000000000000000e+01
4.710000000000000000e+02
2.210000000000000000e+02
1.900000000000000000e+01
1.420000000000000000e+02
4.820000000000000000e+02
1.650000000000000000e+02
1.740000000000000000e+02
1.050000000000000000e+02
3.600000000000000000e+01
4.600000000000000000e+01
4.900000000000000000e+01
6.300000000000000000e+01
3.000000000000000000e+01
9.000000000000000000e+00
1.060000000000000000e+02
1.710000000000000000e+02
2.140000000000000000e+02
2.890000000000000000e+02
1.070000000000000000e+02
6.600000000000000000e+01
1.010000000000000000e+02
3.800000000000000000e+01
5.400000000000000000e+01
6.000000000000000000e+00
2.300000000000000000e+01
2.300000000000000000e+01
9.600000000000000000e+01
5.600000000000000000e+01
6.000000000000000000e+00
1.300000000000000000e+01
2.300000000000000000e+01
1.100000000000000000e+01
3.600000000000000000e+01
1.500000000000000000e+01
3.900000000000000000e+01
1.900000000000000000e+01
8.000000000000000000e+00
1.900000000000000000e+01
2.600000000000000000e+01
7.000000000000000000e+00
2.400000000000000000e+01
9.000000000000000000e+00
6.000000000000000000e+00
1.400000000000000000e+01
6.000000000000000000e+00
5.000000000000000000e+00
1.000000000000000000e+00
1.000000000000000000e+01
1.000000000000000000e+00
1.200000000000000000e+01
7.000000000000000000e+00
7.000000000000000000e+00
8.000000000000000000e+00
1.000000000000000000e+00
1.300000000000000000e+01
1.000000000000000000e+01
3.000000000000000000e+00
2.000000000000000000e+00
6.000000000000000000e+00
1.000000000000000000e+01
6.000000000000000000e+00
4.000000000000000000e+00
5.000000000000000000e+00
2.000000000000000000e+00
2.000000000000000000e+00
1.000000000000000000e+00
4.000000000000000000e+00
1.000000000000000000e+00
3.000000000000000000e+00
6.000000000000000000e+00
6.000000000000000000e+00
4.000000000000000000e+00
2.000000000000000000e+00
1.000000000000000000e+00
1.000000000000000000e+00
1.000000000000000000e+00
2.000000000000000000e+00
1.000000000000000000e+00
1.000000000000000000e+00
1.000000000000000000e+00
1.000000000000000000e+00
1.000000000000000000e+00
