6.030000000000000000e+02
1.716000000000000000e+03
1.276000000000000000e+03
1.729000000000000000e+03
1.722000000000000000e+03
6.680000000000000000e+02
1.384000000000000000e+03
1.745000000000000000e+03
9.570000000000000000e+02
1.808000000000000000e+03
1.605000000000000000e+03
5.710000000000000000e+02
9.730000000000000000e+02
9.690000000000000000e+02
1.496000000000000000e+03
1.540000000000000000e+03
1.219000000000000000e+03
1.481000000000000000e+03
1.649000000000000000e+03
1.391000000000000000e+03
1.728000000000000000e+03
5.830000000000000000e+02
7.710000000000000000e+02
1.281000000000000000e+03
1.323000000000000000e+03
1.646000000000000000e+03
6.750000000000000000e+02
1.415000000000000000e+03
1.763000000000000000e+03
1.777000000000000000e+03
1.720000000000000000e+03
2.680000000000000000e+02
1.125000000000000000e+03
1.690000000000000000e+03
1.753000000000000000e+03
2.680000000000000000e+02
8.060000000000000000e+02
1.505000000000000000e+03
2.830000000000000000e+02
1.196000000000000000e+03
8.980000000000000000e+02
1.105000000000000000e+03
1.603000000000000000e+03
1.630000000000000000e+03
3.350000000000000000e+02
1.537000000000000000e+03
7.380000000000000000e+02
6.480000000000000000e+02
1.215000000000000000e+03
1.704000000000000000e+03
1.326000000000000000e+03
6.380000000000000000e+02
1.707000000000000000e+03
1.792000000000000000e+03
1.474000000000000000e+03
1.400000000000000000e+01
2.640000000000000000e+02
1.767000000000000000e+03
1.808000000000000000e+03
3.290000000000000000e+02
9.610000000000000000e+02
8.170000000000000000e+02
7.830000000000000000e+02
2.870000000000000000e+02
1.496000000000000000e+03
1.204000000000000000e+03
4.000000000000000000e+00
3.690000000000000000e+02
4.700000000000000000e+01
3.630000000000000000e+02
5.220000000000000000e+02
1.730000000000000000e+02
3.950000000000000000e+02
6.000000000000000000e+02
5.660000000000000000e+02
2.600000000000000000e+01
8.790000000000000000e+02
1.650000000000000000e+03
1.377000000000000000e+03
6.990000000000000000e+02
1.081000000000000000e+03
1.490000000000000000e+02
3.310000000000000000e+02
4.450000000000000000e+02
1.304000000000000000e+03
1.097000000000000000e+03
1.146000000000000000e+03
5.760000000000000000e+02
2.040000000000000000e+02
4.630000000000000000e+02
1.520000000000000000e+02
1.220000000000000000e+02
2.160000000000000000e+02
4.240000000000000000e+02
2.190000000000000000e+02
9.940000000000000000e+02
1.760000000000000000e+02
3.990000000000000000e+02
2.760000000000000000e+02
5.140000000000000000e+02
8.600000000000000000e+01
3.820000000000000000e+02
1.300000000000000000e+02
8.600000000000000000e+01
3.600000000000000000e+01
4.920000000000000000e+02
1.210000000000000000e+02
9.000000000000000000e+00
1.580000000000000000e+02
8.200000000000000000e+01
2.900000000000000000e+01
5.000000000000000000e+00
2.330000000000000000e+02
3.700000000000000000e+01
1.930000000000000000e+02
5.000000000000000000e+00
1.000000000000000000e+00
1.950000000000000000e+02
1.130000000000000000e+02
1.650000000000000000e+02
4.400000000000000000e+01
7.300000000000000000e+01
8.000000000000000000e+01
3.000000000000000000e+01
1.200000000000000000e+01
8.000000000000000000e+00
1.510000000000000000e+02
4.200000000000000000e+01
6.100000000000000000e+01
7.900000000000000000e+01
2.100000000000000000e+01
8.800000000000000000e+01
1.100000000000000000e+01
5.000000000000000000e+00
4.600000000000000000e+01
5.300000000000000000e+01
6.000000000000000000e+01
4.000000000000000000e+01
7.800000000000000000e+01
3.200000000000000000e+01
2.700000000000000000e+01
3.000000000000000000e+00
1.000000000000000000e+01
3.200000000000000000e+01
1.300000000000000000e+01
2.000000000000000000e+00
4.000000000000000000e+00
8.000000000000000000e+00
1.200000000000000000e+01
1.300000000000000000e+01
1.200000000000000000e+01
2.100000000000000000e+01
9.000000000000000000e+00
3.000000000000000000e+00
2.000000000000000000e+01
4.200000000000000000e+01
2.000000000000000000e+00
2.800000000000000000e+01
1.000000000000000000e+00
2.000000000000000000e+00
4.000000000000000000e+00
9.000000000000000000e+00
1.000000000000000000e+00
1.000000000000000000e+00
2.000000000000000000e+00
2.000000000000000000e+00
5.000000000000000000e+00
3.000000000000000000e+00
5.000000000000000000e+00
1.000000000000000000e+00
1.000000000000000000e+00
1.000000000000000000e+00
1.000000000000000000e+00
4.000000000000000000e+00
2.000000000000000000e+00
2.000000000000000000e+00
1.000000000000000000e+00
1.000000000000000000e+00
1.000000000000000000e+00
1.000000000000000000e+00
