1.107000000000000000e+03
1.568000000000000000e+03
1.742000000000000000e+03
1.722000000000000000e+03
1.401000000000000000e+03
1.416000000000000000e+03
1.477000000000000000e+03
1.390000000000000000e+03
1.726000000000000000e+03
1.745000000000000000e+03
1.720000000000000000e+03
5.000000000000000000e+02
1.759000000000000000e+03
7.200000000000000000e+02
1.092000000000000000e+03
1.654000000000000000e+03
1.825000000000000000e+03
1.680000000000000000e+02
1.710000000000000000e+02
1.209000000000000000e+03
5.690000000000000000e+02
1.673000000000000000e+03
1.489000000000000000e+03
1.116000000000000000e+03
9.700000000000000000e+02
7.410000000000000000e+02
1.692000000000000000e+03
1.546000000000000000e+03
3.990000000000000000e+02
1.768000000000000000e+03
1.373000000000000000e+03
1.820000000000000000e+02
4.370000000000000000e+02
1.625000000000000000e+03
1.781000000000000000e+03
8.000000000000000000e+02
8.060000000000000000e+02
7.590000000000000000e+02
1.301000000000000000e+03
5.760000000000000000e+02
7.800000000000000000e+01
1.210000000000000000e+03
8.760000000000000000e+02
1.724000000000000000e+03
3.460000000000000000e+02
1.598000000000000000e+03
6.290000000000000000e+02
1.704000000000000000e+03
8.910000000000000000e+02
9.500000000000000000e+02
1.761000000000000000e+03
1.184000000000000000e+03
9.620000000000000000e+02
1.843000000000000000e+03
1.622000000000000000e+03
3.090000000000000000e+02
1.202000000000000000e+03
2.600000000000000000e+01
4.720000000000000000e+02
6.350000000000000000e+02
8.970000000000000000e+02
1.024000000000000000e+03
1.760000000000000000e+03
1.657000000000000000e+03
1.606000000000000000e+03
1.439000000000000000e+03
2.380000000000000000e+02
2.590000000000000000e+02
1.180000000000000000e+03
1.463000000000000000e+03
1.674000000000000000e+03
4.430000000000000000e+02
1.324000000000000000e+03
4.180000000000000000e+02
4.970000000000000000e+02
1.110000000000000000e+02
1.565000000000000000e+03
1.032000000000000000e+03
6.400000000000000000e+01
7.760000000000000000e+02
5.250000000000000000e+02
1.096000000000000000e+03
7.480000000000000000e+02
1.330000000000000000e+03
6.160000000000000000e+02
6.800000000000000000e+01
5.070000000000000000e+02
3.620000000000000000e+02
6.370000000000000000e+02
7.010000000000000000e+02
3.450000000000000000e+02
8.500000000000000000e+01
3.280000000000000000e+02
2.200000000000000000e+02
2.530000000000000000e+02
3.590000000000000000e+02
5.160000000000000000e+02
1.150000000000000000e+02
2.110000000000000000e+02
1.420000000000000000e+02
4.700000000000000000e+01
5.800000000000000000e+01
5.400000000000000000e+01
2.460000000000000000e+02
3.250000000000000000e+02
2.860000000000000000e+02
2.490000000000000000e+02
1.110000000000000000e+02
1.900000000000000000e+01
1.780000000000000000e+02
8.200000000000000000e+01
1.190000000000000000e+02
5.300000000000000000e+01
1.920000000000000000e+02
1.440000000000000000e+02
2.200000000000000000e+01
1.500000000000000000e+01
4.000000000000000000e+01
1.320000000000000000e+02
1.960000000000000000e+02
3.200000000000000000e+01
4.000000000000000000e+01
1.170000000000000000e+02
1.460000000000000000e+02
3.200000000000000000e+01
1.100000000000000000e+01
8.000000000000000000e+00
4.100000000000000000e+01
3.000000000000000000e+00
8.000000000000000000e+00
4.000000000000000000e+00
7.600000000000000000e+01
2.200000000000000000e+01
2.300000000000000000e+01
2.700000000000000000e+01
3.200000000000000000e+01
1.200000000000000000e+01
3.100000000000000000e+01
5.000000000000000000e+01
3.900000000000000000e+01
1.000000000000000000e+00
7.000000000000000000e+01
5.700000000000000000e+01
1.200000000000000000e+01
3.500000000000000000e+01
1.500000000000000000e+01
2.500000000000000000e+01
1.500000000000000000e+01
3.000000000000000000e+00
2.000000000000000000e+00
3.000000000000000000e+00
1.100000000000000000e+01
6.000000000000000000e+00
6.000000000000000000e+00
7.000000000000000000e+00
1.500000000000000000e+01
2.000000000000000000e+00
1.000000000000000000e+00
1.000000000000000000e+00
7.000000000000000000e+00
3.000000000000000000e+00
4.000000000000000000e+00
3.000000000000000000e+00
2.000000000000000000e+00
4.000000000000000000e+00
5.000000000000000000e+00
2.000000000000000000e+00
1.000000000000000000e+01
1.000000000000000000e+00
4.000000000000000000e+00
1.000000000000000000e+00
2.000000000000000000e+00
2.000000000000000000e+00
2.000000000000000000e+00
1.000000000000000000e+00
1.000000000000000000e+00
1.000000000000000000e+00
5.000000000000000000e+00
3.000000000000000000e+00
