1.214000000000000000e+03
2.960000000000000000e+02
1.213000000000000000e+03
1.145000000000000000e+03
5.810000000000000000e+02
1.178000000000000000e+03
1.204000000000000000e+03
8.580000000000000000e+02
1.274000000000000000e+03
1.169000000000000000e+03
1.228000000000000000e+03
1.186000000000000000e+03
1.069000000000000000e+03
1.207000000000000000e+03
3.960000000000000000e+02
1.008000000000000000e+03
5.020000000000000000e+02
1.190000000000000000e+03
4.780000000000000000e+02
1.246000000000000000e+03
8.940000000000000000e+02
7.110000000000000000e+02
8.600000000000000000e+02
9.300000000000000000e+01
1.163000000000000000e+03
2.780000000000000000e+02
1.249000000000000000e+03
1.218000000000000000e+03
1.062000000000000000e+03
1.257000000000000000e+03
9.160000000000000000e+02
1.246000000000000000e+03
9.880000000000000000e+02
8.270000000000000000e+02
1.233000000000000000e+03
1.257000000000000000e+03
1.202000000000000000e+03
1.266000000000000000e+03
1.236000000000000000e+03
6.780000000000000000e+02
1.210000000000000000e+03
4.310000000000000000e+02
1.035000000000000000e+03
5.580000000000000000e+02
8.910000000000000000e+02
1.710000000000000000e+02
7.900000000000000000e+02
9.850000000000000000e+02
1.174000000000000000e+03
7.650000000000000000e+02
1.034000000000000000e+03
1.640000000000000000e+02
6.540000000000000000e+02
4.570000000000000000e+02
1.244000000000000000e+03
8.410000000000000000e+02
5.900000000000000000e+01
9.660000000000000000e+02
1.800000000000000000e+02
2.510000000000000000e+02
1.500000000000000000e+01
5.850000000000000000e+02
1.117000000000000000e+03
7.490000000000000000e+02
1.198000000000000000e+03
6.100000000000000000e+02
5.470000000000000000e+02
7.960000000000000000e+02
1.204000000000000000e+03
1.161000000000000000e+03
1.011000000000000000e+03
5.880000000000000000e+02
7.600000000000000000e+02
3.010000000000000000e+02
1.234000000000000000e+03
9.680000000000000000e+02
9.930000000000000000e+02
7.610000000000000000e+02
4.300000000000000000e+02
7.420000000000000000e+02
1.200000000000000000e+02
5.900000000000000000e+01
1.073000000000000000e+03
9.820000000000000000e+02
1.087000000000000000e+03
1.167000000000000000e+03
9.540000000000000000e+02
3.300000000000000000e+02
2.190000000000000000e+02
3.700000000000000000e+02
4.720000000000000000e+02
1.098000000000000000e+03
1.115000000000000000e+03
6.770000000000000000e+02
7.260000000000000000e+02
4.680000000000000000e+02
6.600000000000000000e+02
2.130000000000000000e+02
3.010000000000000000e+02
8.670000000000000000e+02
6.300000000000000000e+02
6.430000000000000000e+02
3.540000000000000000e+02
8.490000000000000000e+02
9.730000000000000000e+02
4.470000000000000000e+02
6.030000000000000000e+02
3.180000000000000000e+02
4.820000000000000000e+02
6.960000000000000000e+02
9.390000000000000000e+02
5.100000000000000000e+01
2.930000000000000000e+02
5.310000000000000000e+02
5.310000000000000000e+02
5.100000000000000000e+02
2.480000000000000000e+02
1.250000000000000000e+02
9.500000000000000000e+01
1.060000000000000000e+02
3.210000000000000000e+02
4.350000000000000000e+02
9.500000000000000000e+01
3.000000000000000000e+00
1.280000000000000000e+02
3.210000000000000000e+02
3.700000000000000000e+01
7.500000000000000000e+01
4.200000000000000000e+01
2.170000000000000000e+02
2.730000000000000000e+02
4.880000000000000000e+02
3.050000000000000000e+02
4.460000000000000000e+02
2.310000000000000000e+02
7.800000000000000000e+01
4.110000000000000000e+02
1.250000000000000000e+02
1.420000000000000000e+02
1.850000000000000000e+02
5.700000000000000000e+01
1.600000000000000000e+02
2.170000000000000000e+02
2.700000000000000000e+01
8.200000000000000000e+01
2.820000000000000000e+02
3.400000000000000000e+01
5.600000000000000000e+01
3.700000000000000000e+01
3.800000000000000000e+01
1.300000000000000000e+02
1.220000000000000000e+02
2.420000000000000000e+02
4.500000000000000000e+01
9.500000000000000000e+01
4.000000000000000000e+00
1.400000000000000000e+01
3.000000000000000000e+01
1.120000000000000000e+02
1.570000000000000000e+02
2.300000000000000000e+01
1.170000000000000000e+02
1.910000000000000000e+02
2.110000000000000000e+02
2.600000000000000000e+01
7.900000000000000000e+01
8.500000000000000000e+01
8.000000000000000000e+00
2.180000000000000000e+02
2.400000000000000000e+01
1.200000000000000000e+01
1.200000000000000000e+01
4.600000000000000000e+01
1.120000000000000000e+02
6.600000000000000000e+01
7.300000000000000000e+01
1.100000000000000000e+01
9.000000000000000000e+00
7.700000000000000000e+01
1.400000000000000000e+01
2.600000000000000000e+01
6.100000000000000000e+01
1.560000000000000000e+02
2.600000000000000000e+01
1.300000000000000000e+01
1.360000000000000000e+02
1.500000000000000000e+01
1.400000000000000000e+01
3.400000000000000000e+01
5.200000000000000000e+01
1.100000000000000000e+01
4.700000000000000000e+01
6.000000000000000000e+00
3.000000000000000000e+01
1.000000000000000000e+00
3.600000000000000000e+01
7.000000000000000000e+00
3.000000000000000000e+01
1.200000000000000000e+01
1.000000000000000000e+01
4.000000000000000000e+00
3.800000000000000000e+01
1.100000000000000000e+01
4.000000000000000000e+00
2.900000000000000000e+01
3.000000000000000000e+00
1.000000000000000000e+01
2.000000000000000000e+00
1.000000000000000000e+00
1.800000000000000000e+01
2.000000000000000000e+00
4.000000000000000000e+00
7.000000000000000000e+00
5.000000000000000000e+00
1.000000000000000000e+00
9.000000000000000000e+00
2.000000000000000000e+00
5.000000000000000000e+00
1.000000000000000000e+00
1.100000000000000000e+01
1.000000000000000000e+00
6.000000000000000000e+00
4.000000000000000000e+00
4.000000000000000000e+00
1.300000000000000000e+01
5.000000000000000000e+00
2.000000000000000000e+00
5.000000000000000000e+00
9.000000000000000000e+00
1.600000000000000000e+01
4.000000000000000000e+00
1.000000000000000000e+00
2.000000000000000000e+00
1.000000000000000000e+00
2.000000000000000000e+00
5.000000000000000000e+00
1.000000000000000000e+00
1.000000000000000000e+00
1.000000000000000000e+00
4.000000000000000000e+00
2.000000000000000000e+00
7.000000000000000000e+00
2.000000000000000000e+00
1.000000000000000000e+00
1.000000000000000000e+00
1.000000000000000000e+00
1.000000000000000000e+00
1.000000000000000000e+00
1.000000000000000000e+00
2.000000000000000000e+00
1.000000000000000000e+00
2.000000000000000000e+00
