1.702000000000000000e+03
1.351000000000000000e+03
1.143000000000000000e+03
1.798000000000000000e+03
1.716000000000000000e+03
1.759000000000000000e+03
1.720000000000000000e+03
9.400000000000000000e+02
1.795000000000000000e+03
1.379000000000000000e+03
1.694000000000000000e+03
1.420000000000000000e+03
1.528000000000000000e+03
1.110000000000000000e+03
1.259000000000000000e+03
1.222000000000000000e+03
9.110000000000000000e+02
7.320000000000000000e+02
1.152000000000000000e+03
1.288000000000000000e+03
1.246000000000000000e+03
1.540000000000000000e+03
3.220000000000000000e+02
1.479000000000000000e+03
9.640000000000000000e+02
5.650000000000000000e+02
1.641000000000000000e+03
3.340000000000000000e+02
1.375000000000000000e+03
6.100000000000000000e+02
9.420000000000000000e+02
1.679000000000000000e+03
1.059000000000000000e+03
1.690000000000000000e+03
1.159000000000000000e+03
1.763000000000000000e+03
1.725000000000000000e+03
6.900000000000000000e+02
3.000000000000000000e+02
2.180000000000000000e+02
1.103000000000000000e+03
1.550000000000000000e+02
1.797000000000000000e+03
1.196000000000000000e+03
1.591000000000000000e+03
7.510000000000000000e+02
1.661000000000000000e+03
1.737000000000000000e+03
1.662000000000000000e+03
1.477000000000000000e+03
9.130000000000000000e+02
3.980000000000000000e+02
7.590000000000000000e+02
1.186000000000000000e+03
1.300000000000000000e+02
2.900000000000000000e+02
8.820000000000000000e+02
1.432000000000000000e+03
2.200000000000000000e+02
1.519000000000000000e+03
1.026000000000000000e+03
1.990000000000000000e+02
4.600000000000000000e+02
8.790000000000000000e+02
1.570000000000000000e+02
4.520000000000000000e+02
1.730000000000000000e+03
1.043000000000000000e+03
1.432000000000000000e+03
4.490000000000000000e+02
3.000000000000000000e+02
1.542000000000000000e+03
1.719000000000000000e+03
6.500000000000000000e+02
8.700000000000000000e+02
1.559000000000000000e+03
2.900000000000000000e+01
6.170000000000000000e+02
1.371000000000000000e+03
9.340000000000000000e+02
8.030000000000000000e+02
4.560000000000000000e+02
5.750000000000000000e+02
4.290000000000000000e+02
1.470000000000000000e+02
1.473000000000000000e+03
1.000000000000000000e+00
2.910000000000000000e+02
4.500000000000000000e+02
3.920000000000000000e+02
1.630000000000000000e+02
5.550000000000000000e+02
1.680000000000000000e+02
3.170000000000000000e+02
2.410000000000000000e+02
6.430000000000000000e+02
1.580000000000000000e+02
5.250000000000000000e+02
8.500000000000000000e+01
1.000000000000000000e+00
1.880000000000000000e+02
7.500000000000000000e+01
2.600000000000000000e+01
2.480000000000000000e+02
3.320000000000000000e+02
4.020000000000000000e+02
8.500000000000000000e+01
6.130000000000000000e+02
1.600000000000000000e+01
4.400000000000000000e+01
5.500000000000000000e+01
5.690000000000000000e+02
3.800000000000000000e+01
3.700000000000000000e+01
4.300000000000000000e+01
3.100000000000000000e+01
1.300000000000000000e+02
9.700000000000000000e+01
7.200000000000000000e+01
1.300000000000000000e+01
1.050000000000000000e+02
6.800000000000000000e+01
2.410000000000000000e+02
2.120000000000000000e+02
4.300000000000000000e+01
2.300000000000000000e+01
4.000000000000000000e+00
6.400000000000000000e+01
2.000000000000000000e+01
1.010000000000000000e+02
2.700000000000000000e+01
4.600000000000000000e+01
1.070000000000000000e+02
9.800000000000000000e+01
5.200000000000000000e+01
1.100000000000000000e+01
9.200000000000000000e+01
2.600000000000000000e+01
6.500000000000000000e+01
1.500000000000000000e+01
4.400000000000000000e+01
1.400000000000000000e+01
4.300000000000000000e+01
9.000000000000000000e+00
5.000000000000000000e+01
2.600000000000000000e+01
1.700000000000000000e+01
1.000000000000000000e+01
1.200000000000000000e+01
2.500000000000000000e+01
8.000000000000000000e+00
8.000000000000000000e+00
4.000000000000000000e+00
1.500000000000000000e+01
1.400000000000000000e+01
3.000000000000000000e+00
9.000000000000000000e+00
7.000000000000000000e+00
4.000000000000000000e+00
5.000000000000000000e+00
5.000000000000000000e+00
1.100000000000000000e+01
1.100000000000000000e+01
1.000000000000000000e+00
4.000000000000000000e+00
5.000000000000000000e+00
5.000000000000000000e+00
1.000000000000000000e+00
2.000000000000000000e+00
2.000000000000000000e+00
1.000000000000000000e+00
4.000000000000000000e+00
2.000000000000000000e+00
1.000000000000000000e+00
1.000000000000000000e+00
4.000000000000000000e+00
2.000000000000000000e+00
1.000000000000000000e+00
1.000000000000000000e+00
2.000000000000000000e+00
1.000000000000000000e+00
1.000000000000000000e+00
1.000000000000000000e+00
