1.592000000000000000e+03
1.724000000000000000e+03
4.090000000000000000e+02
1.684000000000000000e+03
1.202000000000000000e+03
1.488000000000000000e+03
1.084000000000000000e+03
1.124000000000000000e+03
9.180000000000000000e+02
1.013000000000000000e+03
8.590000000000000000e+02
1.783000000000000000e+03
1.374000000000000000e+03
1.630000000000000000e+02
7.580000000000000000e+02
1.295000000000000000e+03
3.650000000000000000e+02
1.431000000000000000e+03
1.600000000000000000e+03
1.105000000000000000e+03
1.643000000000000000e+03
6.680000000000000000e+02
3.210000000000000000e+02
1.290000000000000000e+03
1.404000000000000000e+03
1.699000000000000000e+03
1.673000000000000000e+03
1.061000000000000000e+03
2.160000000000000000e+02
7.180000000000000000e+02
1.405000000000000000e+03
1.392000000000000000e+03
1.514000000000000000e+03
1.592000000000000000e+03
1.701000000000000000e+03
1.191000000000000000e+03
1.801000000000000000e+03
8.420000000000000000e+02
9.150000000000000000e+02
2.290000000000000000e+02
1.293000000000000000e+03
1.219000000000000000e+03
7.510000000000000000e+02
1.157000000000000000e+03
2.550000000000000000e+02
1.035000000000000000e+03
1.445000000000000000e+03
1.746000000000000000e+03
1.006000000000000000e+03
5.240000000000000000e+02
4.950000000000000000e+02
6.080000000000000000e+02
1.733000000000000000e+03
4.750000000000000000e+02
1.662000000000000000e+03
4.460000000000000000e+02
2.600000000000000000e+01
1.614000000000000000e+03
1.572000000000000000e+03
6.860000000000000000e+02
1.094000000000000000e+03
1.517000000000000000e+03
1.028000000000000000e+03
4.690000000000000000e+02
8.480000000000000000e+02
1.431000000000000000e+03
1.660000000000000000e+03
4.300000000000000000e+02
5.440000000000000000e+02
1.381000000000000000e+03
1.708000000000000000e+03
1.689000000000000000e+03
7.300000000000000000e+01
1.030000000000000000e+02
1.390000000000000000e+02
1.712000000000000000e+03
7.380000000000000000e+02
5.390000000000000000e+02
7.300000000000000000e+01
3.890000000000000000e+02
7.800000000000000000e+01
9.040000000000000000e+02
1.711000000000000000e+03
5.330000000000000000e+02
2.950000000000000000e+02
3.220000000000000000e+02
1.698000000000000000e+03
8.480000000000000000e+02
6.090000000000000000e+02
8.010000000000000000e+02
7.200000000000000000e+01
5.800000000000000000e+01
1.870000000000000000e+02
4.190000000000000000e+02
6.930000000000000000e+02
2.710000000000000000e+02
7.600000000000000000e+01
2.640000000000000000e+02
3.510000000000000000e+02
1.463000000000000000e+03
1.850000000000000000e+02
1.730000000000000000e+02
2.320000000000000000e+02
2.900000000000000000e+01
8.500000000000000000e+01
1.990000000000000000e+02
1.730000000000000000e+02
1.150000000000000000e+02
5.500000000000000000e+01
1.120000000000000000e+02
9.800000000000000000e+01
1.590000000000000000e+02
2.400000000000000000e+01
2.010000000000000000e+02
8.000000000000000000e+00
6.290000000000000000e+02
9.800000000000000000e+01
1.440000000000000000e+02
1.700000000000000000e+01
1.000000000000000000e+00
1.120000000000000000e+02
3.600000000000000000e+01
9.400000000000000000e+01
1.300000000000000000e+01
3.210000000000000000e+02
5.300000000000000000e+01
3.500000000000000000e+02
2.780000000000000000e+02
2.400000000000000000e+01
1.320000000000000000e+02
9.000000000000000000e+00
7.400000000000000000e+01
2.300000000000000000e+01
1.600000000000000000e+01
3.900000000000000000e+01
5.200000000000000000e+01
6.000000000000000000e+00
3.600000000000000000e+01
1.200000000000000000e+01
1.000000000000000000e+00
3.100000000000000000e+01
4.600000000000000000e+01
1.000000000000000000e+01
3.000000000000000000e+01
1.000000000000000000e+01
4.200000000000000000e+01
4.000000000000000000e+00
2.700000000000000000e+01
4.000000000000000000e+00
5.000000000000000000e+00
3.000000000000000000e+00
1.000000000000000000e+01
2.000000000000000000e+00
7.000000000000000000e+00
4.000000000000000000e+00
3.000000000000000000e+00
1.000000000000000000e+00
9.000000000000000000e+00
7.000000000000000000e+00
2.000000000000000000e+00
3.000000000000000000e+00
3.200000000000000000e+01
1.200000000000000000e+01
1.700000000000000000e+01
3.000000000000000000e+00
3.000000000000000000e+00
2.000000000000000000e+00
1.000000000000000000e+00
1.300000000000000000e+01
3.000000000000000000e+00
6.000000000000000000e+00
2.000000000000000000e+00
1.000000000000000000e+00
5.000000000000000000e+00
1.000000000000000000e+00
2.000000000000000000e+00
1.000000000000000000e+00
1.000000000000000000e+00
1.000000000000000000e+00
1.000000000000000000e+00
1.000000000000000000e+00
1.000000000000000000e+00
1.000000000000000000e+00
