1.396000000000000000e+03
1.649000000000000000e+03
1.571000000000000000e+03
1.482000000000000000e+03
1.728000000000000000e+03
6.790000000000000000e+02
1.309000000000000000e+03
9.730000000000000000e+02
1.652000000000000000e+03
1.641000000000000000e+03
1.644000000000000000e+03
1.630000000000000000e+02
1.145000000000000000e+03
1.200000000000000000e+03
1.659000000000000000e+03
1.705000000000000000e+03
1.663000000000000000e+03
5.130000000000000000e+02
7.450000000000000000e+02
9.120000000000000000e+02
1.369000000000000000e+03
1.684000000000000000e+03
1.679000000000000000e+03
1.158000000000000000e+03
1.226000000000000000e+03
9.020000000000000000e+02
9.300000000000000000e+02
1.639000000000000000e+03
8.280000000000000000e+02
1.007000000000000000e+03
1.242000000000000000e+03
1.572000000000000000e+03
6.700000000000000000e+02
6.200000000000000000e+02
1.670000000000000000e+03
8.270000000000000000e+02
1.005000000000000000e+03
1.300000000000000000e+03
8.190000000000000000e+02
3.000000000000000000e+02
5.320000000000000000e+02
1.387000000000000000e+03
2.450000000000000000e+02
3.090000000000000000e+02
6.040000000000000000e+02
4.420000000000000000e+02
1.272000000000000000e+03
1.717000000000000000e+03
1.172000000000000000e+03
1.512000000000000000e+03
1.714000000000000000e+03
5.520000000000000000e+02
1.732000000000000000e+03
1.485000000000000000e+03
1.460000000000000000e+03
1.367000000000000000e+03
2.450000000000000000e+02
7.300000000000000000e+01
8.000000000000000000e+00
1.058000000000000000e+03
1.713000000000000000e+03
3.800000000000000000e+01
1.062000000000000000e+03
1.511000000000000000e+03
1.518000000000000000e+03
1.511000000000000000e+03
7.310000000000000000e+02
1.067000000000000000e+03
3.690000000000000000e+02
2.900000000000000000e+01
1.640000000000000000e+03
7.810000000000000000e+02
9.320000000000000000e+02
6.640000000000000000e+02
1.241000000000000000e+03
4.020000000000000000e+02
8.600000000000000000e+01
1.313000000000000000e+03
4.800000000000000000e+02
1.620000000000000000e+02
5.890000000000000000e+02
1.593000000000000000e+03
1.424000000000000000e+03
3.690000000000000000e+02
9.900000000000000000e+02
1.750000000000000000e+02
3.310000000000000000e+02
5.730000000000000000e+02
4.680000000000000000e+02
1.152000000000000000e+03
2.160000000000000000e+02
7.170000000000000000e+02
9.200000000000000000e+01
4.580000000000000000e+02
9.100000000000000000e+01
4.270000000000000000e+02
2.630000000000000000e+02
4.530000000000000000e+02
1.600000000000000000e+02
5.200000000000000000e+01
3.410000000000000000e+02
1.100000000000000000e+02
8.800000000000000000e+01
1.390000000000000000e+02
2.140000000000000000e+02
1.860000000000000000e+02
6.410000000000000000e+02
2.430000000000000000e+02
4.200000000000000000e+01
1.290000000000000000e+02
1.230000000000000000e+02
2.480000000000000000e+02
5.000000000000000000e+00
5.300000000000000000e+01
8.700000000000000000e+01
2.090000000000000000e+02
1.800000000000000000e+01
1.180000000000000000e+02
8.000000000000000000e+01
3.960000000000000000e+02
1.170000000000000000e+02
2.690000000000000000e+02
3.300000000000000000e+01
1.100000000000000000e+02
1.400000000000000000e+02
6.400000000000000000e+01
3.400000000000000000e+01
2.290000000000000000e+02
6.300000000000000000e+01
7.300000000000000000e+01
2.400000000000000000e+01
3.300000000000000000e+01
1.900000000000000000e+01
1.640000000000000000e+02
1.000000000000000000e+00
4.400000000000000000e+01
2.300000000000000000e+01
1.000000000000000000e+00
2.500000000000000000e+01
4.700000000000000000e+01
8.500000000000000000e+01
4.000000000000000000e+00
1.700000000000000000e+01
2.000000000000000000e+00
4.900000000000000000e+01
2.500000000000000000e+01
1.500000000000000000e+01
1.500000000000000000e+01
1.100000000000000000e+01
3.000000000000000000e+00
1.400000000000000000e+01
7.000000000000000000e+00
7.000000000000000000e+00
1.000000000000000000e+00
1.000000000000000000e+01
1.000000000000000000e+00
7.000000000000000000e+00
4.000000000000000000e+00
8.000000000000000000e+00
2.600000000000000000e+01
1.000000000000000000e+00
8.000000000000000000e+00
4.000000000000000000e+00
4.000000000000000000e+00
1.000000000000000000e+00
7.000000000000000000e+00
5.000000000000000000e+00
1.000000000000000000e+00
1.000000000000000000e+00
5.000000000000000000e+00
2.000000000000000000e+00
1.300000000000000000e+01
1.000000000000000000e+01
2.000000000000000000e+00
2.000000000000000000e+00
1.000000000000000000e+00
1.000000000000000000e+00
6.000000000000000000e+00
3.000000000000000000e+00
1.000000000000000000e+00
2.000000000000000000e+00
1.000000000000000000e+00
6.000000000000000000e+00
1.000000000000000000e+00
3.000000000000000000e+00
1.000000000000000000e+00
2.000000000000000000e+00
2.000000000000000000e+00
2.000000000000000000e+00
2.000000000000000000e+00
1.000000000000000000e+00
