1.287000000000000000e+03
1.292000000000000000e+03
1.779000000000000000e+03
1.811000000000000000e+03
1.776000000000000000e+03
1.607000000000000000e+03
1.531000000000000000e+03
1.670000000000000000e+03
1.103000000000000000e+03
5.940000000000000000e+02
1.306000000000000000e+03
1.703000000000000000e+03
1.705000000000000000e+03
1.430000000000000000e+03
1.612000000000000000e+03
1.719000000000000000e+03
1.491000000000000000e+03
1.774000000000000000e+03
1.794000000000000000e+03
1.490000000000000000e+03
1.402000000000000000e+03
1.794000000000000000e+03
1.698000000000000000e+03
8.080000000000000000e+02
9.860000000000000000e+02
1.694000000000000000e+03
1.695000000000000000e+03
1.624000000000000000e+03
6.240000000000000000e+02
1.425000000000000000e+03
8.380000000000000000e+02
1.608000000000000000e+03
1.762000000000000000e+03
9.980000000000000000e+02
1.299000000000000000e+03
1.449000000000000000e+03
1.118000000000000000e+03
1.329000000000000000e+03
1.184000000000000000e+03
1.428000000000000000e+03
4.440000000000000000e+02
1.538000000000000000e+03
1.823000000000000000e+03
1.593000000000000000e+03
1.238000000000000000e+03
9.120000000000000000e+02
1.990000000000000000e+02
4.490000000000000000e+02
1.734000000000000000e+03
1.818000000000000000e+03
2.270000000000000000e+02
7.040000000000000000e+02
7.170000000000000000e+02
6.080000000000000000e+02
1.177000000000000000e+03
1.805000000000000000e+03
3.400000000000000000e+01
3.400000000000000000e+01
1.846000000000000000e+03
7.200000000000000000e+02
1.010000000000000000e+03
3.980000000000000000e+02
8.960000000000000000e+02
1.202000000000000000e+03
6.100000000000000000e+01
3.280000000000000000e+02
7.920000000000000000e+02
1.900000000000000000e+01
7.700000000000000000e+02
2.850000000000000000e+02
2.680000000000000000e+02
1.114000000000000000e+03
8.660000000000000000e+02
1.620000000000000000e+02
3.660000000000000000e+02
3.070000000000000000e+02
2.890000000000000000e+02
1.050000000000000000e+03
5.770000000000000000e+02
4.780000000000000000e+02
2.080000000000000000e+02
6.010000000000000000e+02
5.430000000000000000e+02
6.850000000000000000e+02
1.420000000000000000e+02
1.550000000000000000e+02
1.900000000000000000e+02
9.990000000000000000e+02
9.090000000000000000e+02
2.160000000000000000e+02
2.560000000000000000e+02
4.470000000000000000e+02
4.350000000000000000e+02
3.790000000000000000e+02
2.400000000000000000e+01
8.070000000000000000e+02
5.070000000000000000e+02
2.550000000000000000e+02
5.040000000000000000e+02
1.460000000000000000e+02
4.300000000000000000e+02
1.210000000000000000e+02
5.300000000000000000e+01
9.600000000000000000e+01
3.360000000000000000e+02
4.600000000000000000e+01
1.480000000000000000e+02
9.800000000000000000e+01
1.490000000000000000e+02
2.800000000000000000e+01
6.200000000000000000e+01
1.710000000000000000e+02
1.140000000000000000e+02
6.600000000000000000e+01
4.000000000000000000e+00
4.700000000000000000e+01
6.000000000000000000e+01
1.330000000000000000e+02
2.600000000000000000e+02
1.110000000000000000e+02
1.300000000000000000e+01
1.200000000000000000e+01
1.100000000000000000e+01
1.700000000000000000e+01
1.290000000000000000e+02
1.000000000000000000e+02
3.000000000000000000e+00
3.900000000000000000e+01
8.400000000000000000e+01
2.400000000000000000e+01
4.100000000000000000e+01
1.100000000000000000e+01
1.900000000000000000e+01
5.800000000000000000e+01
1.000000000000000000e+00
1.100000000000000000e+01
5.800000000000000000e+01
1.600000000000000000e+01
3.800000000000000000e+01
1.500000000000000000e+01
1.000000000000000000e+00
8.000000000000000000e+00
9.000000000000000000e+00
3.600000000000000000e+01
2.000000000000000000e+00
3.800000000000000000e+01
1.000000000000000000e+00
4.000000000000000000e+00
3.000000000000000000e+00
2.800000000000000000e+01
1.500000000000000000e+01
2.000000000000000000e+00
1.000000000000000000e+00
5.000000000000000000e+00
1.200000000000000000e+01
1.200000000000000000e+01
2.200000000000000000e+01
6.000000000000000000e+00
2.000000000000000000e+00
7.000000000000000000e+00
3.000000000000000000e+00
2.000000000000000000e+00
5.000000000000000000e+00
7.000000000000000000e+00
6.000000000000000000e+00
3.000000000000000000e+00
4.000000000000000000e+00
2.000000000000000000e+00
4.000000000000000000e+00
2.000000000000000000e+00
1.000000000000000000e+00
3.000000000000000000e+00
1.000000000000000000e+00
1.000000000000000000e+00
3.000000000000000000e+00
1.000000000000000000e+00
1.000000000000000000e+00
1.000000000000000000e+00
