1.797000000000000000e+03
1.769000000000000000e+03
6.000000000000000000e+02
1.085000000000000000e+03
1.794000000000000000e+03
1.773000000000000000e+03
1.663000000000000000e+03
1.542000000000000000e+03
1.823000000000000000e+03
1.793000000000000000e+03
1.477000000000000000e+03
6.090000000000000000e+02
1.604000000000000000e+03
7.190000000000000000e+02
1.507000000000000000e+03
4.900000000000000000e+02
1.856000000000000000e+03
8.780000000000000000e+02
8.340000000000000000e+02
1.232000000000000000e+03
1.809000000000000000e+03
1.552000000000000000e+03
1.305000000000000000e+03
2.730000000000000000e+02
1.592000000000000000e+03
4.750000000000000000e+02
2.720000000000000000e+02
1.777000000000000000e+03
1.266000000000000000e+03
1.274000000000000000e+03
4.390000000000000000e+02
9.320000000000000000e+02
7.300000000000000000e+02
1.492000000000000000e+03
5.460000000000000000e+02
1.530000000000000000e+03
1.140000000000000000e+03
1.585000000000000000e+03
8.010000000000000000e+02
2.690000000000000000e+02
1.166000000000000000e+03
1.489000000000000000e+03
1.629000000000000000e+03
3.980000000000000000e+02
1.730000000000000000e+03
7.390000000000000000e+02
6.800000000000000000e+02
1.826000000000000000e+03
1.690000000000000000e+03
1.867000000000000000e+03
1.653000000000000000e+03
1.063000000000000000e+03
4.470000000000000000e+02
1.786000000000000000e+03
1.864000000000000000e+03
7.450000000000000000e+02
9.400000000000000000e+01
1.280000000000000000e+03
1.727000000000000000e+03
8.750000000000000000e+02
1.864000000000000000e+03
1.605000000000000000e+03
1.012000000000000000e+03
3.270000000000000000e+02
1.106000000000000000e+03
1.447000000000000000e+03
1.146000000000000000e+03
5.350000000000000000e+02
5.400000000000000000e+01
2.540000000000000000e+02
1.750000000000000000e+02
1.090000000000000000e+02
1.368000000000000000e+03
3.410000000000000000e+02
1.330000000000000000e+02
1.363000000000000000e+03
1.029000000000000000e+03
3.660000000000000000e+02
7.170000000000000000e+02
6.420000000000000000e+02
9.990000000000000000e+02
4.360000000000000000e+02
2.000000000000000000e+02
5.600000000000000000e+01
3.710000000000000000e+02
5.710000000000000000e+02
7.100000000000000000e+01
3.300000000000000000e+02
5.800000000000000000e+01
1.010000000000000000e+02
2.960000000000000000e+02
1.680000000000000000e+02
1.358000000000000000e+03
6.270000000000000000e+02
2.290000000000000000e+02
7.500000000000000000e+01
1.120000000000000000e+02
4.190000000000000000e+02
9.640000000000000000e+02
8.990000000000000000e+02
4.920000000000000000e+02
4.900000000000000000e+01
6.800000000000000000e+01
3.700000000000000000e+01
1.150000000000000000e+02
5.300000000000000000e+01
2.630000000000000000e+02
8.900000000000000000e+01
1.980000000000000000e+02
2.110000000000000000e+02
1.510000000000000000e+02
3.000000000000000000e+01
1.990000000000000000e+02
9.600000000000000000e+01
1.920000000000000000e+02
1.340000000000000000e+02
5.400000000000000000e+01
1.410000000000000000e+02
2.500000000000000000e+01
4.500000000000000000e+01
8.600000000000000000e+01
3.700000000000000000e+01
8.900000000000000000e+01
1.450000000000000000e+02
2.200000000000000000e+01
1.900000000000000000e+01
1.400000000000000000e+01
1.000000000000000000e+01
2.400000000000000000e+01
4.000000000000000000e+01
2.000000000000000000e+00
1.000000000000000000e+00
2.200000000000000000e+01
9.000000000000000000e+00
2.300000000000000000e+01
2.900000000000000000e+01
1.500000000000000000e+01
1.000000000000000000e+01
1.000000000000000000e+01
1.600000000000000000e+01
2.000000000000000000e+01
7.000000000000000000e+00
1.300000000000000000e+01
1.000000000000000000e+00
1.100000000000000000e+01
9.000000000000000000e+00
1.100000000000000000e+01
4.000000000000000000e+00
4.000000000000000000e+00
1.000000000000000000e+01
4.000000000000000000e+00
2.000000000000000000e+00
5.000000000000000000e+00
5.000000000000000000e+00
6.000000000000000000e+00
1.000000000000000000e+01
3.000000000000000000e+00
3.000000000000000000e+00
1.000000000000000000e+00
4.000000000000000000e+00
5.000000000000000000e+00
1.000000000000000000e+00
1.000000000000000000e+00
1.000000000000000000e+00
1.000000000000000000e+00
3.000000000000000000e+00
1.000000000000000000e+00
1.000000000000000000e+00
1.000000000000000000e+00
1.000000000000000000e+00
1.000000000000000000e+00
