1.569000000000000000e+03
1.448000000000000000e+03
1.098000000000000000e+03
3.390000000000000000e+02
1.523000000000000000e+03
1.651000000000000000e+03
1.542000000000000000e+03
1.311000000000000000e+03
1.420000000000000000e+03
4.940000000000000000e+02
1.526000000000000000e+03
6.400000000000000000e+02
1.610000000000000000e+03
1.217000000000000000e+03
1.389000000000000000e+03
1.171000000000000000e+03
1.565000000000000000e+03
9.180000000000000000e+02
1.284000000000000000e+03
1.589000000000000000e+03
4.150000000000000000e+02
1.160000000000000000e+02
1.602000000000000000e+03
1.459000000000000000e+03
1.514000000000000000e+03
6.560000000000000000e+02
1.151000000000000000e+03
1.267000000000000000e+03
1.380000000000000000e+03
7.800000000000000000e+01
5.410000000000000000e+02
7.900000000000000000e+02
7.650000000000000000e+02
1.079000000000000000e+03
1.437000000000000000e+03
9.670000000000000000e+02
4.300000000000000000e+02
4.980000000000000000e+02
1.207000000000000000e+03
8.100000000000000000e+01
6.100000000000000000e+01
1.559000000000000000e+03
1.612000000000000000e+03
1.316000000000000000e+03
1.373000000000000000e+03
1.658000000000000000e+03
8.730000000000000000e+02
1.172000000000000000e+03
1.493000000000000000e+03
7.770000000000000000e+02
1.072000000000000000e+03
1.458000000000000000e+03
1.256000000000000000e+03
1.045000000000000000e+03
9.870000000000000000e+02
6.110000000000000000e+02
1.507000000000000000e+03
1.610000000000000000e+03
2.930000000000000000e+02
1.398000000000000000e+03
1.348000000000000000e+03
2.490000000000000000e+02
6.370000000000000000e+02
5.870000000000000000e+02
1.570000000000000000e+03
1.590000000000000000e+03
8.840000000000000000e+02
9.630000000000000000e+02
1.900000000000000000e+02
3.370000000000000000e+02
1.110000000000000000e+02
1.518000000000000000e+03
5.770000000000000000e+02
3.180000000000000000e+02
2.470000000000000000e+02
1.394000000000000000e+03
1.540000000000000000e+02
8.540000000000000000e+02
8.280000000000000000e+02
1.281000000000000000e+03
3.330000000000000000e+02
3.260000000000000000e+02
8.590000000000000000e+02
1.200000000000000000e+03
1.172000000000000000e+03
1.065000000000000000e+03
1.490000000000000000e+02
1.130000000000000000e+02
5.070000000000000000e+02
1.460000000000000000e+02
5.020000000000000000e+02
1.400000000000000000e+02
4.800000000000000000e+02
3.910000000000000000e+02
2.850000000000000000e+02
2.100000000000000000e+01
7.430000000000000000e+02
9.810000000000000000e+02
2.000000000000000000e+00
2.700000000000000000e+01
7.400000000000000000e+02
6.280000000000000000e+02
8.000000000000000000e+00
1.640000000000000000e+02
6.020000000000000000e+02
7.330000000000000000e+02
1.160000000000000000e+02
3.800000000000000000e+02
1.000000000000000000e+01
5.320000000000000000e+02
4.180000000000000000e+02
2.800000000000000000e+02
4.500000000000000000e+01
5.500000000000000000e+01
1.060000000000000000e+02
4.100000000000000000e+01
2.540000000000000000e+02
2.300000000000000000e+01
8.000000000000000000e+00
1.050000000000000000e+02
5.460000000000000000e+02
1.920000000000000000e+02
8.400000000000000000e+01
4.100000000000000000e+01
3.110000000000000000e+02
5.500000000000000000e+01
7.500000000000000000e+01
2.090000000000000000e+02
1.210000000000000000e+02
2.500000000000000000e+01
2.010000000000000000e+02
6.300000000000000000e+01
4.000000000000000000e+00
2.320000000000000000e+02
7.600000000000000000e+01
1.770000000000000000e+02
1.500000000000000000e+01
7.100000000000000000e+01
4.100000000000000000e+01
9.000000000000000000e+00
2.610000000000000000e+02
1.040000000000000000e+02
1.400000000000000000e+01
9.000000000000000000e+00
1.500000000000000000e+02
2.900000000000000000e+01
2.700000000000000000e+01
4.900000000000000000e+01
1.400000000000000000e+01
1.900000000000000000e+01
2.500000000000000000e+01
1.000000000000000000e+00
2.100000000000000000e+01
1.530000000000000000e+02
3.200000000000000000e+01
4.900000000000000000e+01
2.000000000000000000e+01
5.000000000000000000e+00
1.400000000000000000e+01
3.200000000000000000e+01
5.200000000000000000e+01
2.200000000000000000e+01
2.700000000000000000e+01
3.000000000000000000e+00
2.000000000000000000e+00
1.400000000000000000e+01
1.000000000000000000e+01
6.000000000000000000e+00
5.000000000000000000e+00
6.000000000000000000e+00
2.900000000000000000e+01
1.000000000000000000e+00
3.000000000000000000e+00
6.000000000000000000e+00
4.000000000000000000e+00
1.000000000000000000e+00
5.000000000000000000e+00
1.000000000000000000e+00
2.000000000000000000e+00
1.000000000000000000e+00
2.000000000000000000e+00
2.000000000000000000e+00
1.000000000000000000e+00
1.000000000000000000e+00
6.000000000000000000e+00
1.000000000000000000e+00
2.000000000000000000e+00
1.000000000000000000e+00
1.000000000000000000e+00
1.000000000000000000e+00
5.000000000000000000e+00
3.000000000000000000e+00
1.000000000000000000e+00
1.000000000000000000e+00
1.000000000000000000e+00
