4.860000000000000000e+02
7.840000000000000000e+02
1.043000000000000000e+03
5.970000000000000000e+02
1.480000000000000000e+03
1.519000000000000000e+03
1.378000000000000000e+03
1.177000000000000000e+03
6.060000000000000000e+02
4.370000000000000000e+02
7.070000000000000000e+02
8.980000000000000000e+02
3.950000000000000000e+02
8.630000000000000000e+02
1.427000000000000000e+03
1.519000000000000000e+03
8.460000000000000000e+02
1.565000000000000000e+03
1.130000000000000000e+02
1.334000000000000000e+03
1.770000000000000000e+02
1.145000000000000000e+03
6.380000000000000000e+02
3.160000000000000000e+02
1.399000000000000000e+03
1.027000000000000000e+03
1.285000000000000000e+03
1.603000000000000000e+03
9.800000000000000000e+02
1.055000000000000000e+03
1.149000000000000000e+03
1.302000000000000000e+03
5.250000000000000000e+02
2.910000000000000000e+02
2.900000000000000000e+02
3.750000000000000000e+02
1.078000000000000000e+03
1.523000000000000000e+03
3.730000000000000000e+02
1.551000000000000000e+03
8.380000000000000000e+02
1.800000000000000000e+02
9.640000000000000000e+02
1.380000000000000000e+03
6.020000000000000000e+02
1.354000000000000000e+03
9.300000000000000000e+02
1.525000000000000000e+03
1.517000000000000000e+03
3.750000000000000000e+02
4.700000000000000000e+02
1.340000000000000000e+02
8.190000000000000000e+02
1.485000000000000000e+03
1.066000000000000000e+03
1.389000000000000000e+03
2.660000000000000000e+02
1.292000000000000000e+03
2.040000000000000000e+02
1.204000000000000000e+03
9.340000000000000000e+02
1.514000000000000000e+03
1.656000000000000000e+03
1.187000000000000000e+03
9.500000000000000000e+01
6.970000000000000000e+02
1.580000000000000000e+02
5.530000000000000000e+02
1.581000000000000000e+03
1.227000000000000000e+03
8.790000000000000000e+02
1.322000000000000000e+03
1.540000000000000000e+03
4.580000000000000000e+02
2.210000000000000000e+02
1.294000000000000000e+03
9.940000000000000000e+02
1.354000000000000000e+03
7.580000000000000000e+02
1.539000000000000000e+03
1.750000000000000000e+02
1.521000000000000000e+03
1.493000000000000000e+03
1.637000000000000000e+03
1.431000000000000000e+03
8.710000000000000000e+02
1.117000000000000000e+03
5.530000000000000000e+02
1.341000000000000000e+03
1.552000000000000000e+03
5.600000000000000000e+02
2.790000000000000000e+02
8.500000000000000000e+01
7.990000000000000000e+02
1.155000000000000000e+03
2.560000000000000000e+02
7.360000000000000000e+02
8.410000000000000000e+02
3.520000000000000000e+02
4.090000000000000000e+02
1.460000000000000000e+02
9.800000000000000000e+01
1.490000000000000000e+02
1.800000000000000000e+01
1.210000000000000000e+02
1.200000000000000000e+02
4.200000000000000000e+02
2.800000000000000000e+01
4.860000000000000000e+02
6.490000000000000000e+02
2.150000000000000000e+02
4.300000000000000000e+01
5.600000000000000000e+01
6.670000000000000000e+02
4.600000000000000000e+01
3.430000000000000000e+02
2.150000000000000000e+02
7.800000000000000000e+01
2.330000000000000000e+02
6.600000000000000000e+01
2.000000000000000000e+02
3.150000000000000000e+02
4.400000000000000000e+01
1.090000000000000000e+02
5.200000000000000000e+01
4.840000000000000000e+02
2.580000000000000000e+02
9.000000000000000000e+01
1.100000000000000000e+02
9.000000000000000000e+00
3.000000000000000000e+01
2.880000000000000000e+02
1.310000000000000000e+02
2.200000000000000000e+01
3.600000000000000000e+01
1.610000000000000000e+02
3.000000000000000000e+00
6.900000000000000000e+01
2.500000000000000000e+01
9.600000000000000000e+01
1.000000000000000000e+01
4.400000000000000000e+01
1.600000000000000000e+01
6.200000000000000000e+01
9.000000000000000000e+00
6.300000000000000000e+01
6.400000000000000000e+01
2.600000000000000000e+01
5.200000000000000000e+01
1.500000000000000000e+01
1.800000000000000000e+01
3.000000000000000000e+00
4.000000000000000000e+01
1.000000000000000000e+01
3.600000000000000000e+01
2.000000000000000000e+01
1.100000000000000000e+01
1.300000000000000000e+01
7.100000000000000000e+01
7.000000000000000000e+00
5.000000000000000000e+00
5.400000000000000000e+01
1.700000000000000000e+01
2.100000000000000000e+01
2.000000000000000000e+00
1.400000000000000000e+01
9.000000000000000000e+00
1.900000000000000000e+01
1.000000000000000000e+01
3.000000000000000000e+00
2.000000000000000000e+00
7.000000000000000000e+00
3.900000000000000000e+01
1.400000000000000000e+01
5.000000000000000000e+00
4.000000000000000000e+00
4.000000000000000000e+00
2.000000000000000000e+00
4.000000000000000000e+00
4.000000000000000000e+00
9.000000000000000000e+00
1.400000000000000000e+01
2.000000000000000000e+00
4.000000000000000000e+00
2.000000000000000000e+00
4.000000000000000000e+00
2.000000000000000000e+00
1.100000000000000000e+01
1.000000000000000000e+00
4.000000000000000000e+00
1.000000000000000000e+00
1.000000000000000000e+00
2.000000000000000000e+00
1.000000000000000000e+00
1.000000000000000000e+00
3.000000000000000000e+00
1.000000000000000000e+00
2.000000000000000000e+00
1.000000000000000000e+00
1.000000000000000000e+00
1.000000000000000000e+00
