1.195000000000000000e+03
5.010000000000000000e+02
6.310000000000000000e+02
1.562000000000000000e+03
1.074000000000000000e+03
1.419000000000000000e+03
1.266000000000000000e+03
1.260000000000000000e+03
1.423000000000000000e+03
1.042000000000000000e+03
1.562000000000000000e+03
1.595000000000000000e+03
1.163000000000000000e+03
1.486000000000000000e+03
1.069000000000000000e+03
7.620000000000000000e+02
6.950000000000000000e+02
1.277000000000000000e+03
1.150000000000000000e+03
1.471000000000000000e+03
8.730000000000000000e+02
7.500000000000000000e+01
1.515000000000000000e+03
1.041000000000000000e+03
1.383000000000000000e+03
1.323000000000000000e+03
1.060000000000000000e+02
1.193000000000000000e+03
6.660000000000000000e+02
4.080000000000000000e+02
1.425000000000000000e+03
5.200000000000000000e+02
9.940000000000000000e+02
4.940000000000000000e+02
3.320000000000000000e+02
2.180000000000000000e+02
1.205000000000000000e+03
1.202000000000000000e+03
1.551000000000000000e+03
1.594000000000000000e+03
6.920000000000000000e+02
1.268000000000000000e+03
1.315000000000000000e+03
1.512000000000000000e+03
1.950000000000000000e+02
1.540000000000000000e+03
8.840000000000000000e+02
1.060000000000000000e+03
2.220000000000000000e+02
8.730000000000000000e+02
9.380000000000000000e+02
5.140000000000000000e+02
9.960000000000000000e+02
6.980000000000000000e+02
9.690000000000000000e+02
1.447000000000000000e+03
1.400000000000000000e+03
7.300000000000000000e+01
1.104000000000000000e+03
1.750000000000000000e+02
3.440000000000000000e+02
1.491000000000000000e+03
2.590000000000000000e+02
1.426000000000000000e+03
1.581000000000000000e+03
1.277000000000000000e+03
1.530000000000000000e+02
1.479000000000000000e+03
4.160000000000000000e+02
8.420000000000000000e+02
4.160000000000000000e+02
1.470000000000000000e+03
1.433000000000000000e+03
5.690000000000000000e+02
3.510000000000000000e+02
7.890000000000000000e+02
2.340000000000000000e+02
4.300000000000000000e+01
1.870000000000000000e+02
8.180000000000000000e+02
2.820000000000000000e+02
1.265000000000000000e+03
1.033000000000000000e+03
1.352000000000000000e+03
3.000000000000000000e+01
1.700000000000000000e+01
5.820000000000000000e+02
7.270000000000000000e+02
3.840000000000000000e+02
1.210000000000000000e+02
2.270000000000000000e+02
2.600000000000000000e+02
1.369000000000000000e+03
4.310000000000000000e+02
3.330000000000000000e+02
9.210000000000000000e+02
6.180000000000000000e+02
2.760000000000000000e+02
2.860000000000000000e+02
3.350000000000000000e+02
1.070000000000000000e+02
1.479000000000000000e+03
3.060000000000000000e+02
1.830000000000000000e+02
1.270000000000000000e+02
7.670000000000000000e+02
1.415000000000000000e+03
1.530000000000000000e+02
6.270000000000000000e+02
8.630000000000000000e+02
1.522000000000000000e+03
5.300000000000000000e+02
1.600000000000000000e+01
9.220000000000000000e+02
4.100000000000000000e+01
1.830000000000000000e+02
4.650000000000000000e+02
4.630000000000000000e+02
1.060000000000000000e+02
1.450000000000000000e+02
2.240000000000000000e+02
5.360000000000000000e+02
3.400000000000000000e+01
2.260000000000000000e+02
7.700000000000000000e+01
9.800000000000000000e+01
2.600000000000000000e+01
1.370000000000000000e+02
6.800000000000000000e+01
4.290000000000000000e+02
1.250000000000000000e+02
9.900000000000000000e+01
2.600000000000000000e+01
1.460000000000000000e+02
5.000000000000000000e+01
5.400000000000000000e+01
4.000000000000000000e+01
7.900000000000000000e+01
9.000000000000000000e+00
3.000000000000000000e+00
1.500000000000000000e+01
3.700000000000000000e+01
5.700000000000000000e+01
6.000000000000000000e+00
6.500000000000000000e+01
3.500000000000000000e+01
8.400000000000000000e+01
7.900000000000000000e+01
5.100000000000000000e+01
1.300000000000000000e+01
1.000000000000000000e+01
3.800000000000000000e+01
2.000000000000000000e+01
5.000000000000000000e+00
3.700000000000000000e+01
1.500000000000000000e+01
3.000000000000000000e+00
3.000000000000000000e+00
1.200000000000000000e+01
2.400000000000000000e+01
1.000000000000000000e+01
9.000000000000000000e+00
1.160000000000000000e+02
2.500000000000000000e+01
1.000000000000000000e+01
8.000000000000000000e+00
3.000000000000000000e+00
1.500000000000000000e+01
8.800000000000000000e+01
6.000000000000000000e+00
1.000000000000000000e+00
2.000000000000000000e+00
1.000000000000000000e+01
2.000000000000000000e+00
1.800000000000000000e+01
3.300000000000000000e+01
1.200000000000000000e+01
7.000000000000000000e+00
2.000000000000000000e+00
6.000000000000000000e+00
5.000000000000000000e+00
1.900000000000000000e+01
4.000000000000000000e+00
2.000000000000000000e+00
6.000000000000000000e+00
3.000000000000000000e+00
4.000000000000000000e+00
3.000000000000000000e+00
3.000000000000000000e+00
1.000000000000000000e+00
2.000000000000000000e+00
1.000000000000000000e+00
1.000000000000000000e+00
6.000000000000000000e+00
4.000000000000000000e+00
3.000000000000000000e+00
1.000000000000000000e+00
3.000000000000000000e+00
1.000000000000000000e+00
1.000000000000000000e+00
1.000000000000000000e+00
1.000000000000000000e+00
1.000000000000000000e+00
1.000000000000000000e+00
1.000000000000000000e+00
1.000000000000000000e+00
