1.402000000000000000e+03
1.490000000000000000e+02
8.800000000000000000e+02
1.474000000000000000e+03
3.870000000000000000e+02
1.223000000000000000e+03
1.398000000000000000e+03
1.688000000000000000e+03
1.842000000000000000e+03
1.180000000000000000e+02
7.030000000000000000e+02
1.608000000000000000e+03
1.754000000000000000e+03
9.000000000000000000e+00
1.356000000000000000e+03
1.680000000000000000e+03
6.460000000000000000e+02
1.731000000000000000e+03
6.860000000000000000e+02
1.443000000000000000e+03
1.646000000000000000e+03
8.540000000000000000e+02
4.790000000000000000e+02
1.770000000000000000e+03
1.117000000000000000e+03
1.804000000000000000e+03
1.352000000000000000e+03
1.442000000000000000e+03
1.234000000000000000e+03
9.250000000000000000e+02
1.281000000000000000e+03
1.775000000000000000e+03
1.740000000000000000e+03
1.753000000000000000e+03
1.746000000000000000e+03
3.670000000000000000e+02
1.420000000000000000e+03
4.480000000000000000e+02
1.766000000000000000e+03
1.179000000000000000e+03
1.647000000000000000e+03
3.360000000000000000e+02
1.004000000000000000e+03
1.457000000000000000e+03
1.788000000000000000e+03
8.990000000000000000e+02
4.290000000000000000e+02
1.287000000000000000e+03
1.714000000000000000e+03
1.830000000000000000e+03
7.800000000000000000e+01
7.940000000000000000e+02
1.754000000000000000e+03
1.544000000000000000e+03
6.530000000000000000e+02
2.960000000000000000e+02
1.014000000000000000e+03
4.210000000000000000e+02
1.136000000000000000e+03
1.788000000000000000e+03
6.210000000000000000e+02
1.451000000000000000e+03
4.950000000000000000e+02
1.514000000000000000e+03
1.450000000000000000e+02
1.980000000000000000e+02
1.009000000000000000e+03
3.080000000000000000e+02
1.373000000000000000e+03
8.200000000000000000e+02
6.110000000000000000e+02
5.400000000000000000e+01
4.900000000000000000e+01
1.776000000000000000e+03
1.007000000000000000e+03
7.600000000000000000e+01
1.543000000000000000e+03
1.070000000000000000e+02
1.229000000000000000e+03
4.930000000000000000e+02
7.880000000000000000e+02
7.880000000000000000e+02
1.023000000000000000e+03
5.390000000000000000e+02
4.630000000000000000e+02
8.040000000000000000e+02
1.260000000000000000e+02
2.560000000000000000e+02
2.450000000000000000e+02
8.810000000000000000e+02
2.460000000000000000e+02
3.670000000000000000e+02
1.606000000000000000e+03
4.010000000000000000e+02
2.710000000000000000e+02
3.250000000000000000e+02
1.155000000000000000e+03
3.400000000000000000e+01
1.440000000000000000e+02
5.100000000000000000e+02
5.740000000000000000e+02
7.900000000000000000e+01
2.320000000000000000e+02
1.790000000000000000e+02
1.990000000000000000e+02
1.650000000000000000e+02
1.060000000000000000e+02
1.950000000000000000e+02
6.300000000000000000e+01
2.160000000000000000e+02
2.740000000000000000e+02
3.300000000000000000e+01
3.700000000000000000e+01
7.000000000000000000e+00
6.300000000000000000e+01
1.030000000000000000e+02
1.510000000000000000e+02
5.500000000000000000e+01
1.280000000000000000e+02
4.800000000000000000e+01
8.700000000000000000e+01
2.800000000000000000e+01
1.200000000000000000e+01
2.160000000000000000e+02
8.700000000000000000e+01
3.900000000000000000e+01
1.200000000000000000e+01
1.800000000000000000e+01
3.800000000000000000e+01
3.400000000000000000e+01
2.500000000000000000e+01
6.800000000000000000e+01
5.400000000000000000e+01
2.200000000000000000e+01
6.100000000000000000e+01
2.500000000000000000e+01
2.000000000000000000e+01
1.900000000000000000e+01
1.400000000000000000e+01
9.000000000000000000e+00
7.000000000000000000e+00
7.000000000000000000e+00
3.000000000000000000e+00
2.900000000000000000e+01
3.000000000000000000e+00
7.000000000000000000e+00
1.500000000000000000e+01
1.900000000000000000e+01
1.000000000000000000e+00
1.400000000000000000e+01
1.000000000000000000e+00
2.000000000000000000e+00
1.000000000000000000e+00
3.000000000000000000e+00
2.000000000000000000e+00
4.000000000000000000e+00
5.000000000000000000e+00
6.000000000000000000e+00
2.000000000000000000e+01
1.100000000000000000e+01
6.000000000000000000e+00
5.000000000000000000e+00
5.000000000000000000e+00
1.200000000000000000e+01
3.000000000000000000e+00
5.000000000000000000e+00
1.000000000000000000e+00
2.000000000000000000e+00
4.000000000000000000e+00
2.000000000000000000e+00
1.000000000000000000e+00
1.000000000000000000e+00
1.000000000000000000e+00
1.000000000000000000e+00
1.000000000000000000e+00
