1.681000000000000000e+03
1.789000000000000000e+03
1.492000000000000000e+03
1.548000000000000000e+03
1.665000000000000000e+03
1.435000000000000000e+03
9.440000000000000000e+02
1.509000000000000000e+03
5.480000000000000000e+02
8.350000000000000000e+02
5.480000000000000000e+02
1.699000000000000000e+03
1.240000000000000000e+02
1.493000000000000000e+03
7.840000000000000000e+02
4.700000000000000000e+01
1.293000000000000000e+03
1.757000000000000000e+03
4.100000000000000000e+02
1.660000000000000000e+02
5.000000000000000000e+00
5.020000000000000000e+02
7.510000000000000000e+02
1.646000000000000000e+03
1.130000000000000000e+03
1.419000000000000000e+03
1.702000000000000000e+03
1.207000000000000000e+03
1.622000000000000000e+03
1.095000000000000000e+03
1.787000000000000000e+03
6.490000000000000000e+02
3.700000000000000000e+01
1.042000000000000000e+03
1.545000000000000000e+03
1.696000000000000000e+03
7.160000000000000000e+02
1.697000000000000000e+03
8.490000000000000000e+02
1.680000000000000000e+02
6.240000000000000000e+02
9.860000000000000000e+02
2.900000000000000000e+01
1.651000000000000000e+03
1.428000000000000000e+03
4.670000000000000000e+02
1.759000000000000000e+03
1.778000000000000000e+03
9.760000000000000000e+02
1.814000000000000000e+03
4.570000000000000000e+02
3.220000000000000000e+02
1.714000000000000000e+03
2.970000000000000000e+02
6.220000000000000000e+02
1.717000000000000000e+03
1.299000000000000000e+03
1.721000000000000000e+03
1.188000000000000000e+03
7.760000000000000000e+02
1.623000000000000000e+03
6.610000000000000000e+02
1.659000000000000000e+03
3.780000000000000000e+02
4.890000000000000000e+02
1.339000000000000000e+03
1.290000000000000000e+02
1.703000000000000000e+03
1.673000000000000000e+03
1.232000000000000000e+03
1.297000000000000000e+03
1.173000000000000000e+03
2.450000000000000000e+02
1.150000000000000000e+02
1.495000000000000000e+03
6.960000000000000000e+02
9.420000000000000000e+02
4.450000000000000000e+02
1.312000000000000000e+03
3.130000000000000000e+02
3.390000000000000000e+02
9.890000000000000000e+02
2.270000000000000000e+02
1.066000000000000000e+03
3.570000000000000000e+02
7.440000000000000000e+02
1.580000000000000000e+02
1.113000000000000000e+03
7.310000000000000000e+02
3.060000000000000000e+02
1.207000000000000000e+03
1.715000000000000000e+03
6.000000000000000000e+01
3.930000000000000000e+02
1.060000000000000000e+02
9.850000000000000000e+02
2.760000000000000000e+02
2.120000000000000000e+02
2.660000000000000000e+02
5.500000000000000000e+02
2.800000000000000000e+01
5.500000000000000000e+01
2.300000000000000000e+01
3.030000000000000000e+02
7.040000000000000000e+02
8.900000000000000000e+01
2.840000000000000000e+02
5.400000000000000000e+02
2.350000000000000000e+02
1.100000000000000000e+01
1.620000000000000000e+02
7.000000000000000000e+01
5.300000000000000000e+01
1.320000000000000000e+02
1.550000000000000000e+02
2.330000000000000000e+02
9.600000000000000000e+01
1.890000000000000000e+02
9.300000000000000000e+01
1.150000000000000000e+02
9.000000000000000000e+00
5.100000000000000000e+01
3.400000000000000000e+01
7.000000000000000000e+00
5.700000000000000000e+01
1.500000000000000000e+01
9.200000000000000000e+01
1.500000000000000000e+01
9.600000000000000000e+01
1.300000000000000000e+01
1.200000000000000000e+01
2.000000000000000000e+00
3.800000000000000000e+01
1.200000000000000000e+01
6.300000000000000000e+01
8.000000000000000000e+00
2.600000000000000000e+01
1.270000000000000000e+02
2.000000000000000000e+00
1.000000000000000000e+00
6.000000000000000000e+00
2.000000000000000000e+00
2.800000000000000000e+01
4.800000000000000000e+01
7.000000000000000000e+00
4.400000000000000000e+01
1.300000000000000000e+01
2.300000000000000000e+01
3.400000000000000000e+01
3.000000000000000000e+01
9.000000000000000000e+00
7.000000000000000000e+00
1.900000000000000000e+01
1.300000000000000000e+01
6.000000000000000000e+00
7.000000000000000000e+00
4.000000000000000000e+00
1.000000000000000000e+00
1.200000000000000000e+01
1.000000000000000000e+00
9.000000000000000000e+00
2.200000000000000000e+01
1.000000000000000000e+00
5.000000000000000000e+00
1.000000000000000000e+00
1.000000000000000000e+00
1.000000000000000000e+00
4.000000000000000000e+00
2.000000000000000000e+00
3.000000000000000000e+00
1.000000000000000000e+00
1.000000000000000000e+00
1.000000000000000000e+00
3.000000000000000000e+00
2.000000000000000000e+00
1.000000000000000000e+00
1.000000000000000000e+00
1.000000000000000000e+00
