1.061000000000000000e+03
1.679000000000000000e+03
1.536000000000000000e+03
1.822000000000000000e+03
1.556000000000000000e+03
1.662000000000000000e+03
1.344000000000000000e+03
1.801000000000000000e+03
1.402000000000000000e+03
1.417000000000000000e+03
1.105000000000000000e+03
2.330000000000000000e+02
1.798000000000000000e+03
1.310000000000000000e+03
1.782000000000000000e+03
1.151000000000000000e+03
8.280000000000000000e+02
1.610000000000000000e+03
1.596000000000000000e+03
1.796000000000000000e+03
1.691000000000000000e+03
1.127000000000000000e+03
9.230000000000000000e+02
1.697000000000000000e+03
1.347000000000000000e+03
1.463000000000000000e+03
1.559000000000000000e+03
6.980000000000000000e+02
1.135000000000000000e+03
2.310000000000000000e+02
1.269000000000000000e+03
1.303000000000000000e+03
1.152000000000000000e+03
1.544000000000000000e+03
1.228000000000000000e+03
5.700000000000000000e+02
9.200000000000000000e+02
1.635000000000000000e+03
1.709000000000000000e+03
1.704000000000000000e+03
1.711000000000000000e+03
1.518000000000000000e+03
8.630000000000000000e+02
1.466000000000000000e+03
1.735000000000000000e+03
8.760000000000000000e+02
1.292000000000000000e+03
1.147000000000000000e+03
1.060000000000000000e+02
7.590000000000000000e+02
1.607000000000000000e+03
4.610000000000000000e+02
7.910000000000000000e+02
1.571000000000000000e+03
8.600000000000000000e+01
9.910000000000000000e+02
1.717000000000000000e+03
1.150000000000000000e+02
4.350000000000000000e+02
1.032000000000000000e+03
4.980000000000000000e+02
9.640000000000000000e+02
5.020000000000000000e+02
2.200000000000000000e+01
7.960000000000000000e+02
1.774000000000000000e+03
1.732000000000000000e+03
1.690000000000000000e+02
7.430000000000000000e+02
7.680000000000000000e+02
2.200000000000000000e+02
6.300000000000000000e+01
2.000000000000000000e+00
1.180000000000000000e+02
2.610000000000000000e+02
7.690000000000000000e+02
4.490000000000000000e+02
1.273000000000000000e+03
1.007000000000000000e+03
1.338000000000000000e+03
2.580000000000000000e+02
3.420000000000000000e+02
3.800000000000000000e+02
3.220000000000000000e+02
3.000000000000000000e+02
5.270000000000000000e+02
5.760000000000000000e+02
6.700000000000000000e+01
5.100000000000000000e+02
4.400000000000000000e+01
1.720000000000000000e+02
6.270000000000000000e+02
4.020000000000000000e+02
8.780000000000000000e+02
3.750000000000000000e+02
1.580000000000000000e+02
5.720000000000000000e+02
1.610000000000000000e+02
2.960000000000000000e+02
1.290000000000000000e+02
4.400000000000000000e+02
2.170000000000000000e+02
6.140000000000000000e+02
5.130000000000000000e+02
6.200000000000000000e+01
6.900000000000000000e+01
2.840000000000000000e+02
2.950000000000000000e+02
1.440000000000000000e+02
6.440000000000000000e+02
1.650000000000000000e+02
1.010000000000000000e+02
1.650000000000000000e+02
3.050000000000000000e+02
1.200000000000000000e+02
1.330000000000000000e+02
1.300000000000000000e+01
5.000000000000000000e+00
6.500000000000000000e+01
9.000000000000000000e+00
2.360000000000000000e+02
6.900000000000000000e+01
4.300000000000000000e+01
4.500000000000000000e+01
5.900000000000000000e+01
2.100000000000000000e+01
2.200000000000000000e+01
3.100000000000000000e+01
3.500000000000000000e+01
1.500000000000000000e+01
9.800000000000000000e+01
1.100000000000000000e+01
3.000000000000000000e+00
5.000000000000000000e+00
1.000000000000000000e+01
1.000000000000000000e+01
9.000000000000000000e+01
4.100000000000000000e+01
4.700000000000000000e+01
3.500000000000000000e+01
4.000000000000000000e+00
1.100000000000000000e+01
8.200000000000000000e+01
9.000000000000000000e+00
4.200000000000000000e+01
5.000000000000000000e+00
6.200000000000000000e+01
2.900000000000000000e+01
1.800000000000000000e+01
1.600000000000000000e+01
9.000000000000000000e+00
1.700000000000000000e+01
1.300000000000000000e+01
4.000000000000000000e+00
3.100000000000000000e+01
5.200000000000000000e+01
1.300000000000000000e+01
4.000000000000000000e+00
3.000000000000000000e+00
2.000000000000000000e+00
1.000000000000000000e+00
2.000000000000000000e+00
2.000000000000000000e+00
1.000000000000000000e+00
1.000000000000000000e+00
4.000000000000000000e+00
4.000000000000000000e+00
6.000000000000000000e+00
1.000000000000000000e+00
6.000000000000000000e+00
8.000000000000000000e+00
1.000000000000000000e+00
2.000000000000000000e+00
2.000000000000000000e+00
3.000000000000000000e+00
1.000000000000000000e+00
1.000000000000000000e+00
1.000000000000000000e+00
1.000000000000000000e+00
