4.980000000000000000e+02
2.410000000000000000e+02
4.490000000000000000e+02
1.440000000000000000e+02
8.590000000000000000e+02
1.083000000000000000e+03
1.220000000000000000e+03
1.175000000000000000e+03
1.183000000000000000e+03
1.222000000000000000e+03
1.245000000000000000e+03
8.570000000000000000e+02
2.130000000000000000e+02
1.335000000000000000e+03
4.610000000000000000e+02
1.102000000000000000e+03
1.287000000000000000e+03
1.065000000000000000e+03
1.082000000000000000e+03
4.750000000000000000e+02
5.930000000000000000e+02
1.332000000000000000e+03
1.205000000000000000e+03
1.142000000000000000e+03
9.450000000000000000e+02
9.290000000000000000e+02
1.015000000000000000e+03
1.258000000000000000e+03
2.810000000000000000e+02
2.850000000000000000e+02
4.380000000000000000e+02
8.950000000000000000e+02
1.043000000000000000e+03
9.520000000000000000e+02
4.800000000000000000e+02
5.750000000000000000e+02
1.290000000000000000e+03
8.410000000000000000e+02
1.147000000000000000e+03
1.095000000000000000e+03
1.317000000000000000e+03
1.187000000000000000e+03
9.600000000000000000e+02
2.490000000000000000e+02
1.296000000000000000e+03
1.270000000000000000e+03
5.460000000000000000e+02
1.207000000000000000e+03
7.910000000000000000e+02
1.272000000000000000e+03
4.910000000000000000e+02
3.180000000000000000e+02
7.060000000000000000e+02
1.242000000000000000e+03
1.319000000000000000e+03
9.040000000000000000e+02
8.400000000000000000e+01
9.830000000000000000e+02
7.200000000000000000e+02
1.288000000000000000e+03
2.400000000000000000e+02
1.204000000000000000e+03
1.262000000000000000e+03
1.354000000000000000e+03
1.175000000000000000e+03
7.070000000000000000e+02
8.710000000000000000e+02
1.024000000000000000e+03
1.107000000000000000e+03
7.800000000000000000e+01
1.236000000000000000e+03
1.016000000000000000e+03
6.750000000000000000e+02
9.020000000000000000e+02
1.131000000000000000e+03
3.760000000000000000e+02
1.210000000000000000e+03
6.210000000000000000e+02
7.690000000000000000e+02
1.206000000000000000e+03
6.660000000000000000e+02
6.500000000000000000e+02
6.280000000000000000e+02
3.830000000000000000e+02
7.010000000000000000e+02
6.950000000000000000e+02
3.380000000000000000e+02
7.750000000000000000e+02
1.180000000000000000e+02
2.010000000000000000e+02
1.059000000000000000e+03
1.307000000000000000e+03
3.710000000000000000e+02
5.660000000000000000e+02
3.200000000000000000e+02
8.370000000000000000e+02
5.910000000000000000e+02
4.700000000000000000e+01
2.500000000000000000e+02
1.026000000000000000e+03
5.010000000000000000e+02
7.030000000000000000e+02
1.640000000000000000e+02
4.760000000000000000e+02
3.700000000000000000e+01
3.400000000000000000e+01
3.210000000000000000e+02
1.310000000000000000e+02
2.200000000000000000e+02
9.910000000000000000e+02
1.160000000000000000e+02
5.800000000000000000e+01
8.000000000000000000e+02
7.700000000000000000e+01
1.700000000000000000e+02
7.710000000000000000e+02
1.150000000000000000e+02
1.490000000000000000e+02
2.270000000000000000e+02
1.241000000000000000e+03
5.170000000000000000e+02
3.770000000000000000e+02
5.200000000000000000e+01
1.420000000000000000e+02
6.950000000000000000e+02
2.680000000000000000e+02
2.090000000000000000e+02
3.870000000000000000e+02
9.830000000000000000e+02
5.650000000000000000e+02
4.520000000000000000e+02
4.060000000000000000e+02
7.900000000000000000e+01
1.570000000000000000e+02
8.900000000000000000e+01
1.900000000000000000e+02
2.190000000000000000e+02
7.000000000000000000e+01
1.500000000000000000e+02
3.460000000000000000e+02
1.900000000000000000e+01
3.170000000000000000e+02
1.430000000000000000e+02
1.900000000000000000e+01
3.200000000000000000e+01
1.130000000000000000e+02
8.700000000000000000e+01
2.800000000000000000e+02
2.590000000000000000e+02
1.000000000000000000e+02
4.000000000000000000e+01
2.000000000000000000e+00
8.200000000000000000e+01
2.410000000000000000e+02
1.320000000000000000e+02
1.840000000000000000e+02
1.100000000000000000e+01
5.900000000000000000e+01
1.020000000000000000e+02
1.700000000000000000e+01
5.200000000000000000e+01
8.400000000000000000e+01
1.510000000000000000e+02
9.000000000000000000e+00
5.300000000000000000e+01
2.700000000000000000e+01
9.700000000000000000e+01
1.600000000000000000e+01
6.600000000000000000e+01
5.900000000000000000e+01
3.200000000000000000e+01
3.300000000000000000e+01
1.000000000000000000e+01
2.900000000000000000e+01
7.000000000000000000e+00
1.900000000000000000e+01
1.200000000000000000e+01
2.000000000000000000e+00
3.200000000000000000e+01
3.600000000000000000e+01
1.000000000000000000e+00
5.000000000000000000e+00
4.100000000000000000e+01
1.600000000000000000e+01
1.400000000000000000e+01
7.000000000000000000e+00
8.000000000000000000e+00
8.000000000000000000e+00
3.400000000000000000e+01
3.800000000000000000e+01
4.000000000000000000e+00
1.600000000000000000e+01
2.600000000000000000e+01
1.700000000000000000e+01
6.000000000000000000e+00
9.000000000000000000e+00
2.200000000000000000e+01
3.000000000000000000e+00
2.000000000000000000e+00
1.600000000000000000e+01
2.300000000000000000e+01
2.100000000000000000e+01
1.900000000000000000e+01
2.000000000000000000e+00
1.000000000000000000e+00
7.000000000000000000e+00
3.000000000000000000e+00
2.000000000000000000e+00
9.000000000000000000e+00
7.000000000000000000e+00
4.000000000000000000e+00
7.000000000000000000e+00
4.000000000000000000e+00
4.000000000000000000e+00
4.000000000000000000e+00
6.000000000000000000e+00
1.600000000000000000e+01
1.000000000000000000e+00
4.000000000000000000e+00
7.000000000000000000e+00
4.000000000000000000e+00
4.000000000000000000e+00
2.000000000000000000e+00
6.000000000000000000e+00
3.000000000000000000e+00
4.000000000000000000e+00
2.000000000000000000e+00
4.000000000000000000e+00
6.000000000000000000e+00
1.000000000000000000e+00
1.000000000000000000e+00
1.000000000000000000e+00
1.000000000000000000e+00
1.000000000000000000e+00
1.000000000000000000e+00
2.000000000000000000e+00
2.000000000000000000e+00
1.000000000000000000e+00
1.000000000000000000e+00
1.000000000000000000e+00
1.000000000000000000e+00
1.000000000000000000e+00
1.000000000000000000e+00
3.000000000000000000e+00
1.000000000000000000e+00
1.000000000000000000e+00
