1.230000000000000000e+03
1.724000000000000000e+03
1.650000000000000000e+03
1.131000000000000000e+03
1.740000000000000000e+03
1.020000000000000000e+02
5.890000000000000000e+02
1.167000000000000000e+03
1.559000000000000000e+03
1.478000000000000000e+03
4.940000000000000000e+02
1.605000000000000000e+03
1.677000000000000000e+03
1.759000000000000000e+03
1.725000000000000000e+03
1.149000000000000000e+03
7.810000000000000000e+02
1.122000000000000000e+03
1.584000000000000000e+03
1.838000000000000000e+03
1.776000000000000000e+03
8.420000000000000000e+02
1.603000000000000000e+03
1.384000000000000000e+03
8.630000000000000000e+02
1.440000000000000000e+03
1.640000000000000000e+03
1.562000000000000000e+03
1.870000000000000000e+03
6.190000000000000000e+02
7.670000000000000000e+02
1.814000000000000000e+03
1.547000000000000000e+03
1.378000000000000000e+03
1.324000000000000000e+03
1.698000000000000000e+03
6.350000000000000000e+02
1.795000000000000000e+03
1.590000000000000000e+03
9.110000000000000000e+02
1.395000000000000000e+03
4.400000000000000000e+02
1.290000000000000000e+03
1.043000000000000000e+03
9.190000000000000000e+02
1.759000000000000000e+03
3.640000000000000000e+02
1.794000000000000000e+03
1.407000000000000000e+03
1.732000000000000000e+03
9.550000000000000000e+02
1.301000000000000000e+03
9.680000000000000000e+02
6.240000000000000000e+02
3.570000000000000000e+02
1.694000000000000000e+03
4.420000000000000000e+02
9.900000000000000000e+01
1.175000000000000000e+03
3.100000000000000000e+02
1.102000000000000000e+03
1.330000000000000000e+02
2.690000000000000000e+02
7.930000000000000000e+02
7.110000000000000000e+02
4.050000000000000000e+02
6.930000000000000000e+02
1.419000000000000000e+03
8.460000000000000000e+02
1.776000000000000000e+03
1.493000000000000000e+03
6.700000000000000000e+02
1.527000000000000000e+03
3.500000000000000000e+02
3.230000000000000000e+02
2.720000000000000000e+02
4.400000000000000000e+01
4.250000000000000000e+02
3.660000000000000000e+02
1.430000000000000000e+02
4.730000000000000000e+02
1.500000000000000000e+01
2.690000000000000000e+02
1.735000000000000000e+03
5.170000000000000000e+02
3.700000000000000000e+01
6.420000000000000000e+02
2.020000000000000000e+02
3.340000000000000000e+02
4.630000000000000000e+02
3.000000000000000000e+02
1.085000000000000000e+03
1.300000000000000000e+01
1.230000000000000000e+02
9.890000000000000000e+02
2.030000000000000000e+02
6.400000000000000000e+01
8.870000000000000000e+02
5.110000000000000000e+02
2.180000000000000000e+02
1.390000000000000000e+02
4.600000000000000000e+01
8.700000000000000000e+01
2.410000000000000000e+02
6.010000000000000000e+02
1.410000000000000000e+02
1.730000000000000000e+02
1.970000000000000000e+02
1.570000000000000000e+02
1.040000000000000000e+02
4.400000000000000000e+01
1.860000000000000000e+02
5.100000000000000000e+01
6.800000000000000000e+01
1.390000000000000000e+02
1.840000000000000000e+02
2.340000000000000000e+02
3.400000000000000000e+01
8.000000000000000000e+00
5.000000000000000000e+00
1.700000000000000000e+01
1.020000000000000000e+02
2.600000000000000000e+01
9.000000000000000000e+00
7.800000000000000000e+01
1.070000000000000000e+02
7.500000000000000000e+01
2.500000000000000000e+01
2.300000000000000000e+01
4.700000000000000000e+01
3.300000000000000000e+01
1.080000000000000000e+02
3.000000000000000000e+01
1.400000000000000000e+01
6.500000000000000000e+01
9.000000000000000000e+00
2.600000000000000000e+01
1.000000000000000000e+00
2.100000000000000000e+01
4.200000000000000000e+01
1.000000000000000000e+01
4.100000000000000000e+01
6.000000000000000000e+00
2.600000000000000000e+01
1.500000000000000000e+01
3.000000000000000000e+00
7.000000000000000000e+00
1.100000000000000000e+01
1.600000000000000000e+01
8.000000000000000000e+00
3.000000000000000000e+00
2.000000000000000000e+00
4.000000000000000000e+00
1.300000000000000000e+01
1.000000000000000000e+00
1.500000000000000000e+01
1.000000000000000000e+00
1.000000000000000000e+00
4.000000000000000000e+00
4.000000000000000000e+00
1.000000000000000000e+00
6.000000000000000000e+00
1.000000000000000000e+00
4.000000000000000000e+00
3.000000000000000000e+00
1.000000000000000000e+00
7.000000000000000000e+00
2.000000000000000000e+00
1.000000000000000000e+00
5.000000000000000000e+00
1.000000000000000000e+00
1.000000000000000000e+00
1.000000000000000000e+00
1.000000000000000000e+00
1.000000000000000000e+00
2.000000000000000000e+00
2.000000000000000000e+00
1.000000000000000000e+00
1.000000000000000000e+00
