1.079000000000000000e+03
7.510000000000000000e+02
1.200000000000000000e+02
5.610000000000000000e+02
5.810000000000000000e+02
1.714000000000000000e+03
1.604000000000000000e+03
1.415000000000000000e+03
8.830000000000000000e+02
1.710000000000000000e+02
3.410000000000000000e+02
1.504000000000000000e+03
1.790000000000000000e+03
1.753000000000000000e+03
1.807000000000000000e+03
1.513000000000000000e+03
1.083000000000000000e+03
1.722000000000000000e+03
6.720000000000000000e+02
1.530000000000000000e+03
3.940000000000000000e+02
1.290000000000000000e+03
1.587000000000000000e+03
8.320000000000000000e+02
1.685000000000000000e+03
4.980000000000000000e+02
1.405000000000000000e+03
1.062000000000000000e+03
6.900000000000000000e+02
1.788000000000000000e+03
1.300000000000000000e+01
1.232000000000000000e+03
1.818000000000000000e+03
1.792000000000000000e+03
2.050000000000000000e+02
1.576000000000000000e+03
1.264000000000000000e+03
6.760000000000000000e+02
1.715000000000000000e+03
1.697000000000000000e+03
1.395000000000000000e+03
2.770000000000000000e+02
9.900000000000000000e+02
1.142000000000000000e+03
1.719000000000000000e+03
1.475000000000000000e+03
8.980000000000000000e+02
1.680000000000000000e+03
1.605000000000000000e+03
1.767000000000000000e+03
7.280000000000000000e+02
7.480000000000000000e+02
6.100000000000000000e+02
1.777000000000000000e+03
1.201000000000000000e+03
4.980000000000000000e+02
1.210000000000000000e+03
1.736000000000000000e+03
8.670000000000000000e+02
1.682000000000000000e+03
9.820000000000000000e+02
1.384000000000000000e+03
1.210000000000000000e+02
4.740000000000000000e+02
1.315000000000000000e+03
1.517000000000000000e+03
1.762000000000000000e+03
2.510000000000000000e+02
1.547000000000000000e+03
1.830000000000000000e+03
1.025000000000000000e+03
1.000000000000000000e+03
1.237000000000000000e+03
2.510000000000000000e+02
1.387000000000000000e+03
9.940000000000000000e+02
1.126000000000000000e+03
6.120000000000000000e+02
8.700000000000000000e+01
3.690000000000000000e+02
8.700000000000000000e+01
1.810000000000000000e+02
4.030000000000000000e+02
3.470000000000000000e+02
2.360000000000000000e+02
5.970000000000000000e+02
2.170000000000000000e+02
7.980000000000000000e+02
4.300000000000000000e+02
8.660000000000000000e+02
4.270000000000000000e+02
1.130000000000000000e+02
4.260000000000000000e+02
6.520000000000000000e+02
2.580000000000000000e+02
2.880000000000000000e+02
1.720000000000000000e+02
1.000000000000000000e+01
5.740000000000000000e+02
8.800000000000000000e+01
1.090000000000000000e+02
3.220000000000000000e+02
5.190000000000000000e+02
2.100000000000000000e+01
2.050000000000000000e+02
1.600000000000000000e+01
1.590000000000000000e+02
1.210000000000000000e+02
1.930000000000000000e+02
3.000000000000000000e+01
1.030000000000000000e+02
3.600000000000000000e+01
1.330000000000000000e+02
5.300000000000000000e+01
1.250000000000000000e+02
2.930000000000000000e+02
2.500000000000000000e+01
6.600000000000000000e+01
4.700000000000000000e+01
5.900000000000000000e+01
1.900000000000000000e+01
9.200000000000000000e+01
1.200000000000000000e+02
1.520000000000000000e+02
4.100000000000000000e+01
4.200000000000000000e+01
6.400000000000000000e+01
5.000000000000000000e+00
2.800000000000000000e+01
1.100000000000000000e+01
3.800000000000000000e+01
2.000000000000000000e+01
6.000000000000000000e+00
2.100000000000000000e+01
4.500000000000000000e+01
7.000000000000000000e+00
2.000000000000000000e+00
6.100000000000000000e+01
2.300000000000000000e+01
4.000000000000000000e+00
5.100000000000000000e+01
1.000000000000000000e+01
7.000000000000000000e+00
2.000000000000000000e+01
1.800000000000000000e+01
4.700000000000000000e+01
1.000000000000000000e+00
1.800000000000000000e+01
2.000000000000000000e+00
2.100000000000000000e+01
1.500000000000000000e+01
9.000000000000000000e+00
7.000000000000000000e+00
2.400000000000000000e+01
2.000000000000000000e+00
7.000000000000000000e+00
2.000000000000000000e+00
6.000000000000000000e+00
1.000000000000000000e+00
3.000000000000000000e+00
3.000000000000000000e+00
1.000000000000000000e+00
5.000000000000000000e+00
3.000000000000000000e+00
1.000000000000000000e+00
6.000000000000000000e+00
1.000000000000000000e+00
1.000000000000000000e+00
1.000000000000000000e+00
3.000000000000000000e+00
1.000000000000000000e+00
1.000000000000000000e+00
1.000000000000000000e+00
2.000000000000000000e+00
1.000000000000000000e+00
1.000000000000000000e+00
1.000000000000000000e+00
1.000000000000000000e+00
