1.266000000000000000e+03
1.557000000000000000e+03
1.276000000000000000e+03
1.465000000000000000e+03
1.259000000000000000e+03
4.160000000000000000e+02
1.083000000000000000e+03
2.190000000000000000e+02
3.590000000000000000e+02
1.529000000000000000e+03
1.650000000000000000e+02
6.680000000000000000e+02
2.620000000000000000e+02
8.140000000000000000e+02
6.360000000000000000e+02
1.277000000000000000e+03
1.091000000000000000e+03
1.487000000000000000e+03
1.559000000000000000e+03
8.670000000000000000e+02
4.240000000000000000e+02
1.403000000000000000e+03
8.690000000000000000e+02
9.680000000000000000e+02
1.669000000000000000e+03
6.870000000000000000e+02
1.596000000000000000e+03
1.359000000000000000e+03
1.369000000000000000e+03
1.494000000000000000e+03
6.120000000000000000e+02
8.270000000000000000e+02
3.420000000000000000e+02
1.400000000000000000e+03
1.566000000000000000e+03
1.572000000000000000e+03
1.601000000000000000e+03
7.600000000000000000e+02
9.620000000000000000e+02
1.534000000000000000e+03
1.379000000000000000e+03
1.413000000000000000e+03
9.790000000000000000e+02
1.222000000000000000e+03
9.970000000000000000e+02
1.229000000000000000e+03
1.102000000000000000e+03
1.271000000000000000e+03
1.025000000000000000e+03
1.587000000000000000e+03
1.534000000000000000e+03
5.520000000000000000e+02
1.660000000000000000e+02
3.260000000000000000e+02
1.536000000000000000e+03
5.920000000000000000e+02
1.658000000000000000e+03
9.330000000000000000e+02
8.600000000000000000e+01
4.070000000000000000e+02
8.130000000000000000e+02
6.000000000000000000e+02
1.350000000000000000e+02
1.144000000000000000e+03
1.547000000000000000e+03
8.060000000000000000e+02
5.770000000000000000e+02
1.009000000000000000e+03
7.650000000000000000e+02
1.589000000000000000e+03
1.489000000000000000e+03
5.540000000000000000e+02
1.337000000000000000e+03
1.628000000000000000e+03
1.364000000000000000e+03
4.410000000000000000e+02
7.240000000000000000e+02
1.291000000000000000e+03
1.160000000000000000e+02
3.930000000000000000e+02
9.500000000000000000e+01
5.300000000000000000e+01
2.230000000000000000e+02
2.300000000000000000e+02
9.560000000000000000e+02
9.230000000000000000e+02
6.220000000000000000e+02
8.300000000000000000e+01
3.500000000000000000e+02
1.213000000000000000e+03
1.152000000000000000e+03
1.477000000000000000e+03
4.470000000000000000e+02
1.460000000000000000e+02
6.740000000000000000e+02
5.260000000000000000e+02
1.635000000000000000e+03
1.137000000000000000e+03
1.240000000000000000e+02
1.830000000000000000e+02
7.240000000000000000e+02
3.660000000000000000e+02
5.270000000000000000e+02
2.500000000000000000e+02
4.130000000000000000e+02
5.300000000000000000e+01
4.910000000000000000e+02
1.540000000000000000e+02
2.010000000000000000e+02
2.540000000000000000e+02
7.400000000000000000e+01
1.960000000000000000e+02
2.880000000000000000e+02
8.200000000000000000e+01
1.630000000000000000e+02
4.200000000000000000e+01
2.080000000000000000e+02
5.200000000000000000e+01
1.280000000000000000e+02
1.820000000000000000e+02
1.100000000000000000e+02
2.450000000000000000e+02
1.930000000000000000e+02
1.220000000000000000e+02
5.700000000000000000e+01
2.700000000000000000e+01
1.800000000000000000e+01
6.400000000000000000e+01
9.000000000000000000e+01
2.880000000000000000e+02
2.700000000000000000e+01
3.400000000000000000e+01
2.100000000000000000e+01
7.300000000000000000e+01
7.300000000000000000e+01
3.000000000000000000e+00
9.000000000000000000e+00
5.400000000000000000e+01
1.700000000000000000e+01
3.000000000000000000e+00
2.500000000000000000e+01
1.100000000000000000e+01
1.060000000000000000e+02
6.600000000000000000e+01
9.000000000000000000e+00
6.800000000000000000e+01
4.500000000000000000e+01
1.200000000000000000e+01
5.000000000000000000e+00
3.400000000000000000e+01
2.200000000000000000e+01
2.300000000000000000e+01
1.200000000000000000e+01
1.100000000000000000e+01
3.200000000000000000e+01
9.000000000000000000e+00
3.300000000000000000e+01
3.800000000000000000e+01
1.000000000000000000e+00
6.000000000000000000e+00
2.000000000000000000e+00
2.100000000000000000e+01
4.800000000000000000e+01
2.300000000000000000e+01
3.000000000000000000e+00
1.000000000000000000e+00
1.300000000000000000e+01
1.100000000000000000e+01
1.000000000000000000e+00
1.200000000000000000e+01
7.000000000000000000e+00
6.000000000000000000e+00
6.000000000000000000e+00
4.000000000000000000e+00
4.000000000000000000e+00
1.000000000000000000e+01
9.000000000000000000e+00
2.000000000000000000e+00
5.000000000000000000e+00
7.000000000000000000e+00
1.000000000000000000e+00
1.000000000000000000e+00
2.000000000000000000e+00
1.000000000000000000e+00
1.000000000000000000e+00
5.000000000000000000e+00
1.000000000000000000e+00
1.000000000000000000e+00
2.000000000000000000e+00
2.000000000000000000e+00
1.000000000000000000e+00
3.000000000000000000e+00
1.000000000000000000e+00
1.000000000000000000e+00
1.000000000000000000e+00
1.000000000000000000e+00
1.000000000000000000e+00
1.000000000000000000e+00
