1.082000000000000000e+03
1.582000000000000000e+03
1.456000000000000000e+03
1.764000000000000000e+03
1.506000000000000000e+03
7.100000000000000000e+02
1.614000000000000000e+03
5.420000000000000000e+02
1.304000000000000000e+03
1.805000000000000000e+03
1.875000000000000000e+03
1.075000000000000000e+03
1.806000000000000000e+03
1.097000000000000000e+03
1.788000000000000000e+03
1.547000000000000000e+03
1.565000000000000000e+03
1.567000000000000000e+03
1.804000000000000000e+03
1.492000000000000000e+03
1.016000000000000000e+03
8.630000000000000000e+02
1.751000000000000000e+03
1.566000000000000000e+03
1.797000000000000000e+03
1.423000000000000000e+03
1.263000000000000000e+03
6.660000000000000000e+02
1.766000000000000000e+03
5.360000000000000000e+02
1.688000000000000000e+03
9.850000000000000000e+02
1.178000000000000000e+03
5.120000000000000000e+02
1.766000000000000000e+03
5.630000000000000000e+02
2.130000000000000000e+02
8.560000000000000000e+02
1.642000000000000000e+03
1.512000000000000000e+03
1.452000000000000000e+03
1.251000000000000000e+03
1.135000000000000000e+03
1.045000000000000000e+03
1.808000000000000000e+03
3.000000000000000000e+02
2.850000000000000000e+02
9.390000000000000000e+02
3.060000000000000000e+02
8.030000000000000000e+02
6.610000000000000000e+02
9.030000000000000000e+02
5.130000000000000000e+02
1.381000000000000000e+03
3.620000000000000000e+02
1.576000000000000000e+03
1.830000000000000000e+03
8.240000000000000000e+02
2.320000000000000000e+02
1.780000000000000000e+03
7.870000000000000000e+02
1.777000000000000000e+03
1.326000000000000000e+03
3.920000000000000000e+02
1.771000000000000000e+03
1.028000000000000000e+03
3.320000000000000000e+02
2.760000000000000000e+02
4.770000000000000000e+02
3.630000000000000000e+02
6.700000000000000000e+01
6.240000000000000000e+02
1.578000000000000000e+03
1.630000000000000000e+02
1.251000000000000000e+03
6.570000000000000000e+02
8.780000000000000000e+02
1.606000000000000000e+03
3.010000000000000000e+02
2.080000000000000000e+02
4.380000000000000000e+02
1.312000000000000000e+03
3.530000000000000000e+02
8.000000000000000000e+01
1.354000000000000000e+03
4.210000000000000000e+02
2.290000000000000000e+02
1.087000000000000000e+03
2.040000000000000000e+02
1.980000000000000000e+02
2.050000000000000000e+02
3.840000000000000000e+02
5.770000000000000000e+02
4.400000000000000000e+01
1.220000000000000000e+02
1.300000000000000000e+02
1.880000000000000000e+02
2.600000000000000000e+02
1.410000000000000000e+02
7.820000000000000000e+02
7.100000000000000000e+01
5.260000000000000000e+02
6.870000000000000000e+02
8.200000000000000000e+01
2.560000000000000000e+02
9.100000000000000000e+01
3.900000000000000000e+01
1.500000000000000000e+01
1.290000000000000000e+02
1.320000000000000000e+02
7.600000000000000000e+01
1.810000000000000000e+02
1.200000000000000000e+02
1.400000000000000000e+01
1.330000000000000000e+02
3.800000000000000000e+01
8.000000000000000000e+00
5.900000000000000000e+01
1.190000000000000000e+02
5.000000000000000000e+00
8.900000000000000000e+01
5.100000000000000000e+01
4.000000000000000000e+01
3.500000000000000000e+01
7.100000000000000000e+01
6.000000000000000000e+01
8.000000000000000000e+00
2.200000000000000000e+01
3.300000000000000000e+01
5.000000000000000000e+00
4.400000000000000000e+01
3.200000000000000000e+01
6.500000000000000000e+01
1.700000000000000000e+01
2.400000000000000000e+01
6.100000000000000000e+01
1.200000000000000000e+01
3.400000000000000000e+01
7.000000000000000000e+00
4.000000000000000000e+00
3.100000000000000000e+01
9.000000000000000000e+00
1.900000000000000000e+01
1.300000000000000000e+01
1.600000000000000000e+01
1.800000000000000000e+01
5.000000000000000000e+00
1.400000000000000000e+01
1.200000000000000000e+01
4.000000000000000000e+00
3.000000000000000000e+00
2.000000000000000000e+00
4.000000000000000000e+00
6.000000000000000000e+00
9.000000000000000000e+00
8.000000000000000000e+00
1.000000000000000000e+00
3.000000000000000000e+00
3.000000000000000000e+00
3.000000000000000000e+00
1.000000000000000000e+00
2.000000000000000000e+00
2.000000000000000000e+00
2.000000000000000000e+00
3.000000000000000000e+00
1.000000000000000000e+00
2.000000000000000000e+00
1.000000000000000000e+00
2.000000000000000000e+00
1.000000000000000000e+00
1.000000000000000000e+00
2.000000000000000000e+00
1.000000000000000000e+00
1.000000000000000000e+00
