4.909000000000000000e+03
8.410000000000000000e+02
5.009000000000000000e+03
1.245000000000000000e+03
3.398000000000000000e+03
1.483000000000000000e+03
4.927000000000000000e+03
4.543000000000000000e+03
3.060000000000000000e+03
5.330000000000000000e+02
2.182000000000000000e+03
4.337000000000000000e+03
3.930000000000000000e+02
9.890000000000000000e+02
1.796000000000000000e+03
2.707000000000000000e+03
3.938000000000000000e+03
5.050000000000000000e+03
1.430000000000000000e+03
2.609000000000000000e+03
4.758000000000000000e+03
3.031000000000000000e+03
2.373000000000000000e+03
4.070000000000000000e+03
2.750000000000000000e+02
4.557000000000000000e+03
3.633000000000000000e+03
6.110000000000000000e+02
4.273000000000000000e+03
4.845000000000000000e+03
1.964000000000000000e+03
1.788000000000000000e+03
8.290000000000000000e+02
3.465000000000000000e+03
1.108000000000000000e+03
8.500000000000000000e+01
3.700000000000000000e+01
7.300000000000000000e+01
3.710000000000000000e+02
3.400000000000000000e+01
1.600000000000000000e+02
1.750000000000000000e+02
6.910000000000000000e+02
2.070000000000000000e+02
1.230000000000000000e+02
2.980000000000000000e+02
4.490000000000000000e+02
4.200000000000000000e+01
3.400000000000000000e+01
4.400000000000000000e+01
1.210000000000000000e+02
1.000000000000000000e+01
2.200000000000000000e+01
1.100000000000000000e+01
1.800000000000000000e+01
1.000000000000000000e+00
1.000000000000000000e+00
4.000000000000000000e+00
6.000000000000000000e+00
2.000000000000000000e+00
9.000000000000000000e+00
4.000000000000000000e+00
6.000000000000000000e+00
1.000000000000000000e+00
1.000000000000000000e+00
1.000000000000000000e+00
