1.674000000000000000e+03
1.505000000000000000e+03
1.780000000000000000e+03
1.258000000000000000e+03
7.970000000000000000e+02
8.180000000000000000e+02
1.125000000000000000e+03
4.950000000000000000e+02
2.370000000000000000e+02
8.960000000000000000e+02
1.342000000000000000e+03
1.760000000000000000e+03
1.348000000000000000e+03
1.625000000000000000e+03
4.570000000000000000e+02
1.030000000000000000e+02
1.854000000000000000e+03
1.227000000000000000e+03
3.870000000000000000e+02
1.885000000000000000e+03
1.725000000000000000e+03
1.584000000000000000e+03
9.910000000000000000e+02
1.823000000000000000e+03
5.770000000000000000e+02
9.970000000000000000e+02
1.624000000000000000e+03
1.415000000000000000e+03
1.414000000000000000e+03
8.440000000000000000e+02
1.661000000000000000e+03
1.782000000000000000e+03
5.920000000000000000e+02
1.798000000000000000e+03
1.664000000000000000e+03
1.946000000000000000e+03
1.548000000000000000e+03
1.308000000000000000e+03
6.910000000000000000e+02
9.800000000000000000e+01
1.035000000000000000e+03
7.220000000000000000e+02
8.330000000000000000e+02
8.770000000000000000e+02
1.859000000000000000e+03
1.774000000000000000e+03
1.228000000000000000e+03
1.585000000000000000e+03
1.466000000000000000e+03
1.806000000000000000e+03
1.406000000000000000e+03
5.450000000000000000e+02
1.370000000000000000e+02
1.175000000000000000e+03
4.290000000000000000e+02
1.726000000000000000e+03
9.500000000000000000e+02
1.448000000000000000e+03
3.630000000000000000e+02
8.580000000000000000e+02
1.766000000000000000e+03
1.623000000000000000e+03
6.690000000000000000e+02
1.556000000000000000e+03
1.125000000000000000e+03
1.064000000000000000e+03
1.433000000000000000e+03
1.758000000000000000e+03
2.940000000000000000e+02
3.430000000000000000e+02
3.300000000000000000e+02
1.621000000000000000e+03
6.260000000000000000e+02
2.620000000000000000e+02
5.620000000000000000e+02
1.200000000000000000e+03
8.100000000000000000e+01
3.130000000000000000e+02
1.289000000000000000e+03
5.200000000000000000e+01
1.290000000000000000e+02
9.530000000000000000e+02
4.730000000000000000e+02
7.320000000000000000e+02
1.990000000000000000e+02
5.140000000000000000e+02
3.110000000000000000e+02
6.300000000000000000e+02
1.124000000000000000e+03
4.070000000000000000e+02
2.170000000000000000e+02
2.150000000000000000e+02
3.000000000000000000e+01
4.640000000000000000e+02
1.790000000000000000e+02
1.790000000000000000e+02
6.350000000000000000e+02
1.010000000000000000e+02
4.600000000000000000e+01
1.640000000000000000e+02
1.900000000000000000e+02
2.200000000000000000e+02
5.100000000000000000e+01
3.100000000000000000e+01
2.860000000000000000e+02
4.130000000000000000e+02
2.400000000000000000e+01
7.200000000000000000e+01
9.600000000000000000e+01
1.020000000000000000e+02
6.100000000000000000e+01
2.400000000000000000e+01
1.400000000000000000e+01
6.800000000000000000e+01
8.100000000000000000e+01
1.290000000000000000e+02
2.880000000000000000e+02
2.600000000000000000e+01
1.300000000000000000e+01
3.200000000000000000e+01
1.240000000000000000e+02
1.630000000000000000e+02
1.270000000000000000e+02
1.660000000000000000e+02
5.600000000000000000e+01
4.700000000000000000e+01
1.300000000000000000e+01
6.000000000000000000e+00
2.300000000000000000e+01
6.100000000000000000e+01
5.200000000000000000e+01
4.400000000000000000e+01
2.000000000000000000e+01
3.100000000000000000e+01
1.600000000000000000e+01
1.000000000000000000e+00
1.600000000000000000e+01
4.000000000000000000e+00
4.000000000000000000e+00
2.000000000000000000e+00
1.200000000000000000e+01
3.500000000000000000e+01
7.000000000000000000e+00
1.500000000000000000e+01
1.200000000000000000e+01
2.000000000000000000e+00
3.000000000000000000e+00
1.000000000000000000e+01
8.000000000000000000e+00
9.000000000000000000e+00
2.900000000000000000e+01
8.000000000000000000e+00
1.800000000000000000e+01
1.300000000000000000e+01
8.000000000000000000e+00
3.000000000000000000e+00
8.000000000000000000e+00
3.000000000000000000e+00
8.000000000000000000e+00
3.000000000000000000e+00
5.000000000000000000e+00
5.000000000000000000e+00
2.000000000000000000e+00
1.000000000000000000e+00
3.000000000000000000e+00
6.000000000000000000e+00
1.000000000000000000e+00
1.000000000000000000e+00
1.000000000000000000e+00
2.000000000000000000e+00
2.000000000000000000e+00
5.000000000000000000e+00
1.000000000000000000e+00
1.000000000000000000e+00
2.000000000000000000e+00
1.000000000000000000e+00
1.000000000000000000e+00
1.000000000000000000e+00
1.000000000000000000e+00
1.000000000000000000e+00
