1.600000000000000000e+03
1.684000000000000000e+03
1.328000000000000000e+03
1.097000000000000000e+03
4.120000000000000000e+02
1.135000000000000000e+03
1.029000000000000000e+03
1.075000000000000000e+03
7.960000000000000000e+02
1.275000000000000000e+03
9.410000000000000000e+02
1.149000000000000000e+03
7.020000000000000000e+02
1.574000000000000000e+03
6.110000000000000000e+02
1.375000000000000000e+03
1.399000000000000000e+03
8.590000000000000000e+02
7.080000000000000000e+02
1.465000000000000000e+03
1.246000000000000000e+03
1.221000000000000000e+03
1.024000000000000000e+03
8.440000000000000000e+02
3.980000000000000000e+02
1.799000000000000000e+03
1.742000000000000000e+03
7.850000000000000000e+02
1.549000000000000000e+03
1.567000000000000000e+03
7.180000000000000000e+02
3.580000000000000000e+02
4.240000000000000000e+02
1.599000000000000000e+03
1.450000000000000000e+03
1.690000000000000000e+03
1.553000000000000000e+03
1.779000000000000000e+03
1.748000000000000000e+03
1.635000000000000000e+03
1.669000000000000000e+03
1.228000000000000000e+03
1.623000000000000000e+03
1.547000000000000000e+03
1.593000000000000000e+03
1.237000000000000000e+03
4.740000000000000000e+02
1.410000000000000000e+02
1.415000000000000000e+03
8.580000000000000000e+02
1.691000000000000000e+03
2.120000000000000000e+02
1.726000000000000000e+03
6.710000000000000000e+02
1.639000000000000000e+03
2.950000000000000000e+02
4.510000000000000000e+02
5.090000000000000000e+02
6.070000000000000000e+02
1.738000000000000000e+03
1.526000000000000000e+03
2.600000000000000000e+02
6.190000000000000000e+02
9.030000000000000000e+02
1.220000000000000000e+02
1.605000000000000000e+03
1.076000000000000000e+03
1.107000000000000000e+03
1.275000000000000000e+03
4.570000000000000000e+02
8.020000000000000000e+02
4.320000000000000000e+02
1.773000000000000000e+03
1.421000000000000000e+03
7.400000000000000000e+01
3.650000000000000000e+02
2.030000000000000000e+02
9.490000000000000000e+02
2.730000000000000000e+02
1.671000000000000000e+03
1.152000000000000000e+03
2.380000000000000000e+02
5.820000000000000000e+02
3.070000000000000000e+02
6.400000000000000000e+01
1.410000000000000000e+03
2.480000000000000000e+02
8.840000000000000000e+02
8.190000000000000000e+02
1.307000000000000000e+03
1.010000000000000000e+02
5.450000000000000000e+02
1.200000000000000000e+01
5.680000000000000000e+02
6.900000000000000000e+01
6.000000000000000000e+00
1.360000000000000000e+02
4.160000000000000000e+02
1.830000000000000000e+02
1.270000000000000000e+02
2.330000000000000000e+02
1.850000000000000000e+02
1.370000000000000000e+02
5.200000000000000000e+01
3.860000000000000000e+02
3.160000000000000000e+02
5.670000000000000000e+02
9.800000000000000000e+01
8.900000000000000000e+01
4.700000000000000000e+01
3.400000000000000000e+01
2.830000000000000000e+02
2.600000000000000000e+02
6.800000000000000000e+01
1.600000000000000000e+02
1.630000000000000000e+02
4.400000000000000000e+01
3.000000000000000000e+00
5.210000000000000000e+02
7.000000000000000000e+01
4.600000000000000000e+01
1.050000000000000000e+02
1.300000000000000000e+02
1.640000000000000000e+02
8.100000000000000000e+01
1.800000000000000000e+01
6.500000000000000000e+01
1.900000000000000000e+01
5.600000000000000000e+01
5.200000000000000000e+01
2.030000000000000000e+02
1.200000000000000000e+01
4.300000000000000000e+01
2.900000000000000000e+01
4.500000000000000000e+01
4.800000000000000000e+01
8.000000000000000000e+00
6.000000000000000000e+00
4.300000000000000000e+01
2.700000000000000000e+01
3.000000000000000000e+00
2.400000000000000000e+01
1.000000000000000000e+01
1.200000000000000000e+01
1.700000000000000000e+01
1.800000000000000000e+01
5.000000000000000000e+00
3.100000000000000000e+01
1.000000000000000000e+00
2.300000000000000000e+01
5.000000000000000000e+00
3.200000000000000000e+01
4.000000000000000000e+00
8.000000000000000000e+00
1.600000000000000000e+01
6.000000000000000000e+00
6.000000000000000000e+00
1.400000000000000000e+01
1.200000000000000000e+01
2.100000000000000000e+01
1.000000000000000000e+00
4.000000000000000000e+00
7.000000000000000000e+00
7.000000000000000000e+00
3.000000000000000000e+00
1.000000000000000000e+00
1.000000000000000000e+00
3.000000000000000000e+00
1.000000000000000000e+00
1.000000000000000000e+00
4.000000000000000000e+00
1.000000000000000000e+00
6.000000000000000000e+00
1.000000000000000000e+00
8.000000000000000000e+00
1.000000000000000000e+00
1.000000000000000000e+00
2.000000000000000000e+00
1.000000000000000000e+00
1.000000000000000000e+00
1.000000000000000000e+00
2.000000000000000000e+00
1.000000000000000000e+00
1.000000000000000000e+00
1.000000000000000000e+00
1.000000000000000000e+00
