7.390000000000000000e+02
1.822000000000000000e+03
1.548000000000000000e+03
1.755000000000000000e+03
1.804000000000000000e+03
9.390000000000000000e+02
1.815000000000000000e+03
1.178000000000000000e+03
1.053000000000000000e+03
1.770000000000000000e+03
1.837000000000000000e+03
9.940000000000000000e+02
9.610000000000000000e+02
1.104000000000000000e+03
1.670000000000000000e+02
1.366000000000000000e+03
1.767000000000000000e+03
1.333000000000000000e+03
1.778000000000000000e+03
9.120000000000000000e+02
1.585000000000000000e+03
1.796000000000000000e+03
3.630000000000000000e+02
1.224000000000000000e+03
1.448000000000000000e+03
1.036000000000000000e+03
5.720000000000000000e+02
1.661000000000000000e+03
7.030000000000000000e+02
1.445000000000000000e+03
1.622000000000000000e+03
1.521000000000000000e+03
2.540000000000000000e+02
8.130000000000000000e+02
1.456000000000000000e+03
4.890000000000000000e+02
6.540000000000000000e+02
1.849000000000000000e+03
1.786000000000000000e+03
4.750000000000000000e+02
6.490000000000000000e+02
1.573000000000000000e+03
1.631000000000000000e+03
1.554000000000000000e+03
1.698000000000000000e+03
3.570000000000000000e+02
5.760000000000000000e+02
1.756000000000000000e+03
1.777000000000000000e+03
1.421000000000000000e+03
1.096000000000000000e+03
1.616000000000000000e+03
1.160000000000000000e+02
6.600000000000000000e+02
6.330000000000000000e+02
4.860000000000000000e+02
1.108000000000000000e+03
8.080000000000000000e+02
1.189000000000000000e+03
3.900000000000000000e+02
1.379000000000000000e+03
1.806000000000000000e+03
1.522000000000000000e+03
6.110000000000000000e+02
9.040000000000000000e+02
1.376000000000000000e+03
9.750000000000000000e+02
4.110000000000000000e+02
1.347000000000000000e+03
1.821000000000000000e+03
7.670000000000000000e+02
1.268000000000000000e+03
5.700000000000000000e+01
1.762000000000000000e+03
1.000000000000000000e+02
5.400000000000000000e+02
1.280000000000000000e+03
1.520000000000000000e+02
7.530000000000000000e+02
4.850000000000000000e+02
6.900000000000000000e+01
3.520000000000000000e+02
1.119000000000000000e+03
3.120000000000000000e+02
2.100000000000000000e+02
9.450000000000000000e+02
2.850000000000000000e+02
1.920000000000000000e+02
1.720000000000000000e+02
2.530000000000000000e+02
2.270000000000000000e+02
3.120000000000000000e+02
2.530000000000000000e+02
4.870000000000000000e+02
7.300000000000000000e+01
2.590000000000000000e+02
4.270000000000000000e+02
1.360000000000000000e+02
1.020000000000000000e+02
3.200000000000000000e+02
1.930000000000000000e+02
8.480000000000000000e+02
2.300000000000000000e+02
5.200000000000000000e+01
1.810000000000000000e+02
2.450000000000000000e+02
1.250000000000000000e+02
6.500000000000000000e+01
1.640000000000000000e+02
1.950000000000000000e+02
6.000000000000000000e+00
9.000000000000000000e+00
3.500000000000000000e+01
9.300000000000000000e+01
2.000000000000000000e+01
2.500000000000000000e+01
5.600000000000000000e+01
8.100000000000000000e+01
5.200000000000000000e+01
1.050000000000000000e+02
2.300000000000000000e+01
1.700000000000000000e+01
4.000000000000000000e+01
1.000000000000000000e+00
3.700000000000000000e+01
1.700000000000000000e+01
3.000000000000000000e+01
4.000000000000000000e+00
6.700000000000000000e+01
1.060000000000000000e+02
1.400000000000000000e+01
4.200000000000000000e+01
1.600000000000000000e+01
2.400000000000000000e+01
2.600000000000000000e+01
4.700000000000000000e+01
2.500000000000000000e+01
8.200000000000000000e+01
6.600000000000000000e+01
3.500000000000000000e+01
2.500000000000000000e+01
1.000000000000000000e+01
1.300000000000000000e+01
1.400000000000000000e+01
1.000000000000000000e+01
2.000000000000000000e+00
1.700000000000000000e+01
3.000000000000000000e+00
1.200000000000000000e+01
2.000000000000000000e+00
8.000000000000000000e+00
1.000000000000000000e+00
2.000000000000000000e+00
5.000000000000000000e+00
4.000000000000000000e+00
7.000000000000000000e+00
2.000000000000000000e+00
4.000000000000000000e+00
5.000000000000000000e+00
7.000000000000000000e+00
2.000000000000000000e+00
2.000000000000000000e+00
7.000000000000000000e+00
1.000000000000000000e+00
5.000000000000000000e+00
1.000000000000000000e+00
2.000000000000000000e+00
1.000000000000000000e+00
3.000000000000000000e+00
4.000000000000000000e+00
1.000000000000000000e+00
3.000000000000000000e+00
2.000000000000000000e+00
2.000000000000000000e+00
2.000000000000000000e+00
1.000000000000000000e+00
