1.591000000000000000e+03
9.350000000000000000e+02
3.010000000000000000e+02
1.493000000000000000e+03
1.722000000000000000e+03
1.447000000000000000e+03
1.593000000000000000e+03
1.710000000000000000e+03
1.788000000000000000e+03
1.711000000000000000e+03
1.710000000000000000e+03
1.662000000000000000e+03
4.930000000000000000e+02
1.701000000000000000e+03
1.367000000000000000e+03
1.585000000000000000e+03
1.472000000000000000e+03
1.323000000000000000e+03
1.005000000000000000e+03
5.210000000000000000e+02
1.288000000000000000e+03
1.651000000000000000e+03
1.774000000000000000e+03
2.130000000000000000e+02
4.020000000000000000e+02
1.424000000000000000e+03
1.331000000000000000e+03
1.431000000000000000e+03
4.570000000000000000e+02
8.390000000000000000e+02
1.710000000000000000e+03
7.980000000000000000e+02
1.881000000000000000e+03
1.243000000000000000e+03
6.100000000000000000e+02
1.692000000000000000e+03
7.080000000000000000e+02
1.599000000000000000e+03
1.213000000000000000e+03
4.600000000000000000e+01
5.300000000000000000e+02
1.087000000000000000e+03
1.002000000000000000e+03
9.860000000000000000e+02
8.320000000000000000e+02
1.463000000000000000e+03
1.708000000000000000e+03
7.510000000000000000e+02
1.541000000000000000e+03
1.890000000000000000e+02
1.229000000000000000e+03
1.066000000000000000e+03
1.646000000000000000e+03
7.930000000000000000e+02
1.209000000000000000e+03
6.800000000000000000e+01
1.203000000000000000e+03
3.000000000000000000e+02
1.250000000000000000e+02
1.125000000000000000e+03
1.030000000000000000e+03
1.029000000000000000e+03
3.280000000000000000e+02
1.714000000000000000e+03
4.760000000000000000e+02
5.200000000000000000e+01
9.200000000000000000e+01
5.480000000000000000e+02
1.527000000000000000e+03
7.800000000000000000e+01
2.530000000000000000e+02
7.610000000000000000e+02
1.317000000000000000e+03
1.779000000000000000e+03
1.133000000000000000e+03
1.490000000000000000e+02
7.200000000000000000e+01
3.550000000000000000e+02
9.400000000000000000e+02
2.810000000000000000e+02
4.560000000000000000e+02
1.755000000000000000e+03
6.820000000000000000e+02
5.790000000000000000e+02
9.540000000000000000e+02
1.778000000000000000e+03
1.590000000000000000e+03
8.180000000000000000e+02
1.500000000000000000e+01
1.750000000000000000e+02
9.400000000000000000e+01
9.800000000000000000e+01
2.800000000000000000e+01
1.770000000000000000e+02
2.510000000000000000e+02
3.670000000000000000e+02
5.320000000000000000e+02
3.850000000000000000e+02
6.650000000000000000e+02
2.220000000000000000e+02
6.900000000000000000e+02
4.070000000000000000e+02
6.880000000000000000e+02
4.090000000000000000e+02
3.260000000000000000e+02
2.400000000000000000e+01
1.240000000000000000e+02
1.200000000000000000e+02
2.500000000000000000e+01
5.100000000000000000e+01
3.210000000000000000e+02
5.890000000000000000e+02
1.780000000000000000e+02
2.660000000000000000e+02
2.020000000000000000e+02
2.150000000000000000e+02
1.530000000000000000e+02
1.040000000000000000e+02
1.170000000000000000e+02
8.400000000000000000e+01
2.800000000000000000e+01
3.800000000000000000e+01
7.800000000000000000e+01
5.900000000000000000e+01
4.400000000000000000e+01
4.000000000000000000e+01
1.200000000000000000e+01
1.520000000000000000e+02
4.000000000000000000e+00
3.900000000000000000e+01
6.300000000000000000e+01
1.700000000000000000e+01
8.100000000000000000e+01
7.000000000000000000e+00
3.800000000000000000e+01
3.900000000000000000e+01
1.000000000000000000e+01
2.000000000000000000e+01
5.000000000000000000e+00
2.000000000000000000e+00
1.300000000000000000e+01
1.200000000000000000e+01
2.700000000000000000e+01
1.000000000000000000e+00
1.800000000000000000e+01
1.200000000000000000e+01
3.300000000000000000e+01
5.000000000000000000e+00
1.600000000000000000e+01
2.400000000000000000e+01
1.500000000000000000e+01
2.000000000000000000e+00
1.900000000000000000e+01
4.000000000000000000e+00
1.000000000000000000e+00
9.000000000000000000e+00
7.000000000000000000e+00
2.000000000000000000e+00
2.000000000000000000e+01
4.000000000000000000e+00
5.000000000000000000e+00
1.200000000000000000e+01
6.000000000000000000e+00
4.000000000000000000e+00
1.000000000000000000e+00
5.000000000000000000e+00
6.000000000000000000e+00
1.000000000000000000e+00
1.000000000000000000e+00
2.000000000000000000e+00
2.000000000000000000e+00
3.000000000000000000e+00
1.000000000000000000e+00
3.000000000000000000e+00
1.000000000000000000e+00
1.000000000000000000e+00
1.000000000000000000e+00
1.000000000000000000e+00
2.000000000000000000e+00
1.000000000000000000e+00
