1.592000000000000000e+03
1.346000000000000000e+03
8.500000000000000000e+02
1.389000000000000000e+03
1.463000000000000000e+03
1.481000000000000000e+03
1.220000000000000000e+03
8.020000000000000000e+02
1.329000000000000000e+03
7.820000000000000000e+02
1.165000000000000000e+03
1.533000000000000000e+03
6.230000000000000000e+02
1.251000000000000000e+03
1.529000000000000000e+03
1.484000000000000000e+03
1.358000000000000000e+03
1.383000000000000000e+03
9.390000000000000000e+02
1.415000000000000000e+03
1.131000000000000000e+03
1.397000000000000000e+03
1.608000000000000000e+03
1.418000000000000000e+03
1.272000000000000000e+03
8.400000000000000000e+02
1.052000000000000000e+03
1.000000000000000000e+03
5.810000000000000000e+02
1.348000000000000000e+03
6.470000000000000000e+02
1.063000000000000000e+03
1.475000000000000000e+03
9.500000000000000000e+01
8.380000000000000000e+02
1.336000000000000000e+03
1.501000000000000000e+03
9.970000000000000000e+02
8.880000000000000000e+02
1.492000000000000000e+03
1.053000000000000000e+03
1.393000000000000000e+03
7.080000000000000000e+02
1.143000000000000000e+03
3.400000000000000000e+02
2.090000000000000000e+02
1.536000000000000000e+03
1.535000000000000000e+03
1.282000000000000000e+03
1.144000000000000000e+03
5.320000000000000000e+02
1.452000000000000000e+03
5.800000000000000000e+02
4.270000000000000000e+02
6.210000000000000000e+02
7.470000000000000000e+02
9.660000000000000000e+02
3.460000000000000000e+02
1.289000000000000000e+03
7.710000000000000000e+02
2.010000000000000000e+02
5.630000000000000000e+02
5.700000000000000000e+02
1.471000000000000000e+03
7.300000000000000000e+01
9.560000000000000000e+02
5.440000000000000000e+02
1.700000000000000000e+02
9.090000000000000000e+02
3.350000000000000000e+02
8.100000000000000000e+02
9.000000000000000000e+01
3.600000000000000000e+02
6.510000000000000000e+02
1.700000000000000000e+02
1.120000000000000000e+02
1.243000000000000000e+03
9.900000000000000000e+02
1.470000000000000000e+03
4.790000000000000000e+02
1.270000000000000000e+02
1.434000000000000000e+03
6.000000000000000000e+00
7.130000000000000000e+02
1.100000000000000000e+03
1.760000000000000000e+02
6.600000000000000000e+02
2.690000000000000000e+02
1.510000000000000000e+03
1.487000000000000000e+03
4.580000000000000000e+02
1.440000000000000000e+02
1.250000000000000000e+02
3.770000000000000000e+02
1.080000000000000000e+02
1.292000000000000000e+03
4.400000000000000000e+02
2.720000000000000000e+02
4.790000000000000000e+02
2.810000000000000000e+02
9.000000000000000000e+00
2.190000000000000000e+02
6.000000000000000000e+00
6.900000000000000000e+01
1.175000000000000000e+03
9.580000000000000000e+02
1.030000000000000000e+02
1.080000000000000000e+03
5.270000000000000000e+02
5.950000000000000000e+02
3.590000000000000000e+02
1.910000000000000000e+02
4.670000000000000000e+02
3.890000000000000000e+02
4.800000000000000000e+02
1.900000000000000000e+01
1.560000000000000000e+02
1.660000000000000000e+02
3.510000000000000000e+02
8.500000000000000000e+01
3.900000000000000000e+01
2.030000000000000000e+02
4.060000000000000000e+02
6.000000000000000000e+01
3.130000000000000000e+02
2.000000000000000000e+00
2.390000000000000000e+02
3.600000000000000000e+01
2.290000000000000000e+02
4.300000000000000000e+01
8.400000000000000000e+01
1.460000000000000000e+02
2.400000000000000000e+02
5.600000000000000000e+01
1.510000000000000000e+02
2.900000000000000000e+01
5.800000000000000000e+01
7.400000000000000000e+01
1.800000000000000000e+01
6.400000000000000000e+01
5.000000000000000000e+00
1.510000000000000000e+02
2.010000000000000000e+02
5.600000000000000000e+01
5.100000000000000000e+01
1.060000000000000000e+02
9.000000000000000000e+01
2.600000000000000000e+01
1.400000000000000000e+01
3.000000000000000000e+00
2.800000000000000000e+01
1.400000000000000000e+01
2.200000000000000000e+01
4.700000000000000000e+01
3.400000000000000000e+01
1.700000000000000000e+01
3.600000000000000000e+01
3.400000000000000000e+01
8.500000000000000000e+01
3.700000000000000000e+01
9.000000000000000000e+00
1.080000000000000000e+02
2.400000000000000000e+01
1.700000000000000000e+01
2.300000000000000000e+01
4.000000000000000000e+00
2.400000000000000000e+01
8.000000000000000000e+00
2.000000000000000000e+00
1.200000000000000000e+01
1.000000000000000000e+00
1.800000000000000000e+01
4.000000000000000000e+00
4.000000000000000000e+00
1.800000000000000000e+01
1.200000000000000000e+01
9.000000000000000000e+00
2.000000000000000000e+01
8.000000000000000000e+00
6.000000000000000000e+00
5.000000000000000000e+00
1.700000000000000000e+01
1.400000000000000000e+01
3.000000000000000000e+00
8.000000000000000000e+00
2.000000000000000000e+00
2.000000000000000000e+00
1.000000000000000000e+01
1.000000000000000000e+01
3.000000000000000000e+00
2.000000000000000000e+00
4.000000000000000000e+00
2.000000000000000000e+00
1.000000000000000000e+00
1.000000000000000000e+00
1.000000000000000000e+00
4.000000000000000000e+00
1.000000000000000000e+00
2.000000000000000000e+00
1.000000000000000000e+00
2.000000000000000000e+00
2.000000000000000000e+00
2.000000000000000000e+00
1.000000000000000000e+00
1.000000000000000000e+00
1.000000000000000000e+00
1.000000000000000000e+00
2.000000000000000000e+00
1.000000000000000000e+00
