1.637000000000000000e+03
1.502000000000000000e+03
1.439000000000000000e+03
1.626000000000000000e+03
1.748000000000000000e+03
5.600000000000000000e+01
1.356000000000000000e+03
1.572000000000000000e+03
1.414000000000000000e+03
7.590000000000000000e+02
6.920000000000000000e+02
1.587000000000000000e+03
2.480000000000000000e+02
6.000000000000000000e+01
3.490000000000000000e+02
1.118000000000000000e+03
5.400000000000000000e+01
6.620000000000000000e+02
1.740000000000000000e+03
1.561000000000000000e+03
1.797000000000000000e+03
5.330000000000000000e+02
1.636000000000000000e+03
1.493000000000000000e+03
1.252000000000000000e+03
2.660000000000000000e+02
1.233000000000000000e+03
5.790000000000000000e+02
8.760000000000000000e+02
1.649000000000000000e+03
6.830000000000000000e+02
1.479000000000000000e+03
1.604000000000000000e+03
1.665000000000000000e+03
1.726000000000000000e+03
1.490000000000000000e+03
2.390000000000000000e+02
1.702000000000000000e+03
7.110000000000000000e+02
1.299000000000000000e+03
4.100000000000000000e+01
7.410000000000000000e+02
7.990000000000000000e+02
9.400000000000000000e+02
1.534000000000000000e+03
4.880000000000000000e+02
1.473000000000000000e+03
7.980000000000000000e+02
1.322000000000000000e+03
6.350000000000000000e+02
6.260000000000000000e+02
1.648000000000000000e+03
1.456000000000000000e+03
1.671000000000000000e+03
1.330000000000000000e+03
1.251000000000000000e+03
9.690000000000000000e+02
9.190000000000000000e+02
1.671000000000000000e+03
1.609000000000000000e+03
9.980000000000000000e+02
1.488000000000000000e+03
8.950000000000000000e+02
4.740000000000000000e+02
9.960000000000000000e+02
7.930000000000000000e+02
1.187000000000000000e+03
1.695000000000000000e+03
8.240000000000000000e+02
1.480000000000000000e+02
1.510000000000000000e+02
5.470000000000000000e+02
3.030000000000000000e+02
5.470000000000000000e+02
1.253000000000000000e+03
1.500000000000000000e+01
3.910000000000000000e+02
1.681000000000000000e+03
1.005000000000000000e+03
5.210000000000000000e+02
1.109000000000000000e+03
3.680000000000000000e+02
3.700000000000000000e+01
1.283000000000000000e+03
1.066000000000000000e+03
1.064000000000000000e+03
1.717000000000000000e+03
2.880000000000000000e+02
1.070000000000000000e+02
1.159000000000000000e+03
6.850000000000000000e+02
3.990000000000000000e+02
1.870000000000000000e+02
5.400000000000000000e+01
1.090000000000000000e+02
2.250000000000000000e+02
4.070000000000000000e+02
1.210000000000000000e+02
3.370000000000000000e+02
3.680000000000000000e+02
3.540000000000000000e+02
9.910000000000000000e+02
6.600000000000000000e+01
4.420000000000000000e+02
4.300000000000000000e+01
4.170000000000000000e+02
1.270000000000000000e+02
1.030000000000000000e+02
9.500000000000000000e+01
1.990000000000000000e+02
2.950000000000000000e+02
1.700000000000000000e+02
2.350000000000000000e+02
4.000000000000000000e+00
3.200000000000000000e+01
2.900000000000000000e+01
7.700000000000000000e+01
2.530000000000000000e+02
1.400000000000000000e+01
8.900000000000000000e+01
1.980000000000000000e+02
7.000000000000000000e+00
4.800000000000000000e+01
1.190000000000000000e+02
2.000000000000000000e+01
2.980000000000000000e+02
2.800000000000000000e+01
2.200000000000000000e+01
1.900000000000000000e+02
9.600000000000000000e+01
2.000000000000000000e+00
2.000000000000000000e+00
1.700000000000000000e+01
8.200000000000000000e+01
1.350000000000000000e+02
5.000000000000000000e+00
7.600000000000000000e+01
1.100000000000000000e+01
2.000000000000000000e+01
4.400000000000000000e+01
1.190000000000000000e+02
5.000000000000000000e+01
2.000000000000000000e+00
2.000000000000000000e+00
4.100000000000000000e+01
1.700000000000000000e+01
8.300000000000000000e+01
1.500000000000000000e+01
1.000000000000000000e+01
1.600000000000000000e+01
7.000000000000000000e+00
6.000000000000000000e+00
1.300000000000000000e+01
9.000000000000000000e+00
1.100000000000000000e+01
2.000000000000000000e+00
1.300000000000000000e+01
1.800000000000000000e+01
4.000000000000000000e+00
1.800000000000000000e+01
5.000000000000000000e+00
1.000000000000000000e+00
7.000000000000000000e+00
4.000000000000000000e+00
9.000000000000000000e+00
6.000000000000000000e+00
2.000000000000000000e+00
2.000000000000000000e+00
1.000000000000000000e+00
8.000000000000000000e+00
4.000000000000000000e+00
5.000000000000000000e+00
3.000000000000000000e+00
3.000000000000000000e+00
1.000000000000000000e+00
1.000000000000000000e+00
4.000000000000000000e+00
1.000000000000000000e+00
1.000000000000000000e+00
1.000000000000000000e+00
2.000000000000000000e+00
1.000000000000000000e+00
1.000000000000000000e+00
1.000000000000000000e+00
