1.414000000000000000e+03
1.509000000000000000e+03
1.568000000000000000e+03
1.475000000000000000e+03
6.150000000000000000e+02
1.257000000000000000e+03
1.031000000000000000e+03
7.960000000000000000e+02
3.190000000000000000e+02
1.403000000000000000e+03
1.062000000000000000e+03
1.332000000000000000e+03
4.450000000000000000e+02
1.325000000000000000e+03
1.852000000000000000e+03
6.070000000000000000e+02
1.826000000000000000e+03
1.853000000000000000e+03
1.775000000000000000e+03
1.831000000000000000e+03
1.741000000000000000e+03
1.230000000000000000e+02
5.200000000000000000e+02
1.646000000000000000e+03
1.686000000000000000e+03
1.838000000000000000e+03
1.736000000000000000e+03
1.495000000000000000e+03
4.710000000000000000e+02
1.782000000000000000e+03
7.190000000000000000e+02
9.750000000000000000e+02
5.480000000000000000e+02
4.920000000000000000e+02
1.794000000000000000e+03
1.180000000000000000e+02
7.250000000000000000e+02
1.330000000000000000e+03
1.628000000000000000e+03
1.446000000000000000e+03
1.686000000000000000e+03
8.120000000000000000e+02
5.920000000000000000e+02
1.726000000000000000e+03
1.529000000000000000e+03
2.500000000000000000e+02
8.290000000000000000e+02
1.322000000000000000e+03
1.019000000000000000e+03
1.032000000000000000e+03
8.700000000000000000e+01
4.250000000000000000e+02
1.186000000000000000e+03
3.940000000000000000e+02
1.458000000000000000e+03
5.830000000000000000e+02
1.756000000000000000e+03
1.577000000000000000e+03
1.835000000000000000e+03
1.599000000000000000e+03
1.590000000000000000e+02
1.308000000000000000e+03
1.217000000000000000e+03
1.480000000000000000e+02
8.060000000000000000e+02
9.810000000000000000e+02
8.810000000000000000e+02
1.199000000000000000e+03
1.340000000000000000e+02
1.815000000000000000e+03
1.596000000000000000e+03
7.280000000000000000e+02
1.681000000000000000e+03
4.900000000000000000e+01
3.920000000000000000e+02
1.002000000000000000e+03
8.890000000000000000e+02
1.115000000000000000e+03
1.624000000000000000e+03
2.350000000000000000e+02
1.132000000000000000e+03
1.190000000000000000e+02
1.750000000000000000e+02
8.600000000000000000e+02
3.680000000000000000e+02
5.240000000000000000e+02
6.690000000000000000e+02
5.690000000000000000e+02
1.157000000000000000e+03
3.300000000000000000e+02
2.700000000000000000e+02
2.770000000000000000e+02
2.770000000000000000e+02
1.350000000000000000e+02
3.620000000000000000e+02
7.260000000000000000e+02
3.390000000000000000e+02
1.910000000000000000e+02
3.170000000000000000e+02
2.050000000000000000e+02
4.100000000000000000e+01
1.480000000000000000e+02
2.590000000000000000e+02
1.210000000000000000e+02
2.400000000000000000e+02
3.770000000000000000e+02
7.500000000000000000e+01
1.910000000000000000e+02
2.170000000000000000e+02
3.800000000000000000e+01
3.000000000000000000e+00
1.760000000000000000e+02
8.600000000000000000e+01
2.700000000000000000e+01
1.010000000000000000e+02
4.300000000000000000e+01
7.000000000000000000e+00
5.400000000000000000e+01
8.500000000000000000e+01
4.500000000000000000e+01
8.000000000000000000e+01
1.000000000000000000e+01
1.800000000000000000e+01
7.200000000000000000e+01
3.000000000000000000e+01
8.900000000000000000e+01
4.100000000000000000e+01
5.200000000000000000e+01
2.300000000000000000e+01
3.800000000000000000e+01
5.000000000000000000e+00
4.300000000000000000e+01
2.800000000000000000e+01
2.500000000000000000e+01
3.900000000000000000e+01
8.000000000000000000e+00
2.900000000000000000e+01
8.000000000000000000e+00
1.300000000000000000e+01
1.100000000000000000e+01
2.800000000000000000e+01
1.000000000000000000e+01
1.000000000000000000e+01
6.000000000000000000e+00
8.000000000000000000e+00
5.000000000000000000e+00
1.400000000000000000e+01
2.100000000000000000e+01
1.300000000000000000e+01
7.000000000000000000e+00
2.500000000000000000e+01
1.800000000000000000e+01
2.000000000000000000e+00
6.000000000000000000e+00
2.000000000000000000e+00
7.000000000000000000e+00
1.000000000000000000e+00
1.000000000000000000e+00
2.000000000000000000e+00
1.000000000000000000e+00
1.000000000000000000e+00
3.000000000000000000e+00
3.000000000000000000e+00
6.000000000000000000e+00
2.000000000000000000e+00
1.200000000000000000e+01
2.000000000000000000e+00
5.000000000000000000e+00
1.000000000000000000e+00
3.000000000000000000e+00
6.000000000000000000e+00
3.000000000000000000e+00
1.000000000000000000e+00
1.000000000000000000e+00
1.000000000000000000e+00
1.000000000000000000e+00
