1.189000000000000000e+03
1.357000000000000000e+03
1.276000000000000000e+03
1.280000000000000000e+03
1.380000000000000000e+03
1.079000000000000000e+03
1.112000000000000000e+03
1.357000000000000000e+03
1.680000000000000000e+02
1.140000000000000000e+03
9.140000000000000000e+02
9.420000000000000000e+02
1.460000000000000000e+02
1.357000000000000000e+03
1.229000000000000000e+03
5.570000000000000000e+02
1.112000000000000000e+03
7.850000000000000000e+02
1.244000000000000000e+03
9.020000000000000000e+02
1.301000000000000000e+03
1.311000000000000000e+03
1.189000000000000000e+03
4.990000000000000000e+02
8.600000000000000000e+02
1.092000000000000000e+03
1.370000000000000000e+03
1.266000000000000000e+03
1.074000000000000000e+03
7.920000000000000000e+02
5.700000000000000000e+02
9.120000000000000000e+02
1.393000000000000000e+03
9.910000000000000000e+02
2.350000000000000000e+02
1.108000000000000000e+03
1.311000000000000000e+03
3.890000000000000000e+02
1.373000000000000000e+03
1.336000000000000000e+03
1.262000000000000000e+03
1.187000000000000000e+03
1.238000000000000000e+03
4.920000000000000000e+02
1.061000000000000000e+03
1.358000000000000000e+03
8.330000000000000000e+02
9.430000000000000000e+02
2.020000000000000000e+02
1.324000000000000000e+03
2.780000000000000000e+02
5.960000000000000000e+02
9.700000000000000000e+02
1.220000000000000000e+03
1.286000000000000000e+03
1.268000000000000000e+03
1.059000000000000000e+03
1.285000000000000000e+03
5.690000000000000000e+02
9.870000000000000000e+02
6.980000000000000000e+02
1.146000000000000000e+03
7.360000000000000000e+02
6.940000000000000000e+02
7.170000000000000000e+02
2.980000000000000000e+02
6.280000000000000000e+02
1.227000000000000000e+03
2.940000000000000000e+02
8.880000000000000000e+02
4.870000000000000000e+02
1.068000000000000000e+03
1.670000000000000000e+02
5.000000000000000000e+01
6.530000000000000000e+02
4.400000000000000000e+01
5.850000000000000000e+02
1.730000000000000000e+02
8.390000000000000000e+02
4.900000000000000000e+02
1.235000000000000000e+03
4.330000000000000000e+02
1.070000000000000000e+03
1.185000000000000000e+03
4.160000000000000000e+02
9.930000000000000000e+02
2.950000000000000000e+02
1.315000000000000000e+03
9.000000000000000000e+01
9.610000000000000000e+02
4.200000000000000000e+02
7.710000000000000000e+02
1.470000000000000000e+02
2.290000000000000000e+02
3.040000000000000000e+02
7.480000000000000000e+02
7.210000000000000000e+02
2.380000000000000000e+02
3.170000000000000000e+02
1.052000000000000000e+03
3.230000000000000000e+02
5.060000000000000000e+02
5.430000000000000000e+02
7.180000000000000000e+02
1.348000000000000000e+03
4.290000000000000000e+02
1.480000000000000000e+02
7.960000000000000000e+02
6.560000000000000000e+02
5.710000000000000000e+02
2.640000000000000000e+02
3.390000000000000000e+02
9.900000000000000000e+01
5.330000000000000000e+02
2.490000000000000000e+02
2.400000000000000000e+01
4.000000000000000000e+02
3.150000000000000000e+02
4.390000000000000000e+02
3.580000000000000000e+02
4.200000000000000000e+02
2.090000000000000000e+02
5.800000000000000000e+01
1.000000000000000000e+01
1.050000000000000000e+02
1.160000000000000000e+02
2.060000000000000000e+02
7.760000000000000000e+02
8.700000000000000000e+01
3.300000000000000000e+01
1.770000000000000000e+02
5.500000000000000000e+01
1.110000000000000000e+02
1.500000000000000000e+01
2.140000000000000000e+02
1.200000000000000000e+02
3.200000000000000000e+01
7.400000000000000000e+01
3.400000000000000000e+01
2.400000000000000000e+02
1.010000000000000000e+02
1.500000000000000000e+01
1.030000000000000000e+02
4.000000000000000000e+00
5.700000000000000000e+01
1.310000000000000000e+02
2.050000000000000000e+02
9.200000000000000000e+01
2.170000000000000000e+02
4.100000000000000000e+01
1.100000000000000000e+01
1.070000000000000000e+02
2.500000000000000000e+01
1.640000000000000000e+02
8.700000000000000000e+01
8.000000000000000000e+00
7.800000000000000000e+01
7.000000000000000000e+00
5.700000000000000000e+01
1.130000000000000000e+02
5.700000000000000000e+01
4.500000000000000000e+01
2.000000000000000000e+01
1.700000000000000000e+01
1.400000000000000000e+01
4.000000000000000000e+00
9.500000000000000000e+01
4.600000000000000000e+01
1.550000000000000000e+02
3.800000000000000000e+01
5.500000000000000000e+01
7.500000000000000000e+01
2.600000000000000000e+01
1.100000000000000000e+01
8.000000000000000000e+00
2.400000000000000000e+01
5.000000000000000000e+01
1.000000000000000000e+01
8.000000000000000000e+00
7.000000000000000000e+00
1.800000000000000000e+01
3.000000000000000000e+01
2.800000000000000000e+01
4.000000000000000000e+01
1.000000000000000000e+00
1.200000000000000000e+01
1.300000000000000000e+01
6.000000000000000000e+00
1.200000000000000000e+01
9.000000000000000000e+00
1.000000000000000000e+01
1.000000000000000000e+00
2.300000000000000000e+01
2.000000000000000000e+00
6.000000000000000000e+00
3.000000000000000000e+00
7.000000000000000000e+00
4.000000000000000000e+00
4.000000000000000000e+00
1.600000000000000000e+01
4.000000000000000000e+00
5.000000000000000000e+00
2.000000000000000000e+00
8.000000000000000000e+00
6.000000000000000000e+00
4.000000000000000000e+00
3.000000000000000000e+00
2.000000000000000000e+00
1.200000000000000000e+01
5.000000000000000000e+00
1.000000000000000000e+00
3.000000000000000000e+00
1.000000000000000000e+00
1.000000000000000000e+00
3.000000000000000000e+00
5.000000000000000000e+00
1.000000000000000000e+00
1.000000000000000000e+00
1.000000000000000000e+00
1.000000000000000000e+00
2.000000000000000000e+00
2.000000000000000000e+00
1.000000000000000000e+00
2.000000000000000000e+00
1.000000000000000000e+00
1.000000000000000000e+00
1.000000000000000000e+00
