1.3697328010947258e-20
5.799224748987591e-19
7.197255380885318e-18
8.228286739427106e-16
4.152670385748498e-14
7.278782647441674e-13
1.2265386065264321e-17
1.3100629110185223e-16
1.888095440882972e-14
2.6844027216289497e-13
8.241503624409633e-13
4.2067027772284214e-15
4.126567725335372e-13
6.045320907331852e-12
2.188528717269307e-11
3.806409104404119e-11
1.386072915136651e-9
3.0143880093385974e-10
1.3709459655852773e-8
4.4946071856969686e-8
2.9865289319716574e-9
4.080093086820027e-16
8.860779730121598e-15
1.1057402323635816e-12
1.3489890369147307e-12
1.5437764317717193e-11
4.725321693123825e-13
1.2338398451241416e-11
2.7541235613876686e-10
1.5597745763587497e-9
3.361850287856896e-10
2.499049457402896e-9
8.447126656213995e-9
1.4451003777848637e-7
6.37751783668588e-7
3.779213838632782e-8
7.925725983619738e-12
8.731124140850381e-11
7.482637349490939e-9
2.0043359594753348e-7
1.9279433604668516e-9
3.246087291039212e-8
1.9205699931103096e-7
1.6488847905634593e-6
8.723014541107728e-6
1.0085078125279911e-6
1.1574307690545569e-9
7.076191505688139e-8
1.2082279898562456e-6
5.921299626618477e-6
6.358539171019795e-5
7.66675909486166e-6
9.174230446037325e-8
1.8694493876759157e-6
6.225310439913355e-8
6.818303135168855e-9
2.892032049082619e-14
2.0636344028990379e-13
4.850327645078451e-11
1.807896762577783e-11
1.304049521048139e-9
1.6405776978678925e-11
1.2662405738955658e-10
3.4972710181354984e-9
1.6444964478411737e-8
2.7953514535943126e-10
1.1062116305114268e-8
3.3163168245311326e-7
2.781541873012095e-7
8.420246493875847e-6
1.6710421047546673e-7
1.1139292685750937e-9
2.223645153029613e-8
5.379289608075663e-7
2.5301299013874586e-7
2.5404637877017895e-8
6.141215141650646e-7
7.874081409755998e-6
5.623957570292448e-6
0.0002437799973499191
1.49064467872872e-5
7.690838655040478e-8
2.7284679060608805e-6
9.38355817751718e-5
4.3781785708073215e-5
0.0020258102679096483
4.9700222647021596e-5
4.137579447151588e-6
0.0002988242986034214
4.720726114779789e-6
6.264548243269957e-8
2.7009353485171536e-9
1.4547386629902793e-8
3.5106528976045924e-7
1.5938530445964362e-6
7.22007595064802e-8
5.366453680819334e-6
0.00015139073106004502
2.3085400728908966e-5
0.0003400645164800385
2.1340120555076422e-5
6.28545658010853e-7
6.432641342373681e-5
0.0004126155432506507
0.004520529146617927
0.027651704233649307
0.004696175337396132
7.981121956559247e-5
0.0004334240238969316
4.94920999992941e-5
7.699752397872098e-6
2.7469639338815162e-8
1.151260337148816e-6
9.876499711929647e-6
2.1664925227960996e-5
0.0002911876401181007
2.2463299984086296e-5
1.600249343087111e-5
0.00036865857129775477
1.8948978915463086e-5
9.312207149142505e-7
1.4767249961714043e-7
1.9616133751173767e-6
1.9804918041631634e-7
4.2618188704892426e-8
3.349166578446421e-9
5.503190722887554e-13
7.736597437042347e-13
2.566310385339914e-11
3.0951830197021767e-10
6.865642667345508e-8
1.6503364420179644e-11
4.284559034010061e-10
1.5317901769982724e-8
9.179024957118483e-7
6.924986675883e-9
2.183295785148695e-7
1.4989148672900729e-5
1.2307747251495598e-6
6.9681172587821e-5
1.6103651020585763e-6
1.2072161645894503e-9
1.5398951199042405e-8
1.0393032451321363e-6
1.0076660337108959e-5
1.8653486969339025e-7
8.365761498625479e-6
0.00023461095380756196
0.00010221576580057905
0.002158304698708844
0.0003088178884385497
1.2508801965774246e-6
0.00010382435582121879
0.0002982406228153546
0.00037288378355443234
0.032607137679377424
0.0004371417237145179
8.244240579768859e-6
0.0003257204085729879
0.000261292081954123
1.722388589728887e-6
5.0325396034119714e-8
7.940053399600098e-7
7.620674415829242e-5
7.556715640871714e-5
8.485618526146384e-6
0.00023886911692140567
0.0026848700330161586
0.0002984082750951586
0.037329934786620715
0.00029929763540547044
6.75193074172328e-5
0.002041313381970938
0.03329858942416863
0.027283549799400657
0.6203117989829394
0.029109493809111812
0.001395868902637561
0.03533501944400099
0.002279881351562228
6.677869729714792e-5
4.916003668870675e-6
0.00021923795476572915
0.0014832136868909143
0.00027535128996361547
0.03619085157704168
0.0003072827138339098
0.00010547423532369273
0.0020558729053398966
0.00021595941868036557
8.10375267691067e-6
4.880572096359567e-6
7.669998309762988e-5
7.885200599687387e-6
6.206308725044105e-7
3.5809564464433486e-8
1.0548964803396997e-8
8.265282755043785e-8
1.2514298643247013e-6
4.196294358177507e-6
1.4879322379600227e-7
1.4383997095851697e-5
0.00011611106148717257
1.020229502541636e-5
0.0016412380005705013
1.0004991847797629e-5
3.3846000196250823e-6
0.0003896185647752736
0.00031588196502861996
0.0004613756673430387
0.035867876393986683
0.0004416550102924817
1.0958103240705162e-5
0.0003336186832146395
9.049058958900927e-5
1.315478663136292e-6
6.620018737716644e-7
2.7749470127549667e-5
0.00013709450728306965
0.00034335867094181387
0.00216908819699383
8.990049542153485e-5
1.322388506621237e-5
0.00028037687087276457
8.154229412544463e-6
1.7310721934299873e-7
1.2878571260148386e-6
1.7124769258342983e-5
3.57956821736494e-7
1.0336298286324216e-8
2.5456178184994143e-10
4.23616295162192e-8
7.786145880247333e-7
4.282964177647788e-6
3.2025685500217545e-6
7.114584283491313e-5
1.3116973644436236e-6
1.6068265585820428e-7
9.395739392279619e-6
1.7899220865948279e-7
2.7675116190074053e-8
1.6051054286042057e-7
1.1735901324636483e-6
1.8592896172471452e-8
5.479735430592282e-10
1.4371004840370377e-11
1.0780468430406076e-8
7.985822445099015e-8
1.3140294456416698e-9
1.363055878741676e-11
5.83211507736682e-13
4.5365497583366996e-13
2.0698151659962658e-13
1.0641079359919821e-12
3.9623187760971925e-11
4.023739172730582e-10
1.1627880033312338e-8
3.784171453560981e-12
1.607701522581041e-10
1.4298779551401303e-8
1.948589634335328e-7
8.065751729384123e-10
1.2618123511593328e-7
9.469627460436939e-7
5.772745982459692e-7
4.209132003795704e-6
1.264548620815606e-7
7.020185699484304e-11
4.835903387243067e-9
2.2228678689308285e-8
2.3530336338025092e-7
9.263646987837533e-9
1.6183045815083172e-6
1.4363275052435385e-5
4.4118391453797755e-5
9.77895249545297e-5
1.2081471214182643e-5
1.7878820547177675e-8
1.877274359829765e-6
1.0263965228549138e-5
6.744238847639241e-5
0.0014585926072457909
8.23120820640918e-5
6.810997758586557e-7
8.636718052646814e-6
4.211220431370124e-6
8.877398055338098e-8
2.3362986677576155e-9
1.0190024093424165e-7
4.5982408208678994e-7
3.945672574920005e-6
8.264711062475102e-8
8.89567880273686e-6
0.0004541643212504508
2.0641149109515392e-5
0.0002737997785064426
2.169497829460143e-5
9.279055173187655e-7
6.72442796008576e-5
0.0004349060197258538
0.00455785744884103
0.027254581597774885
0.004649106180984481
6.334774456300442e-5
0.0003879737639266501
4.5461674320188525e-5
6.226747457869139e-6
4.4318471212519694e-8
2.1958890486889687e-6
9.745643941398514e-6
2.137623750636163e-5
0.00029538993027868445
2.5203070968843065e-5
3.4059102987325645e-5
0.00010922245684125645
6.2068779407499365e-6
9.987534907360286e-7
4.662286496847788e-7
1.3467914157556248e-6
2.666098035896434e-7
1.3728675411955474e-7
1.1888348466472215e-8
4.9786701103639405e-9
3.254056206675981e-8
7.561597440098908e-7
1.188740233458355e-6
6.468337672053117e-7
2.9173270241405984e-5
3.174359903951463e-5
2.2122365339319624e-6
0.0001873495270996723
1.2165198769516284e-6
4.1001463863892663e-7
4.969330299811514e-6
0.0004204524502357841
6.944616551004329e-5
0.0025027272409752365
7.051901405670825e-5
1.862848063589226e-6
0.00011989710623387442
2.5614382027460688e-6
8.190192171963967e-8
1.034618299407352e-7
2.2289350490575523e-5
1.4380577374122912e-5
7.677862145171245e-6
0.00025265678094494324
4.561190072925637e-6
2.0494013741408077e-6
8.554777325468993e-6
6.307415141606485e-7
3.3104410013363475e-8
1.9042018354025316e-7
2.332508780956412e-7
1.0849584991976116e-8
2.6193438310383984e-9
1.7041474006706716e-9
3.815493205684816e-8
6.501944332469946e-7
1.1531180691344403e-6
3.5056037294338184e-7
7.042781203853458e-5
4.1419667506288214e-7
1.9630373969200848e-8
1.0016335220770388e-6
4.377992760106093e-7
2.054665827350755e-9
9.357335337505069e-9
1.4387662953854705e-8
2.9134268157080694e-9
1.9845779189125302e-10
7.1428369056146775e-12
2.7336176476414695e-10
2.952043744893983e-10
1.543149236156009e-11
1.1376087581066401e-12
2.305466927445031e-13
4.1512415099597096e-14
1.3872390303440394e-9
2.505260956378864e-9
2.536939044356503e-8
4.2859148423068355e-8
6.94076938297361e-9
1.370671651101816e-7
6.237763154520366e-7
4.162891315930042e-8
4.821229251683975e-6
2.8689386568971013e-8
6.200732952222195e-9
3.308784099286302e-7
4.061772375735434e-6
9.161806614316305e-7
7.521130705769151e-5
6.673786293529075e-7
1.925408139275681e-8
1.5768975768270737e-6
8.15026292628433e-8
1.2701262628165592e-9
5.728079328407441e-9
3.5868504476445217e-7
1.7292172573314238e-7
1.0041367439677519e-7
9.607120040905931e-6
7.177318763017333e-8
1.0248038162436444e-8
2.182028451733681e-7
3.003810540714798e-8
1.621688353890167e-9
8.699001884037175e-10
7.496659192197903e-9
2.8858876812378116e-10
3.7177378242639157e-10
4.330714981071839e-11
4.52657755082262e-9
2.738365491320427e-8
1.1010864567388375e-7
9.576357738707202e-8
8.495303623269421e-7
9.752728294546563e-9
4.966909166109315e-9
1.4674343974958088e-8
1.6391768833456906e-8
5.978134716120464e-11
1.6172072456647954e-10
5.23252656706564e-10
9.727911842552053e-11
9.576596953803235e-12
4.822326764733938e-13
4.3466116663302685e-11
2.7781200665446128e-11
4.747429050300059e-11
1.091665689813626e-12
1.636861283229452e-14
7.309533592481428e-16
9.416077123878607e-10
5.421864496806729e-9
1.0454378288662441e-8
2.267698441008215e-9
5.518295000928458e-8
2.50254820357054e-9
6.318939643413492e-11
1.3583481864913707e-9
7.315032723772431e-10
5.207811750851677e-12
2.6011340031773006e-12
1.81074156522295e-11
1.1456183950488905e-11
3.147381355225123e-13
3.630587740557621e-15
1.4675370406917613e-12
8.098314094421746e-13
1.7985945684073766e-13
7.057581223934588e-15
1.1947903344902747e-16
7.352774344133048e-18
3.087616059960212e-13
6.169512283174203e-13
3.052124239904231e-14
4.048757299736287e-16
8.983215956508388e-18
4.728805830450248e-19
1.3402166842187965e-20
