1.8578184444860502e-22
5.861592745552519e-21
4.2486694611226595e-20
1.864845798764512e-17
2.8372587646750027e-16
2.032742619310832e-15
3.9663554456134155e-20
3.5337207338641955e-18
8.048263207110764e-16
6.6056472972523455e-15
1.1045689103027387e-14
5.942295841907136e-17
1.8582965782273252e-14
3.19580582033154e-13
8.494144427155674e-13
7.884314374644845e-13
4.403622095557258e-11
3.272064322842303e-11
2.9971280345810272e-9
4.31122734246764e-9
4.0857377507601235e-10
1.0915818159953862e-18
1.6246191570155654e-16
2.4295913808687134e-14
1.7232507290356932e-13
9.1924252216652e-13
1.0730258146924968e-14
3.0468483560683524e-12
2.9030839261335163e-11
3.7625548817941366e-11
1.2744195571789827e-10
1.7496465225488378e-9
1.8463789087568111e-9
3.639559865449317e-9
9.12628111476804e-8
2.7493103959732707e-9
7.490942097572894e-14
1.2002697013810868e-11
2.1197312521953826e-10
8.24476045479234e-10
8.754409901724086e-10
3.402895644695767e-8
5.751299859613955e-8
1.9951132895765806e-7
1.7368765106635925e-6
1.4218774977162864e-7
1.9722717671713294e-10
3.0885069349217106e-8
5.038082919956076e-7
3.6533817211108683e-6
3.6792575385099303e-5
3.523992694703999e-6
4.061896463097412e-8
1.6240848320404192e-6
2.605032486120705e-8
1.7878616106805488e-9
7.747414723579253e-17
6.383990782191755e-16
3.2458994432873184e-14
1.5040731364858599e-12
9.148413867078782e-11
6.110856355617073e-14
1.937160215191493e-12
7.989134408705407e-11
2.073060193247695e-9
2.955063763635411e-11
1.9250156590888065e-9
9.185259261050831e-8
5.54599896310534e-8
4.634881914824132e-6
7.442622669666825e-8
5.70978026358359e-12
1.5832247735188512e-10
2.5440725009111327e-9
5.43872717275793e-8
3.8764039566986e-9
1.2338545720359817e-7
3.1627364668857383e-6
2.4705510792225763e-6
0.00012078164096454757
6.372127651032481e-6
1.8333281080689334e-8
8.674690207767498e-7
5.2916876113037396e-5
2.39438555110531e-5
0.0015924504487362665
2.6804035021175812e-5
1.6139767184474396e-6
0.0001519015042135874
2.2581730218990324e-6
2.7932498936313057e-8
1.2551219788638034e-10
3.282411370843184e-9
1.931707588134981e-8
5.467932364215117e-7
1.7748748132391105e-8
1.8500244500793372e-6
6.755815569730695e-5
1.45471749482464e-5
0.00020026247188621306
1.0632862123174902e-5
2.6365581149390874e-7
4.211129941575477e-5
0.00027790391703605443
0.004122537190014982
0.02656689947273284
0.0033643703652924645
4.615939987932202e-5
0.0002783592798984019
2.664793028691325e-5
3.3862889647866237e-6
8.58699226027469e-9
4.554602192021222e-7
4.017819420199827e-6
1.2719078993840548e-5
0.0001840096487994752
1.065926621379447e-5
8.684369509917385e-6
0.00020087016252401494
6.1115051389694915e-6
1.197227594552286e-7
5.326901919377329e-8
1.3095950490284369e-6
5.9276594356239775e-8
2.3930565609655592e-9
3.126497355050314e-10
1.0112223519932415e-14
2.113771304673523e-14
1.0223642270815195e-12
3.956979742210277e-11
4.861481233675129e-9
7.715305794464271e-13
4.7990050029610685e-11
1.4123878727595078e-9
8.746705446118602e-8
6.948760671963941e-10
4.168348436110958e-8
2.257574366751131e-6
6.051573798755941e-7
4.1891733648880934e-5
1.3878385179591152e-6
9.497310154749621e-11
2.814585922415765e-9
5.966517306779442e-8
4.006562446676147e-6
5.980776738653908e-8
2.9679116925560268e-6
0.0001132284243861266
5.930419934170215e-5
0.001605943430047907
0.00020336084202034007
4.5001958939862566e-7
6.494878876690851e-5
0.00021505976960028877
0.00025338251339471527
0.030260325544513585
0.00026476641540499935
3.788316522494256e-6
0.00019543367059877967
0.00024290344841359113
1.8751152813183079e-6
8.007422996202536e-9
1.8710601196134843e-7
1.9442010457723943e-6
4.3516799895979465e-5
3.4225077402464057e-6
0.00010570872937400595
0.0020013555054128637
0.00018398282596793528
0.031971789737597095
0.00018977506697360601
4.3422141044883725e-5
0.0021135804051165222
0.031437241813431174
0.02518939549891542
0.669886738547589
0.0249004653514115
0.0010052518314215225
0.03133394518222318
0.0018381460700809128
3.4840596302038975e-5
1.8119660831566821e-6
9.606671260042147e-5
0.0009436796128690024
0.0001710898725617689
0.029850396626745587
0.00018276198909402444
4.178927579995827e-5
0.0016074396800919088
0.00010363711344995154
1.4627080290882308e-6
1.3333534115377066e-6
4.347356161876547e-5
2.4315355199200537e-6
7.344769575000228e-8
3.058131444897619e-9
3.512323646596945e-10
4.723533916054453e-9
1.9780077191742652e-7
1.2039285510493654e-6
9.067072915679945e-8
4.955495499426624e-6
9.7232734086251e-5
5.9893303327041325e-6
0.001402471288794819
5.82645471712968e-6
1.2060343286530205e-6
0.00015934894919062719
0.00019297932430361678
0.00029839052006686836
0.0305375765278544
0.0002688466055447069
4.554680023116586e-6
0.00022987044471239733
5.739274728533065e-5
5.802249265985147e-7
3.1595557824099165e-7
8.832787386577527e-6
6.711715357526774e-5
0.00012178940797736796
0.002387916551385617
6.833484136860775e-5
4.598609263532866e-6
0.00013271258617105524
3.113945373027818e-6
4.194081641246046e-8
6.481689196428064e-7
2.0729957540574788e-6
7.870370183371947e-8
2.33124784298608e-9
3.2927188238626525e-11
6.892817072276844e-9
1.8298326556689713e-7
1.8288178892868294e-6
1.0503465098982613e-6
4.0753550498486444e-5
4.5651793537582734e-7
7.481259100333566e-8
5.277277728529447e-6
5.800509677213784e-8
7.528287120121719e-10
5.861035865274895e-9
1.0063575171261133e-7
2.004026159373451e-9
3.4046911482770996e-11
8.038437017208257e-13
5.078024590963294e-10
5.883626855503576e-9
8.465844419451524e-11
7.229975543904001e-13
1.0364347749944034e-14
1.5454548757602e-15
1.1504507257669045e-12
1.310007054579585e-12
4.564691360089512e-12
1.7166448922695575e-10
4.0607719716789074e-10
1.2383303050498094e-12
4.945828672037712e-11
4.527584335804726e-10
4.231665417331125e-9
2.6485263120681945e-10
1.254483816314084e-7
4.0154052417325554e-7
6.018493174908221e-8
1.3506573290121032e-6
6.307125445329317e-8
1.1473428533577286e-11
6.904315364184169e-10
4.514677589406852e-9
8.954840994097965e-8
4.056276826169504e-9
1.6822930638794374e-6
5.011294014491631e-6
8.25851800283365e-6
6.896752043521587e-5
1.168063556294308e-5
4.573387717213156e-9
7.919268473269469e-7
5.84754416912962e-6
3.82728814750427e-5
0.0013211285615542232
4.838399105001997e-5
2.9439014125221604e-7
4.122057411491553e-6
3.0664036206152394e-6
4.4549281955545714e-8
2.422486961856358e-10
9.67457834376295e-9
4.2974439552428386e-8
1.241553881279234e-6
2.1046861345328277e-8
2.55931702628606e-6
0.00015893915704326148
1.1096374543245082e-5
0.00017396369711966366
1.2883222199750477e-5
3.597915462535825e-7
3.8637120538405615e-5
0.0002934627854215375
0.0033400598314724515
0.024813559011395456
0.004078516982997784
3.4922713391672676e-5
0.00025192856850154137
2.5472080211753126e-5
3.6520144094926797e-6
9.015490972205373e-9
5.473008207236547e-7
4.641772326767492e-6
1.089541564588291e-5
0.0001777054928004626
1.422321744199216e-5
7.673198893535194e-6
6.750262567685233e-5
2.615963589077691e-6
1.677639317487465e-7
6.026934188721426e-8
5.462060678320607e-7
2.905672613403506e-8
3.5137730527607187e-9
1.8743445490207933e-9
1.8238165967166544e-10
2.7089185256647643e-9
3.066710319393985e-7
3.0350925543381623e-7
9.227644068904078e-9
6.188257469725934e-7
1.0015072933877726e-5
5.642425704672454e-7
0.00012884747658286139
5.070244948033737e-7
1.57914223628227e-7
1.0391672859293694e-6
0.00015462761352225834
3.812019652311002e-5
0.0018651538642172909
3.904660464441039e-5
7.959458245393592e-7
7.459587885803526e-5
1.1021674822092182e-6
3.167883395275594e-8
1.7928610066736425e-8
8.289010279363803e-7
4.692770657394807e-6
2.0906551107578664e-6
8.893727073308168e-5
1.4774172415474293e-6
1.153905258437422e-6
3.1754986146822268e-6
1.3795754404464778e-7
2.5871687529807274e-8
7.648411930749417e-8
3.8820802024414365e-8
1.9072314463968297e-9
4.852615407435617e-9
4.29904043892339e-11
2.1431730623589948e-9
2.131652088992738e-7
6.942349672883299e-7
3.5174194266483676e-8
1.970150573293927e-6
1.7084695114213826e-8
3.278858819391452e-9
6.625658094171234e-8
3.3982160999806062e-9
1.6306343565064484e-10
6.202829436933038e-10
1.4407211720052074e-9
8.336926006716389e-11
3.0790027803278596e-11
2.700450192745109e-13
1.0956864948919616e-10
3.742479862000316e-11
1.27739206700013e-12
2.698612230278933e-13
6.157855022995516e-15
2.80810065009461e-16
7.620921437906408e-12
1.0459675266644088e-10
3.309213638384319e-9
6.1786525777357005e-9
2.5236753115812083e-10
1.5441201128819623e-8
1.7677172400449006e-7
8.886752873990538e-9
1.9189039048127295e-6
8.321454752053928e-9
2.676192967163523e-9
1.5074297630552977e-7
1.4288213338373304e-6
3.7756973608917654e-7
4.3638594052263914e-5
2.56815944194657e-7
4.778399341808384e-9
5.099634944663943e-7
1.951273016281544e-8
2.3102160231790433e-10
2.7283767686284594e-10
1.1665479092488453e-8
7.378409723579406e-8
2.1947458142350503e-8
3.0177438000362843e-6
1.5121590930282392e-8
2.985683318899812e-9
5.843976195633616e-8
4.595422613940903e-9
8.599729516371661e-10
1.930610957381232e-10
6.361423922964641e-10
3.186989267397574e-11
7.449660167167513e-11
6.098562094729106e-13
1.1101534581042099e-10
1.901576563884645e-9
6.209773470390482e-9
3.116436342367601e-9
1.7511209791738014e-7
2.2474193332241984e-9
3.627992226650147e-10
2.6456655442257717e-9
1.7470782942902774e-10
1.1975360724013944e-11
3.2199150827200074e-11
4.204900883757278e-11
2.0676374021413577e-12
2.6859058060868213e-12
1.610252487303896e-14
4.041962502452529e-12
9.30776024138782e-13
3.3922045503706684e-14
2.822992132647024e-14
8.277031983722362e-16
2.2970236969573706e-17
1.0728078112694612e-11
1.4318107830634063e-10
4.803770457967904e-10
6.192218320422882e-10
9.997320722624435e-9
1.1099591567370418e-10
1.7765248407884318e-11
1.200479665805837e-10
6.572540825996812e-12
6.437177486659978e-14
1.0448024315264752e-12
8.784017744665195e-13
6.376654620581672e-14
9.911114152865908e-15
5.3290287725456906e-17
1.117859807923478e-12
2.001921386010329e-14
6.598192475115438e-16
1.584425928153446e-16
3.4805531771053095e-18
4.682832773727411e-20
9.919472041507176e-13
9.2638220095992e-15
7.5389363244662e-17
1.4438761894097345e-18
4.276175246447988e-20
9.679803961589542e-21
3.2776701511197104e-22
