1.0311828294357937e-8
1.3165421765276026e-7
5.286500339807963e-7
6.61460958434401e-6
4.781807610385826e-7
8.15928194671223e-6
1.1920147372837433e-6
3.5920240317634762e-6
6.851243503361801e-5
7.1338637381613335e-6
3.0434167515700313e-5
1.367023814914539e-5
7.501865259507297e-5
2.1307960103783905e-5
0.00028047100309885366
0.00041834321794429076
0.00011609790999007133
0.0006557049972487934
1.1906539382354335e-5
0.0001472451235144292
6.595678707208515e-5
8.090969272635416e-6
1.2194003284281398e-5
0.00029707649843701856
0.00013396224424306607
6.90955981137029e-5
5.086371326200946e-5
0.00019900111025684527
0.00020755960555379147
0.0004362443551518242
0.0006449896587672983
0.0005440167501622473
0.0009641382637336549
0.00012054703736580122
0.0003664556683765889
0.00011162536103916314
8.25194468000757e-5
9.604614615910027e-5
0.00032739698369913824
0.0010367127524194236
0.000273499585185919
0.00043225899112279547
0.001490437638833367
0.0003474156136466043
0.0020170669796993907
0.0012682756540813103
0.0005738549508293056
0.0007670101376931804
0.0011517028397258116
0.000606459773990752
0.004819670205004022
0.0021563049352074154
7.628444850607278e-5
0.00038750644888306643
0.00019488631168310583
0.00012260340180335024
1.964960286542076e-5
3.986087591446867e-5
0.00043514501080210206
0.0007551103671618692
0.00015464204005593497
0.00011611223812860211
0.0005704973197396908
0.0017333451137419506
0.0004043108260562276
0.0007304139671718168
0.0012392017304576558
0.0018644012589277164
0.0009362101626486191
0.0024075169864522044
0.0002797668154455776
0.0003955789206069056
0.0002535008698445962
0.001282509748933772
0.00119528488167231
0.001275469490881091
0.0029810231629448774
0.0025937943503450754
0.002358633054408851
0.006074648984485892
0.001790016660381881
0.0014489814827082109
0.0020001232841961466
0.0033268055851776728
0.00287684891303035
0.009549440634930241
0.0030570460643952464
0.0016591357675467587
0.0021433634777015915
0.0008475757483044081
0.00019266770305757086
0.00018251805754801546
0.00016697384149287042
0.0009961828797579672
0.0016849816515923858
0.0006118188877358822
0.0013494641780705389
0.0035458687461071814
0.0017610072581711442
0.0045835335256496825
0.001755402668621619
0.0008452914063191931
0.0019233204045326492
0.004661469967430844
0.004044305935305798
0.022550669653527002
0.010268967147640142
0.002453012759686537
0.005935520771647984
0.0032238358352268104
0.0023059810218460574
0.0011181897345092823
0.0008820150620830008
0.0031293125135292807
0.0010272299851767175
0.005537209230593702
0.0017225468571195337
0.0004158718276029238
0.0019781779688639706
0.0017483788932297066
0.0012789904475884433
0.00034988960945349845
0.0004601293118098922
0.00027786765112318825
0.00011395758112895361
6.966614185208765e-5
1.8138984243693784e-5
3.813987187307135e-5
0.00034394718676112804
0.0008185982500672485
0.00012778462814538435
5.749926759611308e-5
0.0003909950238620114
0.0011048712435209646
0.0004123335771594753
0.0009031852291772394
0.001667043123262974
0.002244281523858773
0.0009241437600162414
0.0036289337852965548
0.00045281275127888104
0.00017377790689813348
0.0004047035785431923
0.0013557184868675071
0.0022079490383840714
0.001208408397118866
0.0027366070140663066
0.005158683281753189
0.002127109900118281
0.0088015911278043
0.0020061362405128223
0.0014526927794093294
0.0022895348992508996
0.004842570647222636
0.004047886192000996
0.02302018241110209
0.00560837059297299
0.002267129904305546
0.004911291997388961
0.0020562806660832157
0.00038979386017043796
0.00016384145527859162
0.000445404426471473
0.00156070630763741
0.004675885941605028
0.0017534698880033086
0.004251387137158392
0.009164012168956211
0.004205889889598391
0.02467917842970834
0.0054416401964537476
0.0027566398966596063
0.005904936457197946
0.020905055623672012
0.015509049480385834
0.09398632322549814
0.023439342340316572
0.008145748263155908
0.02377139058415953
0.009951573023597483
0.0049834508130998465
0.0036105613681782123
0.0043402912494965515
0.01092250302641698
0.004852894507969136
0.02505556880097163
0.004613770944998526
0.0036326862938743433
0.00881762765487296
0.005894153122357475
0.0020493536695129835
0.004799928304635465
0.0038549505388956844
0.002413839746877036
0.0003603342832497335
0.0001452720855750427
6.607463244638357e-5
0.00019672095959283474
0.0011978997288403616
0.005483674506335451
0.000403158354647272
0.0015864079301520816
0.004892059390273548
0.0021655818365118084
0.010665763327847532
0.003133413427398432
0.0007236882940025181
0.002158881523304327
0.005495093723422793
0.004038257121796833
0.020620524219827196
0.004649745083311768
0.002177942335099305
0.004959755179670747
0.003273205171173644
0.0011572798307017814
0.0009095687736336657
0.0013706695654470762
0.004804125559242921
0.00188689806947946
0.009069843624838049
0.0034447488112844434
0.0015867831976355334
0.0052219525096741945
0.002555958388594199
0.001443872237262843
0.0009936117085757006
0.0022156410966871856
0.0018630804568862914
0.0009165957648052821
0.0006550062251790618
0.0007316839481691418
0.0010277105135331778
0.005557967674386055
0.000896432478540419
0.0045826973154009815
0.0016303717106008083
0.0004916009585607638
0.00218161595014004
0.0011920168253721608
0.0009579573485243854
0.00021623467700278382
0.00041031646881016894
0.0004201608630693858
0.00044900534215664605
0.00029900009497220854
6.94987385506138e-5
0.00013253053393582945
0.00016558481807526671
7.7372008358652e-5
3.076456960247382e-5
8.337312780568503e-6
3.969871559362981e-6
2.1473797978238333e-5
0.0002014088134310499
0.0006882652828645046
6.794996120913726e-5
3.6077179123331016e-5
0.0003863879407605972
0.0007663401767802144
0.0002136189842901324
0.0007243509446117087
0.0014256213043303179
0.0010384267717905191
0.0011712134468079116
0.004876417711595823
0.00034610387180815583
6.29331750590518e-5
0.00029961823759337784
0.0009978894402406261
0.0004861995199555119
0.001043287446411907
0.001512918337228766
0.001608066105144906
0.001395408205527755
0.0035516068076483914
0.0004187430845372883
0.001170825010751555
0.00159143162489224
0.002177075282960161
0.0030693701522641883
0.008104270412911613
0.0022675404175174943
0.0013261654733179226
0.0022507806762440737
0.0016037477836897604
7.509515702905279e-5
9.999427900185958e-5
0.00015843001065132773
0.0011692877743918729
0.0009320998423934031
0.0008379556303406804
0.0019056651680065546
0.0019230636006981115
0.0016049888683272212
0.00468843416559744
0.0010858135656725057
0.0014291133067753765
0.0025679847960912248
0.003947484485731028
0.004806865517488403
0.015158069679147214
0.003945582180637826
0.0031562781786389333
0.004022657194788359
0.0028227583595090036
0.0006008704609804826
0.0018493376923864172
0.001603398563266605
0.0021773172905362984
0.001631071551529335
0.0041256682301542245
0.001834488930913524
0.0013860840885967984
0.0020457861384247118
0.0023138296914541026
0.00032818729107008044
0.0011248117043037881
0.0009625655275472247
0.00096576668958938
0.00011916837532158388
1.2200435134217507e-5
4.8041738092585656e-5
0.00010332541231605964
0.0012042837682572818
0.001102127771016883
0.0001808635263483807
0.0015061727187290885
0.001480587606494159
0.0015824461521944796
0.004069469206009302
0.0008987597982303937
0.0005556910908675783
0.002431606073122029
0.002233830017653851
0.002635915029399363
0.005938284292343458
0.0019473442606370065
0.001599958939334353
0.002307543849514396
0.0019992671940447736
0.0007748756406893761
0.0007331068380575038
0.0015281667026921428
0.0016223271021554406
0.0019469705723164895
0.0043472831297141365
0.001307712662688776
0.0015888891886196542
0.0027523282629339104
0.0028407637257710063
0.0004250781278702697
0.0015222870475868923
0.0017554690244077316
0.0012386440610388076
0.0005187702153360171
0.00012775337405433203
0.000449397748197506
0.0012111308589990843
0.0012043646623555982
0.0011447336942369023
0.0016496698904435775
0.0009883333000092625
0.0010148754317985042
0.001406650386896283
0.00134249368600533
0.00028942920243567685
0.0007865828804966212
0.0011568495417343448
0.0018809373334723282
0.0002122055681439933
2.159323984628977e-5
0.0006968243644914549
0.000863975933632704
0.0007857769840689695
0.0001397187392735753
7.730033092198876e-6
5.792521401694434e-7
5.9771013024892545e-6
4.15662022309645e-5
0.000504033165283854
0.0007859004634186068
6.727770245200197e-5
0.0007665601215513325
0.000939333209292679
0.0018649432303072238
0.003484300595370279
0.0011082779435770762
5.933633930608884e-5
0.0005638882740712796
0.0007295694915949227
0.0014806088271867065
0.002691545294441508
0.0008460549767130566
0.001226197627817086
0.0014775257127071747
0.0014269211283710272
0.0006000903250102607
6.676607477259445e-5
0.0001810961208252922
0.00040496564092202923
0.0008414883745713016
0.0017103286934393473
0.0005971201773516729
0.0010526949082964303
0.001128904248007159
0.001202763872077654
0.0002852297928352583
0.0007254325780834554
0.0009616886364073752
0.0007626879898043246
0.0006501036922938035
0.0004696780747286448
4.1534027911722384e-5
0.0001061006446104739
0.00020168068326894265
0.00016191358118786207
0.0004456670772445229
0.00016268087437055129
0.0003086138560437616
0.00040108378109255684
0.00025376611790126367
9.476783737134518e-5
0.00036914290769168894
0.0003927816836024576
0.00054308256385387
0.0001983419449641067
8.528539002664609e-5
0.00020031112417676747
0.0003321309651547777
0.00042262048899661253
0.00030319163607652274
7.328574218078955e-5
7.57807044606537e-6
6.002675364330538e-6
4.837703978970288e-5
6.447146304445438e-5
9.973817632558473e-5
0.00016009208579654332
0.00017930707453725516
6.121897484567686e-5
0.00017497929662213207
0.00039236187281571584
7.926802070140884e-5
3.5449828714559126e-5
5.759536848928172e-5
0.0001168590785332423
4.860746558217587e-5
1.4475429755861116e-5
2.1524065074994285e-5
3.691122405614977e-5
4.003710670033322e-5
1.2391369430689855e-5
3.7331956719373247e-6
5.578951821053223e-7
3.842957045824633e-6
1.8091929063100612e-5
1.9609669400857412e-5
8.449193456349913e-6
1.2787929602434868e-6
1.3202886990878774e-7
1.0670099770722668e-8
