4.2027548904379684e-8
1.7259912913468515e-6
6.14846826257897e-6
1.881190155840921e-5
1.5264447467450216e-6
1.0123707209974142e-5
1.2170695056893756e-5
7.076913898259804e-5
0.00025142767798052294
3.12198297350253e-5
0.00015760283372464966
6.76002040138433e-5
0.00022011225921317567
8.794023325121766e-5
0.0008412684110384556
0.0003492979407680721
0.000139980424436729
0.000878102905179106
1.828760922509561e-5
0.00018500128611550126
0.0002317665679796123
5.219202093827261e-5
0.00013803229840503642
0.0006082577445030067
0.0002920998243415964
0.0003275270000805275
0.00026577897195698147
0.0006850486427632222
0.0005089982462347263
0.0016744259002609758
0.001235782010992078
0.0011970045997454248
0.0020874979853941983
0.00028787759667807573
0.0008463549112340919
0.0007893004971074206
0.00022941495258035072
0.00040531832188443913
0.000528079248457011
0.0025551012772284344
0.0008549997577956198
0.0010268791741724814
0.0031924724985096997
0.0004440943660828069
0.0030682853803622166
0.0025784167185886483
0.0008729942461860731
0.001115449991209403
0.0034040653296781185
0.000678216888962283
0.004306357584480796
0.002878594327124968
0.00011338089547022378
0.000695835260862234
0.0007158313521874141
0.0006882127670812623
0.00012822699312446307
0.0002847254992244432
0.0007639145836731313
0.0011813798434123415
0.00047600785315931557
0.00041531413962224103
0.0012061487534701975
0.0020020868237614784
0.0014388660328451734
0.001898054577776956
0.002802260658717147
0.0029056395803703805
0.0020844969566231873
0.002473701667177295
0.0009456709681362977
0.00043644291186661736
0.0009677409591349385
0.001692231618861148
0.002692624181519353
0.0019548328415908522
0.0037480992361385718
0.004356461231634133
0.0029958172103968406
0.0055526496760934275
0.003109526055248925
0.0018557244792277731
0.003190947073090477
0.00474902584625685
0.0034702582589105258
0.006687298447814607
0.0041238647243850065
0.001981850388100704
0.0025590444188553193
0.001640909142970367
0.0007321435923741561
0.00022943988916450744
0.0005381207652844134
0.0010753241846483653
0.003224654005070338
0.0011826800570886398
0.0018541115066130452
0.004995219777970157
0.002377115673510085
0.006120087268797082
0.0040688423850671
0.0013282048640825004
0.002392393371812583
0.004884120554277928
0.0030785199723251154
0.012600785148531237
0.006768833826649043
0.0017381089772657014
0.005541935523990255
0.004121392909816724
0.0027776190325953785
0.000990716129726803
0.0018850729261520672
0.006198614863703309
0.0015990960051790748
0.006044479716551729
0.004240003458449763
0.000715877064331177
0.0032669851490606033
0.00320049236813355
0.002621953436720074
0.00031686111691338505
0.0006622763378311905
0.0009760695426798692
0.0008328505252651383
0.00023493347944780686
6.181666487014041e-5
0.0002692329794112885
0.0006879099785652217
0.00114957918900653
0.00041763852075396134
0.00037070736895786503
0.0010338407191656405
0.0018773467210861712
0.0012668328402130836
0.0016579416330274265
0.002660858282267049
0.0020046903106011537
0.0019758461971292377
0.0032218338095538613
0.0006635654427074331
0.00039128728255240886
0.0012033619629860208
0.002433285325485219
0.004160668839694647
0.0022158554610102353
0.003982486869292407
0.005701610647690664
0.0034078033385230937
0.006907289827305566
0.0032020401755634884
0.002123276330795303
0.003908761114786794
0.007724799512889764
0.004089234414978205
0.01057806226023671
0.005434383822965463
0.0031185692277149557
0.004105715945710443
0.0025735066188928815
0.0007043464078528617
0.0003011475566091423
0.0008968555033508024
0.0021816818590922
0.004437176154495771
0.002228208374198692
0.004584058796722883
0.00808628794464983
0.004612597296228785
0.012410395876575095
0.006011776433036051
0.002570096248359011
0.005749657993369308
0.011771770333336987
0.008092991721145632
0.03565834859503036
0.012767542919806642
0.005608852752017955
0.010651304733287311
0.006655334987900988
0.004167074954238692
0.0015727344723066008
0.004358446736645574
0.009215439154150032
0.004128085750892797
0.01275970673182991
0.006195704308312132
0.003944828121851625
0.007010128760567026
0.00549373333658479
0.003170005579308344
0.0025103065195308263
0.003362979495239039
0.0025739790722749726
0.0008808222978588039
0.00018603611700849975
7.346567954510034e-5
0.0004233356028775457
0.0009967828391933588
0.0038399694622917708
0.0006193010570172816
0.002014787336583083
0.005277287855748315
0.0029714586987371985
0.009141498152113426
0.006192149505832044
0.0008061978335706552
0.00203626035056302
0.004801269640102612
0.003061824656951648
0.01152159259634833
0.004939799165805609
0.003030674848474405
0.007665688790086432
0.0047311500692759
0.003400535089099172
0.000728601817601604
0.0016339334242745924
0.0054517146756844215
0.0023202572637711686
0.008027874539649696
0.005052453840770962
0.002125119451043968
0.0058912543348888
0.004442160361937605
0.0031732341315160516
0.0009974330164065645
0.0020232208575009032
0.0029156991102836432
0.002079284663132124
0.0009258959604890271
0.00020858472471408743
0.0008918646313683335
0.003895175477938937
0.0011802546033806705
0.004483799446340667
0.00334170784874963
0.0008208912572017291
0.004113752014319457
0.002790048397899723
0.002442359092196935
0.00046391204904154586
0.001273020295638668
0.0014442916425117106
0.0017387340813146573
0.000865032948481092
8.660752842976606e-5
0.0003994731646805982
0.00046531568616862653
0.00034184533471986035
0.0001604033762911588
1.0021565070805415e-5
5.658649751409284e-6
6.718445078192631e-5
0.00011014222678260698
0.0002438871976733817
8.753262470495895e-5
0.00014633770988810847
0.0005928380297890904
0.0012479474717765535
0.00047050186807455675
0.0010619623680679904
0.0019566739018605796
0.0009879138300099917
0.0018693385482439074
0.002491412445516166
0.0003157615735354344
0.00013715230588523444
0.0007758346527566403
0.001510857901281918
0.0007869891065907277
0.0014598891147117976
0.002496855559415163
0.0020464254439941008
0.002698050832992815
0.00373650644069762
0.00070580272921207
0.0018727407470660155
0.0034783598608334365
0.0030553966223083465
0.0038914249696434164
0.005676923303682498
0.0017303326651624633
0.004542024938217969
0.003056943869679378
0.0019544045624874423
0.00011125823970138074
0.000116800239582389
0.00046036524202063526
0.0015066257974113832
0.0011495336415545381
0.0014009038872757047
0.0033445426556112717
0.002273215694529328
0.0026616682352140087
0.004116916999737601
0.0015605094068639304
0.001671904174836669
0.003931832038410478
0.00300889002638684
0.004538354598472917
0.008058563577377465
0.003121186454829824
0.003785052925738644
0.004198481881409493
0.0034448574783995834
0.0006582097724548282
0.0011421835145570898
0.002432137376769408
0.0028347909883805677
0.0026494866560765854
0.004716425411519065
0.0024423230718725072
0.00273425397902537
0.0034220528639397857
0.003020789808734611
0.0004783257736686906
0.0018917314171721204
0.0019813660382988823
0.002062603971250728
0.00028951648608940936
1.853747430793906e-5
3.550549249844408e-5
0.00019137634467806576
0.0009017371298951262
0.0008972158784877368
0.00040318260883951497
0.002273792356961464
0.0016253941159383176
0.002388186970614012
0.004236494549025168
0.0018135200111052113
0.0007629870465075518
0.0034123290265809856
0.0020535815562172798
0.0039059347513901756
0.005831435323600172
0.0023580065958159007
0.0033895651068177246
0.0039282740920449
0.0030847958071037605
0.001133228604538813
0.0006945413168617658
0.002205527986350135
0.0020249768953447926
0.0032969989209386255
0.004536881761240293
0.0018619431280711923
0.0025213535097898627
0.003899976924327236
0.0038358074111777525
0.0010226496086040105
0.001992178334258116
0.0026036724779802617
0.0028502741300203338
0.0012465813762412505
0.00014297394111774178
0.00014185932450784934
0.0008917439917087072
0.000943755707028703
0.0014688107353416997
0.0022020316381771237
0.0010870194874653659
0.0015284909875980242
0.002498054970711762
0.0017010348078007314
0.0005288970905318525
0.001267253999616353
0.0019016788859785388
0.002003358227417157
0.0005176547644371244
8.768962068196625e-5
0.0002444226119359695
0.0011477369073096399
0.001147459582330124
0.0002812038737525534
3.218442325483168e-5
1.5964223374816775e-6
2.185841201143732e-6
3.1656680765494306e-5
0.0001398221019900047
0.00020761632887676904
8.503210335202771e-5
0.0006805998285394184
0.0007067373316539337
0.001143670449404447
0.0016071288725512682
0.0009538998585554123
8.23151590966089e-5
0.0007720491141930959
0.0008148537736328195
0.0015906557314615591
0.0026301771293415475
0.0013983638266579907
0.0019385540832494515
0.002125690802335635
0.001846933978540971
0.0008618254245719846
8.553125037040067e-5
0.00039273269599785426
0.0006335430257640289
0.0013287011493394703
0.0022167181965663733
0.0012337705071683882
0.0014571035984825987
0.00219849955850806
0.0018935586812291111
0.000865389476674243
0.0011126617589254225
0.0015999230555787105
0.0019168946035608753
0.001261933200570067
0.0003425166971177507
3.2437029250184904e-5
0.0001819740630483697
0.00043183374560133735
0.0004454650598478381
0.0009183507198628398
0.000561278572445329
0.0007578687998011312
0.001224262895906848
0.00098455227023312
0.0004054636754957744
0.0006045514347937878
0.0009666085864824239
0.0012097856586987135
0.000667116539402342
0.0002147143326004715
0.00010866545485421231
0.0006647211385709879
0.000775768435074448
0.0005929346110205344
0.00023878032187640914
1.8567406385264748e-5
2.258401896177738e-6
3.5260907983033884e-5
7.303976481580402e-5
0.00011570823312292915
0.000303645181343803
0.00023761822626702642
0.00013542207059778614
0.0003948151726150518
0.00045100685152453686
0.00022464423023802515
0.00015297811159644347
0.00037086235546471687
0.0004228049977195152
0.00028302268977874743
6.596543072146356e-5
6.883573622970172e-5
0.0002834723866375678
0.0002869823478796517
0.00013667729203154
7.097252437916293e-5
6.2732156991301125e-6
5.5422470121570525e-6
6.049960849151242e-5
0.00012897155888772142
5.342945074879572e-5
1.2246638326861115e-5
1.6844909285525995e-6
3.9314677797473425e-8
