2.189644350988333e-8
1.6217111827289987e-6
2.675483747913209e-6
4.9074259552490176e-6
1.6693573911066243e-6
6.981119284793521e-6
2.148374682007452e-5
7.927022415937972e-5
0.00014837164724707826
5.7947610784343864e-5
0.00016867968925203525
5.278392896072947e-5
0.00017830169033878973
7.208107557121465e-5
0.0002354692029293158
0.0001266369040823594
0.00011556203033794204
0.0002965716375794215
2.6534775820536097e-5
0.00016813209608096218
0.00017498004100575316
8.80635775894412e-5
0.00038138520922271937
0.0007397983403284578
0.0004267574600743536
0.0005188683441605227
0.00045716094556825176
0.0014184420094424878
0.000886697959736077
0.0018851949459613075
0.00109763726960446
0.0013760148367352033
0.002220247392864464
0.0005258542492067323
0.0016440825724493326
0.0013632219180345257
0.0002115725843372584
0.0007395336287285444
0.0004989376844668859
0.0016580192120218716
0.0008640720177642576
0.0013032434494595793
0.003101144132773001
0.0005806607661059341
0.0024734243150624914
0.0021671712173804104
0.0003881342795888957
0.0009627996729029202
0.002367659647897977
0.0005231735492232748
0.0023679864982969626
0.0025511081262963595
0.00011072617616261769
0.0007916730893136894
0.0010055244442444527
0.0005164341449893808
0.00010096635330995002
0.000612768567511987
0.0010541965135445884
0.0009640329334010164
0.0005357147015379783
0.0009075827481540507
0.0028689341223267434
0.0025320045345879247
0.0025222842543114127
0.0024300686456273216
0.0033373604269536284
0.0034747911877027974
0.001708854235934927
0.002491851133733567
0.0014542153884784439
0.0008282385977330507
0.0024153975130363926
0.0024510154763077788
0.004257849448906772
0.0037450478240540746
0.005211917560397858
0.008384561408576898
0.0030922321971276383
0.006589162678662853
0.0043291064603255165
0.0014853573035058037
0.004397641068564485
0.006797215668172791
0.0042715947078554055
0.008264856409393286
0.006225088461198375
0.001336251246410704
0.003806018387083809
0.003753716745233368
0.0010012275073175512
0.0001389951304150925
0.0008085320566498382
0.0008657889157409199
0.001548295232567304
0.0017145632654615708
0.002820721029937903
0.00459467032628328
0.0019573314725171965
0.004268470590657144
0.004025285874138757
0.0013385734053129594
0.003308000635509434
0.007069599766663007
0.002967998702349667
0.009763597954099293
0.009229927522780212
0.0011548131477327442
0.0043991331925312465
0.006062982201045962
0.002450991737899766
0.0003593207555632744
0.0015018987689203618
0.0031156834272640225
0.00213764370152892
0.005049031009201641
0.0039743194885375095
0.001028765444134472
0.0033733320515474223
0.004287017775915855
0.002106736868680134
0.00015623380005276517
0.0006991815167469065
0.0014462656115174668
0.0013970587563922696
0.00018057617192235648
2.2196844985678154e-5
0.00028489521796610465
0.00044417063840463013
0.0005251444194543387
0.00019112775065791322
0.0006391950252499797
0.0020322724450916813
0.0022142067153125776
0.0013884214476952423
0.0017277533157184551
0.002871862378560986
0.0023298291432021704
0.002024260000265531
0.0024144065283035468
0.0007209162777493757
0.0005729181650550685
0.0025793994650712376
0.003791060150143619
0.0034853384117351795
0.0046520486984685605
0.005787856877605312
0.007037413620624706
0.005150674445073194
0.006734244887162773
0.00337937720387249
0.0018485902826298516
0.00507913078280968
0.005934045037034329
0.0057845952763220685
0.008395902272620699
0.004334799996731054
0.002411920409914797
0.004672181530089372
0.0038654431030103998
0.0007814455033947818
0.00022645238331206794
0.0012227528651630518
0.0022917030708033376
0.0026777856760267973
0.002804941760324961
0.0060264162947791895
0.007843512539452088
0.004730956103724936
0.00962483314207027
0.005260400848740488
0.002597062379151247
0.007278956231414139
0.009475318131916136
0.00803118833766398
0.02902162625543898
0.00962942789792354
0.003381063756721711
0.008354700476035362
0.008321065484437812
0.0024077585109061744
0.00077239303084196
0.003566969523982348
0.004120604944422017
0.005079331007653757
0.009565219405765837
0.004322538203159281
0.0030211875805786445
0.006638302554704274
0.006531511401632936
0.002493328590161529
0.0006432233966968987
0.002404898328061644
0.0025083935552868064
0.0016172633513406637
0.00016854577422571683
1.7465325715557644e-5
0.00024383472335280873
0.00041270900149270584
0.0006689252932388841
0.0008126965393554142
0.0022163346602083354
0.004061698580758599
0.001829423968410447
0.004170820732667152
0.003110686112166216
0.0009483991320596915
0.0029999741542767666
0.005498560412993703
0.0038096752889936205
0.00941178678157651
0.006919810431157498
0.0015703864337369604
0.006024268539294513
0.006824363365751572
0.002322813930203993
0.0003754373562647218
0.001792695128362286
0.004007202764070536
0.0032553081813185584
0.007796773786445715
0.004606264590328575
0.0022008845959627403
0.006973179516292997
0.008194113371390655
0.0030344431503751186
0.0004294507816659467
0.0022987469974050717
0.00348172269413014
0.0022223838693663793
0.00028574494221582044
3.739497442946189e-5
0.00040241485280175524
0.0006730419392062045
0.0010964162896600885
0.0027797835000992984
0.0015247039317191615
0.0009924582150035355
0.0035299213706338557
0.004285536349399491
0.0016563299545253954
0.00030976404668642374
0.0013750960531195618
0.0025387220256839356
0.0018571896785676706
0.00023020273401979865
1.4582430661161933e-5
0.0001900542951857163
0.0005384560673333922
0.0005149283336113144
0.0001697845553933592
7.042840566422809e-6
8.831539242723497e-7
2.8114704111399223e-5
2.9861236226143932e-5
5.025408061469902e-5
1.5093993184994205e-5
0.0001531858036506331
0.0004008154125731046
0.0007277942327593844
0.0003120442996424106
0.0003573662789623643
0.0007910928192125944
0.0004333790170133401
0.0006223782057509631
0.0006634853036841349
0.000162315777444978
0.0002097472997904621
0.0009647790829334578
0.0023435705037290707
0.0009807217838018979
0.0016785151152190654
0.003407694635088062
0.0021178810861211617
0.0025349505729980967
0.0030097469658733663
0.001004506927678829
0.0005980039543016359
0.0029757393408275834
0.0016240279391685035
0.004083032424411805
0.003401076698065737
0.0011418399360342817
0.0020539033979343015
0.0024540990858878415
0.0013429615269864674
0.00011029878623720827
9.478674284473715e-5
0.0006671415416686685
0.0018654604377572228
0.0010974998079290722
0.0014747948683113232
0.0041736849700109244
0.0033102114478149804
0.004221166977121434
0.005130267087574423
0.0021144009004665613
0.0010981374342791802
0.004230778454774782
0.003911533645064473
0.006637250439153223
0.008032934490734021
0.0029272037136738437
0.004065399424842155
0.005893543659183601
0.004299111816144783
0.00053290674338661
0.00030118313405290355
0.0018532674528261477
0.0018268061230169842
0.004376749535590902
0.004817218060571734
0.001948807175154399
0.0026182971861001434
0.005217933736346673
0.0030636202876150155
0.0005762847237395102
0.0005899436558058747
0.0020212265794776517
0.001706972053100003
0.0005280415178689061
2.68449869934695e-5
1.4489735414024651e-5
0.00021751661711995646
0.0004695858724841508
0.00042191847203894826
0.0006111017771624745
0.002111884907972384
0.0018008732154055555
0.0018547241761754515
0.003583053243637941
0.0015013559996327696
0.0007824953564398114
0.004368219344526723
0.0030068826806593845
0.004157228893056298
0.007106354007053817
0.0033758622202742384
0.002836976393493095
0.00503883562241195
0.0044305938738408235
0.0009604133564456739
0.0003113732698124514
0.002125106356968032
0.0022157896538115658
0.004088428565635246
0.006157379505511607
0.0028463065849057907
0.0033452397585151754
0.005809280752881608
0.005162531337920022
0.0013001804465632523
0.0007683271089045595
0.0028002127159760144
0.003355475947546097
0.0013671967999620972
0.00011564244938998508
3.177902736487135e-5
0.00048180446238892675
0.0004247467178815982
0.001852362017985319
0.002307427429725928
0.0008624668765993929
0.0023684555378193136
0.00384297915595233
0.002472128363364489
0.0004966551763837079
0.0007149000450925862
0.002207800470086595
0.00249737921917651
0.0008870696583028878
7.25670807832079e-5
4.674296006409008e-5
0.0005023186885011635
0.0009214435663816038
0.0004137097674081848
5.992183189973781e-5
1.772455502342298e-6
5.377681332699129e-7
1.6124252740704067e-5
3.205224966146711e-5
3.8402888977603874e-5
8.18289333591412e-5
0.00032157705255828945
0.00037332172601935946
0.00030034591931299236
0.0007867734619576312
0.00035379109797084585
0.00013515638574345047
0.0007696006668235405
0.0009491248148892567
0.001055775215579442
0.002593382315173801
0.0013191791425613165
0.0005556250904079459
0.001847988073742912
0.001436793439557271
0.0003938533932281704
8.174460729131619e-5
0.0005979441749663917
0.0008234164366529169
0.001416009813571832
0.0028550425555360845
0.0017230026865908037
0.0016191259192396303
0.004721140881470237
0.003691237750393393
0.0008597642457489606
0.0003223823356966663
0.001693463537292572
0.002372461753668937
0.0010854153916793328
0.00012632549405412752
1.6438734804132973e-5
0.0002212177431428715
0.0002443263644479241
0.0006725951985479669
0.0012505127677969931
0.0008325180643576936
0.0009224260005716136
0.0026413602598487
0.0024592494467207213
0.0007565979971002831
0.0003795949993982175
0.0019757911662823834
0.002879206201075456
0.001443060789720643
0.00018167127348949364
2.8553177061217036e-5
0.0004123149446918728
0.0010170592215382299
0.000711061923680097
0.0001464420073786021
4.816982170327375e-6
5.560884481970653e-7
1.4962892805606373e-5
1.7739987644835084e-5
9.766362659804206e-5
0.00023320254907168502
0.00013815571559261128
0.00021264823743795102
0.0005923298925013696
0.0008377706986067486
0.0002220236244228603
0.00015301369344517118
0.0006273822035211416
0.0008848200498757318
0.00046028921186935497
5.2214271830171306e-5
2.7357317656254676e-5
0.00027511820899158037
0.0005867287282690299
0.0003731968463416629
7.660405009648729e-5
2.5824856224097873e-6
8.493929754216707e-7
2.1068894281452912e-5
9.557018121013413e-5
8.713545143517827e-5
2.179864335865011e-5
1.6491235782512435e-6
2.2287557581660875e-8
