6.954664681673842e-22
1.8190658702890644e-20
2.618300933360663e-18
4.520862894151031e-17
1.4059111632565606e-15
2.900219700977916e-15
1.0578211064483015e-19
5.8213494301169884e-18
1.9001764905484026e-15
2.7470224485022106e-14
1.9142821655740114e-14
1.3191872662263998e-16
4.204312617890972e-14
7.01521501742942e-13
1.248621919053427e-12
3.4446474931731403e-12
1.4331918729488764e-10
4.131910876610481e-11
2.7777147690495367e-9
9.07150749843172e-9
4.780622214047169e-10
4.677668149285691e-18
4.066433995799151e-16
1.1355477459404425e-13
1.9318817445321316e-12
1.3672594196957139e-12
1.8479568106052582e-14
8.269527316542877e-12
9.500132952265077e-11
5.5234059516151426e-11
1.1385616634215753e-9
1.797261669749586e-8
2.075748255016892e-9
1.5342771857003336e-8
1.8176633633364354e-7
4.825902237184136e-9
1.359155077255373e-13
1.8224504184591065e-11
7.135264370352285e-10
8.575427056548978e-10
7.633648053481632e-10
1.461419626845875e-7
5.5769942930525683e-8
2.1589613152539166e-7
1.571131671763264e-6
1.5880694359954856e-7
2.8089532001432973e-10
3.730679303931342e-8
5.433009676832718e-7
4.100990275354814e-6
3.789382868843836e-5
3.5350240108954486e-6
4.635667403614149e-8
1.5755178838608616e-6
2.7938330431693413e-8
2.460288964676922e-9
1.1044037390584123e-16
3.260658501650885e-15
4.8531960379344936e-14
1.7754132705044562e-12
1.6370562459521823e-10
1.1040921378709811e-13
2.6447424337784903e-12
1.3457351121601367e-10
3.6990349586547e-9
4.8242797753050255e-11
3.0076748430083933e-9
7.784434899721983e-8
5.356080390459589e-8
4.576377125821894e-6
6.404254782870421e-8
8.504469600588031e-12
2.019693052950644e-10
5.601280523013522e-9
9.20129075715965e-8
5.611746027876648e-9
1.6650176264993045e-7
3.4941835106423106e-6
3.0312143360251376e-6
0.00011024600453035
6.724801477957259e-6
2.255303717753403e-8
1.1639396102712599e-6
7.052127928296492e-5
2.508746394413971e-5
0.0018307887989662136
2.871405973173413e-5
2.217332336449822e-6
0.00023771152037019484
2.321605302646843e-6
3.185823092817037e-8
1.7448253706865864e-10
2.7974302789221625e-9
2.33799691232411e-8
5.638589077413037e-7
1.6461812552097973e-8
1.813865377021513e-6
6.918044592374427e-5
1.264459200757299e-5
0.00020470649863840013
1.141124531273207e-5
2.6376491901927125e-7
3.877273236104567e-5
0.0002908130032964698
0.003734039384762063
0.025805260220592055
0.0033963213193746386
6.103752715945922e-5
0.00028206636579871725
2.739397610265013e-5
4.073230123384531e-6
1.0520273014320019e-8
6.472680948426965e-7
5.6914888149144e-6
1.4747261729780669e-5
0.00019467025194561019
1.2234372084999595e-5
8.030569472964825e-6
0.00023264944296827036
7.570655774684981e-6
1.557281531062205e-7
6.114657034833469e-8
1.6596098469318443e-6
8.272432039273288e-8
5.434899811102731e-9
4.411576486573736e-10
7.165039511221499e-15
4.196430880775469e-14
1.4144769057611541e-12
5.814934576503578e-11
1.025990911614256e-8
1.303290497970876e-12
6.12895770596206e-11
3.3925454498368713e-9
1.8685414832787163e-7
9.006643741427822e-10
5.06772767167145e-8
2.223209243312619e-6
6.133102508349501e-7
4.4787618237286536e-5
1.1188701315780563e-6
1.4578312389529104e-10
3.492293696733282e-9
1.1425014165938132e-7
5.908236414062731e-6
6.974783669822843e-8
3.5509085145057425e-6
0.00015965931141878172
7.893179843901721e-5
0.001987723218673289
0.0002069664507171616
5.223074937636286e-7
7.844603337251845e-5
0.00022767102345080267
0.00026527976996717166
0.03245100954820362
0.00030907271764925266
5.882598204575074e-6
0.0002183764582587777
0.00017218202922970066
1.8085680487924983e-6
1.0016367882026045e-8
1.3617820864150464e-7
2.5175557006753873e-6
4.84323415262247e-5
3.490337728511097e-6
0.00011903804427294171
0.0020017224640409927
0.00018633059179639684
0.03226972313741143
0.00019200334246276295
4.196179983890447e-5
0.0019550268678964512
0.029773325291761885
0.02442991286203858
0.666071433036619
0.025929317460056327
0.0013293108115294283
0.030659514098782526
0.0014496601466983691
3.854532548867946e-5
2.331015107535902e-6
0.00010751704189404332
0.0011960030231959265
0.00018078417180151976
0.03196329279743208
0.000212409375199058
5.4498829322822234e-5
0.0018458430569315417
0.00012645204882382952
1.6236623832048257e-6
1.761543735605214e-6
4.425466827010838e-5
5.071911881614387e-6
1.844527763616816e-7
6.01917241385104e-9
1.096756934100174e-9
9.161342040255975e-9
2.578471883014076e-7
1.74709951375003e-6
8.438741451111602e-8
5.3678369689768695e-6
8.365143106913621e-5
5.611604387745206e-6
0.001395609719702578
6.343232068594364e-6
1.0893396402547614e-6
0.0001355186996089704
0.00020983716178527725
0.0003004426512895078
0.03138846026164679
0.00030463315011921866
6.412171649717662e-6
0.000208443370632743
4.873357771204733e-5
5.553314192170859e-7
2.24034956918974e-7
9.262433780345215e-6
0.0001227286980128081
0.00011390417638903611
0.002035070143546909
6.87359790042478e-5
5.12144613141073e-6
0.0001267706057356406
3.47244967010312e-6
5.1348963805025913e-8
5.431164887539077e-7
2.2324520173348822e-6
9.861998238025373e-8
2.0726483731656134e-9
3.7183743361144984e-11
7.775835074449355e-9
2.586987169834895e-7
1.9671569316704322e-6
1.000678810113985e-6
4.691245560369334e-5
6.368620067129488e-7
5.7128614832974726e-8
2.6395306680398484e-6
7.20640160005137e-8
7.794066930564806e-10
5.891480769121752e-9
1.284531080614713e-7
3.475928610634467e-9
5.739208659853554e-11
1.1006512381545437e-12
6.619784286068006e-10
1.0585680743082124e-8
1.5502391401739925e-10
1.3876443744907942e-12
1.6117368815278108e-14
2.576818556421093e-15
3.663844261098167e-13
3.8307847649279165e-13
2.477055680206603e-12
1.4318941788879437e-10
5.074477264983393e-10
4.175482979118255e-13
2.773321914323188e-11
8.8397786005458e-10
7.194745420479922e-9
1.9295784914148675e-10
6.616997229718892e-8
3.2356891855466663e-7
9.665295743545301e-8
1.6252974923236002e-6
6.363452601867616e-8
9.592752914831413e-12
3.7347769719084974e-10
5.478515874535883e-9
7.029435509538963e-8
2.9917279297015665e-9
9.367116587072681e-7
4.927704051002186e-6
7.28139814691549e-6
6.580280543692162e-5
8.197258510775797e-6
5.466605612592653e-9
9.558725279211947e-7
5.237565826161086e-6
3.797262420031489e-5
0.0010865664898314206
4.8758123178725544e-5
3.2856568663428173e-7
5.129706506113435e-6
2.1954831075346165e-6
4.895030421717793e-8
2.7524691815501835e-10
5.57299133253537e-9
4.669999498826465e-8
1.307835199648647e-6
2.6051680767809358e-8
3.0739617896543024e-6
0.00016038855785293195
1.160796981007142e-5
0.00018214753632683238
1.4600623296411126e-5
3.982536356660126e-7
4.114591365348902e-5
0.0002973745912105067
0.0034886397896627466
0.025958989698066603
0.0036937833267981354
4.152568770696348e-5
0.0002711648405563698
2.4572582387949503e-5
4.098452385785573e-6
1.0260833180963546e-8
5.73985177439882e-7
5.779742827858513e-6
1.1287538750008608e-5
0.00017999268333740198
1.2440203937068343e-5
6.775205698015948e-6
7.68597172372628e-5
2.845137852042312e-6
2.128465594796961e-7
9.2857517280465e-8
6.255002390266937e-7
6.303504399832936e-8
1.5428991201594228e-8
1.4053868885963939e-9
1.1420158973074637e-9
4.238535388738671e-8
3.1290183699571676e-7
3.3626755069806456e-7
1.9601690025234974e-8
7.50715990157403e-7
9.708450691980556e-6
4.021382717014694e-7
5.349612924503591e-5
3.619528935702695e-7
1.4113061152086424e-7
1.189175989955168e-6
0.0001297697287248522
3.793648017032489e-5
0.0018139688426613227
3.62255603968552e-5
8.394319227200457e-7
6.117641443054422e-5
8.494395276889364e-7
3.73744300475689e-8
1.9953072173640487e-8
6.388650113925152e-7
4.80304992992467e-6
2.477529019554311e-6
0.00010950374550011639
1.647955613130092e-6
6.436966928561275e-7
3.268195111530921e-6
1.717772602107362e-7
1.0840098173912695e-7
4.402277858389014e-8
4.158333860236082e-8
2.8911029884861614e-9
1.4709609405855286e-8
1.0720846109193947e-10
2.346547899839961e-9
2.2019326607989575e-7
6.263662305249471e-7
4.1882663289182845e-8
2.2029353253545615e-6
2.1488813285375486e-8
3.9785706436259415e-9
9.79589666659155e-8
5.3681964035498475e-9
5.427215840695477e-10
5.895146214566562e-10
2.58431243602688e-9
1.291666765959818e-10
7.771538448300304e-11
5.705123440141517e-13
9.212819845411612e-11
5.054785640627285e-11
1.574739389800888e-12
1.1960708241306241e-12
1.8539901445098804e-14
1.0162590157463238e-15
1.753496635106951e-11
2.311020647826159e-10
3.106563557570774e-9
6.564315360837981e-9
2.8566762025633707e-10
2.828547710646459e-8
2.3719939495190998e-7
8.862259434630707e-9
1.5909466345144618e-6
7.3369404232499565e-9
2.0524923106091585e-9
1.4401973360108004e-7
9.163180823173991e-7
3.6741860935429183e-7
4.2375521221040375e-5
2.737826421084093e-7
4.864961535133365e-9
4.127618432226246e-7
1.768701495377242e-8
3.030667674951594e-10
2.1176390660253262e-10
1.2725113749314772e-8
8.7809693532615e-8
2.3837333297436447e-8
3.4483520166609236e-6
2.2790310189832604e-8
2.333087368447026e-9
5.842663127606251e-8
4.3035167828166536e-9
7.528070208016333e-10
1.7478709675777525e-10
7.962260992278319e-10
4.6706789536669864e-11
6.426513160741462e-10
2.144649770724916e-12
5.598337417522241e-11
5.757391336472683e-9
8.972141012273887e-9
4.972320488905364e-9
1.5076267886341222e-7
3.075593470997128e-9
2.7402966927917017e-10
3.266913894627821e-9
1.8310735125620653e-10
1.621847241115301e-11
2.214033026661051e-11
5.866153750826706e-11
2.566392882031121e-12
5.01280961723119e-12
2.908488349672141e-14
3.763835886509988e-12
1.7540167845926673e-12
5.721436048608467e-14
6.375060099618377e-14
1.3635254581349754e-15
5.86175741435413e-17
1.0077327546146357e-11
2.351228421956947e-10
9.505634152456475e-10
1.1405682026549391e-10
9.173726734974864e-9
1.7138979482115216e-10
5.501090547436142e-12
1.1856353918374828e-10
7.761668895222938e-12
1.1538219081791823e-13
6.398960049577744e-13
1.0158989866046892e-12
8.961794312571455e-14
1.2596653939317425e-14
8.924616649964885e-17
6.334604002086216e-13
3.6607451531213783e-14
2.541898788954989e-15
2.6947106029891574e-16
4.168647505790579e-18
2.1588519787460735e-18
5.387533270198605e-13
9.53636974021992e-15
1.471401905390336e-16
3.922296347076705e-18
8.99796534852686e-20
1.6494436920047895e-20
6.093428413853617e-22
