6.684590117100411e-11
6.963873839001921e-10
3.0943857777924356e-9
5.5488888781674964e-8
9.280506213406178e-9
1.7074918696363183e-7
7.104385206638795e-9
1.472275807007744e-8
6.440051264004637e-7
1.1491846989595392e-7
5.398782112955866e-7
2.4119918193379317e-7
3.1524980427121937e-7
7.106704001456019e-7
1.471925228852452e-5
2.757044638220911e-6
1.1068179406882493e-5
9.531366107074127e-5
1.0759463887705398e-6
5.0177043624968354e-5
4.121436304771778e-6
7.378451677352364e-8
1.0536615822231674e-7
1.8970547339109524e-6
1.8831566628969371e-6
3.5819222226944407e-6
2.000299537252039e-6
3.896764564041706e-6
6.764247770107517e-6
2.1641068752749792e-5
1.123106499655795e-5
4.239754441188952e-5
4.44775996766788e-5
1.4231397810957195e-5
0.00033768812273368514
1.540406384668899e-5
5.009344619381797e-6
2.9115842132761586e-6
2.7133188128466248e-5
5.582707429159171e-5
9.852648064826119e-6
5.9488438655195646e-5
0.00014639521983944012
0.00024377973508079995
0.0005437709603037458
0.00013909899017907381
1.937752827054497e-5
4.1056005889660926e-5
0.00016440605302101723
0.00020421090940595093
0.0020316729157449955
0.001008548962199471
2.6223346051748786e-5
7.275439183920953e-5
2.8533853714094632e-5
1.2045720358032323e-5
3.695594906268324e-7
4.4814593693105594e-7
6.719856892948227e-6
1.9490996881621578e-5
3.2366405286134536e-5
5.072527420415162e-6
2.2930180281004442e-5
5.5260247533334314e-5
3.4276327177450844e-5
3.676025477872478e-5
0.00012982039964469107
0.00023832723419315693
7.514721300970001e-5
0.0004541426824550962
3.731775714776996e-5
1.4536290160850675e-5
2.839020387865399e-5
0.0001761518232771645
0.00021622197501344935
0.0003758335920605108
0.0008313170924465664
0.0006606020484655595
0.0011980995123211735
0.003966278892323589
0.00037249689962391556
0.0004507968308519514
0.0004407272725923978
0.001807672897167897
0.0008544565114654845
0.007821885692455278
0.0011407818769023279
0.0011308678331399913
0.0010444462663279583
0.0002146688980183351
2.732156435002343e-5
1.2760080865914782e-5
2.8356599182197356e-5
0.00014822214922413694
0.00023552289891919182
4.2480701746027125e-5
0.00037808207894947214
0.000919721539355898
0.0003821303874054554
0.0028812710756574832
0.00047202515002457837
0.00012231748744626463
0.0007079949237591749
0.0029515170172306504
0.005907191530757479
0.03628436075600063
0.013449929031311323
0.0019475642995224912
0.0045627969509266465
0.0011449701969374001
0.0009578681844836608
7.53110696136032e-5
0.00015220914173580283
0.0005847329497539531
0.00022601306025144937
0.0026538656828184824
0.00048366157096332743
0.0002248335015957188
0.001122568436324076
0.00037096001850020824
0.00016271941921776586
3.9832061783885585e-5
6.762302834593389e-5
3.699440406917441e-5
1.3916659941370315e-5
3.582593403569611e-6
3.765043705577643e-7
6.148619214983373e-7
7.164504088796172e-6
3.818394754646756e-5
1.1002620321845307e-5
4.557911170101553e-6
2.1185670127960018e-5
6.251920252297435e-5
5.8773909740405846e-5
6.055991536618562e-5
0.00014754266015066907
0.0006728682384795721
0.00012587038926963024
0.0016379738796636846
6.386459288787416e-5
1.4486920107983253e-5
3.6059560391513583e-5
0.00015044970519254025
0.00042201814356997104
0.0002642180909358938
0.0007705771216708877
0.003549747492607596
0.001037288447766745
0.0067034072230285225
0.0011273481026351994
0.0003332293590883771
0.0011013256339073012
0.0025203545811197524
0.002666874909967964
0.04193385707480635
0.004744750634368913
0.0005648790725060986
0.0024845164885603757
0.0009921807507741723
7.134986177345817e-5
2.022196506857877e-5
5.417541817788486e-5
0.0005625238888554382
0.001888124106265948
0.00047049565333655134
0.0039033309351753096
0.006855936609972354
0.0027231387163790606
0.044792919964820835
0.002710705974588105
0.0018380145440582375
0.006639742706749244
0.039075535671422204
0.030306861955135204
0.2685418259956991
0.03868360137370826
0.008667690270813204
0.04219749471798858
0.007672597229956165
0.002016954624114037
0.0011887795762510309
0.0034984357122539514
0.010476326417963016
0.0023424490599617915
0.0443406438519139
0.0028152660117331954
0.0025125148114494436
0.006912563171956157
0.0037416139426165625
0.0005595217331578055
0.0010462278030383767
0.001857277949723778
0.00047303976337411633
0.00030522151697416774
4.538288998438513e-5
1.4796585302246706e-5
3.5036523678391844e-5
0.0005215513066076424
0.0011572183628117088
0.00017081564353030738
0.0008695707679892138
0.0034685859708024165
0.0006225113979463228
0.009948945823511428
0.0005691677497322657
0.00012121531411268127
0.0008602243839874927
0.00274264112675265
0.003918848319814516
0.03914128284358633
0.00296791577261796
0.0005974968785110852
0.00261786646057628
0.0016075141250792558
0.00016264247909133922
0.0002200135380256637
0.00040322937611660575
0.003444833954545618
0.0005909998417143948
0.006902835933051822
0.000914557002709538
0.0005571019562826007
0.003481428707912549
0.0006661745987550708
0.00014172981753815208
0.00028588144759566315
0.0007037273376005116
0.00023564230598467175
4.285997013604024e-5
6.517880088501597e-5
0.0002811863067527084
0.00023080183914627998
0.0011381058673385353
0.00011260001327367635
0.0019076217348637711
0.00023336712516275947
0.00012565041885064898
0.00042818851170218353
0.00020716683271482727
5.211925785036334e-5
3.240821315318177e-5
5.57484631260835e-5
3.367702629262384e-5
2.061241551364519e-5
1.2205879320200394e-5
1.3625066813228628e-5
1.0441679088550584e-5
2.7303410322510913e-5
3.368434916430195e-6
5.175422552872146e-7
1.8928022619292836e-7
1.8900039878227783e-7
6.757607839953067e-7
2.06576690243745e-5
5.458794731158872e-5
1.3396259706124055e-5
1.924355966039385e-6
1.4461680220582517e-5
4.645105620599486e-5
3.3962974666105045e-5
2.5075945614011186e-5
0.00013469704572972307
0.0003004366151522849
9.784084147976011e-5
0.0009262447360273818
3.8475131716948214e-5
1.459422894921928e-5
9.476258939756427e-6
0.00014970202521649104
0.00012937256977951634
5.123711661714539e-5
0.0003955499208211033
0.0005809987480978299
0.0009268896807046692
0.0026233455365617473
0.00022779633298442616
6.360579777702701e-5
0.00022250482581185612
0.0005847930251986512
0.001235478826776542
0.008538968536303567
0.0022808674215877268
0.0002295682771518216
0.0005727690630841335
0.0008751562240272489
2.451617229248317e-5
1.771706913094629e-5
1.7589487915022106e-5
0.00013489066454765007
0.00011472387976696617
4.762333120792707e-5
0.0005280728469505834
0.0006073482755404408
0.0003866341959513586
0.002372481280449185
0.00023560494993395996
0.00027892872806201477
0.0010324437782236265
0.0038012517092664046
0.009445273275084624
0.030820623032200217
0.006457813021188098
0.0012575185159277619
0.0027120243294463434
0.0008579688227269074
0.00019515483114089827
0.00014703147641899694
0.00026483121493316825
0.0006086039968506492
0.00038025642343438173
0.0027467796020529183
0.00040116977481570893
0.0009130341813617184
0.001122205972770534
0.0011458052153418615
0.0002589453416753161
0.0001156220223718045
0.00014666386455984852
8.401862941851496e-5
1.5435456310698964e-5
1.066721952408839e-6
1.179671419468112e-5
2.269569929436644e-5
0.00035723383084236
0.000237788364008848
2.574292560131938e-5
0.0005976887063920211
0.0004047985784372609
0.0002740417618452971
0.00367505508336676
0.00016122723099649912
0.00012762440745216287
0.0008124848805909194
0.0009610571392464944
0.0010944589105678702
0.007011271441017229
0.0007826627507382835
0.00022110936096412194
0.0011504963926782044
0.0004444674177544345
4.5030876520978555e-5
0.0002933977424998918
0.0005762906750141437
0.0008563532920078928
0.0004514764033844799
0.0037608862461979736
0.00039252339545875714
0.00036466401559889013
0.0007268194638935883
0.0007386588609359648
5.2624374533695415e-5
0.00013254173965185462
0.00014794306296363665
0.00012996908263152935
3.5975467235888475e-5
7.706652966977692e-6
0.00021614054747814886
0.00028446010723761755
0.0005035345600177219
0.00012534396689184167
0.0005463569919430802
0.00014211816272926748
0.0001397611045068311
0.0001460829949758101
0.00016175937571307185
2.855782594931014e-5
4.928547061251093e-5
6.28296304054271e-5
5.2898789503296466e-5
6.22720600797738e-6
6.392459245429407e-7
5.318786014060759e-5
3.767838722920357e-5
1.908590105120008e-5
2.21283423422377e-6
1.3837223832088515e-7
9.330433419679278e-9
8.738048230536383e-6
1.627645688602383e-5
0.0002622942241064158
0.0003071700612731641
9.910144767913865e-6
0.00029756214176633166
0.0002309255191489352
0.0001517212313726599
0.0012116981480265658
7.962482619855783e-5
5.557696390754029e-6
0.000137881972828619
0.0001404442750680411
0.00029557728401643276
0.0017986676008900839
0.0001382728798795303
6.305264197123387e-5
0.0003031071578047783
0.00048274383043227866
1.977746389436194e-5
1.046885861968168e-5
2.7645656957921285e-5
0.00023905532158199333
4.764218591289165e-5
0.00045958506483017653
4.7514684652321374e-5
5.266178135855928e-5
0.00028834455276703186
0.0003310014402893404
9.828340625256216e-6
2.5602918557509765e-5
8.669784003934794e-5
3.7005645756340466e-5
1.0577103742383606e-5
2.73803515390784e-6
1.7257684260971937e-5
2.572989983508525e-5
3.804948164953406e-5
1.7443684267085795e-5
5.6130803267783215e-5
3.0587254913347345e-5
8.955734290031792e-6
3.787169651232225e-5
2.594997253259851e-5
2.763987857036413e-6
1.3033304813805127e-5
2.3505550138316856e-5
2.3701101331251575e-5
3.942562881741982e-6
3.031721635211918e-7
2.033745092278709e-5
7.607620977715456e-6
7.01688626867502e-6
2.1257673089504036e-6
5.390338458614901e-7
4.6394240031185816e-8
9.248550818210095e-6
1.2743606032488119e-5
1.8085717862483352e-5
2.1075800399496834e-5
2.264363363430641e-5
1.4402907495696755e-5
1.5563004156133493e-5
1.6326934204772794e-5
1.595621447060606e-5
5.598020395036445e-6
1.8575282543159331e-6
4.474902131194417e-6
5.039082145495649e-6
1.8759602221399527e-6
1.8183751701784506e-7
5.732994366338695e-7
5.96666595685181e-7
4.898658262999963e-7
1.067118603535273e-7
1.2540762508295788e-8
3.1171494123333233e-9
1.861652242926807e-7
3.7876277261469566e-7
3.456006846754436e-7
8.148967054785537e-8
8.52282006403063e-9
6.949424751578499e-10
9.181766688958965e-11
