6.017771278118647e-10
1.2728994289791365e-8
1.0131065828536477e-7
3.1062759596612934e-6
1.0107140539353061e-7
1.9764990969222187e-6
1.4384513456002744e-7
2.842637843716673e-7
9.590893074342909e-6
1.055862165702062e-6
3.2972479216267074e-6
1.522370917861005e-6
4.709492101801788e-6
5.952677744639745e-6
5.278203956438433e-5
2.7021638859953845e-5
3.6808306019561854e-5
0.0004125156572339589
4.140898830227969e-6
5.0154892440357496e-5
1.4373705988778845e-5
1.971793154877299e-6
1.6687970157925377e-6
5.5609556677556464e-5
3.272300294692265e-5
1.4539717582752119e-5
6.41108481049494e-6
2.4793533136335576e-5
5.016062891135688e-5
0.00011024404656549931
0.00013324389088240456
0.0001187997894369938
0.00023271458964487386
5.656051599258734e-5
0.00014906730575659573
4.1329183951507215e-5
1.348019121041194e-5
1.453330395360355e-5
0.00017971023711571603
0.00032041532022411746
6.208693306599222e-5
0.00013710296543422578
0.0005889698494799386
0.00023360674191865607
0.0010314170417892437
0.00029369373435298715
0.00015935675443508565
0.0002618137790629773
0.0005465007962937218
0.00044605503285803595
0.004042171544347135
0.0022368358509427893
4.5132813093780416e-5
0.0002059068939893896
0.00014148048594633624
4.4017869239456085e-5
4.277669609512989e-6
7.586311587335724e-6
5.164563878313805e-5
0.000326569815698873
7.213054178958366e-5
1.8607073629846886e-5
0.0001656441718702863
0.0005584178683073067
0.0002253232193563322
0.00024856761249333285
0.00036785419276966826
0.0007824372150031961
0.0003891010362552783
0.0011147626285937578
0.00016229850858411057
3.4593264331026345e-5
5.949287943714852e-5
0.0005319442406262376
0.0006187200005344028
0.0005802490846045009
0.0011625041088143507
0.0014749305772609829
0.0017185713978854224
0.003910208025282395
0.0007363975136818639
0.0006756541798306918
0.0010141918602136937
0.0019597590221882
0.0015860029333779702
0.00985652279327499
0.0023230289335751803
0.0012627804875510384
0.0021415814289196906
0.0008276295757079564
0.00013525613519801678
2.572793173575103e-5
5.014575487820319e-5
0.00041263941495685524
0.0007374928903573922
0.00021835192814070097
0.0007286090125439117
0.0017139914263820204
0.0008874160853753171
0.004136717330193478
0.0008487873797211572
0.0005016220828641205
0.0011330941477365943
0.0038881473412067176
0.00596084238235564
0.03169811445786324
0.01122939230936079
0.002584842684823162
0.005946750072771144
0.002328300491149601
0.0022249118439318077
0.00036830777156089857
0.0003682390472240955
0.0017133082485658484
0.000495602601725528
0.004043310931593632
0.0008142851123821327
0.00026289112034631794
0.001540595346558969
0.00072447113368668
0.00030814606208006784
0.00013834604833833913
0.00018385121525891175
0.0001650361222077322
4.0604665794361584e-5
1.4465202225526272e-5
7.155643069105616e-6
7.314050288304479e-6
6.019495216569243e-5
0.00018489177485078007
6.452964015207805e-5
1.0522409764000919e-5
8.094743759776913e-5
0.00039283944451668266
0.0002382345915687298
0.00022897684668762714
0.0005820061673885961
0.001077417284775115
0.00044437841608157386
0.0032776021463278102
0.00019270085240297912
4.645086124854381e-5
9.002225306189375e-5
0.0006631706600112994
0.0012882371251529703
0.0004935162571577352
0.0013095139137824937
0.004274121596882987
0.0018091239696876804
0.00833183676354916
0.001567496610477443
0.0006618279743160724
0.0018522570959589961
0.004087840377536388
0.0034079031197068593
0.034089357615409085
0.005736493562173912
0.0011440748525765702
0.0036157420317368843
0.0022438525895280468
0.00020204902249564992
6.62548186290489e-5
0.00015832178633515653
0.0016779233291467157
0.0038209211842428954
0.0009747606903102734
0.00323055457759108
0.007849886943428842
0.003667916619917075
0.03891420764969434
0.004218889525653562
0.002968153369580478
0.006552400829049278
0.03175443900703046
0.024819151150996907
0.1771271661270929
0.03116069518531207
0.010069541231875144
0.03392348055123045
0.010030190249090371
0.00391532127692808
0.0028771518076818395
0.003136025037635316
0.012780034771019352
0.0031621830402527445
0.03843262983457854
0.004132419437221394
0.0029700537302340363
0.008400083071688042
0.0040032700741660645
0.0010473951470922637
0.002826323842806433
0.0032694667347333522
0.0011568984055855252
0.00015233571636477766
5.1744319195939535e-5
3.409213112426849e-5
7.211545386191281e-5
0.0009349184608972419
0.0035658865534716456
0.0002170648816330162
0.002047551568144497
0.003967367804709599
0.0011846589196998596
0.012685099327822308
0.001593584169592652
0.0004191201748391436
0.001458270956885377
0.00403244755492971
0.0044340014802392675
0.03125069154473678
0.003791021786482419
0.00128631536288941
0.00402968093017465
0.00202103562091844
0.0005139882023657565
0.0004683370347606756
0.0006953142087184059
0.003971280028316169
0.0010448460490640802
0.007964919286913336
0.0016430614195832654
0.0011117115818676433
0.004228417270659903
0.001472463884740971
0.0005864360041742524
0.0005763703774381327
0.0011069931778675487
0.0008372853191883272
0.00024258836808210244
0.00043083681494141983
0.0004250423844677416
0.0005538994053679546
0.00376488135277234
0.000493195292129351
0.0040367778396170634
0.0007581386611445549
0.00023140794181572314
0.0013224772496454188
0.0006021350006391826
0.000288800430068884
0.0001494828319761126
0.00023015251076253626
0.00020653674998792303
9.337700209384949e-5
4.568562161461461e-5
4.385198570878521e-5
7.104095768528539e-5
7.812084449733842e-5
1.5650065519973383e-5
3.334893556566578e-6
2.0693973327277437e-6
2.2776504748361646e-6
4.3224018970377445e-6
5.093928840454478e-5
0.00019286244009180783
4.1342766723313696e-5
5.241526947506173e-6
4.6436322063537196e-5
0.0004430076522907747
0.0001378463964969949
0.00018218774435463432
0.000630156975985029
0.0005569246785500046
0.0004890923987579096
0.0027268342433879236
0.00013220594406401838
1.1461682562851059e-5
3.777026265877291e-5
0.00045233214305074725
0.00023955716972355107
0.00024573098745111165
0.0008335720137855577
0.0011382898452006246
0.0011199627619088671
0.002901917794827475
0.00026668485130134
0.00032092388234402806
0.0006582083902602918
0.0012702192591353804
0.0022489192521023015
0.010429130911699887
0.0026469907592156765
0.0005730247007925871
0.001195721002354729
0.0013806800399032207
4.725475986720993e-5
2.572606709826437e-5
4.09715530554899e-5
0.00045714630267502384
0.0005112588242369816
0.0002636762715491154
0.0011408157420356767
0.0010130705359452908
0.0007962215578996387
0.0031800738201281935
0.0005331916334704981
0.0010556390963879366
0.0017021601000989993
0.004392780841957348
0.00803811190145135
0.0245722747832394
0.005625835720760084
0.0022090005306187425
0.0033890094058661876
0.0016964906220022058
0.0004468507299132099
0.0007984694812536961
0.0007647897973265526
0.0011102104121471727
0.0007871913445086558
0.00368046473350647
0.0009124762021345466
0.001145370148849591
0.00183371537675678
0.0017289159572345687
0.00024230414210328724
0.0004816969983015738
0.0004333632481672104
0.0004012199231798064
5.4248223630942045e-5
3.9711514506283714e-6
2.6202217020096546e-5
5.042714533965011e-5
0.0003542910237316274
0.000556187366310575
0.00013461050153357743
0.0006540990113058305
0.0007048202038047061
0.0007373873363015463
0.0031635118541504872
0.0003778169437808215
0.0005289862507149574
0.0009381349265955081
0.0014364945862950665
0.0017071989656910593
0.006476563262530544
0.0010946178616529044
0.0006927925801850194
0.0018641651921391038
0.0010816157047951456
0.00024848193757908674
0.0006404448317465912
0.0006367068815003616
0.0020297311698815926
0.0011197200491978808
0.0032667251469906426
0.0007302311893685804
0.0008030243959695904
0.0013263969248220758
0.001225678327683912
0.00013661434777517882
0.0006040952276110102
0.0005828866346028487
0.0003943102677317814
0.00012139493555457084
3.863235667435915e-5
0.0005116419362431256
0.00034985880095358415
0.0009006367979498213
0.0004602172839292321
0.0015092607394121232
0.0004091404785470257
0.0004593086481166082
0.0006253091293061595
0.0004919907019489215
0.00015114532869171384
0.00042011347511119193
0.0003646580278891045
0.0005626475353861924
4.977245631553354e-5
6.003744304199981e-6
0.00019435594985874123
0.0001843301721219821
0.0003184316414068547
3.398418112391304e-5
1.0675987574623792e-6
1.0315664778262616e-7
6.051718242379312e-6
2.6354081174114677e-5
0.0004693469236654827
0.0004553480927124196
2.350657344602517e-5
0.0006581001152857107
0.0004756376407012392
0.000824460466445638
0.003153545174308021
0.00035776780291321247
2.1954561555042636e-5
0.0005160954509835784
0.0004241418979481683
0.0010939212316926456
0.0032584883979174454
0.00048700688752829544
0.0003327908757482515
0.0006449562527056856
0.0007088277104321671
0.0001512211210042321
2.2023833583369498e-5
0.00012960034832377453
0.00020802741123061575
0.00027354680486804374
0.0010452020989197932
0.00021291065363898272
0.00022867316594484433
0.0005083364312802918
0.0006898079848762378
6.186419957037078e-5
0.0001631159466609496
0.00022793681050880483
0.00024195324753273193
0.0001329286023641627
2.5509606189684186e-5
2.379197990753821e-5
4.594302391452292e-5
7.032017251328025e-5
4.293745839180859e-5
0.00015798746485320124
4.9757562447343214e-5
3.705212887212168e-5
9.355653530516006e-5
6.324058079730513e-5
1.4449607904872213e-5
4.586916622709157e-5
8.180584562008564e-5
0.00018133181268224332
2.548067162883707e-5
4.912266682636542e-6
4.926157303158739e-5
6.0523962568438276e-5
5.251242234465697e-5
5.327762689948452e-5
8.321960073950755e-6
3.2997566067046747e-6
6.407060782359311e-6
2.315596977800726e-5
3.276560706889753e-5
2.4129036932199834e-5
6.352365378573889e-5
2.4185507805137505e-5
1.1343082512563271e-5
4.352017171956165e-5
3.235302215633276e-5
1.1895578837860502e-5
5.262628284603204e-6
9.88873264966607e-6
1.6719588756712427e-5
5.756487029122595e-6
1.4854269012993009e-6
4.6271324225466134e-6
6.4692432209574635e-6
8.170953350448962e-6
1.7437283584573814e-6
2.664714519658621e-7
9.711480343659544e-8
2.6114718815368133e-6
8.018078221243097e-6
4.141732936946919e-6
1.8612582348112894e-6
1.3607047669969073e-7
1.2846214518351409e-8
6.083071384415057e-10
