1.269038533392172e-16
3.3146875683207844e-15
6.696641272124985e-14
3.904173699515083e-12
1.4587686048169235e-11
6.406713457114002e-9
4.559819309734601e-13
1.0750031452830954e-12
4.4619601224310246e-10
3.7377539484406905e-10
2.010856306057261e-7
2.030187742809578e-12
2.7220881613225997e-11
4.2036876753350325e-10
5.439999522934698e-9
2.1435423009324372e-10
5.500258461016063e-9
3.3332105801398505e-8
3.1453909287106893e-7
6.229643991278738e-6
2.3198620181140194e-7
4.22120272735064e-11
6.518942469395242e-11
5.4613832974896076e-9
3.3182740299625314e-10
8.06745611942885e-9
1.0013109598443174e-10
4.701191679205999e-10
6.110373213136506e-9
1.1172872646554857e-7
7.045656911772446e-9
8.12418287436169e-8
3.041275704542428e-7
9.313216646276727e-7
4.668678000659914e-6
4.021347628599367e-7
2.7111788225910794e-9
7.805746383859409e-9
7.051823528612665e-8
2.9228150330941914e-7
3.1878451854378924e-8
1.2270662970496098e-6
2.4234501056952996e-6
9.43475084519416e-5
0.0001690555488211056
5.1935611176279186e-5
2.677317026569872e-8
3.969596732006063e-7
6.9319871462589655e-6
1.3272326234696463e-5
0.00017096137567249877
2.6502522182327605e-5
5.408575122692229e-7
6.686229341176677e-6
3.6185547349696077e-7
4.960911983181997e-8
5.174984532792625e-10
5.817553440603727e-9
2.9310169685245795e-9
3.4760172267857168e-9
2.2016546072132978e-7
2.203628965952354e-9
1.0504084198755632e-8
6.973395299186614e-8
2.2847592890009156e-7
2.4637848024577852e-8
5.139084515279824e-7
8.781753896063632e-6
1.985132670509158e-6
4.620832141961323e-5
1.039545786802606e-6
1.1664329102336191e-7
3.3482338280055637e-7
1.4756013937608187e-6
1.7106127026556688e-6
1.760303797597225e-6
2.8075710477443e-5
4.4899248167081575e-5
8.477466368241652e-5
0.0007868452959492454
8.24046735759444e-5
1.5176777648899512e-6
1.4820646261275487e-5
0.0003655995862022976
0.0001170607083161769
0.0044283407257991675
0.000140567465836963
2.9113260855185224e-5
0.0008279420253476792
2.2893882284072274e-5
3.375706359758956e-7
1.697513017188239e-6
1.596797230560695e-7
5.321387082891882e-6
5.70086894594464e-6
4.047718439691193e-7
2.0382408582932142e-5
0.00030060041492970994
5.0856353279789444e-5
0.0006905536002246087
5.9073496236541864e-5
2.743471701867637e-6
0.00013608292954169399
0.0008593860623844917
0.005594300777393686
0.03300556517136676
0.006846853158716744
0.00021934634792611873
0.000862436908888867
0.0001353124667048095
2.196625600064805e-5
3.3361224747000956e-7
6.020962299288456e-6
3.718331061916446e-5
4.125481057400004e-5
0.0006150646882741404
5.893097628664196e-5
4.86788773710246e-5
0.0007043735338930109
8.590691825866207e-5
3.084935439428937e-5
9.998047099613762e-7
6.064941612937214e-6
1.0702570476650683e-6
3.5586996675602943e-7
2.701068070073349e-7
4.822956935000062e-9
1.1070040465394244e-7
7.964683584974668e-9
4.0793509217766116e-8
5.162993776997619e-6
4.3304637467836524e-9
9.620014601934359e-8
2.9460982361183806e-7
5.3753603445821644e-6
3.2303843189131407e-7
2.7501020351322536e-6
0.0003537743225980326
7.322559042364998e-6
0.0002073887257030709
5.05985000774224e-6
9.292295297786555e-8
3.8679783112325654e-7
1.0745992530174652e-5
4.256502439245087e-5
1.6118273436560738e-6
4.775676727379228e-5
0.0009966938394058065
0.0003550751060346005
0.0039039092293760374
0.0005432055299842064
6.611101968213717e-6
0.00026088379639162393
0.0007667046506806165
0.0007981186625475972
0.042711548358455226
0.0009314882770498028
3.277270171940806e-5
0.0006163164439880436
0.00074967043002409
6.188930911437523e-6
2.3804534456034753e-6
6.435653544546396e-6
0.0004796665856006935
0.00019757541263478625
2.9277924099072648e-5
0.0009306934362007293
0.004319727981614583
0.0006905586703152796
0.04465072837119581
0.0006109421621883703
0.0001855270182793443
0.0037406499205911857
0.04168512423126761
0.03178103865035081
0.5080228379390844
0.032794622261348036
0.0027629531040326595
0.040811653555003866
0.0038703929849838023
0.00016112384458827513
2.686313025947068e-5
0.0005533309229530788
0.0034080592393290372
0.0005807245398298774
0.04303746074888341
0.0006623357647102421
0.00037674808200497024
0.004006300168979508
0.0008186608163692047
0.000157043208097466
4.4135651413963817e-5
0.00022523287278670908
5.249506523999268e-5
4.21080345786095e-6
5.699255030648881e-6
2.583332683954205e-7
4.030353391589158e-6
1.2557230055353538e-5
2.8707390081216204e-5
3.3433576838623024e-6
6.463839083925836e-5
0.0005092995763539873
4.157531024779532e-5
0.0033662940865946886
3.6405332594749404e-5
9.996552081758221e-6
0.0006046281887383997
0.0006746332787965832
0.0009552363833911351
0.04255966999181763
0.0008609270100332231
3.6909648444924074e-5
0.0007432740546060928
0.00028818697231151126
5.945576122016895e-6
5.299602256767858e-6
7.676362959875979e-5
0.0005743695506459061
0.0003599539343725893
0.00357644236746005
0.00024015581314729029
5.900840811788754e-5
0.0008825794673225622
4.777080825486818e-5
2.399525556440612e-6
1.3271081464494185e-5
0.0004085425004867049
1.0086264600538037e-5
3.1615520812558203e-7
3.42997967797329e-8
1.31871281148966e-6
7.329577240076299e-6
3.78637161482081e-5
6.446808933352498e-6
0.0002102917992888029
5.373631712071936e-6
1.7957575069498187e-6
3.669070352347838e-5
1.8879307979978448e-6
2.646179772612508e-7
4.875211149958011e-6
5.517013744154631e-6
2.3028558496261306e-7
1.3280836440396362e-7
5.016353982155532e-9
5.643228300108936e-7
4.9090425597455176e-6
2.1670436857501469e-7
8.194556185747475e-9
2.2917207023590002e-7
7.285249270058903e-9
5.425353371666371e-10
8.567904054273798e-9
8.781267861249062e-9
1.5193680617453644e-8
5.390584810205239e-7
1.3899561235036628e-9
9.219928343454591e-9
8.455077661327133e-8
4.58339345989232e-6
3.136125924712614e-8
1.573133907082703e-6
1.327466293114164e-5
3.306578335333981e-6
3.3017240091157986e-5
8.128854152041372e-7
1.0996247880777278e-8
3.95660935399845e-8
5.070740013192161e-7
2.3921220080538367e-6
2.5429044085311405e-7
8.974686780937454e-6
5.9844985261681376e-5
0.0001263236547869315
0.00042006983010437567
3.9550380027030765e-5
1.8019503369584428e-7
8.693067513927835e-6
4.2771871341988635e-5
0.00017388222270588988
0.0031371887320108044
0.00023499543809762385
3.6845382015157186e-6
3.374942787292368e-5
2.508519124499044e-5
4.897449276307904e-7
1.857687362947273e-7
6.056046242166787e-7
7.083283394058272e-6
7.104897630406513e-6
6.193065478936614e-7
3.8039632757865824e-5
0.0004488872324928701
5.330923975135991e-5
0.0005932940488200374
3.961584903596636e-5
5.459420390472771e-6
0.0001950318139198085
0.0009688259586248125
0.006195310454663054
0.030764398049954324
0.005312482464510282
0.00016683108489913123
0.0007749800639540703
0.00010738528009613113
1.2538372897209438e-5
5.059223252833023e-7
7.755631572900878e-6
4.234909908197796e-5
5.651359637927397e-5
0.0006748768801863493
4.874237412513323e-5
0.00012942918493392592
0.00031336628721701496
8.591073236548345e-5
9.696424543852075e-5
3.690889675116214e-6
7.979822566198331e-6
2.1492209601437575e-6
9.426360307388196e-7
2.6602366142640776e-7
7.5556423726048e-7
1.2560501535100805e-6
3.600299710496863e-5
9.142859424546459e-6
2.8531902466038007e-6
3.178845665253446e-5
8.47889743187276e-5
8.23242498590505e-6
0.00047363507725241977
5.396176294365429e-6
5.244777071087752e-6
1.675922151352754e-5
0.0006838317789956963
0.00017960330100387243
0.003955679069717066
0.00014360884480676852
7.715876939729339e-6
0.00027602656596507175
1.375185178827489e-5
3.6798067844699164e-7
3.074571492320516e-6
2.1751168396716797e-5
6.300993689084701e-5
3.590224358368405e-5
0.0009514671551617216
2.0807249549538544e-5
1.0634339642127304e-5
4.3994883701848364e-5
3.286174063640524e-5
1.2923725016855366e-6
1.9067778620648821e-6
2.845243723654507e-6
5.478653396113941e-7
8.390920044392605e-8
4.964350133835735e-9
1.9872187152837235e-6
4.655216450176258e-5
1.0398482297287561e-5
7.728438370541098e-6
0.0004010593769734647
4.431355923192466e-6
4.947853792076108e-7
9.127204100923663e-6
1.3813374537257641e-6
7.054677566169528e-8
8.901413988997305e-8
3.278137312739664e-7
5.717642309711076e-8
5.3868430097293746e-9
4.0009431916938914e-10
1.7231980185442397e-8
3.904355145359574e-8
3.6725796263627557e-9
3.568975493614039e-10
4.2517028405540345e-10
1.8863957170496997e-11
2.7361763611520996e-8
1.4404384616982948e-7
1.8846735035175266e-6
1.7254871489319073e-6
1.526978646377207e-7
3.403963693626606e-6
5.239832032027161e-6
5.276935866766409e-7
2.9053598095565144e-5
3.54795748041569e-7
8.113920324726336e-8
4.9677605927975445e-6
1.0674334180188814e-5
5.22855274356696e-6
0.00019657898235469603
2.8502179251360694e-6
1.756130752305738e-7
6.580255012807527e-6
1.1522468736905722e-6
2.4188369054156378e-8
2.183073012164078e-7
3.2800699461832083e-6
3.6171619381225695e-6
7.475825046184793e-7
3.894054039456704e-5
4.653608253886699e-7
3.953112846148076e-7
1.9521255885091612e-6
2.1352600699328683e-6
4.285039548931278e-8
4.033069652572159e-8
3.7548448232391157e-7
2.3934650891608264e-8
6.40993525369501e-9
2.158836106072848e-10
1.3044800830374483e-7
1.2630409870300834e-6
4.964053429382951e-6
6.792315446455079e-7
6.194137641531642e-6
1.7636282374850477e-7
4.8436691411954265e-8
5.406912109913594e-7
2.426959202417813e-7
6.455286632081373e-9
1.199150631873152e-8
1.6856421071959916e-7
1.0321196965003995e-8
5.083514829815051e-10
3.867918461987486e-11
1.0635755722551061e-8
8.455804466395017e-9
4.187269528381812e-9
8.099077188963738e-9
6.485405199447712e-10
5.189567598308354e-12
2.7347059188001162e-8
4.342268198903414e-7
3.128845360076889e-7
1.6962741750986554e-7
2.2571618206787e-6
1.7020931292850327e-6
1.0548048938751154e-8
9.56928854372033e-8
9.201614177085384e-8
2.705627877662146e-9
1.37531163528725e-9
4.034189294822498e-9
1.6524087355448762e-9
9.076355115883758e-11
1.846049593457225e-12
1.007680091625362e-8
1.3123560592494123e-7
6.761347753345504e-9
7.781496546739801e-11
1.4678827411239562e-12
9.204189735999405e-14
6.292970245721897e-10
5.705198332401745e-9
6.416791886068246e-10
5.1742399760410764e-11
5.593105241607906e-13
3.790672484330234e-15
1.410513040697524e-16
