3.732083703704947e-21
2.6277315666270543e-19
1.0814026001121107e-18
1.6088360561419823e-16
2.2350114007750845e-14
2.082390352763455e-13
2.174395040712967e-18
3.3228806166564615e-17
2.047715332336074e-15
2.3782929849962812e-14
1.1053021275678916e-13
4.0194964942442146e-16
1.6764107696116165e-13
1.0753758706503954e-12
4.6117089307451015e-12
4.61840946836568e-12
1.019984407458733e-10
9.377060715813819e-11
3.566362588306088e-9
1.4559832261527809e-8
2.482994616034223e-9
6.199734794970732e-17
1.2857267887071781e-15
2.6826897933892204e-14
5.925903333436173e-13
3.178511295817563e-12
1.763269886893832e-14
2.1019979895614514e-12
2.8782620340931346e-11
1.4133355651046582e-10
1.1413706241833756e-10
1.51289306514109e-9
3.980966784522179e-9
1.1268026715713428e-8
2.1846359032440836e-7
8.228332070673876e-9
7.314535227064203e-13
1.2958525966674343e-11
2.4338882479240885e-10
2.320156545100295e-9
7.588763970193961e-10
2.4891641375836165e-8
1.0019233050877512e-7
5.088107240734892e-7
2.900966407943925e-6
3.012290708311969e-7
4.2593689522777427e-10
4.980944177601221e-8
8.00191178167604e-7
5.189984489798809e-6
4.471919723037149e-5
5.197783736030699e-6
6.475581234352675e-8
1.249552966122519e-6
3.833747279952706e-8
3.8832923108264886e-9
3.800753440751647e-15
6.71989004363435e-15
2.2985177063776347e-13
4.247008658750302e-12
3.598843334929312e-10
5.716185044942033e-13
8.428172538881483e-12
3.3148945557311163e-10
5.802589362208011e-9
9.16179510729373e-11
5.177988132161322e-9
1.8167872948745313e-7
1.1621596606040477e-7
7.625775771864649e-6
1.2693754392925963e-7
5.539252743197095e-11
8.828998519810766e-10
2.407834147547464e-8
1.370526056266739e-7
9.522704513846546e-9
3.014643353298775e-7
5.387800848181723e-6
3.803418726240117e-6
0.00016154048069405534
1.1635245911952981e-5
4.4537571221427135e-8
1.6582370274202383e-6
8.986453293782886e-5
3.437769057818822e-5
0.0019010677023956644
3.968129698777684e-5
3.018095009493445e-6
0.00023752626736750192
3.280049012397681e-6
4.2484573320108527e-8
8.183860787312467e-10
4.911330381544882e-9
4.90478821409947e-8
9.198755961933461e-7
3.673944628886792e-8
3.1606614249564488e-6
9.900504622540872e-5
2.3818477579405403e-5
0.00022732628429315065
1.568885857850797e-5
4.1647307771068956e-7
4.896309965555784e-5
0.00034708286258141203
0.004399102667438336
0.02654156851887714
0.004034714103735113
7.110526899497886e-5
0.00034160478692819943
3.884132127286373e-5
5.6796704819437726e-6
1.444424936606171e-8
7.386254865474645e-7
7.217871645566116e-6
1.18382024104402e-5
0.00022387380953807696
1.500058043310185e-5
9.080273222508404e-6
0.00023554006142514612
1.0721124312804894e-5
3.1606289786802387e-7
7.639450542974912e-8
1.4402009638241321e-6
1.4767959385403832e-7
8.421659388729085e-9
1.6880357472400835e-9
1.7715734136699379e-13
1.219278766684692e-13
4.5948386985426365e-12
1.2128755507325966e-10
2.167059598372753e-8
3.623083694493594e-12
1.2980713039201992e-10
5.930567254455551e-9
1.9002510981985143e-7
1.7916096579888209e-9
8.308133296181066e-8
4.909070831406249e-6
8.658676557050079e-7
6.067369881564526e-5
1.7599205026999854e-6
3.8888976711607987e-10
5.716411728142515e-9
1.920592051692218e-7
5.27457367752854e-6
1.033758414009555e-7
4.7566822810305916e-6
0.00016565806878775382
6.000891768585435e-5
0.0017420845031605407
0.000311222045447446
6.771761939433583e-7
5.641048973508837e-5
0.0002698801917313496
0.0003256643807054357
0.03401211651177747
0.00035830276088200526
8.631494668786253e-6
0.0002471040188472471
0.00026376088122863296
1.7030362004934766e-6
2.4485614008204855e-8
2.371028462801116e-7
5.4086639443852366e-6
5.902519348571291e-5
5.92478679810273e-6
0.00015688397079913918
0.0021388017415903426
0.0002562406479583014
0.03503814842790177
0.0002335316148411842
5.473969480084181e-5
0.0017244595358453941
0.03197517117114222
0.02649143761736924
0.6427056382384161
0.02878175614007727
0.0017077138462146771
0.03227653865563818
0.002019920401146307
5.2039755517467416e-5
3.1530087142847587e-6
0.00014939602686833047
0.0016345196558943409
0.00022825163928934567
0.033330771619702305
0.00024303899814057489
7.751055023891909e-5
0.0018775189366422175
0.00016921494117306813
3.2999055626546743e-6
2.573769990008982e-6
5.127648358154269e-5
8.545713900211288e-6
2.7233705751697293e-7
1.5280592983503923e-8
8.923145117198033e-9
3.186186435498523e-8
8.221345946513785e-7
2.966051170126934e-6
9.038513214275949e-8
8.12979534477195e-6
0.00012593975859847214
9.919605874280452e-6
0.0016594296761259033
7.414713036705879e-6
1.6914482159496903e-6
0.00021903147149017786
0.0002329154180272083
0.0003533206316611847
0.03154490822135692
0.000347503981860918
7.869630361469154e-6
0.0002625402531991613
7.187463959635867e-5
7.97430392289236e-7
3.2133200474543976e-7
1.3844336126786965e-5
0.0001215658761470667
0.0001293625723647234
0.0018450635783043296
8.769130865715601e-5
6.994451131148839e-6
0.00017151467864648997
4.715004643026218e-6
9.856682432290302e-8
6.886913064394273e-7
4.703567619867303e-6
1.4597256346272903e-7
4.725126551424627e-9
9.050892206458484e-11
1.3452614253319557e-8
5.060397697529479e-7
2.593481754831589e-6
1.1651501598680519e-6
5.506778669306191e-5
8.903150801184064e-7
8.259809877452895e-8
6.7174972194324415e-6
1.2993619084294094e-7
1.8733881520743036e-9
2.501642679046671e-8
2.0117210966363353e-7
5.52246398273386e-9
1.3303286831079094e-10
3.770720333747153e-12
5.630229708441245e-9
2.3905608931037976e-8
3.918731446913018e-10
3.439078155456853e-12
1.2995050257207942e-13
1.7363644976518855e-13
1.3661962965092083e-13
3.2671566709761143e-13
4.723323539840929e-11
1.4638701844757908e-10
6.294625645729923e-9
9.942151991614455e-13
1.835250875208346e-10
2.274337426295306e-9
3.3495434125166875e-8
2.424524838290828e-9
3.503385953181034e-7
9.184886231969021e-7
2.3280551153340248e-7
2.4995021433018036e-6
8.71756993729626e-8
2.7866908164196743e-11
2.1060531086838057e-9
1.593912441157319e-8
1.0757092253221172e-7
1.1307170063696235e-8
4.00590663707963e-6
1.0177393908757378e-5
2.748209703555754e-5
7.333950685601323e-5
1.2474739931115056e-5
8.286902819060363e-9
1.0398204735761425e-6
6.477230768624779e-6
4.728915289129761e-5
0.0012987429456131434
6.091734023309586e-5
4.84275618132645e-7
6.625690931633067e-6
3.127828602454159e-6
7.675760570877627e-8
5.667051066697779e-10
2.958801616478184e-8
8.540706349402032e-8
2.1115780096032107e-6
5.803284362826396e-8
5.59339614011819e-6
0.00032898800708295337
1.5813627018096846e-5
0.00022827424808966477
1.2302723931124069e-5
5.508315300225951e-7
5.345062981538728e-5
0.00036167680911650016
0.00411290633321914
0.026881186871306594
0.004579389300762698
5.522949653653998e-5
0.0003251865513501934
3.628604876657792e-5
5.906603482107456e-6
2.046105380371889e-8
7.574819128973827e-7
9.487747380956952e-6
1.6492423499948913e-5
0.0002578517319182442
2.3873675710499e-5
3.498468498596205e-5
7.122254096369974e-5
4.03266491054189e-6
6.088101420319006e-7
2.688353298205854e-7
8.524149484963298e-7
1.4343580415129268e-7
1.6298186567887583e-8
3.4260221437132147e-9
1.4873474726634415e-9
5.789916010842698e-9
1.6002788199721425e-7
6.961915938902217e-7
4.8367759364513025e-8
2.3613369469387164e-6
2.2267629563590803e-5
7.985008828283377e-7
0.0001432666674668279
7.757363814887828e-7
2.630008137022518e-7
2.638770000475911e-6
0.0003576133379870289
5.3943748655223415e-5
0.002059199474968378
5.2364530753785555e-5
1.1449612009176822e-6
8.726547923185743e-5
1.6044859996546694e-6
5.6420629554998e-8
4.312427587029631e-8
2.722820336506106e-6
1.0149003450724934e-5
4.181368104718358e-6
0.0001763787172816852
3.1349003725534754e-6
1.5673241408688814e-6
4.768945455886265e-6
2.7866975744177915e-7
2.6992946938825224e-8
1.2931134696949075e-7
9.06290649242809e-8
5.048767031994774e-9
1.9694433704656672e-9
1.41501088545467e-10
5.553036623439186e-8
1.730099259472813e-7
1.0742207709571315e-6
8.000433026447713e-8
5.814083462457942e-6
4.997887656340048e-8
1.0673893097149773e-8
1.9617495968041535e-7
2.113989659888271e-8
2.7026238658891137e-10
2.0686923942669515e-9
4.5623933194723695e-9
2.769220352029295e-10
2.8884338804429573e-11
1.2809471441354483e-12
1.7464098105801097e-10
1.1721381417483785e-10
4.733623374627778e-12
4.562267193206598e-13
2.308909295375334e-14
2.053362373193694e-14
5.155508132722602e-11
1.9578442790718673e-10
3.501476338661904e-8
1.799927057451813e-8
5.567629672315699e-10
3.780601106189705e-8
5.11143396305169e-7
1.7408552716817044e-8
2.9960927076728062e-6
1.566687676011875e-8
3.213990262300959e-9
1.796653223822768e-7
2.2131220207634366e-6
5.381243355149011e-7
5.1614127954711785e-5
4.0647160763479483e-7
8.339771812921599e-9
8.268450153773881e-7
3.9251614170794435e-8
4.288176418274169e-10
5.658430925582379e-10
6.019484988981694e-8
1.2185917537004332e-7
4.025112667644921e-8
5.5571722823434955e-6
3.416719724784255e-8
5.804346142728303e-9
1.3379726532754846e-7
1.0133785624304028e-8
6.227195590642161e-10
5.166493835117327e-9
2.352030040254061e-9
9.298403038280994e-11
1.0939587512894343e-10
5.46307021808827e-12
2.0229061414590785e-10
4.959202098979922e-9
3.15889765777118e-8
1.1653094575932486e-8
1.9826281913621352e-7
3.2919872228368795e-9
8.360463280086531e-10
5.596655214590286e-9
6.504624540985671e-10
1.064514933879261e-11
1.19418889989925e-10
1.3436234806399863e-10
7.185470935467591e-12
2.035475515788899e-12
2.0878282367785227e-13
3.9745081503827616e-11
5.952937639788676e-12
2.205935574762152e-13
2.6879283760909337e-14
2.2014512446184774e-15
1.5395788597418867e-16
6.984418306694513e-11
8.483810192301878e-10
2.1281297817124183e-8
3.886149297719009e-10
2.3094815665809203e-8
6.317265305162702e-10
2.236292430206365e-11
3.583082915168233e-10
4.184471238523753e-11
5.229062423558389e-13
9.541643674453606e-13
3.789784820218039e-12
4.707543265519541e-13
1.692686826033632e-14
4.726345559221239e-16
3.043001198866629e-13
1.5183522056211137e-13
7.36410217371768e-15
1.1440023222394126e-15
2.9201875421683076e-17
1.0041985831834284e-18
1.6261828211086418e-13
1.5579865526416445e-13
3.4572289104041403e-15
4.51599143960549e-17
1.736027990784926e-18
2.6340378114034945e-19
3.8279384679619055e-21
