1.5924585883895043e-10
4.058194704928347e-9
3.8560945277152895e-8
8.682951093498866e-7
4.564511227059414e-8
9.86344264879321e-7
5.730231405767551e-8
1.292285051240838e-7
4.957020418662349e-6
5.055041140624744e-7
1.7941986050266712e-6
7.904289474135035e-7
1.986415496013835e-6
2.829746007538807e-6
2.999671950986055e-5
1.4811277978471682e-5
2.1920662454533385e-5
0.0002409832407251438
2.086210998837221e-6
2.6814108171408467e-5
1.2538165318321348e-5
8.677880850806478e-7
8.206579846363697e-7
2.4643607752669484e-5
1.4710792996133385e-5
6.649757682781759e-6
4.252118344841156e-6
1.150139843137723e-5
3.189936126342512e-5
4.0814302813540525e-5
7.480161319416429e-5
7.679034887627718e-5
0.000134576764642202
3.964972251934441e-5
0.00011531044924121854
4.590469735510866e-5
1.2153873252107493e-5
8.283144265142016e-6
7.08379877658397e-5
0.0001291167140297364
4.422547836230971e-5
9.584991067423589e-5
0.00041702592539553636
0.0001984450798825534
0.0007657536481065409
0.0002239785745147348
0.0001067980324596202
0.00018060314437948677
0.0003785561956164214
0.00035941222642957375
0.003936100033827586
0.001482971090038371
4.205150614541543e-5
0.00015541173848742499
7.399157594804305e-5
2.38206542070699e-5
3.242698648354437e-6
3.81866180162087e-6
3.441333805612465e-5
0.00017040711414663545
2.5683799816806312e-5
1.0352935884419414e-5
7.208364409571462e-5
0.0004088794688593736
7.589282174680348e-5
0.00017596683730165688
0.00030984072322553906
0.0004335485689211936
0.00024328761870535435
0.0008467229276242097
0.0001116649683842876
2.7846825521972765e-5
4.864941682372677e-5
0.0004967799269411854
0.000369245538165177
0.0005724462121916087
0.0014927831180509095
0.0011632301889054274
0.0013227910356550094
0.004536224512199695
0.0005350382647956773
0.0005363546107341854
0.0008450480953404864
0.002017668830599884
0.001634003486200246
0.009710180520318573
0.0020073399932623937
0.001495231333921351
0.0022342776148833237
0.0005151315605845789
7.083014276501262e-5
2.1124394848234102e-5
2.7876756626726234e-5
0.0003944396456410161
0.00044962328672884625
0.0001363355141326233
0.0004931822716749177
0.001398629643057367
0.0007608070742844662
0.0037130798060993468
0.0007563254975968341
0.00037093145280550486
0.0009850979826298892
0.0036136752626280875
0.006125356229882079
0.03499556679237435
0.012486628183166945
0.0027167161475289956
0.005349914908182973
0.0019971316385931103
0.0014500200560194384
0.0002639685679783141
0.00029057871021277774
0.0012689613407008528
0.0004262311393021519
0.0036564989835891383
0.0007592071124645529
0.0002574790105176046
0.0013119773567571236
0.0005491259610290793
0.00022286645097436842
8.740517885735306e-5
0.00013816560283168934
0.00010611777264412538
4.6084026873255006e-5
1.270999752611679e-5
4.699018465248072e-6
4.603059760928253e-6
3.561406386180146e-5
0.00010418195740493301
3.2674781552024005e-5
7.405385884878529e-6
6.19642042443313e-5
0.00031268850734005797
0.0001380962551349512
0.00013059443988907202
0.00035408829115198145
0.0008688687245231475
0.00035411430928773474
0.0031366188243058856
0.00013704042476083501
2.680297922720589e-5
6.473515661143466e-5
0.0005170850964213388
0.0007998607624870709
0.0003847975336079107
0.0011608497282387048
0.0038027924161583484
0.0012378414484095538
0.007931896968319519
0.0012655022288257183
0.00045940270766408047
0.0014216786839895664
0.00345935441516039
0.0030827515605009164
0.0384840193913673
0.005166715038866587
0.0010493005753943714
0.003910540059470188
0.0022645319293783995
0.000148418132677185
3.312448962139097e-5
0.00011093831192341738
0.000888412945059652
0.00340292882350786
0.000777475921381623
0.0031514218720394096
0.0074637166132168085
0.0033310736746856645
0.042183632715824815
0.003605285232755681
0.0029703091384240907
0.006605816030958185
0.03319709011636803
0.025487647495977792
0.20143556255794803
0.034501666408824835
0.010256742000306946
0.03799890217524003
0.009519923536407343
0.0036750684351375615
0.0022611162277168355
0.003300040552178197
0.011795395583807353
0.0029269395594633545
0.0420130400846091
0.003650501697857408
0.00295023433142561
0.007709048166279453
0.00429062337666509
0.00076938308447147
0.0023757502528544126
0.0032919056297325334
0.000873831269755841
0.00013454106749942755
3.224148044871314e-5
1.9971823682454246e-5
5.265198089296342e-5
0.0006208430452218181
0.002500440029665573
0.00016243231020025338
0.0018159911021785099
0.003911546497882606
0.0010825668069577388
0.012160187992474827
0.0012279676488214993
0.00030974672059955064
0.0011816233393343923
0.0034646725875380324
0.004272815818646749
0.033615676038984105
0.0035628980689652256
0.0009244294809070029
0.0035872090082503254
0.002056791509687208
0.0003834064254492311
0.0004236375989285627
0.0005471694731302175
0.003984274484278064
0.0007774645809559689
0.00756039455585854
0.001341390810544942
0.0009881113517346838
0.004056815971808434
0.0011674427121925607
0.000426728399126058
0.000609426849580954
0.00084165977530726
0.0004440235444708756
0.0001382611250337742
0.00023389079326906271
0.00047600680775017454
0.000415159407542139
0.002353774679809395
0.00028459126017941084
0.003268879829173994
0.0004150166646489317
0.00012675523795971486
0.0007880150621059367
0.00036229727570855893
0.00013266458211132787
4.6185702567534666e-5
0.0001246246696472329
7.39011295059855e-5
4.827104758621157e-5
2.7720091297655748e-5
3.850108988856998e-5
3.562987290297548e-5
2.6312009756807814e-5
7.161829054226226e-6
1.5407271039094915e-6
1.0097909652641267e-6
1.2819612968616622e-6
3.1783222725663097e-6
3.742621906520319e-5
0.00017145231797076338
4.914218020907606e-5
4.450397255198756e-6
3.978721340820865e-5
0.00026556656261971434
4.6173304615364115e-5
0.00011297936395510289
0.0004319151563032335
0.0006268346672057226
0.0003086482097228575
0.0023119562670821056
8.883185071379187e-5
1.6665707962318513e-5
2.864744841895305e-5
0.00041936799932738665
0.0001380621902541493
0.0001531490188506518
0.0007410176231688283
0.000998134426216757
0.0010458107676683721
0.003147860579560205
0.0002710168221243443
0.00020146530866248347
0.00048044526555269775
0.0009453237043168819
0.001869358006870434
0.01069993088618227
0.0027677546841686426
0.00046116456086484623
0.001068818723144713
0.0014154741207395905
4.120753339247049e-5
2.6823155532811863e-5
2.5957542397727842e-5
0.00027611796061203776
0.0002804957583318798
0.00016292908740377692
0.0008852730773581526
0.0007681621471783776
0.0005671518358424471
0.002905237851803403
0.00038386643036458144
0.0007860110719358208
0.0014871146062385204
0.004155868105164164
0.007723070807652861
0.025857591083386887
0.006275092387608924
0.001856270314376285
0.0030600591165417064
0.001560289596230787
0.000353145517895856
0.0004961092007435621
0.0004931089015657144
0.0011085714700115787
0.0005661127132654096
0.0033761551207896687
0.0007588482282797186
0.0009700344032230326
0.0012678058833127679
0.0013219066692257116
0.00021476753236123884
0.0003177763661555557
0.0003583030547218576
0.00026456567549973576
4.255437186346386e-5
2.219174267179231e-6
1.3019362784657435e-5
3.302782156497176e-5
0.00025957544232508477
0.00042541022737728603
7.679256628149039e-5
0.00045824012585385295
0.0005350935027681136
0.0005046954731902157
0.003435964293692861
0.00030336377632619144
0.00047500648745356334
0.0006707430058550223
0.0012457680858027876
0.0015320078843268114
0.006991872519086843
0.0010578248296626226
0.00045447723878909517
0.0014353104356332037
0.0008217369713914566
0.0001787254198172399
0.0005838551253719813
0.00046127748411428285
0.0018567408693756064
0.0008885618302284523
0.0031773494615567398
0.0005098338795359799
0.000749410055416523
0.0011797910259906492
0.0014178024043494397
9.519385573569364e-5
0.0004348526289372058
0.00034191057988504283
0.00029130100027316267
7.947512834735533e-5
2.3407097370043446e-5
0.0006051409103918924
0.00025980363697574306
0.000655214678596734
0.00027082656679971973
0.0008722886413226411
0.0003994125668083281
0.0004165007155606372
0.0005209008750923121
0.0005051797831591487
7.662755531202416e-5
0.0002541689599660604
0.00029400734088230724
0.0004006797447656169
3.079116347355659e-5
2.6931710338776373e-6
0.00014868824928004735
9.704235454490469e-5
0.00014776605727598451
1.3719026708300517e-5
4.899331034689311e-7
4.738643040186317e-8
5.101869310955842e-6
1.8412303311813616e-5
0.0005931700797204418
0.00044659337243128943
1.4648436170035427e-5
0.0005857007891385368
0.0004439003657448311
0.0005532036521756785
0.0023228967409488514
0.00026867937990949
1.5326265169375924e-5
0.0004993528624739978
0.00030660092622566255
0.0008776025148041103
0.0031627044013835042
0.00038349404229696493
0.00020827968670477062
0.0004812643766917556
0.000535355741838455
0.00010197514427248115
1.496165019921772e-5
8.478261232443314e-5
0.00016260068418921605
0.00018369549895743732
0.0008072960234467126
0.00013475653549566692
0.0001508894522069035
0.00039407725843315606
0.000608926512795948
4.272928966461503e-5
0.00011087984122682166
0.00012569791232155869
0.00017681583603679815
7.368689243912763e-5
1.3726672844518254e-5
2.0859799024086253e-5
3.970444260525788e-5
6.214420516651844e-5
2.7118942681730128e-5
0.00011870036488163052
2.8784108551731762e-5
2.8359633083505396e-5
6.618750798284964e-5
5.232241905248658e-5
8.789802594832105e-6
3.8511745903029024e-5
6.155323408545666e-5
7.910887787726164e-5
1.1922470296888217e-5
1.981724244232652e-6
3.8041158201524164e-5
3.552206316281563e-5
3.318817135415041e-5
2.6172114889965332e-5
5.394573518596397e-6
7.203187395677198e-7
5.286275825974535e-6
1.3298207595653677e-5
2.0386598666022474e-5
3.289158199707068e-5
3.8711664250687524e-5
2.4426692048615543e-5
1.7466026536697876e-5
2.8070313781221516e-5
3.414906491120705e-5
1.2896901971574092e-5
4.205215467951957e-6
7.138497282311186e-6
1.1166745734055763e-5
4.610867915173905e-6
7.386122836109432e-7
3.251490679098985e-6
4.1037519747958045e-6
3.5019243257601853e-6
7.87856465055126e-7
1.2706317482339136e-7
3.238456243690597e-8
1.201922432253997e-6
4.2417505615162805e-6
2.8740773931295196e-6
7.785376361562444e-7
5.3489468857135715e-8
4.051705704992169e-9
1.595216671918654e-10
