6.089504586604228e-9
8.775582920644247e-7
1.4668041204413433e-6
1.4093248085738777e-6
9.525498126081681e-7
1.7422366091251717e-6
2.062726355563284e-5
8.16473421870438e-5
8.128262941095731e-5
5.7180165688209183e-5
9.036491776054661e-5
2.623404416981995e-5
6.771755539119529e-5
4.9462877744289085e-5
7.35906592832353e-5
3.120709271807929e-5
5.46229407205541e-5
6.546346949598439e-5
2.052751541557615e-5
5.1102032126942795e-5
2.3650385661338076e-5
7.63661067535833e-5
0.0005857194582898243
0.0005844109017936888
0.00045556417874309486
0.0006058893670896343
0.0006425069956332651
0.0012497857870383323
0.0010323661684291917
0.001478319075533627
0.0007336729182928655
0.00111255871833783
0.0013559723854640329
0.000498317161376261
0.0011685150276142648
0.0005620718084053868
0.00011181410244859543
0.0006986837387713747
0.0004329713737842896
0.0006105117562455695
0.0006225300017193077
0.0013495666408513535
0.0013206321873451814
0.0004070376350974455
0.0010507160028181994
0.000639421204287574
0.00013663441943271738
0.0007134197063146518
0.0006379744434308242
0.0004640582214300044
0.0012554967653393223
0.0005474026247286044
9.268831689207872e-5
0.0005760589139681016
0.0005433971462688675
0.00010089159311589255
4.4282799570664236e-5
0.0007292953185787666
0.0007816517627103652
0.0007102923869169941
0.0006618083070008894
0.0018703847143578963
0.004414475802786727
0.0031771589472414058
0.0036301491980814424
0.0019891118259599597
0.0028873753806729157
0.0030738301417758494
0.001250220544707546
0.003416637693351123
0.0015436087818717094
0.0008500696831073905
0.005098627474955507
0.003108816271474725
0.0034678176157329895
0.0036651262760557975
0.008490184429095991
0.006368905303263957
0.003319122203114867
0.008535677788917898
0.0034405003149544154
0.0008085226011404477
0.0031387312374221636
0.003238711937229297
0.002780872722114746
0.009249385210053432
0.003533365231764876
0.0006812027358520579
0.004907483482964639
0.004390008905395259
0.0005507405474189615
5.761573051416291e-5
0.0008927409227898621
0.0008655219500617336
0.000807026448577845
0.001994163932337618
0.004169036280640123
0.0029215866584302867
0.0013967382311457779
0.0036556380269612836
0.0017792960149356548
0.0008662894440177703
0.0035713242131617277
0.005183842354084184
0.0036882092229168014
0.012895594693175905
0.006917971462667487
0.0008753735591395346
0.004132383551620309
0.0036262631333361327
0.0005679438141958078
8.718804226636865e-5
0.000864085112096685
0.001352626073340053
0.0014484117610134837
0.0040906922559765715
0.0017715266882549832
0.0007959084168384696
0.0035098740656405963
0.003516706166017352
0.0006583370868743343
5.746198516685589e-5
0.000742949191273033
0.0015412668317272573
0.0005650408364562836
2.354046103816873e-5
6.13556312958076e-6
0.0002033764046369371
0.00020696304265641868
0.00020750354319688192
0.00011729153451272308
0.000930590158795653
0.0024086879611192507
0.0018335659728437495
0.0015211837720652476
0.0011418900316746878
0.00181495661091858
0.0014024643255050096
0.0008966771606531242
0.0023348261908022394
0.0007319445996390437
0.0007893061724192095
0.004799720753730301
0.0030192386761162646
0.003284660963199035
0.0041878566400998215
0.00974970550540602
0.008113147201110319
0.003815264262294148
0.008935114072832867
0.0034362352065186326
0.000931799006972814
0.004352953446204902
0.0038988269658801
0.004599461656039655
0.013265475696670855
0.004170992874489636
0.0012128601913037392
0.0062909001126270235
0.004927105156812505
0.0005602355906360643
0.00013800866564441154
0.001780908105894395
0.0017760459093372092
0.001983891981138272
0.003979531850242711
0.009330284888047677
0.011015744835328793
0.00425868012433282
0.01417559487826753
0.004055976568262114
0.0024000733255451407
0.010965398811283084
0.013956194834029158
0.015008333913488358
0.06895233634080031
0.013012991752149046
0.0037424646711022203
0.013295216921951916
0.009194512373997854
0.0012335661713706988
0.0001918356241248091
0.0018241751343790846
0.0027090657306199674
0.00475006526052801
0.014096762539683555
0.0036770041784994494
0.0022421514618539235
0.008834468800214853
0.008413074234526094
0.0010317673077403881
0.00021514936604983854
0.0023033721679913497
0.0034372004100421275
0.0011707317853544628
5.160420864758262e-5
5.0176013936361585e-6
0.00015035102828396486
0.00016651161474640322
0.00016736519031061492
0.0006934696012864147
0.0022239211789133032
0.002310901427597644
0.0009380898482080429
0.0027042445789732797
0.0013340551939935988
0.0006937672355670309
0.004462486819651632
0.004797543994701492
0.004944885056742836
0.01405484962282865
0.005259134758729459
0.0009808263113237708
0.0038287527141106234
0.003248887597183872
0.0006372933290656848
0.00014600372179338124
0.0018751511599649448
0.002278646326687335
0.003843056366668311
0.011073965197327087
0.0028468609031660178
0.0016001562375018083
0.007951892500513515
0.006361642133966197
0.001349490789965232
0.0001228504559082573
0.0013896392584341573
0.0030428238068559606
0.00137085812262742
6.603947759672971e-5
7.85680458550292e-6
0.00018533774871859468
0.00016624551841980693
0.0006983079169802384
0.0019727793161523582
0.0007884950387851054
0.000634294112601308
0.003189692657221515
0.003435353855546976
0.0005934048313430171
0.00012676767807098116
0.0015409051724640888
0.003662154114680244
0.001488525779789141
7.287302468223028e-5
4.2284745367741985e-6
0.0001194705136579518
0.0006537965266626936
0.0005924361811853558
8.727936458960639e-5
1.6752304172441502e-6
1.5389755574150674e-7
8.821353000861903e-6
7.817885538380456e-6
9.769424391116348e-6
4.129854924063803e-6
8.062537649776159e-5
0.00019713951097241004
0.00019714629461606178
0.0001259791926718466
9.578421692356353e-5
0.00020967941095300464
0.00012287146237537565
0.00012258469045327947
0.00021321021510218072
5.6421908069488155e-5
0.00014483118143232142
0.0008111655804651954
0.0006397667538615045
0.0006318897356843913
0.0012202388231720156
0.002438712722220218
0.001629540910862061
0.0011029729034519567
0.002175869989077521
0.0007849094743015158
0.000227449804718226
0.0013389849417119787
0.0009891544556474632
0.001459086403529557
0.0036800360314799474
0.0008617767918223738
0.00028951252154437465
0.0012224268907073481
0.0006784293357473965
9.289008080462991e-5
6.879128513982721e-5
0.0008644036673490594
0.0007694604677533063
0.0006968729229307668
0.0023391544890184308
0.00423939097520354
0.0038676941001605314
0.001775393366827594
0.004675585251747465
0.0014754725983762986
0.001225999310855977
0.005421865933764745
0.004997048416112952
0.004568013811105439
0.014922309834928257
0.0036597585012539302
0.0015035120339808375
0.0046445339403047405
0.0027277664657330016
0.0004514399448766242
9.155852734349043e-5
0.0009196748007776944
0.0009481774626144913
0.0018135962179921588
0.004297648564590837
0.0014101746242773487
0.0011218937652696874
0.0038304343620622376
0.0033096971135086924
0.00040293662145257756
0.00012551848320706296
0.0009028796025130463
0.0012549856023907383
0.0005040863291128604
2.0671636434680844e-5
7.0885780728904555e-6
0.00018207374359369773
0.00021420003078142377
0.00018535629050888143
0.0009386809769700013
0.0025677607510969677
0.0018743934237371615
0.0009242968446259437
0.0018339999085121613
0.0008736535080619307
0.0009045328621258132
0.004812368867375345
0.004536931356481577
0.005483885983277548
0.011199866121316225
0.0036102636537856136
0.0013825620397443156
0.00434584426022764
0.0031593994119438382
0.0007042363085350375
0.00024139821309064374
0.0025421500004674203
0.0022013431624404124
0.004206860509284246
0.009372275804324997
0.004258670133040373
0.0023637302442912856
0.009921868387748287
0.008531055402998507
0.0013749087308225067
0.00020801524818549435
0.001866908297539035
0.002892827844229697
0.001137948633197879
5.564477319764901e-5
1.0504875657742473e-5
0.00021835879780425537
0.00016107428493664886
0.0007816629548732739
0.0017803636650026845
0.0008691329144573807
0.0006316023932099302
0.003033387931888893
0.0031325056440560644
0.00043675158885488817
0.0001964300601968257
0.001863091409294989
0.003225652266744193
0.0010476546550648763
4.9842050498383966e-5
9.879648712353171e-6
0.0002110947640693595
0.0007101828950537586
0.0004547044030879208
5.7121817743138616e-5
9.506925687983224e-7
1.3866779283608218e-7
7.228406763982808e-6
1.0269793208026967e-5
7.961691104040702e-6
7.780393445379295e-5
0.00023824310721616313
0.00014558448342857834
9.035966023046415e-5
0.00018983606561120064
8.742576438654337e-5
0.00015316653525715033
0.0008909652493405669
0.0006964772092578703
0.0012285733442807731
0.0024089694405222814
0.0008704599252828931
0.00023679522738559688
0.0009363887997468311
0.0008160348342883212
0.00013562257708078342
7.87199065137714e-5
0.0009322340911273059
0.0006893351837226971
0.0022797009842088368
0.003936345396633148
0.0019514799004507373
0.001193014598199362
0.004128644004922856
0.003618917175104492
0.0006198982597302853
9.409072675062234e-5
0.001143312176914301
0.0019592738887739746
0.0007322378647867915
3.199525408812182e-5
7.390190570582281e-6
0.00018408908021169603
0.00014854447450730519
0.0008464669964873444
0.0017750656495536287
0.0008773962169200671
0.0007926907685714527
0.004798886509840056
0.005014797495517658
0.0006679927672986541
0.0001924920836040328
0.002417298451536538
0.004407843117656725
0.0012491928307688414
6.798787534850253e-5
7.732847360908616e-6
0.00020894058025160066
0.0007903616540639079
0.0005920832664941481
8.220053621932497e-5
1.4199034275101626e-6
1.4149194025196594e-7
7.11934354206564e-6
4.9259624826958825e-6
6.78833132203319e-5
0.00013743443392467443
5.803013668318419e-5
0.00014369325279105466
0.0007883674772527264
0.0008596756475466093
0.00011057266875429135
8.158786656188735e-5
0.000930753833237905
0.0019026606733836499
0.0006470751524754208
2.6160314878746775e-5
8.997856452705734e-6
0.00020546886577935708
0.0007384743020545978
0.0005855312928941161
8.029361225674514e-5
1.4277621964547815e-6
1.5770350583312067e-7
6.292716147967205e-6
4.5464402372909945e-5
7.69746829557814e-5
2.0488397739535434e-5
8.68515691679398e-7
6.03197221378954e-9
