1.1576408108707846e-20
3.749104572393892e-19
2.61364129667706e-17
2.5070776413958812e-15
6.889712552081123e-13
4.3155996250470504e-12
7.859141485325303e-18
7.870255738355751e-17
3.397215847186821e-14
9.269500121512187e-14
6.318245181337082e-13
1.0332225564738669e-15
2.725224983764448e-13
1.1431745858566006e-12
8.60608273099882e-12
4.238457664725786e-12
1.3871738074577102e-10
2.590722675429089e-10
2.360028727378219e-9
1.5473233662662744e-8
1.0554352525967393e-9
8.033557413860599e-16
7.042145305142729e-15
2.4479994420104003e-12
8.739975936171005e-13
1.11587863437741e-11
1.4703400170760342e-13
3.791292384267853e-12
8.701440492130782e-11
5.741913862129748e-10
1.3776858830472245e-10
1.569236097805496e-9
8.539300208457201e-9
3.967514722283688e-8
3.639931896529595e-7
1.2317283277435585e-8
4.196946887559807e-12
2.7310195763788008e-11
3.5987748286733534e-9
6.314707855187415e-8
9.379617821232198e-10
6.262686540472478e-8
1.5230496586871828e-7
9.442420727745114e-6
2.356107626742726e-5
1.8294571085143496e-6
8.509156160530377e-10
6.176287232514972e-8
1.1091705729139342e-6
5.032261922631238e-6
5.5121784590681896e-5
6.159874923413734e-6
7.08534300928714e-8
1.5688498219122965e-6
5.5770168240684786e-8
5.384492686398208e-9
9.693518767508452e-14
2.958741291908549e-13
1.2697411646342316e-10
1.1110350054855708e-11
6.619692188711837e-10
5.261619874552202e-12
5.459322530868639e-11
1.0178457928324569e-9
1.2593971876325573e-8
3.0496113140190407e-10
7.903213708599677e-9
4.78796662146034e-7
1.413716685868899e-7
8.116711662179817e-6
1.3137017507647148e-7
4.705345734032481e-10
4.070204948887585e-9
1.0754653834266278e-7
2.1743068752389288e-7
1.994429639560956e-8
4.6233811485955626e-7
6.708651914202637e-6
6.758938539324337e-6
0.00021330645202524899
1.56199611677196e-5
5.998368664725962e-8
2.107696555609529e-6
0.00011266791278254505
3.8543080922561234e-5
0.0025009915575345426
4.338169497696987e-5
3.2300471916438596e-6
0.0002133797661525903
4.88647842882122e-6
5.16107429285235e-8
2.952094880438979e-9
1.091585347940637e-8
2.2176759010255383e-7
1.1283022585625813e-6
6.839528708591337e-8
3.7747292018676086e-6
0.0001003390184038365
1.6931952371139902e-5
0.0002927686425652471
1.7566700508726147e-5
5.514710953499466e-7
5.538943721952676e-5
0.0003919144251364179
0.004293278108580803
0.02686675534315657
0.0037721608074354953
7.964895366097631e-5
0.0004022916287296374
4.7807753402287366e-5
6.22350763567649e-6
2.267536816333153e-8
9.776467086179755e-7
9.281208919765856e-6
1.6785165838586644e-5
0.00027036781345208096
1.766784819370756e-5
1.2721794175997235e-5
0.00029469334840310997
1.3896356711271915e-5
1.4060579708033068e-6
1.0112643541281293e-7
1.604469358252334e-6
1.5063744212671384e-7
1.2352871937893943e-8
1.1688597128768128e-9
5.939219198215274e-12
6.768398989284087e-13
1.1783112567831972e-11
2.2811538293045514e-10
2.2173627303678978e-8
8.763694272248968e-12
3.1976326638716054e-10
9.579593257102997e-9
5.049504546382039e-7
1.6134161494571095e-8
2.0711468905962108e-7
3.277719600492106e-5
1.1378409880787872e-6
6.595350086675734e-5
1.8701429809273007e-6
7.78399863071571e-10
1.101607518648436e-8
4.2151956714823357e-7
8.41720631050992e-6
1.6012612466798872e-7
6.19314005913287e-6
0.00020768894699929477
0.00010274610107879358
0.002513456277641767
0.00036815157475805185
1.1824768953590416e-6
9.38973624721811e-5
0.0002993122798343715
0.0003697063835775463
0.03511203133614588
0.0004168771609351073
1.0251729203562283e-5
0.0002863690229129002
0.00040337780963712054
1.733538307299974e-6
3.556093082906259e-8
5.876979529498748e-7
2.9783541845037398e-5
7.249567199544572e-5
1.0846398320011478e-5
0.00018929520644508279
0.0021134348079417686
0.00027396998063414354
0.03592013855358941
0.0002764563591696269
6.387646867911172e-5
0.0017169022349364453
0.03403185169194621
0.027522088058582188
0.6271239612620518
0.026848267635597348
0.0017384101001624841
0.03446926488999298
0.0027000648751734813
5.622939402900726e-5
4.240929242911266e-6
0.00013701663383026616
0.0018889218994089553
0.00025054374325559194
0.034804070985814166
0.0002854827087268516
9.819223979645679e-5
0.002077330019107518
0.00021470890826628665
1.3546710293927764e-5
3.023839211372049e-6
6.229353166243503e-5
1.0314562140929386e-5
3.295660354233399e-7
1.555036845581697e-8
7.604707816624589e-9
5.588567811221913e-8
8.933775582721918e-7
3.5432035423746297e-6
1.5141930217787366e-7
1.0558146830913279e-5
0.0001880499135631213
1.2436598103487087e-5
0.002031783995522164
1.1291086792044975e-5
2.181664368956683e-6
0.000273601219906912
0.00025979883564905185
0.00042398764414209656
0.034241541713524275
0.000385316557964889
1.0477960895879966e-5
0.0003088683112069669
0.0001117309999336465
1.1528294606742242e-6
7.89378368111902e-7
2.3121819306768467e-5
0.0001554390119747006
0.00033019262408832934
0.0021129891991598735
0.00010668471253223071
1.0581007475361165e-5
0.00023024928539168007
6.343973271690614e-6
1.3664970962585242e-7
1.0250020906393437e-6
4.1585779427537874e-5
5.780748527860966e-7
1.0685860093507086e-8
1.9831743159040654e-10
5.852640989909118e-8
7.817387489309311e-7
4.073454238050342e-6
2.1902481871137805e-6
6.439482544509798e-5
1.0286419179614594e-6
1.6887674349105497e-7
5.913760402558032e-6
1.6145549950248392e-7
4.405400136940957e-8
5.6466806934491074e-8
4.793930505326298e-7
1.1549192113160304e-8
4.666875794272162e-10
7.76567689566967e-12
6.302100524425523e-9
2.446898619007171e-8
7.318882330678401e-10
1.1064510684862404e-11
5.394209252703462e-13
2.7804965547031132e-12
1.061919411697002e-12
2.5340155152452472e-12
8.204116552252313e-11
2.189531395443912e-10
6.921768571859443e-9
1.3951031954107083e-12
8.860356413827123e-11
5.2398295306408986e-9
5.682545261932125e-8
8.575026185485927e-10
8.477520216689979e-8
7.897809876603312e-7
3.199509628047415e-7
4.017945786167222e-6
1.2501500815892404e-7
3.8204843088460425e-11
2.3216465298621944e-9
1.7945340621075353e-8
2.3011416731575386e-7
5.749544270803676e-9
1.2489364891637117e-6
1.1063663061071222e-5
4.2035346509730895e-5
0.00013737629102068193
1.5149782384378245e-5
1.4314783074930043e-8
1.4055365115576167e-6
1.140977426393099e-5
7.50893659600296e-5
0.001980478954581242
7.776362728239255e-5
8.540164694323861e-7
1.1301576909554092e-5
5.399127636170451e-6
8.331848445327457e-8
1.2864951685088579e-9
6.682208085099574e-8
2.598600887703791e-7
2.2223711518228486e-6
7.769383714254915e-8
5.78223964941936e-6
0.0002982594357334943
1.8437666240453374e-5
0.0002576634384910353
1.4644422721237013e-5
7.178071219902455e-7
5.7310637683978496e-5
0.0004036005281681521
0.004217182058308423
0.027417729333264883
0.003912746406218013
6.930457205257964e-5
0.0003580488152231767
4.1382966349977236e-5
5.105568254168568e-6
3.157630448109532e-8
1.3567800502582569e-6
1.07772023516863e-5
1.8176457668699237e-5
0.00027913254538325155
1.6543688861977044e-5
2.39262944548377e-5
7.617354322980294e-5
5.644761501645584e-6
4.9399885663241e-6
2.248236259928928e-7
1.0342673869153723e-6
2.0942250863049824e-7
4.319448272007898e-8
4.533518105225825e-9
9.424287769130132e-10
1.0667790476786626e-8
2.491677035520704e-7
5.563879512577871e-7
1.046820544360969e-7
7.78207634436777e-6
2.6212279985831336e-5
1.1770775475734268e-6
0.00012382590956229908
8.751118342312041e-7
3.407449658523239e-7
3.0967103510891103e-6
0.00040300633856229584
5.749300847035172e-5
0.0019604806321701584
5.217422254845491e-5
1.4563475978788879e-6
8.622172925503326e-5
2.1889990940419023e-6
6.378516997630168e-8
5.997340781567945e-8
8.041750252595062e-6
1.1618960372371215e-5
6.61244058313487e-6
0.0002602087512901166
4.298275425402155e-6
2.034852373702661e-6
6.501008304685962e-6
4.6569068426608246e-7
4.361203321075958e-8
1.749606119563844e-7
2.1278000776263903e-7
8.553681939105135e-9
1.900351079863671e-9
1.495632984260251e-10
5.25645630638727e-8
2.147661243426677e-7
9.453621179013325e-7
2.6506562307016925e-7
3.214118564100188e-5
2.476243766817928e-7
1.7072947792056015e-8
4.2398243759642694e-7
9.89067057934059e-8
2.7874028729853973e-9
3.1097887337431054e-9
8.45359895580187e-9
8.811572170172865e-10
7.846419961059523e-11
1.1838703255237637e-12
1.872194390886856e-10
2.2541105933991901e-10
1.1297361841734968e-11
7.320342717265599e-13
8.279103601906967e-14
3.8526948760510943e-13
4.916916321992862e-10
9.696662595508917e-10
1.3740359590880168e-7
6.004860318017845e-8
1.3246312683700053e-9
8.180330837026731e-8
6.833690486280959e-7
3.08940754088945e-8
3.90675496145361e-6
2.09233011076085e-8
4.447496794185977e-9
2.3610793757246944e-7
2.7546501507941166e-6
7.51027145620344e-7
6.585690107111292e-5
5.354430837104685e-7
1.3777720598276142e-8
1.0668038203864679e-6
5.7452602897307626e-8
7.866433900008703e-10
1.5377358818014908e-9
9.736638055407152e-8
1.706578045486605e-7
9.775848791728651e-8
1.1474662641355873e-5
7.10068690849011e-8
9.11793979779436e-9
1.9370483631140014e-7
2.6956192193249857e-8
1.1916308858649671e-9
9.855996879594648e-10
1.432568650897114e-8
3.125167050958463e-10
2.2941994567639102e-10
5.0914687848547956e-12
7.888778008921395e-10
7.184769741400459e-9
4.778399754861799e-8
1.4480928247879794e-8
4.55423444317159e-7
9.516517919988284e-9
1.0607948995788961e-9
9.386192954655564e-9
3.851567031304963e-9
2.7298851576841584e-11
1.1593410849677227e-10
3.6548578318713886e-10
5.562461505651447e-11
4.546739609053278e-12
3.58859762566761e-13
6.127122333449519e-11
1.1613651720362854e-11
1.5550874792377576e-10
2.9898984067656426e-12
3.790929153566973e-14
1.8438523967009633e-15
4.87144867775441e-10
9.57686294872607e-10
8.449670492241596e-9
7.620442295124354e-10
2.125732633802692e-8
1.5005331934862078e-9
3.1571615686287406e-11
4.191443708503815e-10
4.278534454524957e-10
3.933484502520578e-12
1.227993893777219e-12
6.173077021252962e-12
4.8311351381416676e-12
1.4662340302794164e-13
1.183134514644642e-15
4.752364942820147e-12
7.339704501543063e-13
3.4858022180041e-13
8.12849008877218e-15
8.518242441287831e-17
1.4663424073261798e-17
4.842976471173635e-13
5.995898352520854e-12
8.615055763865328e-14
5.60315099450092e-16
6.865039492795175e-18
2.8064480973748817e-19
1.0232550925944286e-20
