4.6368781115965875e-15
4.565396371622611e-14
4.0485090475380917e-14
2.9543935251389646e-12
2.0434452183396324e-12
1.1143638356327722e-10
1.3735745318098436e-13
3.5916099395464145e-13
2.4374774773152395e-11
3.633734667032287e-11
4.920323451906874e-10
4.986183148660759e-12
8.85954014004459e-11
8.592640852509315e-10
9.892639524854604e-9
4.943939600897472e-10
8.42596017501151e-9
8.180193279512354e-8
3.214445800552387e-7
2.4215569735238356e-6
2.5053957738512525e-7
2.0545454639204203e-12
1.2124404699582644e-11
1.3797103104728927e-10
9.805103319948494e-10
3.0750920741233414e-9
3.07473444611765e-10
2.351067945904537e-9
1.5746109468800836e-8
3.853054598255437e-8
2.8225505672930287e-8
2.1277691486075568e-7
2.233707021959476e-7
1.1771005747612684e-6
7.385189834856991e-6
3.8937017708091066e-7
2.643980519356946e-9
5.626227602062005e-9
9.82412690213591e-8
4.71402538292284e-7
1.1868187576012084e-7
1.8372950436880657e-6
3.2115156677075917e-6
1.1026980422306245e-5
7.003711518528811e-5
1.1308441970809918e-5
7.180381551828575e-8
6.073023342563255e-7
1.0366091389553411e-5
1.4015612172990843e-5
0.00017678001851008165
3.208092842240764e-5
6.941763874548003e-7
7.964655609540625e-6
5.762809533827652e-7
6.930535052787849e-8
1.2262933422802117e-11
2.573592439566151e-10
1.1172249961276267e-9
8.339616909688135e-9
1.483222246860659e-7
2.057737636041566e-9
2.3988370851629436e-8
1.8271137751738092e-7
3.9025997230185566e-7
1.226017232489092e-7
2.1432207969866203e-6
3.7149852109569032e-6
2.2831539033820828e-6
4.7497219305954686e-5
1.2674028615835494e-6
3.6373073124400775e-8
9.204427588695223e-7
6.789175760761809e-6
4.132267642731259e-6
1.7408894450050766e-5
0.0002557437885909355
5.0565375669563465e-5
9.818445573198903e-5
0.0010112474877187003
8.292029966545079e-5
3.832847243223502e-6
2.6503170701110047e-5
0.00030395314981299104
0.00012712252011513674
0.003678422902314359
0.00017166506352160027
2.831549968173926e-5
0.0008128245013738278
3.6797286244690826e-5
5.843928380274603e-7
1.7542560464165352e-7
2.665091927608824e-7
1.962842721135911e-6
5.957627531375049e-6
7.735982040808598e-7
2.9373670297303863e-5
0.0003077307187284244
5.90078646690271e-5
0.0008354239977719287
6.23638110543338e-5
4.1822426936480794e-6
0.0001636504115966847
0.0010167504571560492
0.005175704121048366
0.03309160799948222
0.006833331816692048
0.0002516506514611635
0.001126029626061937
0.00017612273251831762
3.2525926191286356e-5
5.165314996516826e-7
6.848019888617287e-6
4.578705372895014e-5
4.4842619453460676e-5
0.0006852094778166827
6.326773084776195e-5
5.631940797900566e-5
0.0006901689552646446
9.087197519126267e-5
1.216127807009673e-5
1.4388196069869686e-6
7.309273235222409e-6
1.2765089756259485e-6
3.926977586514693e-7
2.5093404865046593e-7
1.2327050112432938e-10
1.7168245956227505e-9
8.284303962253908e-9
4.683945001599297e-8
2.3656141917150823e-6
3.361053106852195e-9
4.2645542341483586e-8
3.167973085390891e-7
7.593442308035038e-6
6.674777926520925e-7
2.5020673936455013e-6
9.34186342426008e-5
7.455164763349197e-6
0.00022328934845762603
6.493214971620964e-6
9.740410633303156e-8
3.9846464011798976e-7
4.845139001495593e-6
4.765860077617551e-5
5.483567527121607e-6
5.755864499686402e-5
0.0010409957488632256
0.00030062513924118944
0.003994474935878817
0.0006398680419933525
1.1105867633126275e-5
0.0003141237860685775
0.0009612679792511113
0.0008863169939255545
0.04364773875428495
0.0011203736491023168
4.347713946860975e-5
0.0007942446671037114
0.0012656120316628878
9.620102606277788e-6
1.709936185043372e-6
5.796142779413989e-6
8.152691408344291e-5
0.00022825198519151022
4.826598870579266e-5
0.0010143959335848528
0.0041584163935791995
0.0007803714870609862
0.045523934068743964
0.0006842296533389695
0.00023703012924672595
0.004049260311676926
0.04579132395191278
0.03278023173377131
0.4877989755934539
0.033730271482486654
0.0030318616134602126
0.04421667367010661
0.0038461359427430617
0.00018088810430008875
3.8075619744592664e-5
0.0005061726816581924
0.0036211453896762063
0.000650929680042367
0.04303070495398153
0.0007965578051457899
0.0005311567753711784
0.0043803252649940155
0.000913149131044373
8.11817657511392e-5
4.529098332618313e-5
0.0002452331869172552
5.352915104602538e-5
6.911226706622897e-6
2.0777299037016734e-6
2.673487357696099e-7
2.1551935758417837e-6
1.6461310591657747e-5
3.970814503200431e-5
3.0319885993761212e-5
6.414651371481353e-5
0.0006042501664558162
4.9625185345087165e-5
0.0033554359559448896
4.368913579131293e-5
1.5600477877909935e-5
0.0006684257626790505
0.0007966371416267221
0.0011272828658364334
0.04323422911383263
0.0009877523541198842
4.8043704515788766e-5
0.0009698726642776615
0.00031762436930186195
9.055820174886026e-6
9.032955046863387e-6
0.00010360059637192619
0.0006755413183705867
0.0005490488204397921
0.0040885129213274595
0.0003220692409457544
6.707722378560823e-5
0.0011446450264891936
5.765913682883621e-5
3.3061753783594397e-6
1.311946598342459e-5
0.0001049497984553697
4.1699648510164e-6
2.741081106462355e-7
9.306356136750094e-8
1.1746911468551785e-6
9.268126231927705e-6
4.033075682122038e-5
1.1032304267260722e-5
0.00022362755054803742
6.2056761442436495e-6
2.042081707021727e-5
5.736385096029678e-5
4.251434978238464e-6
5.546182924912453e-7
1.3890600818660087e-6
8.324777143461387e-6
4.271662226934344e-7
3.8360026655905636e-8
6.059307035694115e-9
4.954578235903483e-7
2.1552716269167913e-6
1.1969748535113277e-7
2.5567589024483233e-9
5.681021818360294e-10
1.0234974457843405e-10
9.947749954907832e-11
8.4492053691746e-10
1.917242025029558e-8
3.6353563636064574e-8
7.041189806960085e-7
5.433564314552076e-9
3.7157859003708686e-8
1.4145458184751973e-7
1.5253585310468647e-6
6.469790431901942e-8
1.856054702177441e-6
1.393881907369485e-5
2.4722700554109155e-6
3.7974139691328864e-5
1.1603888832804687e-6
1.187669838627681e-7
4.0643555553210536e-8
1.7643295146970909e-6
2.030814497321386e-5
5.508759435593173e-7
1.0621320168321245e-5
6.927945218835754e-5
0.0001076464599010781
0.0004769074043571129
5.331539633482434e-5
3.255005918488499e-7
1.1732065818076211e-5
4.897685637694136e-5
0.0002164835345321622
0.00306309019919513
0.0002680481117747348
5.376937324569139e-6
4.260336265883868e-5
4.294183335227983e-5
7.567975345465468e-7
1.5973977533037554e-7
3.089431206498554e-7
3.4361857294848946e-6
1.0752104880988807e-5
1.0044232474874768e-6
5.2030281635947644e-5
0.0005062770317456844
7.288762472297387e-5
0.000679417701447942
4.423759324925123e-5
7.587061919447581e-6
0.0002312007316301968
0.0011506547221834978
0.006904144380314588
0.032421648655818563
0.005283412456049518
0.00020975805784121982
0.0008921935479419992
0.0001330115149301686
1.4152710006544781e-5
8.71417278247194e-7
1.0973913833399665e-5
4.9630527982282404e-5
7.214919643770599e-5
0.0007479752378665079
6.0526728367186724e-5
0.00011067240290156536
0.0003227673870808936
0.0001028585325420931
1.2345413556239798e-5
2.6221110473238417e-6
8.554726050972123e-6
2.740096750038262e-6
1.4435570143624888e-6
2.8823121079602026e-7
1.1746790235918651e-7
7.058598349936882e-7
1.9408726566452867e-5
9.029551302583286e-6
9.196243443079478e-7
3.12749221077773e-5
9.486975210457209e-5
1.2047439776136838e-5
0.0006542564476111881
8.473726885189855e-6
2.34179202179472e-6
2.4596701589964184e-5
0.000581011618456198
0.00022872672720374566
0.004570012787293771
0.00017207894234014896
1.2159040592030056e-5
0.0003365315446271486
2.8111516498332587e-5
5.826378178069318e-7
1.9778651572853356e-6
3.567157991836092e-5
6.732848191439365e-5
4.941035275810221e-5
0.00092707800543447
3.0460380430431406e-5
1.0655760841437034e-5
5.6304687244215856e-5
0.0002723732436996845
1.8139327091179664e-6
2.056030122790404e-6
2.5810201239785113e-6
2.467626623653941e-6
2.149783330067374e-7
8.087957343698336e-9
2.16195123966092e-6
3.722351634660729e-5
1.6822634518947885e-5
3.966298881122701e-6
8.52669856223706e-5
2.1036502731948123e-6
1.5930263377222273e-6
4.6232080563888555e-6
6.307364582056832e-6
6.436703313065864e-8
1.5104266920650174e-7
3.2047159965500437e-7
2.0305735406573053e-7
1.49566292798304e-8
8.250129534908575e-10
3.4736358003804795e-8
3.762349639968928e-8
6.711835093509038e-9
7.454146345588416e-10
3.1747884014826314e-11
2.7969690513685996e-12
6.313149456115717e-8
1.7565429791671132e-7
2.533081192289129e-6
1.3583271547029967e-6
1.9667813487493283e-7
1.7924083274237484e-6
8.281390067738393e-6
8.552253239896703e-7
4.1261966479682645e-5
5.519575310794362e-7
7.763753550900753e-8
2.241873477479438e-6
1.3801162589525148e-5
7.455306884786057e-6
0.00023898772140098018
3.8381082828185726e-6
3.011682910579785e-7
9.107296064395728e-6
4.39316796738339e-6
6.473682827108643e-8
1.5131155388054405e-7
9.215029910231523e-7
2.9493342727299696e-5
1.0129303551418094e-6
4.7382514055807796e-5
8.424346471849714e-7
4.611482382535369e-7
5.514050018106271e-6
2.3192049390430955e-5
1.40313390345271e-7
5.609565286659407e-8
7.30587836063756e-7
1.519145526640034e-7
3.229616506634921e-8
6.211115739483893e-10
1.6840647901937103e-7
7.498333787719349e-7
2.1395972936522654e-6
3.515338511872784e-7
6.2919250828459225e-6
3.303000231599167e-7
4.350578321492683e-8
4.0509553356632574e-7
1.1291104164073026e-6
6.2551703110233895e-9
3.7311779611217614e-8
4.364311503104328e-8
2.6295265531720085e-8
2.58714303058139e-9
9.180656233781137e-11
2.079298781777882e-8
7.097976497128079e-9
1.0546519311077824e-9
1.1243203043377094e-10
3.014766351783684e-11
2.5542557840003936e-12
6.606427091915553e-8
1.1337022169124668e-7
2.408365440796362e-7
1.6435658018361978e-7
1.4972482400175005e-6
1.5936012550354716e-7
2.3821598812138628e-7
1.1672494744536513e-7
4.5943243919196135e-8
3.9891000323116e-9
1.0466662823537066e-8
4.9276470063143985e-9
2.4794054155370617e-9
4.354449166092563e-10
5.865309231562441e-12
6.087847487357114e-10
1.0234259401994613e-9
1.7309027109762768e-10
1.1777568754471204e-11
4.1168547218981043e-13
4.5789377097259814e-14
7.936987757261869e-11
9.044666483105415e-11
1.4440814563784352e-11
1.9776237211935147e-12
1.2152609094797932e-13
6.443908535417154e-14
5.779219064830563e-15
