7.535738846253243e-22
2.0652158531831118e-20
4.382680424309221e-19
1.181741533724343e-16
3.232257775406165e-15
7.97929560806962e-15
2.5003744434157443e-19
1.2979345851655005e-17
4.894828694098798e-15
3.1272114781144224e-14
2.2233344343450816e-14
1.93168110497643e-16
7.165709407043777e-14
1.1249656730368495e-12
1.4332651710767882e-12
8.386153790687199e-12
2.59373185650874e-10
5.1189704380066476e-11
2.6271296502675968e-9
6.307530250667844e-9
6.456418331438862e-10
9.706320152945445e-18
1.019841633664709e-15
3.358957564340085e-13
2.1175518915927058e-12
1.6853744780718354e-12
4.216241502728564e-14
2.328420894337827e-11
1.7104093554030418e-10
5.4415622639840855e-11
3.2891866394731854e-9
4.4950046468587425e-8
3.469860916836623e-9
1.5268173068912728e-8
1.6016505934349262e-7
4.851491762520065e-9
1.6392838949741178e-13
2.690146657222511e-11
6.596764502244054e-10
8.579173007321367e-10
1.9308903720041047e-9
1.5233763720292136e-7
5.4905720103377015e-8
2.1307776119150198e-7
1.984217750787147e-6
1.6496260118791858e-7
3.381744863960627e-10
3.310589671141055e-8
6.641963591446882e-7
3.200682470777659e-6
3.625774733139178e-5
3.626727949706541e-6
4.6084062850424696e-8
1.4393104344958928e-6
2.9905057930983664e-8
2.259301641566085e-9
1.753817369512614e-16
1.782059861007159e-15
6.44268605086516e-14
2.258200772994607e-12
1.763516766634078e-10
1.428185003446895e-13
2.9765889885506605e-12
1.457144193389916e-10
3.77398539519648e-9
6.325050698858901e-11
3.0810202504084906e-9
1.139212842695775e-7
6.619050336235364e-8
4.584342499512475e-6
9.867386892052575e-8
1.2090545351736524e-11
2.0810805599349687e-10
5.1623897116060375e-9
7.480144732030378e-8
5.0462953058650364e-9
1.542190126314887e-7
3.6325260398425755e-6
3.2692455385870398e-6
0.00014022056325947526
7.00680560490181e-6
2.6223886403084034e-8
1.2131604627433788e-6
8.154263662714762e-5
2.6524258429973356e-5
0.0018426345958496625
3.013782127064111e-5
4.290080895668531e-6
0.00027980968439073745
3.146446980547679e-6
3.069985397604704e-8
3.0133269301321913e-10
1.852199786066765e-9
1.919810282149025e-8
4.908339670409871e-7
1.7688771078225432e-8
1.4819493364578831e-6
6.005303666540622e-5
1.1417490951794995e-5
0.00021119696123982645
1.14602377039623e-5
3.28497212412388e-7
4.5295696648751956e-5
0.0002912502851152208
0.004409957601320244
0.02229488787357728
0.003118983896727144
6.181284161840565e-5
0.0002812325379750812
2.7457221812486505e-5
3.7443805274378536e-6
9.093619881702124e-9
5.270628747473754e-7
6.809661844774506e-6
1.5573714911601257e-5
0.00018706324269662807
1.131586894899158e-5
9.49817607579043e-6
0.0002796426403703247
8.862269319009184e-6
1.7476105608814344e-7
6.108130739985232e-8
1.3598927041613455e-6
8.387711451167714e-8
5.395183355272143e-9
4.1796248607430767e-10
1.1941445694547645e-14
3.636316558689428e-14
1.844587127691631e-12
6.153071036412742e-11
1.026678935796798e-8
1.554568673742141e-12
7.109062136332564e-11
2.8536659850614764e-9
1.6879702403508724e-7
1.1709752809430933e-9
5.150610446738156e-8
2.7238663969925735e-6
7.216505467754085e-7
5.470080157788971e-5
1.6974308059357523e-6
1.557022643536418e-10
3.150431231761649e-9
9.797680338368086e-8
3.556720113210414e-6
7.11033718036963e-8
3.3273993612382206e-6
0.00012751963039864633
6.544205155828892e-5
0.0019184674638552102
0.000196562044806643
6.498807640661577e-7
8.25234533838463e-5
0.00023347647040816613
0.0002837628524059006
0.03392933884617957
0.0003026372846908548
5.220989150569038e-6
0.00023641354515001648
0.00021006320199461323
1.341871069643004e-6
9.569002782282343e-9
1.3236381005101238e-7
2.444125802043289e-6
4.6460121639433774e-5
3.8039733348393143e-6
0.00011069325657333627
0.002014711106950342
0.0001860817955828138
0.03164010564967392
0.000182997053578728
5.0118345262192504e-5
0.0020167487594991017
0.03306340808545767
0.023736388541442763
0.6641705170292289
0.023710613528069795
0.001348509755048863
0.032265444428748506
0.0020847794678265654
3.833126536828159e-5
1.938848969436446e-6
8.775133658412337e-5
0.001505165233789215
0.00017691178997133547
0.032614969568278356
0.00021215690451764855
6.40499261639113e-5
0.0019509349139151528
0.00012639715776343916
1.7026163807017976e-6
1.4176452815035776e-6
4.337662389231033e-5
5.250481652244224e-6
1.494811885909831e-7
5.4598440134740174e-9
1.0220992461251634e-9
1.4884043882408248e-8
5.086090858700557e-7
2.2492825507948246e-6
1.2522839510641923e-7
6.621906099278152e-6
0.00010240106716481442
5.550703438339487e-6
0.0010977587171677866
5.1935364042551185e-6
2.054549467151218e-6
0.00029410722068723937
0.00023526327895931795
0.0003050534922254805
0.032270041402839046
0.00029028463143659775
6.6585415778678626e-6
0.0002208508760504396
8.581293993793625e-5
7.111133750780029e-7
3.907167097396696e-7
1.3420380658012798e-5
0.00010494317033799204
0.00013486198732805247
0.0019169662794385135
7.500925984799162e-5
4.860484710796165e-6
0.00015280274207779773
3.880497824604608e-6
7.328374365167268e-8
3.1511130135209865e-7
2.584211376893154e-6
1.0837719193882792e-7
2.783869618227453e-9
4.5952414241757575e-11
7.063254560174607e-9
2.479920311247152e-7
1.8113845936945006e-6
1.139929607409218e-6
4.613323393839516e-5
5.431954005744792e-7
7.167218965688834e-8
5.833314441125783e-6
7.493074202413483e-8
9.657269208886948e-10
1.3921350145985884e-8
1.9577389562778824e-7
4.409479375810454e-9
6.507116502516059e-11
1.238898303564799e-12
1.2572657002277313e-9
1.158448392255252e-8
1.9678613520754186e-10
1.814964956512771e-12
2.2153256833277112e-14
7.153109527936157e-15
4.1880537361024627e-13
4.369914776348468e-13
7.748304591297407e-12
1.554293277837751e-10
9.906574923061654e-10
4.898849172474315e-13
3.1659840653143274e-11
1.1621490399183945e-9
1.0949141439390423e-8
2.2218976614789368e-10
6.271683641600973e-8
8.292242350649244e-7
1.6469708046802978e-7
1.9992052990032582e-6
7.62143592435461e-8
1.4131796358910944e-11
5.108975049606883e-10
8.254510008649905e-9
6.838189513059616e-8
2.4845193584556125e-9
8.220908739398367e-7
5.02388035644742e-6
3.050519485668814e-5
8.8808420705165e-5
1.1104723978742698e-5
5.6174009189032785e-9
8.572175704366964e-7
5.296808391445333e-6
3.455174026513417e-5
0.0009985026295689452
5.904525326286283e-5
3.3242732708551895e-7
4.494332100642074e-6
3.595905603995935e-6
4.9543832755457545e-8
4.889765274940989e-10
1.1724455948848887e-8
4.0908540801446506e-8
1.0718716036725576e-6
2.82798693167961e-8
2.659416250796117e-6
0.00015336378126239132
1.1831448151222465e-5
0.00018056985909126728
1.886177581836374e-5
4.4008472653171905e-7
3.9880042097642976e-5
0.00032132947842642865
0.0031145944090268094
0.023609131720690835
0.005224336330614362
3.772918055955245e-5
0.0002681374130567415
2.5754139889807452e-5
4.108280862168567e-6
1.2277587978695527e-8
5.925896699569919e-7
5.007794466036662e-6
1.1274761040810941e-5
0.00018752246246159278
1.2237228422734596e-5
1.8925205083213198e-5
7.395574686037841e-5
2.9346019675052266e-6
2.341175284601819e-7
1.1739017800786666e-7
5.990089920101396e-7
5.844200132174772e-8
1.2262162099111985e-8
1.9116223260374834e-9
2.777430113676699e-10
2.8957560093805597e-9
1.0224110650866008e-7
3.1334453572978216e-7
1.9069652785920727e-8
9.515226881914574e-7
1.1939842160877702e-5
6.564417690833297e-7
0.00011375613972775094
6.237774985864514e-7
1.855911766741453e-7
1.998049529600726e-6
0.00020418564195069907
3.5844634251443186e-5
0.0023577938687428775
5.001224172114648e-5
7.736034920411782e-7
8.328877340175572e-5
1.3818911688211027e-6
3.9805215641884906e-8
1.4023690292421617e-8
5.396261284276734e-7
6.367904802515627e-6
2.942326998699257e-6
0.00012999343601856415
1.9880936455015115e-6
1.4631243318212726e-6
3.5889166357193943e-6
1.7375305629417062e-7
1.1350240520182432e-7
1.1550212873478116e-7
4.6841895220313355e-8
2.553284365309316e-9
3.570275420933522e-8
2.0474186205370849e-10
2.210343356586838e-9
1.1117045921275245e-7
3.942931929335212e-7
4.606033631879341e-8
2.3735793353882923e-6
2.4151048440342338e-8
1.0697909496984029e-8
8.860563420642208e-8
5.020524648645596e-9
5.305505854445426e-10
1.4219213584287974e-9
2.750638547563753e-9
1.4653224671098069e-10
1.5439551168908307e-10
1.0582148780010284e-12
2.2607559402112564e-10
5.7889973239356424e-11
2.052510694026529e-12
1.8484309705692803e-12
2.4196102470166428e-14
1.863134693385692e-15
1.1910361192823934e-11
6.645344305331114e-11
2.8189478122094933e-9
7.268881964847241e-9
2.958080299670867e-10
1.3294226970807244e-8
3.2109834303110475e-7
1.3172963630422396e-8
2.1330352492189843e-6
9.080981706036805e-9
2.864496553293499e-9
2.2927652830639189e-7
1.5559987051723433e-6
3.8549895710716283e-7
5.035587278366448e-5
3.430154236658284e-7
5.339032037223107e-9
6.335764858893003e-7
2.6745648703624754e-8
3.802990160146901e-10
3.368404980163716e-10
1.5199756829534585e-8
1.0562798024742124e-7
3.079436104450233e-8
3.945458830263833e-6
2.3781675125386667e-8
3.892033840404508e-9
8.158786920371602e-8
6.2674568371783754e-9
2.1550064892574328e-9
3.092336692278413e-10
1.0565083514467763e-9
6.088554623192448e-11
4.2176918081056374e-9
1.0351014567768915e-11
7.890067093202094e-11
5.250201290443456e-9
9.32131423048992e-9
1.7474431411453308e-8
1.488793192468475e-7
2.4905339327528037e-9
8.790750688291428e-10
3.9598926007334876e-9
2.137966150389067e-10
3.00303220201413e-11
5.464240065771292e-11
7.590899368334654e-11
2.856334896704202e-12
3.2776447420015263e-11
9.031060005532484e-14
1.1985084314360687e-11
1.683761867264141e-12
5.387417892229649e-14
3.7819844785772263e-13
5.3210648937060816e-15
8.64144091948286e-17
1.7868986403636834e-11
2.2310649387607606e-10
1.4742171841334047e-9
4.913872591207463e-10
8.066460623527444e-9
1.8968970374428167e-10
1.3961358622145612e-11
1.3429174122418282e-10
1.0117614976303895e-11
1.6580424540553733e-13
5.651296721117452e-13
1.5010852467329764e-12
1.3737433060053536e-13
6.298236350929894e-14
2.9798353265612466e-16
5.01402732405098e-13
3.602679884405958e-14
1.6836935019454796e-15
1.3199976255834563e-15
1.708014501709801e-17
4.709284164473229e-19
5.372026688510366e-13
1.2616250804481327e-14
2.0374811650991148e-16
9.763801320621622e-18
2.364466021500101e-19
1.7357132572259174e-20
7.50924704416289e-22
