5.317199446822506e-19
3.022094059821562e-17
1.9702018258281306e-18
3.6431306846199506e-16
5.917926879513509e-14
7.030363246900115e-13
2.9500083839730725e-18
1.4257389692555307e-16
2.7160173710700997e-15
2.001812490841609e-13
2.2516247592959123e-13
9.108482633744104e-16
6.957833903827343e-14
1.815229085694901e-12
5.584220388456893e-12
3.2423106353462322e-12
2.44302527981155e-10
1.5281479749576657e-10
3.976846209042442e-9
1.8074734119083875e-8
2.7467271005612383e-9
9.842946017950393e-17
5.1325077021060944e-15
4.232310454585454e-14
6.8509033394593786e-12
5.928185910585407e-12
2.7776601150599608e-14
2.2347122119334996e-12
3.257765751532529e-11
1.473161456797189e-10
1.4511117956697895e-10
1.6063105620943372e-9
6.357103507760948e-9
1.09648513313082e-8
2.9354965973476684e-7
9.920912884393352e-9
8.715835601970803e-12
1.4616036815790086e-11
2.975137941944659e-10
2.9708639686845888e-9
8.274030581478097e-10
2.6703611016683846e-8
9.961001807996316e-8
5.643894263123853e-7
3.813693750872927e-6
3.6083971131099514e-7
5.989591576450843e-10
5.212281579493051e-8
9.369396612662332e-7
4.780909613514928e-6
5.114339884954734e-5
5.475522195974805e-6
7.391698956082786e-8
2.020114785840074e-6
5.009458124830219e-8
3.982307033679807e-9
7.6675590037924e-15
2.1422327564640196e-14
6.797136412524139e-13
7.483983404148175e-12
6.647205112050897e-10
3.189974943325926e-12
1.3396597495024264e-11
4.1519412926396423e-10
8.463665978276679e-9
1.745005718248357e-10
7.334737071798392e-9
2.2763011909176886e-7
1.0617243779270485e-7
7.870864164831884e-6
1.4088220650989487e-7
4.002896718512897e-10
1.2809019308005563e-9
2.9977046375754733e-8
1.370106777358319e-7
2.8515866760487424e-8
3.5575732870459943e-7
6.253195210642948e-6
4.415898275203165e-6
0.00015142426623912313
1.0338627584155696e-5
4.7375054023938974e-8
1.8907857502805277e-6
7.905706556719426e-5
3.3161873261831766e-5
0.0020983134831799367
4.149403437472725e-5
4.973400824340196e-6
0.00034091067239965265
4.297530819258272e-6
4.543165224226983e-8
6.576178559113121e-10
4.0638963101708665e-9
5.5645705976275884e-8
8.267384270908593e-7
4.687629387044856e-8
3.2872839257627247e-6
8.174717144836047e-5
1.9003230417908584e-5
0.0002494257514427961
1.4100336803008679e-5
4.544333535829915e-7
4.901529149247633e-5
0.0003446145552235912
0.003989796180919249
0.026037152330602106
0.00384757679772267
6.146882549633375e-5
0.00037144939815567075
3.963251826854725e-5
5.143535949646722e-6
1.6768497909669857e-8
6.829248520843238e-7
9.119755009124361e-6
1.2754167895292274e-5
0.0002416710776679719
1.5487762063334694e-5
1.2479255552418167e-5
0.00041924323247630494
1.6178266039244582e-5
4.407382098020048e-7
9.507905769478842e-8
1.814173730036375e-6
1.556364610032314e-7
1.279820672826611e-8
5.017937430154202e-9
4.1315807730100056e-13
1.549253833971908e-12
7.803553650805874e-12
2.0656879555657215e-10
3.726424910325551e-8
6.729834046561321e-12
2.1144284775858644e-10
6.434624157679496e-9
3.686657469812091e-7
2.559461310112419e-9
1.0448355774827953e-7
6.313507097842465e-6
9.205045456897065e-7
6.037555298464401e-5
1.6344427570268109e-6
8.186494040023848e-10
7.180951450454892e-9
1.9599068898277803e-7
9.232949348549823e-6
1.4745894311606009e-7
5.397898541689655e-6
0.00022878876177140123
8.851122255388638e-5
0.0020854214858825027
0.00023491356484400475
8.278593451718134e-7
8.02674531019635e-5
0.0003139463746157675
0.00034364423143548844
0.03346973277756669
0.0003643768946913926
8.285048676416746e-6
0.0002547999945683551
0.00022299258930786437
1.4774376386449467e-6
5.0115402295300625e-8
2.9443845642513043e-7
7.725746182482348e-6
6.055312156846909e-5
7.664829907562792e-6
0.00019504676994163713
0.0020646450003843713
0.00026930863475170064
0.036451359482460755
0.00024001859332439487
5.830436258546556e-5
0.002235328747669903
0.03277866082531941
0.026008673958100657
0.6380991698185126
0.0267890478941752
0.0014503014820199402
0.034655073315630544
0.002081692435820533
4.851859782930623e-5
3.64131557663602e-6
0.00012838060427349492
0.0017742630525033676
0.0002408622017748182
0.03428206178185406
0.00027031823072006385
7.477919821608573e-5
0.0019873895359954707
0.00019793372433743727
4.323116773573993e-6
2.8170783875612556e-6
5.5728291754943276e-5
6.880376655930958e-6
2.548241831300916e-7
2.826805626528691e-8
1.035850888006512e-8
3.4848095735353006e-8
1.7054965654284548e-6
3.184001331753321e-6
1.1810358057021904e-7
9.557928262100434e-6
0.00010161542687319029
7.96228492881776e-6
0.0016781245107331884
8.321463059005813e-6
1.9314909950161556e-6
0.0002922943765986315
0.0002456696616107249
0.0003868073031968822
0.03400344938674437
0.00036464985939443754
7.5182473597447e-6
0.00031362020337178965
7.845480920947206e-5
9.547679683461015e-7
8.765301125072969e-7
2.047422134325037e-5
0.00011919628004608643
0.00032284996664575807
0.002307041930236255
0.00010440639277813153
9.899324739696488e-6
0.00020517620186530667
5.938976983492141e-6
1.2562763951740296e-7
1.3580398499325856e-6
5.91207218455005e-6
1.8722552680621135e-7
6.054052780133085e-9
1.4816932019983703e-10
2.058540677391744e-8
4.050849944922851e-7
3.2730824468503306e-6
2.0496080014725384e-6
5.8891576376257996e-5
9.00104534200195e-7
1.3308234710626575e-7
1.0123044171646544e-5
1.4216592521910346e-7
3.36631011312152e-9
3.810283773744114e-8
3.4497520553337716e-7
7.954940258693841e-9
1.820226447030018e-10
5.5700128817416965e-12
1.8585864414713043e-8
3.6375030247673694e-8
6.164073559663003e-10
5.419886288351057e-12
2.0200985019187602e-13
6.563376719744802e-13
1.0585521140312922e-12
5.535481312434121e-11
4.3010360765822904e-11
1.7080701555896982e-10
2.0360732022283577e-8
1.155116987888499e-12
4.024138584534131e-10
2.3638503376583287e-9
3.611447279469295e-8
2.09113722097296e-9
1.2835470801608575e-7
1.4391554466270071e-6
1.206967630285531e-7
2.57274843326886e-6
7.941065257649194e-8
5.498593642636531e-11
8.046741181608682e-10
9.087175525629634e-9
1.212727042321068e-7
7.227707467880617e-9
1.6440701483750992e-6
9.022922291218179e-6
1.3205092436434561e-5
7.939371081414054e-5
9.20238775212975e-6
9.931220268545606e-9
1.308978941576649e-6
7.5676970640072565e-6
4.839794723372526e-5
0.0012063528236094508
6.825862449506579e-5
5.014897633790971e-7
6.277229568881739e-6
2.746956904105119e-6
7.456059593646616e-8
1.4150614258692158e-9
8.366922815261469e-9
9.978469468598037e-8
1.4840637309289932e-6
5.968507263013501e-8
4.868579524446807e-6
0.00018506532256451613
1.5001004855280507e-5
0.00024387316154168552
1.2059420532215551e-5
5.709835797087377e-7
5.438223914265843e-5
0.00036802463542385383
0.0036883972146686417
0.02629355415337686
0.004224730320949765
4.868921959821671e-5
0.0003427020842036961
3.4290411663794326e-5
5.3524585273231075e-6
2.823992049884308e-8
1.2363340697945675e-6
7.639917278234568e-6
1.6091313995639835e-5
0.00025366007833607266
1.999653692214788e-5
2.3274780828629694e-5
0.0001006341190786796
5.189966640846877e-6
9.411330298201103e-7
1.9449436939218137e-7
1.0551772682709552e-6
1.3287385260415522e-7
2.062552460123754e-8
6.103406835573962e-9
1.1168029519474117e-9
5.635469101412506e-9
1.602491180720146e-7
5.492488572434774e-7
6.219842127814523e-8
2.709798393119495e-6
1.8639265996808976e-5
1.0711306706659808e-6
0.00013219266222149896
6.119376189406557e-7
2.9102724613592115e-7
2.2274061215009524e-6
0.00032003818246698903
5.093294176740544e-5
0.0019328110070381322
4.872766857486611e-5
1.1955632319399433e-6
8.677887384209816e-5
1.7018682211651955e-6
5.5468364967940324e-8
3.2696544151677666e-8
3.0698427349713973e-6
1.0850600372005658e-5
5.523114366940934e-6
0.00017366238093874666
3.2024627040965915e-6
1.9834850065333218e-6
5.823981957048701e-6
3.4961854331066674e-7
2.7787634720347907e-8
1.684648873713723e-7
1.2425541311576578e-7
5.884580792341846e-9
1.5964409714570494e-9
2.820494226160642e-10
6.029339878972739e-9
1.2926664894238443e-7
1.7592539859143993e-6
1.0642259923399145e-7
7.06261572742875e-6
5.0029124737639235e-8
1.2162295365513115e-8
2.1131014534717197e-7
2.0063502307718514e-8
3.167903670033935e-10
3.1877642245960797e-9
7.132921148161405e-9
4.1528407648137805e-10
2.6052943787685545e-11
2.3634431776938604e-12
1.4045542805687104e-10
2.3100829859618482e-10
8.092670121254152e-12
1.9143424014430505e-11
5.308028708806158e-13
5.397380952050855e-14
5.867206252516604e-10
2.544128863947727e-10
9.240123461954839e-9
1.9928702804591455e-8
5.558122714548687e-10
3.1806362328684614e-8
5.771902517625206e-7
2.553220134958597e-8
3.2180622683562067e-6
1.4310335660152774e-8
3.8866397143120035e-9
2.5818245312894457e-7
2.322721324354326e-6
6.20180924694486e-7
5.7797761783107646e-5
4.3371852671494414e-7
9.702488971346494e-9
8.19813304438532e-7
4.310953134752327e-8
5.644284499069663e-10
8.738061357178466e-10
8.415056373721112e-8
1.2171612601508305e-7
6.010828218698346e-8
5.88133648353629e-6
3.533221125370211e-8
8.087237151331205e-9
1.2927978720817812e-7
2.615871933920226e-8
9.057616153793342e-10
2.7636570569595517e-9
2.5332699423296876e-9
1.6170440802013516e-10
1.2878797461381615e-10
3.2465511203358476e-12
3.0052817286927713e-10
6.749101396834506e-9
4.720761563375064e-8
3.1871095970755326e-8
3.462194966324787e-7
8.07634867041948e-9
1.529823397082179e-9
9.782020526684499e-9
1.2148785615130749e-9
1.4191109186148467e-11
5.999303499307977e-10
2.2601955480940634e-10
1.2833731424926331e-11
1.929321127493514e-12
6.085956712666733e-14
1.2505828554006153e-10
1.0614370329256485e-11
5.098850110805459e-13
4.835512248187177e-14
2.805904985992665e-15
2.676726994491597e-16
4.5544300251562753e-10
1.0859738998589648e-9
1.4642818620623677e-8
1.1989351065665182e-9
4.4489560250732925e-8
5.924341565529539e-10
5.321894579395822e-11
7.168548261671923e-10
3.0835667915078485e-10
6.692746453891272e-12
1.4713094309800336e-12
6.324496034443113e-12
2.5833840457197343e-12
2.5667686284487596e-14
7.226589099491045e-16
7.694423917241356e-11
2.013737011866284e-12
2.271299840356934e-14
6.3234135088425794e-15
1.7313626476336586e-16
2.151198277142186e-18
1.4260710149626088e-12
4.597815612242704e-13
9.428851445989214e-15
1.167701697804564e-16
2.7557109293857585e-18
7.38335007072953e-18
1.3074975141625782e-19
