1.4033949582148258e-8
4.438724243011027e-7
1.376961668762411e-6
9.674168725740466e-6
7.611137058400377e-7
7.3788622458626064e-6
3.1323956276081627e-6
7.996965401627103e-6
7.521684283194511e-5
1.2525755118941884e-5
5.282448287864114e-5
2.0334851698470646e-5
9.332461623957918e-5
2.6930365352916436e-5
0.00038405815853994083
0.0002834982016636928
0.00016899175205371957
0.0010229945664497824
1.1013044072035761e-5
0.00012452723371207927
9.024338094205603e-5
2.3633536853824368e-5
2.205147830562629e-5
0.0002983634180170968
0.00017422474496834955
7.637524752808135e-5
7.894765369118009e-5
0.00021908383157767094
0.0002681914396396418
0.0005536959866465818
0.0008363910167841125
0.0006883327680960467
0.0010394369442288391
0.00014664841383459017
0.0003779404717054822
0.00017068934884157725
0.00011047913717837097
0.0001795895499683744
0.0003645236058333953
0.0014379309055750718
0.0005557728891816575
0.000602166582882343
0.001959161934914012
0.0004083098297487361
0.0024358527898342805
0.001684236381074838
0.0008017578342081216
0.0009890390911753196
0.0014398750575598163
0.0006581604710324892
0.004878497596156525
0.0024423243471365474
8.17249139324403e-5
0.00044412336137785504
0.00025432069959604927
0.00022493426853632386
6.849517833085808e-5
6.487656840357336e-5
0.0004406461039525736
0.0007831441482590604
0.00017698696054700995
0.0001235126478096858
0.0007481403362948208
0.002346080521059156
0.0005732857779284917
0.0011144315448325915
0.001381876727401133
0.0017522759476097894
0.0011693074905272125
0.0024835194537884135
0.0003617729973506579
0.0001757642078438989
0.0003798543481278085
0.0013190695913192234
0.001600936257134723
0.0016523944733593146
0.002704616537224884
0.0029445880871359596
0.0024097214814918365
0.005695961454539307
0.0021328919168679726
0.0017625656147676903
0.0023550544742887776
0.0033553942798477975
0.002876340672966176
0.007516415345980548
0.0032929458252296015
0.001610478177590496
0.002103382000683384
0.0009386925707287042
0.00025445808893502525
0.0001450239693078183
0.00024475220630786434
0.0008239704312802089
0.0018788772960451157
0.0007657819272810342
0.001515077848565865
0.003252062117925887
0.0017221985628873657
0.005369945491009701
0.0018821954475152338
0.0010639068677002546
0.002412539550311728
0.004968534736396836
0.004054037066487128
0.020211976532889957
0.009276671191044184
0.00233518921122455
0.006108770699524957
0.0033149469429427873
0.0024957692680606025
0.0012799137723150404
0.001099992923190342
0.00397945282204872
0.0011944213176810021
0.00580529514383657
0.0018223930678114644
0.000515281491734122
0.002809279933029
0.002249147790911917
0.0015734051643094217
0.0003531852106591338
0.0004785854071598955
0.0003664426368670788
0.00017529678998957478
9.13567607956056e-5
3.780679209070218e-5
7.663930877440737e-5
0.000435851816543116
0.0011912735478289754
0.00020578184163691791
8.408198490169466e-5
0.0006267661451395821
0.0012699466079865167
0.0005475827594844989
0.001195708684872213
0.0018313242823405692
0.002117436458853888
0.0012122953385062573
0.003509114843630854
0.00046697837526243186
0.00014481349042461253
0.0006933593299584599
0.0016306671233483686
0.0027071858939422904
0.0016821707298565567
0.0025543252245563415
0.005093369539453978
0.0022925376456509492
0.008328993565193664
0.0027039890201690183
0.0017981404678380673
0.002734524706588472
0.005533581179103992
0.0040599611953298425
0.0193347573783392
0.005917068109268068
0.0030566772435513434
0.004696399804708413
0.0020689922997540982
0.00041971388148599243
0.00019069173898415818
0.0004561466965959291
0.0015361855242867022
0.004709958445999463
0.002082518679667832
0.004497089073979663
0.009214445989700046
0.004168836547835448
0.021900959338356122
0.005696189386597635
0.0030582446067385738
0.007030242690700523
0.01722068290978514
0.012042523974305741
0.07740234251903712
0.019741878566843542
0.008207030194242659
0.018868557376727945
0.007465588235057086
0.004640403805234447
0.0034581241428406936
0.003761978846328076
0.01028479226080669
0.004285594449266986
0.022605841013012336
0.00533225927172925
0.0033670795707651567
0.00840903510931101
0.005801486256942276
0.0023775256218055204
0.00479498444305584
0.003709432828029257
0.0025348753790425853
0.0003765851500756497
0.00011772327044203615
7.509163485121534e-5
0.00025568316372478556
0.0011275224065518056
0.007416173329412269
0.0005624693174048089
0.001788673158208934
0.005476571085955575
0.0023611307339181345
0.010083285803995052
0.0038115133527978173
0.0009120291593347432
0.0020519262430507604
0.005985479089312943
0.0038247036952941535
0.017198326582409964
0.004927854590281834
0.0025865409578714194
0.0053759639935622265
0.0032989173790374886
0.0014953998360417318
0.0009148146421195998
0.001286055155280778
0.005489656839146785
0.0018083079645917967
0.00915630174906252
0.0032278515136630785
0.001623281355200516
0.0050997610827050385
0.0029776813928577882
0.002004394937132825
0.0012386295377668857
0.002029178961236709
0.0016932001868736888
0.0010569602665839047
0.0009917499805417896
0.0005301217470881606
0.0012050339684966552
0.007744045494446102
0.001116631606824298
0.0048577337284842915
0.0018792809130095483
0.00056079515235246
0.002726976826239365
0.0016489392746722273
0.0014738803686069018
0.00028630035647873896
0.0005325076903942087
0.0005721107081492114
0.0005824242808585605
0.00045180463751943144
9.15445063897623e-5
0.00019282031490630935
0.000174079293906319
7.832973257414822e-5
5.401295362678395e-5
7.309801122753913e-6
4.038934197973372e-6
3.3212881531354274e-5
0.0002560000857439276
0.0007048824106807191
9.44873853156892e-5
8.094186787712829e-5
0.0005032361065486233
0.0009105841274359369
0.000290834107994214
0.0011711771375272964
0.0019293760285465952
0.0012407808156267523
0.001632260284157655
0.004663955646432622
0.00034300873240935496
6.930829117899774e-5
0.00041712121699477047
0.0011305799132258897
0.0005390939989717285
0.001210854642761262
0.0019367805234993055
0.0015669519145345536
0.0015257378766032133
0.0032768226856900277
0.0004933087254084051
0.0015423655147932802
0.002207958832840472
0.002494529576014705
0.0029510039391963112
0.007902621549874212
0.0023670319662275324
0.002062885491738785
0.0030247971292303977
0.00157618198823073
8.142633589533148e-5
9.505628745949504e-5
0.00022611083133894212
0.0011607452794589062
0.0011001708682225485
0.0010999397360129933
0.002306029189144878
0.0018506809386153425
0.0020143755728297985
0.0042865131974893465
0.0012041351094776223
0.0016506584081163124
0.0028358923491878184
0.003834058808480582
0.004587554855026652
0.012010410252268205
0.004034037217881449
0.003011070891928192
0.004012209642877093
0.0028564039257285654
0.0006567381042020368
0.0021993466656054813
0.0022088354985102176
0.0024814390903065433
0.002070555509706389
0.004085654807113897
0.001837811250221117
0.0014754301089345162
0.002256844971785031
0.002297965678501893
0.00039732512110113565
0.0016652667207887912
0.0012361856662122292
0.001164273318674969
0.0001431426389793159
1.0677627621115685e-5
4.8747402722649634e-5
0.00015985188345750965
0.0009400488708804129
0.0011805244838943192
0.000257143015323274
0.0017161724917853236
0.0012858595595201324
0.002146460460085576
0.003626115035858148
0.0010774657543489092
0.0007033004540051829
0.00245965701582846
0.002074232047267906
0.0027841449588975717
0.007009784584602708
0.0023544780587651457
0.0022297396543739675
0.002666754025903865
0.0023368819182324474
0.000965204599172186
0.0007370015333685023
0.001720507871103962
0.001776466735016412
0.002282491397348661
0.0044159711685310705
0.0015190290307182804
0.0019133914626019758
0.0024929284065916433
0.0026714362290604855
0.0005984848935919558
0.0019258886704685485
0.0019011872934674744
0.0013109777960555941
0.0006886941817389277
0.0001832124448087515
0.00028855356609378615
0.0010205669402726086
0.001163820103144403
0.0011759870886253016
0.0015812403578766305
0.0007841281107980982
0.0011888780503572583
0.0016544546089735264
0.001348343406699923
0.00035608311542080094
0.0009711406927964715
0.0012779880905415353
0.002436849926097139
0.0002729107785060423
2.759663615022062e-5
0.0007381908491577268
0.001262575633927783
0.0008047361685243546
0.00016685104527706704
1.198679649911156e-5
7.732734073545898e-7
4.261602542082161e-6
5.063782364160346e-5
0.0002931076904993049
0.0005260555406177578
9.119145734078176e-5
0.0007206616439787749
0.000901892222903566
0.002171179005222605
0.003330669954337831
0.0012815707695797394
6.145274686431358e-5
0.000698401760498109
0.0009075912671862138
0.0017570523222061485
0.0030353299508455735
0.0010635697082397133
0.0015492197332367575
0.0017634484737892623
0.0017385995547708752
0.0007778706281480215
9.81868322791636e-5
0.0002578570333942571
0.0005422743733328027
0.0010998465282356295
0.002062166060520051
0.0007351726317141175
0.001201162430879914
0.001677030148871569
0.0016031413832745243
0.000563066708204867
0.0011352136407171366
0.0012394510045771277
0.001078496621777474
0.0008022085757496037
0.0002852787540749096
5.3586842022063285e-5
0.00016364437616674744
0.0002530496269877571
0.00022976540485921236
0.00045252634190909356
0.00024157699442366062
0.00039464917695131835
0.0006881701700002717
0.00037617976120986736
0.00017135161306909615
0.00048035923805368947
0.000617079213094289
0.0007188469248819067
0.0002172943885929044
9.657072859736664e-5
0.0002581413319598472
0.0004189812749781564
0.0004300878206871737
0.0002833561282559444
7.462132594287164e-5
1.0644385003777838e-5
4.401552673126069e-6
5.0913031765474235e-5
6.696531124073007e-5
0.00010031667172661691
0.00018660368821319246
0.00013478823856798115
6.924612499860358e-5
0.0001457052351652809
0.00017595541038192792
0.00010144254761631779
7.934684681413559e-5
8.17532578160713e-5
0.00012222972581203153
7.97001855016773e-5
2.1407926691728067e-5
3.265033977746085e-5
7.739935044044684e-5
6.210131943564493e-5
2.1663045966128076e-5
8.190076704268035e-6
1.4226701841378764e-6
4.0284324330296145e-6
3.6004833293704624e-5
6.391334475044524e-5
2.2689841208777514e-5
3.1669501671400134e-6
4.6111223322640304e-7
1.4637211276232873e-8
