3.346431986349151e-18
8.589750465374793e-17
2.5362099267615203e-16
1.3970810666572508e-14
1.6025920449569443e-13
6.391983017571596e-12
7.037253343519386e-16
9.383081103516137e-15
4.4231115132057594e-13
7.717211222501761e-12
2.212090800140489e-11
2.0652373991698772e-13
4.21842471341925e-12
5.902392372187045e-10
1.3233735469404453e-9
2.1613663168896138e-10
1.8247590829292027e-9
3.303851168579576e-9
1.4226889577161436e-7
6.817020169453625e-7
1.3347926493865172e-7
9.639792774280683e-15
3.5624805527499863e-13
5.456284557668796e-12
3.1795167843718984e-10
6.236572522609942e-10
1.2844138253369e-11
2.1148353107593575e-10
3.2377007877908395e-8
5.5274442053857926e-8
1.3806332260555017e-8
2.354319897705497e-8
5.5171953508985566e-8
9.962153245477143e-8
1.4132623223522164e-6
6.965860632905299e-8
5.667983279704467e-11
5.987287092696301e-10
5.5140344135081975e-8
3.507460651237719e-8
3.7370545035724695e-8
1.6553638613882063e-7
7.475300454777871e-7
3.2765674573667882e-6
2.3294647948693476e-5
2.92766327742331e-6
8.139062090659e-9
1.92299028865544e-7
2.5100709767516702e-6
9.61271799067744e-6
0.00010423549732275144
1.3844050703026613e-5
2.2598798112384324e-7
3.3186486953425757e-6
1.5540630383867336e-7
1.8881866524468795e-8
3.8873457397064367e-13
2.4710512450462976e-12
4.197933001718762e-11
1.960619843614082e-10
1.0004643270771957e-8
5.470277378401772e-11
8.909019733149119e-10
8.130609129566148e-9
7.318495278456927e-8
2.5329227476031197e-9
4.12005708631779e-8
9.839943938164492e-7
6.983202928377838e-7
2.6466175043741438e-5
5.328777213704145e-7
2.3489248366689117e-9
1.8683892041163802e-8
2.763869789560677e-7
6.8365648538603e-7
2.326406063693605e-7
2.5421216141563526e-6
1.9378435152755002e-5
1.74214862157954e-5
0.00048437892511162293
4.6962389538155233e-5
1.0451947418835316e-6
5.453707173468879e-6
0.00017308052138606116
6.389936927352917e-5
0.0030813002699093955
8.114775186265098e-5
8.52781198429233e-6
0.0004924290556079996
9.681678886245608e-6
1.52795136174188e-7
2.801037267492857e-8
4.02638558560295e-8
4.0047275420205767e-7
2.651051793886232e-6
1.4627163553802667e-7
8.299497753191747e-6
0.00014858735416448644
2.960844033509864e-5
0.00046905723777039673
3.1416021473070784e-5
1.3041993003265356e-6
8.192624775219224e-5
0.0006066733331643624
0.004043576889499332
0.028506403808317926
0.005132758940299408
0.00012581207936631874
0.0006515193495828624
8.170073763486624e-5
1.349353905897824e-5
8.377994269164276e-8
2.247824673974863e-6
2.1578740763106592e-5
2.7532015768841277e-5
0.0004337496952055894
3.226600281977663e-5
3.129473255588273e-5
0.00038453819786832163
3.2287000997358294e-5
3.866324897644552e-6
3.5399644098376934e-7
3.0843315155615476e-6
4.0840564430441535e-7
6.333187837318154e-8
7.672351637955141e-8
5.931644463545777e-12
2.4723026333739726e-11
1.3313074767632354e-9
2.599519499730766e-9
4.3135852207486755e-7
7.456431386753589e-10
6.951156059993214e-8
5.647310592614854e-8
1.7813382337351438e-6
2.590786690418747e-8
6.02517566931485e-7
2.927641826457382e-5
2.878474445760374e-6
0.0001254918855866162
4.119029082960862e-6
7.743376094037642e-9
5.1649067876953856e-8
9.237995998915848e-7
2.9441542780116054e-5
5.201592881122987e-7
1.6997547151509247e-5
0.0005287261870925401
0.00016569019728174405
0.002713854042574881
0.0006329708599859122
2.5751869375596705e-6
0.00014610337478533733
0.0005328392193264158
0.0005899709896691912
0.0413125156484011
0.0006946656278906152
1.8903885139030178e-5
0.00046421721772302635
0.00046627778903353574
3.2307277721021346e-6
2.5592321021060995e-7
9.311037224503692e-7
2.8966165854535563e-5
0.0001171221536767281
1.589719978834352e-5
0.00032266146083805556
0.0028089237387584213
0.0004210046344228461
0.03938242000906258
0.00043660389005446105
0.00011820291902947641
0.0025095899897810696
0.039499582539249255
0.030184229508173076
0.5701496715574244
0.029741822131448988
0.0021772303713616004
0.03904350279461751
0.003389899990513582
0.00010460884904423505
1.1971429021895815e-5
0.0003881347184367945
0.002810815843403374
0.0004157538728188977
0.03988389627733982
0.00044610013589732974
0.0002722213849918792
0.0027008403258721183
0.0003693047734103218
3.1149864146566786e-5
1.2727165806652647e-5
0.00012111405973108146
1.561542749087375e-5
1.3624252586017017e-6
4.36513243816722e-7
2.1373077268194034e-8
2.908807429893001e-7
4.0236928293039004e-6
1.3699625007322119e-5
4.972829433101704e-7
2.662279722796534e-5
0.00033764430743893993
2.0568817539580772e-5
0.0023429136493488332
2.085734237929742e-5
6.60261082397471e-6
0.0006440553138468759
0.00046996866299881885
0.0006639083523110206
0.037601983304257444
0.0006012745149986568
2.165319076497232e-5
0.0005228669895671151
0.0001675274874844904
2.564970209424234e-6
2.4185488218828724e-6
6.063535634946738e-5
0.00042612703482700694
0.0005874168960519788
0.0030372529041183074
0.0001725765468633789
3.029486413752422e-5
0.0004911728768938042
2.1081309590238604e-5
8.189350942615938e-7
3.3481566453798385e-6
4.7266079242036785e-5
1.2950942081143743e-6
5.1430268010619144e-8
3.1294571423963263e-9
2.0241790679469548e-7
3.7185733534322774e-6
1.3181898471147104e-5
5.817669665230208e-6
0.00012732715407134902
2.814323366246365e-6
4.979186293336878e-7
2.1241292094321317e-5
7.327733597830263e-7
4.236586694994913e-8
2.2581117928604252e-7
1.5907847304572072e-6
6.214830155807842e-8
7.894726097342738e-8
1.4605341705509626e-9
3.7516542442578034e-8
1.2974824262248073e-6
2.437366281846188e-8
9.204224737420499e-10
2.552454100322632e-11
8.264259639626558e-12
7.392021039485919e-12
8.608455251846112e-12
6.426876972752296e-10
1.3629726724704882e-9
4.8016897781425834e-8
3.006350619800252e-11
1.8499286795803824e-9
1.8718090616248873e-8
4.480763547284322e-7
4.387178601955554e-9
5.394484169145485e-7
3.649967542386955e-6
1.163350567205398e-6
1.281102853079838e-5
4.905430215619791e-7
7.932775779952716e-10
1.6264919029955612e-8
1.0084264156342626e-7
4.621672634345701e-7
3.3063644111461816e-8
4.759990896557663e-6
2.5417415442083926e-5
0.00011254572890857215
0.0002890518039213552
3.9919814422711936e-5
5.137288583175336e-8
3.541648184995391e-6
2.11369075938903e-5
0.00011776529642786891
0.002316383347392005
0.00015468646727712258
1.864789933289517e-6
2.1387509954597213e-5
9.052478269022335e-6
1.988213476202844e-7
1.9009466929457152e-8
1.6968873932198672e-7
7.71082866753476e-7
4.614903216609232e-6
2.1618721616253942e-7
1.626084849448217e-5
0.0004303169288798362
3.122817222468221e-5
0.000385988155301254
2.7017000617704678e-5
2.1481513789083226e-6
0.00010890097737607762
0.0006800023608689176
0.005327749155581136
0.02813003828967371
0.004521498499094396
0.00011434051509687286
0.0005488135397169111
6.571950614317374e-5
7.715045573859007e-6
1.3747860273101675e-7
5.730413964966777e-6
2.2625587151618095e-5
3.274335623034224e-5
0.00044130801263105246
3.003657219228992e-5
7.054001134502983e-5
0.00017609823792137338
1.8572091674936913e-5
4.390464852788694e-6
9.785167535076397e-7
2.724616110854748e-6
4.372515669562731e-7
8.039853466898999e-8
6.704444650703504e-8
9.108050026731574e-8
1.016891615934364e-7
1.1524690388147651e-6
3.042134164880324e-6
5.56954605712937e-7
3.0598507914338566e-5
7.073972248810741e-5
6.944548954911379e-6
0.0005336460385008948
2.8872274515313194e-6
1.6202860686033298e-6
9.136952043466257e-6
0.001067440111623461
0.00010671073457222328
0.0022850512041523783
9.1245445957769e-5
3.4777540862639237e-6
0.00013547492391249535
5.262708538561038e-6
1.7805308909455542e-7
2.867421413341694e-7
3.178170792308725e-5
3.640305920912459e-5
1.943054174508249e-5
0.00039470929197353945
9.460287738343556e-6
4.189992899532639e-6
1.7556235365562617e-5
2.672309693252419e-6
1.9096723545508166e-7
4.4789441734793065e-7
6.658669246911379e-7
3.7548187344755515e-8
2.5115296752378314e-8
1.4180428372177131e-9
1.464138141918622e-7
1.4559404394943049e-6
4.627739431125941e-6
8.682184044752722e-7
3.974785097797432e-5
3.902779220870405e-7
8.643966986041873e-8
1.0898690971079602e-6
2.5878938570370634e-7
6.007159163359422e-8
1.297083342463334e-8
5.826744095464334e-8
7.588092832943334e-9
2.375441721799799e-8
4.2117945111274085e-10
1.296536427447543e-9
4.8291275657686705e-9
2.479103018715944e-10
2.3457837581607e-10
5.761732345123837e-12
1.7559872444912232e-13
5.604559789141765e-9
3.170458427063139e-8
1.2287856476515824e-7
1.673413583042133e-7
9.174981874524823e-9
2.4455543053786233e-7
2.4259724747277415e-6
1.4455266672886753e-7
1.2241769272920957e-5
9.352900955376432e-8
2.3848480184987526e-8
9.577529777133182e-7
9.609367057170648e-6
2.1940664647575043e-6
0.00011774342405059671
1.4006182611132166e-6
5.5619506429724946e-8
2.9071225770221416e-6
1.310419712290547e-5
4.6342805196447297e-8
1.1927374410406878e-8
7.012882022881603e-7
7.057591393209783e-7
2.806252039190911e-7
1.746335882429272e-5
1.4204389243465867e-7
3.390634493285797e-8
5.283485326598768e-7
8.723841158865079e-7
4.037744557429601e-8
4.2206296063391636e-9
3.816925448539013e-8
7.91372095206006e-9
1.2935131270353271e-8
1.9812847717566378e-10
4.5166639843513874e-8
1.1693322749569233e-7
2.7381956124072586e-7
2.8480345147692405e-7
9.70575006869472e-7
4.006773279912185e-8
1.7158958670773605e-8
4.622642573458757e-8
2.2074944991585892e-8
6.221889059690958e-10
1.4439403496288753e-9
5.4655079925014444e-8
8.082134810484232e-10
2.05233675269035e-10
4.533612571217885e-12
5.360801758284636e-10
1.2613947509815505e-9
4.10804394368777e-11
5.1704619109359594e-12
4.520826167732228e-13
1.2408324520185101e-14
5.820342716032896e-9
4.256780851103244e-8
1.6505739356055387e-8
2.3494284282523545e-8
1.6406722748175934e-7
1.5191511500699477e-8
1.104774939085312e-9
4.987095284076703e-9
1.308264177361872e-9
5.2083769540979533e-11
3.535430988549767e-11
5.902722251991013e-10
3.8702675166881335e-11
9.388277242650111e-12
1.5123475383012237e-13
9.22826195798182e-12
2.0512063158507238e-11
2.0399560223778062e-12
2.7399093192530776e-13
7.234871864087366e-15
2.38129258361307e-16
7.588049731746677e-12
5.771180452682124e-12
3.888478361151904e-13
9.549643048869265e-15
5.027293911458084e-16
5.756158581203486e-17
1.983255561172108e-18
