5.69914780594731e-9
8.993619132686602e-7
1.6546225654426406e-6
1.1396623461885509e-6
1.3552918168291228e-6
1.0203851790015324e-6
2.2541191003862225e-5
0.0001059960923425904
7.529776794265705e-5
9.524046063229437e-5
7.199167006616543e-5
2.1087828459279507e-5
4.5659568192409e-5
5.573202900701825e-5
5.254967608102224e-5
1.757577175147931e-5
4.943522296105974e-5
3.816023349072092e-5
2.3975691132370894e-5
5.9165252464300523e-5
2.0217248985160156e-5
8.111652003914154e-5
0.0007683853955558627
0.0005842670698412762
0.0007933489678263095
0.0005778790523523608
0.0005185436295790892
0.0010397532557160213
0.0017258951404755347
0.0013105650390768779
0.00036225977207310475
0.0010089326091869948
0.0007256677830301656
0.0006039105415519641
0.0017320107370037737
0.0005743034553396908
6.527681180571124e-5
0.0005739344116802287
0.0005395866861900436
0.0003409531389832568
0.0005769074465016455
0.0014563188594890002
0.0010213449067057795
0.0005714692986150605
0.0008891157242590717
0.0002939507521789133
8.09122753133738e-5
0.0005807766345432876
0.0004445140074935446
0.0004893042126405675
0.0013567432235423787
0.0004210532976819248
9.176330337351871e-5
0.00060213687696316
0.0004620502590834428
3.985976899543714e-5
3.744904078685965e-5
0.0007594871573262813
0.0006908865970212525
0.000844483293338725
0.000577893086950008
0.0014532058610400155
0.0028994409945346336
0.005120077750577774
0.0033429999165280216
0.000833139807684642
0.003152902618987196
0.001987013922675053
0.0014220555916216744
0.005149308046919286
0.0011165012758105764
0.0007523324971568783
0.004214478284460156
0.005123432083870669
0.002778911895023021
0.0033586633519932744
0.011331667808111609
0.0046230613303591414
0.0022622970856582803
0.005862060397887794
0.0015688161846064638
0.0004999091223799241
0.004012343691108106
0.0030512098877072576
0.004154610478652176
0.007527722738539854
0.0033566321137429803
0.0007224361723936138
0.003953285478872136
0.005061697940019605
0.0004649105737899558
4.564587680509554e-5
0.0007173275887073577
0.0006526762328238771
0.0005141558390497598
0.0016287658851460586
0.0031522341490453653
0.003908907664769345
0.001126591373974397
0.0026043956849363665
0.0009556777484101957
0.0006087147913498841
0.0031159612265581615
0.003204480123852417
0.004907653563134431
0.014429739005802905
0.003727193995764531
0.0007102951663250198
0.004565921950346288
0.0033228962000704455
0.0004254852357514381
4.690252808784166e-5
0.0006708317521550867
0.0006345284322910005
0.002146143926258908
0.004391830165508029
0.0009462559829778144
0.00075126591825686
0.0031142358551778933
0.0015994934698792193
0.00029234973913145544
4.5107587161886095e-5
0.0006063746516728472
0.0010959572160735595
0.0005606732459637929
1.9691794498094852e-5
3.4857991613145355e-6
0.0001473755978408193
0.00013998652441278496
0.00014293501362678548
0.00011053896245280871
0.0007875827460787158
0.001810654459701714
0.0018955106942347656
0.0012875962492389778
0.000688912545578331
0.0018119832020627557
0.0012293622299558533
0.0009594875370980634
0.0017941474973538927
0.000613388766574902
0.0008737683880154441
0.006441649418142974
0.004884274558914216
0.0021126207524207433
0.004932327426170144
0.012382116265665122
0.005641514339094285
0.004162121349661309
0.009640655442941596
0.003097215911287417
0.0005567860436789057
0.0032105025400361313
0.005035619125728035
0.0027891115076826654
0.011772783478025179
0.004593193182356209
0.0006486985889336776
0.0036918837506220875
0.0039416844636475275
0.000590542883841153
0.0001313216451587867
0.0024750311258392188
0.002078677186291142
0.0009238629048339396
0.005664523197667047
0.014201681548724879
0.008618308387828821
0.005054636438146499
0.013418722624747472
0.004488882190526337
0.001996924856377241
0.012918134372739505
0.014828346659664914
0.012772615269969539
0.08796352569861973
0.01459861356266543
0.0021263615662582575
0.01171249988845468
0.007706971729466681
0.001374973573437897
0.00014675726029190824
0.0017668035843614127
0.0018702206394491697
0.0033783922834692273
0.013340373151198723
0.002628071436893588
0.001456847049972183
0.00954373275712316
0.0057803149090071984
0.0008904700772745275
0.00010515562862284119
0.001777928149146777
0.0051111376605364675
0.0017292358711111285
5.851017090061056e-5
5.019325810589856e-6
0.00016100432610595655
0.0001043781509331459
0.00013768366185173796
0.0007417808431246936
0.0019164513174445104
0.0028522106350173876
0.0009646570264420733
0.0018743018597912825
0.0006422482695199096
0.0006421377768647587
0.004247791365283829
0.008316644683734518
0.004807579418719056
0.014893627620449537
0.0032642108281346113
0.0007812581527591793
0.0050254214006206135
0.0030637149721961447
0.00044688449779963396
0.00015482081423024436
0.00230518003991386
0.002901608230547755
0.00491707679775867
0.008542273732016508
0.003840115358384814
0.001493647850054695
0.005656501202121326
0.004628288959541189
0.0010216405862760755
9.509399950554255e-5
0.0011966115776247126
0.0019526960216919426
0.0007501765989435946
3.882441671726155e-5
5.323922217884419e-6
0.00015162523779189735
0.00014064695625250038
0.0006027160148523282
0.0009301685680266707
0.0005157524235082699
0.000498911186332609
0.0020875393015156733
0.002739183240584383
0.00034554942439333304
9.716287483292744e-5
0.001275658208340088
0.0033174966418497275
0.0013165352280712752
5.22313328369957e-5
3.7772616702061186e-6
0.00011232506301476718
0.0005762085285518855
0.000563181071511401
7.033798735856317e-5
1.0045692496331449e-6
7.76539852882223e-8
5.756062333770904e-6
5.387822111934382e-6
3.887056439800178e-6
3.7697729244035324e-6
6.370172742899511e-5
0.00015489013775881445
0.00010475676654334441
9.925792219853538e-5
4.563627520525e-5
8.865521312445787e-5
9.601161167367676e-5
7.092494987578773e-5
0.00010736402016550292
4.5507027036351426e-5
0.00014518880770790957
0.0009557274483759465
0.0006703763976707845
0.0005011360280270207
0.0005673752275562496
0.001447455740827361
0.0014936007544745467
0.0012705647597438313
0.0014719737755019308
0.0007611969837468673
7.488070918753564e-5
0.0007128526480437828
0.0007917728013403895
0.0006883880907364313
0.002134110236056745
0.0007085851955204981
0.0002127776501004164
0.0006559222988916249
0.0007289103790556763
9.15048206222502e-5
7.124737591194083e-5
0.0012392717353295224
0.0009636465923467381
0.0006041770545636421
0.0022642924759566133
0.006380007946124508
0.00497133093077397
0.0028044263942927647
0.003375251337388857
0.002181101209227355
0.0008312290969901434
0.006388363391199382
0.0049092919845629196
0.005115251916118382
0.012822428352627865
0.004928087230339621
0.0006766529366424933
0.002751966783170702
0.004155032119283914
0.000495217363766706
6.472521603021467e-5
0.0011208214581968795
0.0009678229186183515
0.002804715748444817
0.005065520778291605
0.0011209733742683786
0.0012600851726007267
0.004130187067695767
0.0022363192185024167
0.0005735746719872101
7.065008536670703e-5
0.0009690164005063747
0.0014291830424158797
0.000599896392094267
2.3509496315740853e-5
8.821070170741158e-6
0.00032320915922948065
0.00020999537455391188
0.0001529935920320955
0.0016082951364941394
0.002951108709434053
0.0023017628387803973
0.0011135415057802467
0.0017125162697545363
0.0006850109995106234
0.0013577470583007987
0.006651323449545919
0.004194512659582031
0.006246203841843752
0.012891409927748195
0.0031959934597527682
0.0006967041393382771
0.003188638181410015
0.003953736253619269
0.0005880138350340022
0.0002616085479092779
0.002983941974944681
0.0018817614069305754
0.006413079151118106
0.014216223971139447
0.0031576181438790077
0.0014086322372224946
0.012329690027364979
0.011446795257983542
0.0014938774025831665
8.664625264212652e-5
0.0017975373487261845
0.0031471153114381463
0.0009941609345880459
4.856200634959003e-5
8.484612538838305e-6
0.00021283326574645593
0.00010366617862843864
0.000966959320889689
0.0020662031856355243
0.00064712970517134
0.0006722153920920495
0.004876213373908948
0.0051786623286252656
0.0005556372743599871
0.00010490245745397308
0.0018893974351798354
0.005180226007385876
0.0017690425263589779
5.7058141866463504e-5
3.954999103454345e-6
0.00014518771327992389
0.0008540642760857399
0.0007804767530257432
9.325943842688294e-5
1.332967270247703e-6
1.7539822485446358e-7
1.1259091584496331e-5
8.353499789703722e-6
5.406723811414969e-6
0.00012643674880586934
0.0002592494005057756
0.00015662276283312222
6.405717056563518e-5
0.00014404908752722236
4.623335799752262e-5
0.00027296614387055916
0.0013592716752308187
0.0006402094845134665
0.0008260080790205564
0.0019866784204949756
0.0006019243966553843
7.32970091416752e-5
0.0005475036387438552
0.0004924322499810246
8.027130440419092e-5
0.00012700796720427503
0.0016136390407001443
0.0007323249404381651
0.0022819627785890073
0.005718448646539727
0.0016338316736302862
0.0005530284030679347
0.00487714520992686
0.0033713423486084254
0.0005764995874142131
4.424741496003623e-5
0.0006787980815169114
0.0008432203451569954
0.0003588538795137572
1.7270275850578903e-5
1.1365221952879336e-5
0.0003246988273824257
0.00016013082190517955
0.0012441261723214808
0.0024836007242163625
0.0007433887670341497
0.0009484589016946608
0.006452913531636772
0.004219047495772099
0.0005812383406022695
0.00015208364583201977
0.0018028888457857245
0.0028826415681546804
0.00104299025082049
4.532532259011198e-5
5.256965589835414e-6
0.0001369661486860563
0.0006802537646392028
0.0005832108607369736
7.517842278761635e-5
1.1358242352349084e-6
1.7705619696149327e-7
8.847878322593455e-6
4.971765241173158e-6
7.100286364243493e-5
0.0001313627754794336
4.722992640329842e-5
0.0001424843880542008
0.0008614443728201859
0.0007586319102191208
6.623585459892757e-5
6.234778134852969e-5
0.0007737232421814145
0.0014502818238383002
0.0005207527172441138
2.0976533657535473e-5
5.692193922618865e-6
0.00014770017293491664
0.0007659874213162717
0.0007640087749892691
0.00010506315409869543
1.6406393742641715e-6
7.732676925289504e-8
3.5078489820752594e-6
3.748825301573613e-5
8.054988527143738e-5
2.2310332151734267e-5
8.886676718630028e-7
5.625400822329044e-9
