5.072165650800389e-15
6.707012924693826e-14
6.453345457335925e-13
1.7262069358843004e-11
4.836726057810724e-12
4.9706321140970373e-11
5.358733081196853e-13
3.5005893864993265e-12
1.630455084764521e-10
8.139298050694837e-11
4.483662936274751e-10
7.901005376755767e-11
1.538906672167973e-10
1.3051972703239926e-9
1.6457445024012573e-8
1.9602206821117927e-9
2.103793666835967e-8
2.9000795483759904e-7
2.3249423540486269e-7
1.937387958570674e-6
1.3167143847014343e-7
5.3255811563866925e-12
1.1352303116787457e-10
9.409690238950402e-10
2.07568378866134e-9
3.95173221568113e-9
3.495456852639871e-9
3.3699009961494718e-9
3.8964772614467054e-8
1.3598918280095341e-7
4.809717670868964e-8
3.099009069799825e-7
4.811830006957876e-7
1.621317775874664e-6
9.874841026062909e-6
4.607297526773873e-7
3.4083954233105693e-9
1.6073890894373695e-8
1.0646570130600235e-7
1.5803904228524668e-6
1.6437520188570225e-7
2.226866237736552e-6
4.451703670708169e-6
2.1427205308662463e-5
8.768161263068584e-5
2.181049361622577e-5
1.325489249151565e-7
9.138912247935928e-7
1.1932554752501137e-5
1.801559229229898e-5
0.00024440666609936427
4.7802357831096657e-5
1.5567858502658404e-6
1.294638466074986e-5
9.939047951704074e-7
1.2444641580461626e-7
5.439072057299312e-11
6.116745609129672e-10
6.50229164058812e-9
1.798821432695561e-8
1.0133746218455778e-7
1.2356483076761636e-8
4.60116981754581e-8
4.965250201058822e-7
1.273595235917743e-6
1.8466413926568315e-7
2.7529907812283805e-6
6.930193727250415e-6
4.813060801604267e-6
6.278045579728462e-5
1.9979486598824745e-6
5.12270335145828e-8
8.230641256291622e-7
3.7856307809243074e-6
1.150695263218685e-5
1.2351703730764093e-5
0.00013106677648903038
7.124166126065689e-5
0.00011751220772553124
0.0009351477901927944
0.00014507506508730194
7.5377510441887595e-6
2.6017272727339225e-5
0.0003718549722267471
0.00015921653536238767
0.004131903350615598
0.00021315072296213572
5.013909763671122e-5
0.0010345094446905562
5.1936828445554086e-5
8.922865211805894e-7
3.2139199329076563e-7
5.359559186880855e-7
3.9982219536140485e-6
7.843150627555848e-6
1.2497977684585998e-6
4.7508582775223946e-5
0.0003914232746039634
7.416084205103545e-5
0.0009677829377242697
9.135607430153434e-5
6.0760501426744796e-6
0.00020745114293857682
0.0011671906770275842
0.0061453319610030935
0.035046793029922585
0.007594853806029502
0.00040837435811631045
0.0013349110271942556
0.00021750294413544016
4.201094748172232e-5
1.213347506913879e-6
1.2419187490107377e-5
6.527485818691903e-5
5.653297552210413e-5
0.000817987517979829
9.061967694403405e-5
6.859721418041358e-5
0.000944262063907239
0.00013164098735316527
1.958131639832949e-5
2.055735881838145e-6
1.1293332575080133e-5
1.895332816682112e-6
4.2946370878445255e-7
1.3164047028841664e-7
1.8176789203202043e-10
7.037818030226933e-10
2.7018214206077918e-8
8.045106931543966e-8
1.1287382515740957e-6
1.792590708476107e-8
1.350508199673306e-7
8.538730515139454e-7
1.032293679310928e-5
2.0140324527690654e-6
5.352280658269342e-6
0.00015621162953980626
1.2209713654377455e-5
0.0002865643098647293
1.1484694663781185e-5
1.0141509495952468e-7
1.3697459136472568e-6
9.258496358176222e-6
7.454935474337605e-5
1.0073254197960592e-5
7.566410599637006e-5
0.0011526477676784567
0.00037736837938621813
0.003947585941477849
0.0010397488322192957
1.5008836801897444e-5
0.00036389198291659553
0.000941091280967566
0.0010664615303103018
0.044780446012243603
0.0013190636626111427
6.182579074141446e-5
0.0008978160410977457
0.0010618412361078095
1.220857017609526e-5
1.0628490995994176e-6
1.1991484997142437e-5
0.00018127127500525532
0.0003153370671083537
7.535758481639128e-5
0.0008815047891470133
0.004501161283542964
0.0007662301879965836
0.04636750985188755
0.0008114630570006792
0.00031304566717395
0.004359143493507503
0.04378995361804823
0.03414895953420276
0.46120412889553714
0.03457032789301658
0.004500134870330104
0.04604731022167032
0.004563331529668962
0.00022251856949962793
9.31841668393902e-5
0.0009634815364056126
0.0048023524608330525
0.000814697798338294
0.046514569902053465
0.0008814744066738357
0.0005534738013626913
0.003945809188019118
0.0008479862470149559
9.530319147168357e-5
6.900490303233579e-5
0.0003052549983655957
6.435383512797505e-5
8.8924226931972e-6
1.4769839940739504e-6
5.113681905785358e-7
2.3885232541407578e-6
1.0382009619480812e-5
8.764954613542512e-5
2.061238027151808e-5
6.72733080373937e-5
0.0007534124133726855
7.491405365431841e-5
0.004209506361179485
6.12801741358145e-5
1.5265348533497978e-5
0.000523793355964575
0.0009337420638081044
0.0013863086388909741
0.04426273323216416
0.0011518675043644545
7.21271448856798e-5
0.0009402426113297953
0.0004180954878225122
9.729671276488378e-6
1.3037511087356868e-5
8.516567232576421e-5
0.0008169676226117614
0.0004104901072426648
0.004114973851335897
0.0003321766049968936
7.539332490283845e-5
0.0009709637969108209
6.960344477602606e-5
4.787097215527722e-6
1.6135794969577665e-5
0.00014947540992249828
6.934357011389514e-6
4.1904215559102217e-7
3.592196418542379e-7
2.947708254268117e-6
1.3748953390720816e-5
7.090746626859352e-5
1.0672964873576174e-5
0.00030400381759935585
7.570214847649993e-6
3.009886515827856e-5
6.354539020516863e-5
1.1394322720376589e-5
1.730678737547369e-6
3.392691075380148e-6
1.0798625671759596e-5
1.2838416578598061e-6
1.2981359653778587e-7
1.935782765991688e-8
4.5049027230734573e-7
1.0414671379812604e-6
9.04350007237105e-8
3.8454834288209885e-9
5.50826802771239e-10
5.873738173004394e-11
7.575193668353028e-11
6.532334741225993e-10
1.387016447112497e-7
1.0492548804523653e-7
6.93587591600107e-7
4.793440401408239e-9
1.1515992894102627e-7
4.161408392396921e-7
5.8647961700690895e-6
1.3468536104485027e-7
4.181112197067297e-6
1.3905671488035478e-5
6.612251943739788e-6
6.721887116578535e-5
1.964102029398987e-6
3.0462811649569313e-8
1.3847276668242898e-7
1.9662419110047332e-6
3.24879687558375e-5
1.2228223758624745e-6
1.9558074547670023e-5
7.360496609581073e-5
0.00021555192351312749
0.0005617592373257525
7.304829894217468e-5
6.161639208497672e-7
1.6692829620349515e-5
7.478183375456219e-5
0.00026264797953126585
0.003976296784197078
0.00041371400425531136
8.15458208529034e-6
5.733515030902309e-5
4.8118218474294336e-5
1.46692438585251e-6
1.1120124917931892e-7
8.850883030842993e-7
5.872175012444879e-6
1.1026565807541664e-5
1.917219669983961e-6
6.120567016940232e-5
0.0003667365244028716
8.53694140162375e-5
0.0008051491546059016
5.7751206301422976e-5
1.2410443345105112e-5
0.00030076282938876474
0.0013682198686570707
0.0071083732152272825
0.0333305498817051
0.0061634010062109525
0.0002848084788946395
0.0010760025249313358
0.0001697872023124352
1.668284455131123e-5
1.811128179609207e-6
2.1204938616999376e-5
7.774102419452425e-5
8.26566025738265e-5
0.0007603160538157633
7.452911659314008e-5
0.00022279100486881663
0.0003724900557568627
0.0001050428606450013
2.2446033017555376e-5
7.531780082327316e-6
1.3045959996543358e-5
4.704998549946846e-6
1.3581660475122757e-6
2.5035925985808306e-7
2.342934632977382e-7
5.955776341790778e-7
4.034889500134242e-5
1.3432321532935564e-5
1.8847169358537013e-6
5.985846825020205e-5
7.485609566810441e-5
2.3400240516046085e-5
0.0011396540153932472
1.3606009534959797e-5
2.1964170883725268e-6
4.030070536002603e-5
0.00044139527175837413
0.0002838249221629362
0.004194193569413108
0.00020185096946591963
1.6815820045986585e-5
0.00033113398598311525
2.394218392478865e-5
7.860074582203945e-7
3.854660242177277e-6
5.430131934149629e-5
7.186955388566262e-5
7.05040977890438e-5
0.0009153058099528912
4.3788854990411384e-5
1.772071349164026e-5
6.413814908297749e-5
0.00010361000791234535
1.9334097705954964e-6
5.145219700559841e-6
5.4081172210788415e-6
2.3322342369219877e-6
2.6748873970367257e-7
2.072130787701028e-8
4.8225065927419765e-6
3.2950270438602124e-5
1.3356646058387419e-5
6.562146366147995e-6
0.0001760629288459591
3.9667495922745166e-6
1.7986099493200129e-6
8.856158526881246e-6
3.2290350455511164e-6
1.339630834955139e-7
3.5423392860342714e-7
7.456834153850732e-7
3.402758864201379e-7
3.390397217672638e-8
1.4169526991163372e-9
6.014330074147136e-8
7.222551217233285e-8
1.6480478580623224e-8
1.8597857969740215e-9
7.985120995877284e-11
4.899988969884394e-12
9.458262338120833e-8
2.9420868589970297e-7
4.6264629448884706e-6
2.5780130140293934e-6
3.659727802889235e-7
3.275937988647275e-6
1.1183297662550881e-5
1.81819584426999e-6
8.367784917631004e-5
1.1136027748435713e-6
7.605360813156139e-8
2.3015870841754212e-6
1.4880395661299129e-5
1.2094334279123008e-5
0.0003060511144832046
5.719721846713083e-6
5.97623977464568e-7
1.5386279562048764e-5
7.039453425820611e-6
1.2413419934808517e-7
2.6944543085102254e-7
1.800730483022385e-6
2.2575383669123215e-5
1.8095564047736958e-6
7.574992799110499e-5
1.1770683339581312e-6
1.0901638544307526e-6
1.0638389060419093e-5
1.0303841533852408e-5
1.319479032508439e-7
1.30910112953277e-7
1.8950510303630249e-6
1.691330885669052e-7
4.998409923652094e-8
2.0804596395872035e-9
3.563873791750977e-7
7.02242091533347e-7
2.834413226193615e-6
1.4262831554779453e-6
1.2572199806235362e-5
6.272735435999186e-7
1.464002087742828e-7
1.3589120571784845e-6
6.305001358770577e-7
1.5251684530080347e-8
9.110978635422758e-8
1.2474350019073875e-7
3.952418752288631e-8
2.891558276674723e-9
1.5480365123033347e-10
1.084318773594019e-7
2.4981187662513994e-8
5.997517717607101e-9
7.73946605018929e-10
1.5984439385208393e-10
1.9179713405838323e-11
1.076452372877758e-7
2.4654637846391125e-7
6.168770931993637e-7
1.2619588297547133e-7
9.827964641039108e-7
2.9879479576275986e-7
3.937591350025361e-8
9.114681587229923e-8
4.7026222906549815e-8
3.252472502402372e-9
4.785696278367804e-9
1.2213728710075194e-8
9.324881620960687e-9
2.065144633500095e-9
4.625881615595342e-11
6.209982298118161e-10
5.777685769750211e-10
4.765878618741155e-10
7.021910578804909e-11
2.3091563168534985e-12
1.011787765762837e-12
7.600467117224099e-11
1.977062306717142e-10
6.460885769809598e-11
5.825914697887056e-12
4.4793114911756186e-13
5.3991321921189597e-14
2.061693421152142e-15
