2.968113098885238e-11
9.064713071775515e-11
1.170273598810939e-9
1.086725993025331e-8
3.1436364573131594e-9
3.7360957328096573e-8
1.7568406345239128e-9
5.179146002649964e-9
3.220030241026009e-8
5.195066941385687e-8
1.3198867550362733e-7
1.0836099732967561e-7
5.5265580837850956e-8
2.1853388729114328e-7
1.8939899256804978e-6
4.638852680452556e-7
4.577473436770507e-7
2.7176620670418807e-6
4.31740975832208e-7
3.345544092773493e-5
2.429088372802075e-6
4.5763568540421645e-8
1.265170455241286e-7
3.1770126494571686e-7
5.173570635246948e-7
1.5677093560649716e-6
4.65983487717917e-6
1.1830743911934474e-6
4.591957615741019e-6
4.5728115207798335e-6
2.021818444116451e-6
6.210680196050514e-6
2.1143433888044214e-5
8.58512171159742e-6
0.0003617914222490451
1.3349993234136537e-5
4.128892312246744e-5
2.9141221668672227e-6
2.4265861849960365e-5
4.008756457551559e-5
3.4420994247857913e-6
2.3541492792552167e-5
7.28803754147588e-5
0.0004403350610171321
0.0009097953903358426
0.00024558702806983256
3.589592599964874e-6
1.044088848758829e-5
6.366492510925159e-5
6.23336703850765e-5
0.0008453238112787344
0.00018499822824027354
9.386748869464198e-6
2.7768774495154146e-5
3.1312653657417663e-5
2.689305629075453e-6
1.411972849129897e-7
8.606993324917162e-7
2.0882761387128215e-6
7.937031540629248e-6
1.8260156355322496e-5
4.39323302969625e-6
1.882718184859187e-5
5.1745759464370685e-5
4.4348522503182366e-5
1.1555496821500193e-5
3.8649879614629265e-5
0.00016439162439771596
3.2856286116125365e-5
0.00022714976491935296
1.7975266936021982e-5
2.134823785107078e-5
3.056247881310366e-5
0.00011842178367697742
0.0001279492874594179
0.00019032426956105765
0.0006219956519921243
0.0004313745862690772
0.001598785999174126
0.004077765227823957
0.0005677462332404885
0.00011847069629928331
0.00017745700824800474
0.0010639831438157038
0.00043750241836447315
0.0066012642070198925
0.0006830708576312083
0.0001948110012870142
0.0008162712025484128
0.00023403842407063099
3.5698138018693496e-5
2.5982432635096933e-5
0.00010436154506011847
6.839785268713214e-5
0.00012051245609319422
2.468619944960842e-5
0.0004073993626418285
0.0010130779256926953
0.00023274319030383318
0.002012399440062925
0.00029419489834116714
5.134716364653362e-5
0.00045304562913640065
0.002179339792079975
0.005483707897364317
0.037188955384394456
0.011812038272309455
0.0014356062710821965
0.0031137181722168832
0.000717281308709717
0.0002124680994701575
1.8964061594230957e-5
7.707117754185477e-5
0.0002848980959158117
0.0001329473287101619
0.0017072234642333112
0.0002853620734683768
0.00021971146241781718
0.0007940731444221022
0.0006031713652038253
0.00022932964629983346
1.5535523331699895e-5
3.421625399398727e-5
1.7723059479906694e-5
1.38677344923052e-5
2.416927500467853e-6
2.0117246563424825e-7
7.750302754912406e-7
1.3014127309070386e-6
1.1618396727602926e-5
2.3052652650716903e-5
6.4067069603973904e-6
8.371109045319485e-6
2.424189564501641e-5
0.00014704069508837588
0.00011309442201612349
6.46652179818292e-5
0.0015973542097659614
5.7452999796782634e-5
0.0009502895080267644
3.323293099519707e-5
8.44617592626574e-5
4.09478673790204e-5
0.00015082720544870663
0.00032034707357029603
0.0004300535868172604
0.0003958317178652702
0.006703948795929256
0.0016811160252332834
0.00696682861081034
0.000791573923123016
0.00011426376333394382
0.0008606783876732546
0.0022441919317323657
0.0019207683011389467
0.046422249041437894
0.002936257955127611
0.00025825137277120966
0.0018133730083356528
0.0008492892926874766
2.9092944799589576e-5
1.27898890471591e-5
0.00020012667729928495
0.0014862199225931909
0.0013063289640587955
0.0005366223364169207
0.004773568427498258
0.008940199476410652
0.0018024559973584945
0.04662113813456574
0.0017182620820786199
0.001023855813520446
0.006369722017370707
0.042782604704390534
0.030794157664492307
0.2968508185094571
0.03628655484961775
0.00767344508524232
0.04900021145448502
0.006934740950711166
0.0008895472006821753
0.0004447523250471555
0.0031328331808188744
0.008338791152803336
0.0016804653844051292
0.04761145733639103
0.002070295184526355
0.0024901216888198814
0.007217219442494349
0.004366751289738453
0.0009259106381642315
0.0004866194145302308
0.001087349779488053
0.00024412185647902586
0.0005118158955901311
4.399064542329517e-5
2.444903624577464e-5
0.00013736642957133148
0.0005079754447091107
0.0006298795967459158
0.00021316578534322353
0.0006190868686265043
0.0035748304435847633
0.00030740773169291464
0.008277165031953701
0.0002864314739733937
8.181874820137612e-5
0.0006066018278113127
0.0020193369467571163
0.0028623160537287933
0.04294193480569924
0.0022305845042345975
0.000304742976951344
0.0022875267116317433
0.0010819302969357826
6.82794545866263e-5
0.00016783982971547978
0.0003225959682573533
0.0029679113678985434
0.0004939731092337967
0.008872480955264552
0.0009958997996243031
0.00045418614513456016
0.00597157175492278
0.0004261155112363444
7.138369087932634e-5
0.00021358344982261792
0.0015156804893018383
0.00013419612098451752
2.08840649333147e-5
2.8690159075655916e-6
0.0001196771938079822
0.00021258653223448133
0.000545984950814013
6.887248615865249e-5
0.0011886104135183208
9.665897439480612e-5
9.152058643022688e-5
0.0002767273309174425
0.00012591374990214143
3.8187780745278214e-5
9.130863169726034e-5
0.00016927637435071993
4.534941260117704e-5
4.709316283942423e-6
1.9266635726692053e-6
2.165539289779983e-5
2.6408057333258592e-5
1.6140882579790197e-5
1.4992056023744563e-6
1.5261922215617849e-7
4.0623076326609516e-8
5.434548370056009e-7
3.1979480117039294e-7
1.699831289594214e-6
1.819801150733738e-5
1.6330690976988945e-5
1.0104698722245113e-6
3.952537813626914e-6
3.462468025924545e-5
6.548622446723738e-5
5.793427187975258e-6
4.8368673096091744e-5
0.00020612485842571104
3.972825956349098e-5
0.00040335826657451147
1.4102905161931817e-5
1.1289461399720802e-5
9.213338803701833e-6
4.6804088370891464e-5
7.316142141471472e-5
2.0759109569419834e-5
0.00016054298080839382
0.00043720989073114063
0.0007330002655004262
0.001963515115846861
0.00019145174123730968
1.3833842409370435e-5
9.232721626784555e-5
0.00030273647500995374
0.0007879447298460545
0.007185916344919783
0.0014935804888217977
7.449632629680185e-5
0.00025242668845632427
0.00016931213684626928
9.985629417644395e-6
6.516317531907921e-6
8.728685711489698e-5
8.26132392463731e-5
5.758017505346197e-5
1.7605243965169628e-5
0.0003568851441263646
0.0004661772808221223
0.00024042722565169273
0.0016561785009625936
0.00013339574102980825
9.195456123495145e-5
0.0006634036657629901
0.002727073099258975
0.008138243701809543
0.030029379115646085
0.005368772987015168
0.0007499929243952095
0.001979995793735538
0.00043819264899279636
6.341789221244392e-5
3.4023341251163865e-5
0.00014733342920612955
0.0002996301643345982
0.000262960686405556
0.0018597827241311083
0.0002434285715957258
0.0009319424688835812
0.001817804882966549
0.0017700669696505906
0.00046516407173971585
4.538171202266665e-5
5.954363471733264e-5
3.626322033795085e-5
9.98532487510696e-6
5.165118855057918e-7
7.584888544964046e-6
1.603608103544296e-5
0.0005662007336093113
0.00015717184755799685
8.73408988986178e-6
0.0002305589564993691
0.00030384078201856356
0.0001385649308577129
0.0030133793553161954
7.450349714317602e-5
1.7264640805352882e-5
0.00018530717425974697
0.0005987302947685698
0.000666600321445229
0.006670301501203285
0.00043272939429433565
9.111169517673234e-5
0.0009169122382315158
0.00018857840926102715
1.1002402693623209e-5
5.105279717668121e-5
0.00023011590694429647
0.0005428049201949587
0.0004084887153827503
0.0050419047291343794
0.0003488277479023452
0.00017108107236407747
0.00041464900508575826
0.0006500185780105252
2.3980385397241522e-5
5.167885362245552e-5
6.758538951204536e-5
4.225980804498429e-5
6.689609092855081e-6
4.935286126668362e-7
3.329788657642518e-5
0.00048231878707299616
0.00038217266817946495
8.293119758795332e-5
0.0015283955877198633
6.435702008274193e-5
5.9837927458116434e-5
0.00014021147196838858
0.00011443243539129568
2.1002538676361123e-5
3.513581432142985e-5
2.5145680557168536e-5
4.4145415350369405e-5
3.920148957134526e-6
1.7984992499713288e-7
1.3356146619223966e-5
1.037750749675424e-5
5.689984475899262e-6
3.9363325727510203e-7
3.2677319488758175e-8
2.652364252652738e-9
1.0203736519218646e-5
8.14232052545805e-6
3.604215448737877e-5
0.00010296383414193582
4.94115615856915e-6
5.1596507219234785e-5
0.00016962537428352352
3.72937760284403e-5
0.0004717703241216483
2.043871274385337e-5
1.5260784627798887e-6
1.7887945542882466e-5
8.384241250032842e-5
9.701409234178098e-5
0.00112341769237028
5.504100231267393e-5
1.4414830494125767e-5
0.00010801500440209543
0.00012157591029832038
3.723532324824467e-6
5.359773619255786e-6
8.441740897128773e-6
0.00021457716574196353
1.948318145346489e-5
0.0005702833526316396
2.4887228553676528e-5
2.076554286140823e-5
0.00045932909817487894
0.00018464850271778362
3.817223498240423e-6
5.648272587362202e-6
0.00012100281898246234
1.1264427057883805e-5
1.830922426694023e-6
4.4221868347681304e-7
9.588737623124326e-6
1.4485310296291878e-5
0.00015835905398380859
9.129503261904303e-5
0.00019062130589917565
9.147632625695936e-5
1.1279442211855343e-5
4.503676890031398e-5
2.9546619523691365e-5
2.8299079953858795e-6
4.2024968690145355e-6
8.313594480278731e-6
2.097498051827774e-5
1.3176159158963458e-6
6.089043263345527e-8
1.7494633483177796e-6
1.3421134937215077e-6
2.4680042372231486e-6
3.792346551243313e-7
3.6832836170314937e-8
8.362666054024029e-9
1.337012620411068e-5
8.214132712089429e-6
3.2712303462915456e-5
7.794683416496455e-6
1.656553295050268e-5
2.114964881246312e-5
9.609558640435567e-6
7.258779863777741e-5
1.8898782371784296e-5
3.9459165496523084e-5
9.363336875680194e-7
5.65328542315347e-6
3.759179347142616e-6
4.33792757750469e-6
9.49998680926796e-8
2.799452250596319e-7
7.016556078837584e-7
8.217404347773074e-7
1.1870780981073641e-7
4.976023132260978e-9
9.98382761964883e-10
4.876174643738789e-7
1.702265597257688e-7
1.246250257489758e-7
3.945207629752323e-8
1.5164846874398102e-9
8.932683115682568e-11
2.812294542233715e-11
