7.140831104896627e-21
3.6452873903693494e-19
1.1558085561265867e-17
1.6511268703526877e-15
3.954702431525804e-13
4.552636904882925e-12
2.8151167047579686e-18
6.287284402943411e-17
1.812499566086351e-14
8.125586109364772e-14
5.497692707914541e-13
9.996424998244561e-16
1.2662621675772098e-13
1.208241651742287e-12
7.379246191222193e-12
4.4323707303911444e-12
1.1150137241773697e-10
1.6327996710386234e-10
2.8781966307379137e-9
2.2927750593152935e-8
1.6432618592539714e-9
1.9254432405531772e-16
4.324693909747504e-15
4.699922743720813e-13
1.3784644206610571e-12
7.874710448261815e-12
3.3887849851763384e-13
3.81032120354549e-12
6.867712848981819e-11
3.462359484636166e-10
1.5971323217887984e-10
1.824059376789426e-9
7.433744427862703e-9
3.139122019240373e-8
3.70557795799762e-7
1.487907361469108e-8
3.760034339958243e-12
2.424686032433226e-11
1.2951328663488928e-9
1.4422137148885104e-8
9.552845625866164e-10
3.498064659960054e-8
1.2274147307490937e-7
2.538360303439428e-6
9.710343183775421e-6
9.927724776305545e-7
7.311745053144137e-10
6.931094459013212e-8
1.065213962518254e-6
6.132384210417113e-6
5.894301576738958e-5
6.295425676440528e-6
8.916066643797323e-8
1.649501831938713e-6
5.471258477202371e-8
5.453277604662436e-9
2.883076573653112e-14
1.1061216108021441e-13
2.2554779908021373e-11
1.0094132730566969e-11
5.555770616878286e-10
1.4144695979122303e-11
3.2167347900790127e-11
9.94106736626356e-10
1.0387294739428188e-8
2.1415815991055188e-10
7.108834129302815e-9
3.2436151639642817e-7
1.1694130502697964e-7
8.372962418562126e-6
1.3255955658440297e-7
1.1707410965050184e-9
3.84782479080915e-9
1.1653687494030479e-7
1.7552338027661505e-7
1.8472353937549242e-8
4.199262063262894e-7
6.182386327092813e-6
4.839897468674696e-6
0.00019862622505831186
1.1838156775956618e-5
6.377782008100324e-8
2.131798870670958e-6
0.00010838582039474732
3.736039605975627e-5
0.0022672225670253778
4.410985193409494e-5
4.015833354592841e-6
0.0003240852535281626
4.721734820064368e-6
4.778445972429924e-8
7.317397288454734e-10
9.954408113205487e-9
3.9470730394970676e-7
1.039149117542873e-6
4.940287310734312e-8
3.542753411541583e-6
9.42861917685641e-5
1.8762448161293576e-5
0.00028248173689225073
1.8429988222826666e-5
5.202179893432673e-7
6.116570824675138e-5
0.0004028377908601014
0.004578974123496956
0.029477975856261537
0.004492736479006482
9.37268472768164e-5
0.0004159480949693202
4.2021028289053205e-5
5.767648160617152e-6
2.2227011960332572e-8
1.449824283003841e-6
9.443337021990015e-6
1.6561899522239606e-5
0.0002767734887612276
1.9653032594057576e-5
1.6176545754426273e-5
0.00042007089525492345
1.8336421082002527e-5
1.0869423343803806e-6
1.122424253064827e-7
1.859282112907861e-6
1.5125286737061406e-7
1.7308534028411808e-8
1.7143465057532253e-9
2.0646708586034454e-12
5.352404941887199e-13
9.475466328467818e-12
2.1981598765250102e-10
2.266111653516147e-8
1.2296406283094855e-11
2.4686104347020847e-10
1.08264364654701e-8
3.823805361481496e-7
5.133044979973475e-9
1.6636977344859513e-7
1.7450792885749814e-5
9.995046809242622e-7
6.516582829720546e-5
1.5041373645461498e-6
7.582651462256169e-10
1.1667973305082312e-8
9.334381648513117e-7
6.285802524692369e-6
1.522103297325457e-7
6.782216241869253e-6
0.00021222230825872253
7.770259590542705e-5
0.0019599434137998963
0.00024808309538011284
1.1851733219334176e-6
9.424128460308007e-5
0.00030231946379840214
0.00036968985256645345
0.0350247021318189
0.00041442483213898406
8.020011169861408e-6
0.00027405413253536395
0.0003489191778515179
1.6353626038875794e-6
2.2479904888936355e-8
5.527126966305396e-7
6.527587347319223e-5
6.360357571498986e-5
6.072373278482745e-6
0.00021313692711991984
0.0025164046879226575
0.0002605571126668028
0.03477719735601137
0.00026787276599939656
6.30373274346559e-5
0.002067766361081007
0.03493912060023617
0.026456149928587296
0.626393877419063
0.027398387436598278
0.0015926040225269886
0.03417968782737115
0.0018130630021306023
5.087600414350189e-5
3.915947982651247e-6
0.00019754426821877392
0.0015905765366462275
0.0002483287921239729
0.03513717109949995
0.0002834838903198272
0.00012865243973588715
0.0023757144028321566
0.0002513721597935587
1.6072661172138328e-5
3.371853179847193e-6
6.854104121936007e-5
1.1832060046484225e-5
5.184190461973996e-7
2.093735872111369e-8
2.3743702736646454e-8
4.751643857382899e-8
1.0190514060747132e-6
4.254001564929137e-6
1.2920079326221325e-7
1.1797334046844274e-5
0.00021487118112623846
9.557941982428534e-6
0.001697451506822979
9.46763400634371e-6
2.7991674140758607e-6
0.00036445697878798754
0.0002654945969486386
0.00039488252216466675
0.032566540781826914
0.00038684977841096354
9.739876770148843e-6
0.0002961254971974251
8.304488657943588e-5
9.131941427126843e-7
7.947359456836313e-7
2.453657449146736e-5
0.00015309208350293337
0.0003523607606990794
0.002185478798761963
0.0001025529079736687
1.1572494611243593e-5
0.00020706666934930957
6.965330030578048e-6
1.228986023097723e-7
9.075107526753402e-7
1.384612820351262e-5
3.2420087812062005e-7
7.82777242783747e-9
1.6565621466754817e-10
1.0084809044346272e-7
7.444722580484131e-7
4.605269340558889e-6
2.4298244068111016e-6
6.606564982689977e-5
1.0513781155429133e-6
2.0048414867863215e-7
1.0536899110284838e-5
1.9337385614839843e-7
2.0216602059448158e-8
5.527301369994674e-8
4.0197530642821197e-7
1.0901081735452254e-8
3.7951442094993665e-10
6.674436121082017e-12
1.407622596773784e-8
1.8315172042712937e-8
4.4567039291979624e-10
7.160254283560506e-12
4.051624168836041e-13
2.0879152611118842e-12
5.273276940990738e-13
6.7162297065816824e-12
4.858276880854186e-11
1.7779610049116412e-10
1.591102747813194e-8
1.3655614597579115e-12
1.2734009149430742e-10
3.4060869884108006e-9
3.179180012762975e-8
9.518403784455044e-10
1.8747827407190647e-7
1.1249758485988062e-6
2.001315162149901e-7
3.36655604593313e-6
1.0097277571072601e-7
2.133297414455776e-11
1.328414259041545e-9
2.121804963272432e-8
1.5051253456916357e-7
7.75672397806086e-9
2.000239700941565e-6
1.0228015511293177e-5
1.9485213016939395e-5
0.00011233232591949545
1.1879724841767997e-5
1.378310673370303e-8
1.5286412076399795e-6
8.19404464728576e-6
5.738324870328509e-5
0.0013557117163453766
7.470346061569574e-5
6.556904776177114e-7
7.918830335028476e-6
4.150910178376562e-6
7.925663942934829e-8
5.487373051306657e-10
2.4820446946464702e-8
5.284910626136231e-7
2.3095386072157415e-6
5.768980529870067e-8
6.624820311935876e-6
0.00032820874792834103
1.8027713953152524e-5
0.0002543379465135891
1.634372139480148e-5
7.700036556066628e-7
6.629267885783843e-5
0.0004083250126335876
0.004313951381808769
0.027462161280390036
0.0044889993977130635
6.319198969795648e-5
0.0003573917159528115
3.654537109833649e-5
5.748539720715472e-6
3.324656715654017e-8
1.7855496068515136e-6
1.0041797128883864e-5
1.8958326084038864e-5
0.0002828039871009184
1.9716116174424056e-5
2.2335990908028678e-5
0.00012135581584922354
6.256698451703092e-6
2.8256756427957297e-6
2.1565876491288635e-7
1.2767300289360443e-6
1.6170513217424374e-7
3.877487974469885e-8
4.205992520074868e-9
1.1685513513823713e-9
9.28406015107673e-9
2.522628654124818e-7
5.515309549694587e-7
1.3010548081243772e-7
6.790890089316205e-6
2.3972522995911945e-5
1.6440157376125082e-6
0.0002392636959175698
1.5462575009077926e-6
4.6149703147108063e-7
3.6004569174155285e-6
0.00032443516544353857
6.088883935166219e-5
0.002494335995903682
5.710778307932459e-5
1.5882830143711297e-6
9.260714589255048e-5
1.8866705964829366e-6
6.117190349066462e-8
1.5445497566076853e-7
9.095566354258054e-6
1.0983035179147306e-5
7.181942652926885e-6
0.0002706225232877944
4.1029889833234775e-6
2.6479961621596777e-6
7.057578075887951e-6
4.93032777857439e-7
3.4309875175276744e-8
2.4152444590614974e-7
1.7349871321140945e-7
7.855055636661342e-9
1.9753028980759635e-9
1.164725200555524e-10
3.3322663967710745e-7
2.9818159314036887e-7
1.1280925747718001e-6
5.429605117102016e-7
6.98686796376607e-5
4.704454303102304e-7
2.058418892121438e-8
9.049652324728621e-7
1.0508893260259934e-7
1.4149202575165507e-9
2.5010088014463425e-9
1.2064942792572708e-8
9.811035764167635e-10
6.25846287519026e-11
1.1071673170005656e-12
1.5855992526280838e-10
1.826139232726367e-10
8.568681125304572e-12
1.029448902357652e-12
5.564732950009526e-14
2.1078801435341985e-13
6.994024935945214e-10
6.363953417272244e-10
9.241501467455694e-8
3.395906041049046e-8
1.4536579361187261e-9
7.013182300890401e-8
8.030811925289889e-7
3.944332870516096e-8
4.783751939134533e-6
2.2479095030062155e-8
5.429346712629439e-9
3.0327499284651593e-7
2.787159344022215e-6
6.738131064146995e-7
5.913764962163568e-5
4.699846902608233e-7
1.2194993998095072e-8
9.944989701296429e-7
5.61518688673494e-8
6.918132776755322e-10
1.997204498864177e-9
1.809050330679837e-7
1.5455314972061352e-7
9.183948695959453e-8
1.2514074407060021e-5
8.591771562371217e-8
9.32006363294951e-9
1.3947099972263987e-7
1.8541522253257416e-8
8.514587478708165e-10
1.0745992498117e-9
4.472502226870589e-9
1.7671680477378453e-10
1.4578033422699543e-10
3.540696610300818e-12
1.0078637202888938e-9
9.654698584922876e-9
5.566345532023028e-8
1.9905182445198297e-8
5.216204265211403e-7
9.397610956265971e-9
1.4310958648073402e-9
1.1950809472723302e-8
3.2465277571614697e-9
2.2246953397413752e-11
1.3842671290703058e-10
2.1722649031972478e-10
2.756787659201186e-11
3.439721207952694e-12
1.6890473132178026e-13
5.699102856490678e-11
7.91933660646417e-12
2.132363382477007e-11
4.2341352153370795e-13
2.409321300091621e-14
1.4583885752325675e-15
8.497665323526846e-10
1.2629133738190352e-9
1.9695345394780675e-8
1.8311342127942804e-9
2.0600868848850602e-8
1.6030679301712642e-9
7.088724607165378e-11
7.572019314489993e-10
1.3429603302876398e-9
5.5768693601338316e-12
1.6611388429335425e-12
1.2309561586464005e-11
1.540000193876731e-11
3.813384934574928e-13
1.2111026223295157e-15
9.534283658281866e-12
5.771682908926524e-13
1.1087223228815521e-13
4.316030004927454e-15
6.620422813641509e-17
5.8103118143711106e-18
4.895412256979514e-13
3.014454290649852e-12
4.0510232281257954e-14
2.4397391042078293e-16
3.108105709866222e-18
3.465842139397528e-19
6.456402219671125e-21
