5.776797895256429e-17
7.661343568544393e-16
1.4896118972075655e-14
9.879901805785642e-13
8.276907326064265e-12
1.0367625383385705e-9
4.552115751148673e-14
3.7076573695128326e-13
5.170664498950827e-11
6.630155311720933e-11
3.437766909420239e-8
1.1260488853212357e-12
1.5969886513396565e-11
8.883537581568148e-10
9.526211788413206e-9
2.327733915512459e-10
5.126108209052633e-9
3.07458534006393e-8
2.1620162349889497e-7
4.1358104762717804e-6
1.607797115865636e-7
3.813186020327431e-12
8.800225509758559e-12
3.3815040316805474e-10
1.647217216370238e-10
1.531489473641102e-9
5.243931751844458e-11
2.415524124449326e-10
3.588178485011674e-9
1.5029373506954138e-7
6.584861539409233e-9
5.4200988424549205e-8
3.205483013914265e-7
4.3936197422081826e-7
3.0433117712744795e-6
2.1340955481105337e-7
2.368754328349431e-9
3.2436016249090647e-9
3.672134770089767e-8
1.988097538324483e-7
3.014578335371218e-8
7.150204089445999e-7
2.108463003872802e-6
3.144934828960099e-5
0.00010715669377508911
2.0836921325993167e-5
2.3451866551203296e-8
3.854740271842232e-7
5.348012071876737e-6
1.2292763713553109e-5
0.00015069032387598973
2.162383282311453e-5
4.834071970754883e-7
6.562336507315083e-6
3.4213703204947503e-7
4.021924952726441e-8
4.747157666348355e-11
5.494094886023263e-10
6.709498352557155e-10
2.807591947282317e-9
1.3417360547047256e-7
1.0662011293753185e-9
4.2570899749987566e-9
3.592613978467802e-8
1.839846742534691e-7
1.808902400689268e-8
3.5891181720793685e-7
5.865744968571976e-6
1.4145379222204328e-6
5.701094912847642e-5
1.0796188419570296e-6
9.790350567961993e-8
1.1462491144481041e-7
1.1018520324629783e-6
2.0929952131271596e-6
1.640193440054747e-6
2.2760151744303198e-5
3.926938164515051e-5
4.6448907141757524e-5
0.0007221706939311233
5.589012979813152e-5
1.1599474445783893e-6
1.2619230987598681e-5
0.000297459942798195
0.00011492569293240419
0.003956664349625689
0.00013529437660029101
2.6128899352629517e-5
0.0008911464381352465
2.462588925719334e-5
3.331193907211895e-7
2.3983800782323963e-6
1.7082633718586727e-7
2.6648105076215426e-6
5.351280346650284e-6
4.6128164499394376e-7
1.9582843558149026e-5
0.00028055813745254347
4.632865256497056e-5
0.0006687823833284452
5.155775822597454e-5
2.8353828621422256e-6
0.00013657776748081998
0.0008127504374628136
0.005471112207052305
0.03281458140132796
0.006538691519440107
0.00023336202323006507
0.0008634747444534344
0.000126457049503128
2.0523044821045516e-5
3.4622528255751506e-7
4.548952843186843e-6
3.160512000408098e-5
3.805460670563308e-5
0.0005426722686791963
5.493738054630541e-5
5.236466757350484e-5
0.0005360447491915484
6.797760145247416e-5
2.0018387297089114e-5
1.0443672718219109e-6
5.623658719543662e-6
1.1032863222302378e-6
2.198425047062181e-7
2.1458087866207787e-7
5.060904329557137e-10
1.1814353284392861e-8
7.3444386714607604e-9
2.486266728380001e-8
3.214843326879899e-6
1.0363414601078588e-9
7.85941220695248e-8
2.4357960023261896e-7
4.230279828759298e-6
2.4405339592039156e-7
2.1817714300577464e-6
0.00025280106230411194
5.785503376884323e-6
0.00024411192307589798
5.252441051456503e-6
6.547970271862805e-8
1.9121918316914905e-7
9.391716335848549e-6
5.858058462888628e-5
1.6612950388735657e-6
4.24194322656834e-5
0.001025242592036324
0.0002960893719154291
0.004178970763728246
0.00043156808641904836
5.6788368397328665e-6
0.0002541562365292559
0.0007191716553552928
0.0007401474230285831
0.04045330198016282
0.0008793110185183895
3.1153704165783034e-5
0.0005898198386706773
0.0009116403633740117
6.4189399184707e-6
1.802683141474508e-6
5.0634080994571584e-6
0.000430147138190151
0.00024100464099366053
4.6883672133119044e-5
0.0009855184323295692
0.0037569990375982713
0.0006136094678095807
0.04214575438835542
0.0005273372219134397
0.0001934134004942191
0.0037501699019584613
0.040498591829154176
0.030760653984993672
0.516202171516009
0.03207223248198255
0.0030442378467375702
0.04131840274885562
0.004364111798803787
0.00014097092305587536
2.9769392447360842e-5
0.000423876964810747
0.002955245989458989
0.0005558389476051871
0.042205650496039866
0.000651686530111761
0.00044080447645564007
0.004270464455011925
0.0008243352065228641
0.00011257431460891623
4.381980693656796e-5
0.0002359216726038464
5.768087262332855e-5
3.1484430283970933e-6
4.560725906159836e-6
1.3598777902429267e-7
2.0633531821325084e-6
1.125183702065073e-5
5.0866286758961056e-5
2.648448688339841e-6
5.566312776106976e-5
0.0004976849153715566
3.468225104087575e-5
0.0031363244044523967
3.0260937705276405e-5
1.135832975239297e-5
0.0009075554956499342
0.0006194071279847565
0.0009273081694716913
0.04301480163302241
0.0008090955724625512
3.622432572567967e-5
0.0007952874461343724
0.00032922024936138914
5.851575053023059e-6
8.395283973001447e-6
9.263225467426115e-5
0.0005406298064240738
0.0006063740211850434
0.004095373997812764
0.00024446695267176096
5.379952701095646e-5
0.0012248779713356554
4.365364149666548e-5
2.1342794289009597e-6
1.1422757201842596e-5
0.0002701826185100238
6.514305018172556e-6
3.32416834671528e-7
3.1641236034781344e-8
1.316681891421544e-6
7.560614458737826e-6
6.154678392020955e-5
8.878312766867935e-6
0.00027269545707791164
5.274122182501895e-6
2.8030500821803967e-6
7.291546870979795e-5
2.143047052091074e-6
1.769039649401342e-7
1.7258075338681156e-6
4.9431063113965654e-6
2.0524360487720977e-7
1.4024119868616696e-7
9.1156714483385e-9
3.0211124070529585e-7
3.3019427535871603e-6
1.3472205028530503e-7
1.5480676391678801e-9
3.176834897292531e-8
9.999015082013472e-10
6.789366366719225e-11
9.942506180302247e-10
6.75560109003335e-9
8.841086437800677e-9
3.1980001005998245e-7
2.7588120164174476e-10
6.727609611282448e-9
5.1851163567332875e-8
2.414670700690644e-6
2.393356249319832e-8
1.3594707588496417e-6
9.424103500952647e-6
2.7739347407808408e-6
4.678229386721214e-5
1.0579550569270071e-6
7.153284204962297e-9
2.4319763158503422e-8
4.4656179987829017e-7
2.0306624235364544e-6
2.1542711889442713e-7
8.90511611970645e-6
5.323885879209117e-5
0.00012664867514483236
0.00043960676704613255
3.688174419154604e-5
1.3949121530598348e-7
7.903206886313428e-6
3.510597578452706e-5
0.0001685753574988607
0.002826573335492881
0.00024156444521946738
3.4927399834099016e-6
3.084931762053044e-5
2.789072642266882e-5
5.053105444970502e-7
1.2669273901500433e-7
2.6411796312103135e-7
9.574383155809721e-6
9.440793492891586e-6
6.946995418521554e-7
3.8807921534894864e-5
0.0006555894046331715
5.232119442190598e-5
0.0005759983892063847
3.763554775342312e-5
4.651420674543854e-6
0.00016875188604648626
0.0009153290010823087
0.006638650198023782
0.03111204087307065
0.005496882941429607
0.00017549964501516142
0.0007289356146186347
0.0001194804553064968
1.1982188010738603e-5
4.66246451734034e-7
7.874028196967806e-6
3.6160610590838706e-5
5.4345728452297935e-5
0.0006112448277163749
4.8694985534654745e-5
0.00011228170522113667
0.00034905006251972713
5.39626715872839e-5
2.3086597821414733e-5
2.028494058030745e-6
6.01607769357089e-6
1.5121185226291244e-6
4.0115052599837986e-7
2.7257104069368724e-7
3.137118568703792e-7
1.9732745278382245e-6
0.0002669029513038636
7.641707310324116e-6
2.8485910302769484e-6
4.5652363626423435e-5
9.009920071418451e-5
8.337060297642772e-6
0.0004909996702429679
4.58363112045871e-6
3.889122410152312e-6
2.3187214518743125e-5
0.0008123456803458414
0.00017191812319376364
0.0033423610417166287
0.00013527721510717383
7.2655738202587015e-6
0.00022296155200888834
1.3835203368841602e-5
4.0632913079337937e-7
2.8523413385075972e-6
4.201978109908551e-5
5.824718145264043e-5
3.539893445065158e-5
0.0008593784227484188
1.68311984536283e-5
8.30812262493403e-6
4.0681006333833684e-5
1.9347113222016296e-5
6.097851021662126e-7
1.5051789768320324e-6
2.242050811506051e-6
3.485011517611549e-7
5.7442180651586266e-8
5.9011951779991385e-9
2.2932909038101047e-6
0.00015876163016443002
1.0873464363551654e-5
6.473334539027729e-6
0.00032019399582953
2.687319657444826e-6
4.27328206800473e-7
7.561153041652084e-6
1.010120629286471e-6
3.3619938155625316e-8
5.3966694004377206e-8
2.752081587273414e-7
3.539455412709694e-8
3.4952532134612863e-9
1.0647400967960586e-9
1.0062395484864811e-8
2.691300608180943e-8
2.913494391725288e-9
1.6415976712810257e-10
6.27017796043872e-11
1.5763029269339807e-11
1.6195240556215435e-8
9.156015979159857e-8
3.1627479851393146e-6
1.4028644583154084e-6
1.8770724448778776e-7
3.12936707171106e-6
9.968144967143184e-6
6.059435570274148e-7
3.9158402692896336e-5
4.4521262522609013e-7
8.877023428019664e-8
4.037695948521041e-6
1.0619326703577107e-5
5.10651122514173e-6
0.00021896573663778623
3.1295172026136586e-6
1.5073764495915262e-7
5.720328731960744e-6
1.2715105970919107e-6
2.1590294988748694e-8
2.2375453369012772e-7
3.1076104028707587e-6
2.2202237445905184e-6
7.719480051174941e-7
4.769077229565253e-5
4.6781490064305015e-7
2.2884024042090348e-7
1.6299329913947785e-6
1.6186619777252695e-6
2.5080644923241088e-8
2.419714061231813e-8
2.2686281370194308e-7
1.6886490700462707e-8
7.181548880395601e-9
2.3409437749925365e-10
1.0620311838485738e-7
1.6979957610686985e-6
2.024829396352206e-6
3.0423047365333074e-7
4.969186171958118e-6
1.4495895778664132e-7
2.6896848836236073e-8
2.0545613970728285e-7
1.1629089535686902e-7
3.4057205155486247e-9
6.9254029597223875e-9
8.916186294636687e-8
4.484116930167288e-9
2.318747903604099e-10
1.4969538798831627e-11
6.220524288512913e-9
6.299018661989793e-9
6.827302258419183e-10
3.107078606653493e-10
5.919517066687049e-11
1.2317962986987762e-12
2.2224930134106537e-8
3.2113630258751916e-7
1.5628186086815093e-7
1.48378181519834e-7
1.868754383244992e-6
1.1771795988635465e-6
8.260169708471117e-9
6.851413833479618e-8
5.0714102993882334e-8
1.4102591933127553e-9
3.39525569750628e-10
1.0958670613200336e-9
6.717514196247227e-10
3.556325469141703e-11
1.0702200845843714e-12
1.0551438005595475e-9
1.2142432149901632e-8
5.601818352115969e-10
9.996494236903913e-12
4.746405200997907e-13
1.4142786077831745e-14
7.07182536133208e-11
4.99958511377588e-10
4.9416185782871944e-11
4.041801211422106e-12
5.0249825944602653e-14
8.417234654117475e-16
5.4648399330080075e-17
