5.16053384206897e-19
2.3662059853570743e-17
1.455341374410831e-16
1.686113918682339e-14
1.059438259861077e-13
3.4302462196331755e-12
3.376132955763714e-16
5.517585910380842e-15
4.855505418102446e-13
1.127734889506366e-12
9.184309632967901e-12
1.0884240449866152e-13
4.80364615638663e-12
6.96861128007268e-11
3.9735262969601987e-10
3.5711071099222696e-10
5.409186332246919e-9
1.8037998577684844e-9
6.565472025431541e-8
2.7401233002286913e-7
5.5222528499682e-8
6.6642797816666536e-15
2.0978713150899224e-13
6.813694556327305e-12
3.1175018835020406e-11
1.782954533554917e-10
7.0295408095460775e-12
2.830405146864551e-10
2.054128228138273e-9
1.0842590836756543e-8
2.9031915182899468e-8
7.483045487242559e-8
4.0221659038756424e-8
1.0253233157586033e-7
9.043231239936988e-7
4.268378566886683e-8
4.4125923703041746e-11
9.818984694555978e-10
2.368578378420246e-8
3.2593429721587216e-8
8.088746964252895e-8
3.413564670959062e-7
6.926728428830702e-7
9.738413459270973e-6
2.1280560535330174e-5
3.2515390945952006e-6
9.065160600235115e-9
2.1702224007253614e-7
2.554655357464494e-6
8.34314493704825e-6
0.00010094413310021932
1.3090933539941143e-5
2.237500544069876e-7
4.190686168469792e-6
1.4183861160759407e-7
1.824730087075847e-8
1.4822861320180375e-13
1.177513277177284e-12
3.944119922131168e-11
1.566065426149228e-10
6.3320756157225405e-9
3.1339449152983555e-11
3.8316736798976546e-10
6.147913559128377e-9
4.1167607790800996e-8
2.2492212232657792e-9
4.3121766974514204e-8
9.756645667593793e-7
4.189422930577489e-7
1.7786151797789862e-5
3.799727350017893e-7
1.4936593990291859e-9
2.082939349822868e-8
4.14351243738919e-7
5.2446283682744e-7
2.115175289102055e-7
2.9777466392480784e-6
1.5651853836263807e-5
1.57256042779758e-5
0.0003926007166264105
4.8616973326416504e-5
1.1738131626326012e-6
5.736870179672211e-6
0.00016079481810433392
6.72539702116054e-5
0.00288380299261509
8.237605979798161e-5
1.1736002030498652e-5
0.0007638950806887238
1.2538512190116243e-5
1.3922654713471332e-7
2.501146681069947e-8
5.939363841779667e-8
3.886713815758284e-7
2.3277075554357275e-6
1.9488817968100399e-7
9.367644121619918e-6
0.0001704035079575239
3.468559870630493e-5
0.0004401554276985016
3.358931837089305e-5
1.2644906385844661e-6
9.708308309766832e-5
0.0006017418792093399
0.004996237304432832
0.03167171720539489
0.005918658357251392
0.00014906594712871428
0.0006623685244137982
7.652953089670847e-5
1.3018493931141892e-5
9.928651271166202e-8
2.421271408189871e-6
1.714248606720363e-5
3.013446600809076e-5
0.0004121476468125036
3.4446307327344476e-5
3.201166044119086e-5
0.0005668776740680001
4.0200286670079406e-5
2.7503461691546337e-6
3.4111170149560395e-7
3.1186838117503057e-6
3.7310274948673895e-7
4.902691368961292e-8
6.087548566019414e-8
2.0261829026337792e-12
1.0331516503254479e-11
4.854679436584956e-10
1.9088672462931946e-9
2.3327821834392315e-7
2.749693230263192e-10
2.0089502723734087e-8
3.5651331707700596e-8
8.704529304050368e-7
3.085490365596127e-8
5.487638610628844e-7
3.411531435321683e-5
2.552798961395566e-6
0.00011518443005653915
3.7464846940608837e-6
9.799733879154276e-9
4.122473902231344e-8
8.58043407603981e-7
1.7062202367996018e-5
5.448279584137633e-7
1.7058002390658687e-5
0.00045172507650420953
0.00017026838411327697
0.0026173292684272234
0.0007197209983650794
3.2637009332319588e-6
0.00018058720441182924
0.0004906020075302166
0.0005332117166540471
0.037559865956992323
0.0006444335795893939
1.824091543246176e-5
0.0004516327954354067
0.0005879529431646323
3.557198038581142e-6
4.1861440997627696e-7
1.2488847439871718e-6
3.490086222886726e-5
0.0001060041455029322
2.2540913454486087e-5
0.0004610056121188152
0.0028826326263243543
0.0004375599282646707
0.03772303205633105
0.00039835038212948664
0.00011137020694012927
0.0028369419640217413
0.03927110186136008
0.029287190648577953
0.572995283053645
0.030715497860011404
0.0024278266037435284
0.04012963797477382
0.0026293100923136465
9.402733356061428e-5
1.2006648286166785e-5
0.00029483220291738344
0.0022297000786702485
0.00038410521022302744
0.03891367641722054
0.0004377926751927927
0.0002594194788502551
0.002328242193424826
0.0004175322003546702
2.1184356033911865e-5
8.970300360598015e-6
0.00010836500500771223
1.60197431395673e-5
9.817134408463902e-7
4.490317914428127e-7
2.3218619308789833e-8
2.479224892127897e-7
3.3982995635652093e-6
1.2279067018022358e-5
5.273775639116042e-7
2.5163726681267433e-5
0.0004670422318488234
1.9082393970215996e-5
0.0021162315724407668
1.5990126200370454e-5
5.487964569775221e-6
0.00046426213366981324
0.0004455651476254031
0.0006743951339286117
0.036737261489026
0.0005791036041658166
2.2228681962514642e-5
0.0005037243114022826
0.00014186794042964142
2.367439325313876e-6
1.5344525938632712e-6
4.452235117397423e-5
0.0003353274612676973
0.0003922437521743912
0.002773150204273897
0.00017308294422255113
2.373074803827599e-5
0.0005194454967491084
1.668524460292702e-5
7.722278264145928e-7
4.510104264914121e-6
3.109240793238569e-5
9.928862812885693e-7
3.3726859138566695e-8
2.4549366002932156e-9
1.426677931479355e-7
2.717429248844694e-6
1.1445073410536127e-5
3.858041481745368e-6
0.00011396256483503877
2.4991992491561614e-6
4.2407474027730165e-7
2.222922196597985e-5
6.37031041458632e-7
3.015975561327006e-8
3.313100833590302e-7
1.2330176664117317e-6
4.8822035439274734e-8
1.576861125208896e-8
5.416808962481326e-10
3.9696111177142044e-8
2.4628876183068116e-7
6.496999894370576e-9
2.0581884927262696e-10
1.0480946366159669e-11
3.26459348127402e-12
4.538864270066407e-12
4.943287383373562e-12
3.865911763263635e-10
1.2850556831774025e-9
4.5625263196990126e-8
2.3026155694569657e-11
1.5059237869397736e-9
1.359539746923774e-8
3.4379476381393996e-7
3.6306177231784785e-9
4.856820546781023e-7
2.903287099560576e-6
1.101680373066584e-6
9.572544056748977e-6
3.8856176549807123e-7
8.264996037993289e-10
1.1184204497297002e-8
6.825145812644136e-8
3.6408015387098644e-7
3.7007129877518444e-8
4.178198054063693e-6
2.560081955991445e-5
9.094918670740137e-5
0.00022885673631340144
3.70347531350301e-5
5.269850707394171e-8
3.730768877051211e-6
1.9018004683101105e-5
9.596939652590697e-5
0.0019484943006614149
0.00012276924569407398
1.5151592207336766e-6
1.726281870169546e-5
9.324707842621696e-6
2.125010843611485e-7
2.2829652229380514e-8
1.2056630705214118e-7
6.534363506542131e-7
4.363003050253156e-6
2.763309662045014e-7
1.646943120665768e-5
0.0004634750044429012
3.311803938335163e-5
0.0003759910733866223
2.9546198760421988e-5
1.9707316161175694e-6
0.00010975851015388916
0.0006523232380750518
0.005446311837404801
0.028923262334149616
0.004876363989104614
0.00011448171080000329
0.000552409135788692
6.239892631446184e-5
8.403222271566006e-6
1.3810182314122355e-7
5.541709722228974e-6
1.9877209836777555e-5
3.385951504593863e-5
0.0004287309738640102
3.4448899288336085e-5
0.00013931905151980334
0.0001543708360985925
1.8248159032048895e-5
8.247643240636819e-6
1.3682150543132424e-6
2.2512758147273617e-6
3.938853581054839e-7
9.373949517182773e-8
6.429468282938997e-8
3.746399097073009e-7
1.0361348674517413e-7
1.0696008126816511e-6
1.5865913223968744e-6
6.533765843452645e-7
3.232026773325069e-5
4.5903134172205306e-5
4.746864481716602e-6
0.0003131574737160702
2.546580307643692e-6
1.008278380542151e-6
8.902147336442982e-6
0.000462811185142028
0.00011299789166442338
0.0028639490607880866
9.618387802507123e-5
4.315913718835633e-6
0.00015732202264521212
5.194153779463564e-6
2.1465396020457296e-7
2.4066433369573844e-7
3.416899331849303e-5
2.3458919544263987e-5
1.556395485294245e-5
0.00043374171532336003
8.957704596648268e-6
4.587732814262974e-6
1.616125701938092e-5
2.7896110055617153e-6
3.0345334989588187e-7
4.751592451014745e-7
6.486699524667756e-7
4.0573049069448325e-8
5.895121539426361e-8
4.302229363715484e-9
9.613711114727645e-8
1.2083989300767578e-6
3.247095165240008e-6
6.32158858256857e-7
2.8479335369226323e-5
3.653533747906209e-7
9.402872620200727e-8
8.260280661002148e-7
3.1785439284929214e-7
3.012561681016135e-8
1.2396691885088257e-8
3.949724284652497e-8
5.481189598276521e-9
2.5206534868870977e-9
9.246762478285172e-11
1.4498125942110555e-9
2.0643268891049625e-9
1.9819869559134118e-10
3.4588163413135014e-11
1.2303694357861525e-12
9.655972579999823e-14
7.2414252392605206e-9
1.5211537838928614e-8
6.495542027348573e-8
1.4320599754424885e-7
7.285873557124338e-9
2.736574392394624e-7
2.050371373124418e-6
1.3013340193766716e-7
1.1642618231076104e-5
9.949427296593648e-8
2.12480401509641e-8
1.1875774387412112e-6
5.481710374048781e-6
1.989297590075813e-6
0.00010540107282236916
1.263347346277162e-6
5.311152058778611e-8
3.071809704286113e-6
6.05279021704436e-7
6.942774742661799e-9
9.22660843755537e-9
1.0034056861600715e-6
4.7488879937420457e-7
2.428400125269445e-7
1.8249880899867354e-5
1.8398578188795162e-7
3.167678177463527e-8
4.864170150275171e-7
1.581697314581654e-7
7.434746493322035e-8
3.391782309831654e-9
2.4413636005810222e-8
2.1655192384177165e-9
2.6741206146752032e-8
3.6739640569871135e-10
3.6058601461887245e-8
1.32473183842329e-7
3.4507464073349586e-7
1.1638659910596349e-7
1.0687735374060668e-6
3.6101080443613395e-8
8.076044565433513e-9
4.010024434995584e-8
1.8340243466939547e-8
9.245957574031933e-10
1.2183718475768556e-9
2.432281032010441e-8
4.040996356547849e-10
2.441103403450516e-10
4.6796267657566756e-12
3.9177775035415104e-10
5.586063362869668e-10
3.2268647544393465e-11
6.072655461210945e-12
4.2695469280774197e-13
1.5225477823983977e-14
6.685028858709274e-9
3.605160811574406e-7
2.0064125971837088e-8
2.0435390634934815e-8
7.154637408602927e-7
1.7434184882184776e-8
6.91247133647815e-10
1.2416822060305436e-8
1.3879784225517591e-9
4.41574338709388e-11
2.0981119129556984e-11
3.144721595559925e-10
3.152669398279389e-11
9.562586396196136e-12
1.5416022826508898e-13
4.6368387676364474e-12
1.0609984302222537e-11
1.098639958999308e-12
2.9188991354829863e-13
7.746236030808075e-15
1.9832166698889392e-16
4.069911971192294e-12
1.7647321569012518e-12
1.2501557552219141e-13
6.018821672483439e-15
3.722755033855818e-16
2.794204750235486e-17
5.370326107229242e-19
