1.0789336077042102e-22
2.3060289895671662e-21
4.331326467892486e-20
2.4829100132460848e-17
5.132743250075516e-16
1.3591067946203712e-15
2.6435247062752496e-20
2.3248780838351675e-18
4.891053469364508e-16
6.418967489532431e-15
1.1560017681043497e-14
4.75423464595515e-17
1.320053477849131e-14
4.537452011853206e-13
1.0692068567429478e-12
5.374225135698146e-13
4.750163393390284e-11
4.1830101425327436e-11
4.022782405532414e-9
6.2717029176168066e-9
6.516924506814038e-10
9.875938833989333e-19
1.217035537762959e-16
1.397729565337673e-14
1.8178684259473443e-13
9.451748647230546e-13
6.78027151564341e-15
1.7313271293558849e-12
3.02362474907717e-11
3.835744130241928e-11
5.374781750633879e-11
2.1346288961313075e-9
2.1216890820607794e-9
3.1267893722530774e-9
1.2386405376320695e-7
2.6778466196857583e-9
7.322004507917449e-14
1.0044321020544598e-11
1.2117482494619688e-10
6.810906028072397e-10
7.011426315352466e-10
2.2983820280660176e-8
4.369354312940785e-8
1.922121821482338e-7
1.7163613213909116e-6
1.228758990748912e-7
2.193379310532516e-10
3.052122802378314e-8
5.157248903203147e-7
3.939532785843499e-6
3.705530805383113e-5
3.60484282410021e-6
4.515237462171202e-8
1.3341868206078625e-6
2.53522854508133e-8
1.8964678246605212e-9
1.0304734408240977e-16
6.015537320386205e-16
3.333061564164291e-14
1.2646449235418871e-12
1.0118844818997304e-10
6.099672835029466e-14
1.7499880271600781e-12
8.372231230689343e-11
2.5912156572862365e-9
3.0921956572567033e-11
2.367784414712024e-9
9.06174449703053e-8
4.60932262908396e-8
4.181780025686546e-6
7.61027305037737e-8
5.5682550326916325e-12
1.3496902803262993e-10
3.602498114640455e-9
5.9133661675833215e-8
3.7313388921642985e-9
1.4072017183235383e-7
2.919730782875295e-6
2.373352959298379e-6
0.00010972445010343806
5.2618287038470785e-6
1.6214169718604432e-8
8.750312432478429e-7
5.140075779742956e-5
2.270349719027169e-5
0.0017795900215543023
2.737725102108459e-5
2.038703311956857e-6
0.00017394112819873233
2.4349850507472827e-6
2.6588050734604844e-8
1.0626566675172178e-10
2.363743762016797e-9
1.7233706317799102e-8
4.758539331371529e-7
1.914577655948672e-8
1.514715976832967e-6
7.399392585789687e-5
1.4538351705699144e-5
0.00018467026653965315
1.0529769358652256e-5
2.614620696110771e-7
3.592214050462493e-5
0.0002720499132160005
0.0037659625347879937
0.02489472326211274
0.0032158881173751696
4.896383646406787e-5
0.0002703456856927587
2.5253462259698473e-5
3.4487532872312218e-6
6.440611499945872e-9
3.577555201255284e-7
5.2615315224946615e-6
1.106875852814667e-5
0.0001817578720453717
9.95590177239531e-6
7.14678914060895e-6
0.00016820440710848105
5.27172145785403e-6
1.1553197526206256e-7
4.032126262560958e-8
1.1916982052833883e-6
5.902687594769432e-8
2.10120629491202e-9
3.632098232802136e-10
1.9284710510828206e-14
3.051846287687714e-14
9.83073593563188e-13
3.78407622253138e-11
6.4758247696550976e-9
7.373353744454452e-13
3.7915646982744215e-11
1.9414014932909366e-9
9.16025762232451e-8
6.697885338728967e-10
4.147346042733127e-8
1.9305324888888544e-6
5.781635940284331e-7
4.2386445547606314e-5
1.4864973460153808e-6
8.383885758067147e-11
2.7798782270814275e-9
7.990591550930602e-8
3.6045291914915545e-6
5.5824218205872166e-8
2.849624444859745e-6
0.00012248337519302406
6.501871163498004e-5
0.0016626767602425582
0.0001647755302711688
4.1305682174470706e-7
5.3539374986780685e-5
0.00022453883685627328
0.0002540253893119794
0.03174487215005336
0.00026258834964370723
3.682223379607076e-6
0.00018956658689799652
0.000272313123244795
1.4168727044959437e-6
5.770886243280158e-9
1.206591220938068e-7
2.1406540756285345e-6
4.357372799203346e-5
4.432295621453145e-6
0.00011337365931837832
0.0021726777336253675
0.00019805124535817855
0.03368854506070603
0.00019026817485200495
4.372873594325069e-5
0.0018901360677383554
0.03201721486858721
0.023890008314816278
0.6694144378142148
0.02405108417180307
0.0012347082238148225
0.031005794821733886
0.001806550357115026
3.448713477110838e-5
1.5224803088975747e-6
7.058278671815962e-5
0.001245802349908766
0.00016811504311722026
0.030717050799238515
0.00018785329149851237
4.609396904508295e-5
0.0015454684053999106
0.0001142523738821724
1.5513229962623092e-6
1.2261369860151582e-6
4.1494132514149074e-5
3.799764212811239e-6
8.743718295856957e-8
3.6032409581571803e-9
5.508183119604678e-10
5.096194432381697e-9
2.7387602951883093e-7
1.3048503727525045e-6
5.4998742817606836e-8
4.558493658487934e-6
5.912447044498226e-5
4.870493016300583e-6
0.0010336228297714498
4.767535970738072e-6
1.097923895251657e-6
0.00014779048585896744
0.0001894972796111194
0.00027954031107302535
0.031486692752990396
0.00026488965013588787
5.413139458707674e-6
0.00023130508367911933
6.578723420175613e-5
5.252856344585863e-7
2.3222307977843045e-7
8.914707591585104e-6
6.862098171480411e-5
0.00015555502040615204
0.0020444459010567455
6.807003857192426e-5
4.8463035830396645e-6
0.0001356191169347899
3.01207258819918e-6
3.6388250766428897e-8
7.246666286330635e-7
2.0725085264274013e-6
6.896733578713383e-8
1.5080042983561054e-9
3.7405895209782986e-11
5.740699736079009e-9
1.9851237974039292e-7
1.6138731371747162e-6
1.0503562327230548e-6
4.3581906476013096e-5
5.12392558964215e-7
6.353051948930325e-8
4.461142158234846e-6
5.6945080861410276e-8
5.749901390216255e-10
4.603384947948925e-9
9.023849008400531e-8
2.157549209470279e-9
3.390071412857333e-11
8.552413087828315e-13
5.187850765738288e-10
9.27733198622183e-9
1.2818662243420657e-10
9.604421961813378e-13
9.785548797775116e-15
1.354046620168954e-15
2.5289174083084155e-12
2.9914805640010384e-12
1.3327776438824281e-11
7.24049781334298e-11
5.418298539823906e-10
2.641087867852912e-12
1.5861648966541768e-11
3.9357581345131613e-10
5.848715261778292e-9
1.2120119899884984e-10
5.0912299782265776e-8
5.442985594156447e-7
7.622391899695069e-8
1.3070768282937567e-6
5.501907333276015e-8
9.814576924093258e-12
4.468123392121903e-10
3.5503539963120776e-9
8.132337043874847e-8
2.0691833663457253e-9
6.867301216714081e-7
4.3517235205378074e-6
8.856054248799808e-6
5.053804077457572e-5
9.91845858065579e-6
4.19698317503115e-9
7.346421380463916e-7
5.343272489370892e-6
3.5419404413881067e-5
0.0011240433794932694
4.501177596589166e-5
2.6579071787729204e-7
3.6206965922818077e-6
2.5324304119004066e-6
3.749492744916444e-8
1.4526521432897128e-10
1.124499889105699e-8
4.5818596302592063e-8
1.274826553078236e-6
2.7866471946820437e-8
2.421531739103647e-6
0.00017018615482676075
1.047827647959372e-5
0.00017908067450548445
1.1076142413303335e-5
3.339843915811842e-7
3.427189425537213e-5
0.00028258890524313686
0.003296193397389264
0.02498263939924949
0.0037914343476804398
3.925565725675279e-5
0.0002603280824384047
2.3431301842480562e-5
3.3121093807704486e-6
9.509152731290314e-9
4.88461288356558e-7
4.911498842331861e-6
1.0274394846617506e-5
0.00017800440715520132
1.4294362647740866e-5
9.526531721243668e-6
5.694041031714264e-5
2.175907695549054e-6
1.597447979634732e-7
7.445193657431882e-8
5.252239710972399e-7
4.9638079151320305e-8
2.616308640722538e-9
2.047275630911806e-9
2.668229732353458e-10
1.9557017835355133e-9
2.2138249823548167e-7
2.751294790897658e-7
1.0416952699918195e-8
7.958656710248882e-7
1.1034591041022613e-5
3.8938380958909856e-7
6.547795952945708e-5
3.755306470912586e-7
1.5317093971744215e-7
1.0941386056194773e-6
0.0002124604245568716
3.447851721932978e-5
0.001962305108892876
3.594842303625476e-5
7.573389603187538e-7
6.527949438929858e-5
1.2928879241753531e-6
2.762061964848753e-8
1.4351108585713212e-8
8.113200766491107e-7
4.850421585361378e-6
2.2426325645188258e-6
9.315615490257396e-5
1.4713231331567046e-6
8.432072685872338e-7
2.6621489841625407e-6
1.231534307022265e-7
2.002258040306715e-8
6.61583485633792e-8
3.859661637105707e-8
1.9425250570004332e-9
1.136045409258541e-9
3.362483830124395e-11
1.9843228969854264e-9
8.407949441208383e-8
1.7170674350487932e-7
3.380841309625007e-8
1.8692775257174155e-6
1.522150648974001e-8
4.323613658380528e-9
7.285611211418905e-8
2.990911581629211e-9
1.195571224317504e-10
2.769253887862468e-10
2.109939602526705e-9
8.866598312950842e-11
2.1300800219952585e-11
2.4108740304307216e-13
5.699956233453208e-11
3.737017103915912e-11
1.1684961587008286e-12
1.2057043595077312e-13
4.2646306030027706e-15
4.726253982516118e-16
9.099930850265801e-12
9.319070743388709e-11
2.468826261009511e-9
5.701089831265329e-9
2.2122854122443553e-10
1.7281273345326282e-8
1.566353483112326e-7
1.0476794576125019e-8
1.6922345961689653e-6
8.175075014694982e-9
2.504561435361894e-9
7.801834466072161e-8
1.5110392554973538e-6
3.196443260688657e-7
4.24458359352432e-5
2.6417894684177347e-7
4.15165009146402e-9
4.536747419015532e-7
1.86573717432664e-8
1.7695483519730972e-10
2.562045323010311e-10
9.534044245452553e-9
6.721860096205866e-8
1.6389468991307158e-8
2.8444071626866593e-6
1.5300046975400803e-8
2.3748428926061362e-9
5.798196100115113e-8
3.6607400331851572e-9
5.239882314263439e-10
1.6058361916971412e-10
7.492808832068575e-10
3.4745927368734574e-11
1.3794663321591543e-10
7.215593673814067e-13
7.795174252158324e-11
1.44351849289671e-9
3.886040612165677e-9
4.449092350309464e-9
8.125286773406739e-8
1.75312540179178e-9
3.4521312725369737e-10
2.22791130050188e-9
1.080842983176158e-10
8.054181391794442e-12
2.2714141806115002e-11
4.0869906493010955e-11
1.5206832836831829e-12
2.0695110033275686e-12
1.2764404072365161e-14
8.573688507033886e-12
1.2174867321142192e-12
3.031055728294259e-14
1.603274960627438e-14
4.3627719597319756e-16
2.058873779740006e-17
7.135858603562007e-12
2.855368810925161e-10
3.5688120156236425e-10
9.237542416887137e-11
4.7679287743543195e-9
8.654768102442945e-11
7.735404385102951e-12
7.26664304617994e-11
4.5115889192509586e-12
6.41376001911276e-14
3.19882647196095e-12
7.311111927195551e-13
4.804991275779817e-14
6.547652346891229e-15
4.007330872987861e-17
3.785909220370785e-12
3.682343953934217e-14
5.96244151948491e-16
1.0361173305138025e-16
1.834239092790423e-18
3.362654030115907e-20
3.244772888582649e-12
2.3718424847104694e-14
1.1636088538192925e-16
1.0141290117914446e-18
2.4287038656932312e-20
2.958079072993862e-21
1.0130946900223787e-22
