2.8493921530474396e-8
1.064460868499453e-6
4.381947284935838e-6
4.269346673432874e-5
1.7597998963642808e-6
1.6150200662244612e-5
6.981289336317778e-6
4.6194972482030015e-5
0.0003794279516018546
2.7874500807879414e-5
0.00017761633105010003
5.5096673152099385e-5
0.00018858127881636719
6.18319614111352e-5
0.0008296833403523285
0.00032407212033555517
0.00014020587788292807
0.0013548594846822153
1.6942139917568923e-5
0.0001503652168882027
0.00018298981559954265
4.2123333123279365e-5
0.00010997372892876964
0.0006473490215213119
0.0002777546081012465
0.00031347001710407737
0.00024018822114193407
0.0006688838960215565
0.0004718450620039686
0.0013936092455193966
0.0012392278429845633
0.0011668064092862382
0.002152463829482529
0.0002788506057326437
0.0007860065009833504
0.0006300181266178104
0.00018849943810717728
0.00045133735723280443
0.00047869867068083075
0.0023437707698124844
0.0008861009761697566
0.0008496101388520049
0.003015879245623899
0.0004856083043143534
0.0030366517942435165
0.0023091420789108598
0.0009918855104023403
0.0010270414181337156
0.003037723263956156
0.0007101406128778568
0.0041849920946646114
0.0028423216171143055
0.00012275291948921782
0.0007587514451041233
0.0007782815891871807
0.0006032501226673347
9.910653206411181e-5
0.0002301750575161831
0.0007559031900480949
0.0010926647406456103
0.0004440143225925283
0.0003555636724795351
0.0012301966463846453
0.00253597602320639
0.0013023001313995125
0.0017135252626234037
0.002713146587361745
0.0024017104228731307
0.0019203794033158493
0.0026854173001352936
0.0007604042604228221
0.00038688870940180835
0.0008530933886105052
0.0016826193671046878
0.002565108628275605
0.0016842047563260746
0.003973557557993064
0.004955694042445758
0.0029476302487106217
0.005210600624213916
0.0032031251830777797
0.0024599234665558466
0.002784140726348572
0.004573396027819359
0.0035630020447068767
0.0065712775152475
0.0041302257966370146
0.002208582985460786
0.0026692907380079997
0.0017239530496280598
0.0008038691075126015
0.00020257120304130637
0.00048546792217997296
0.0012266194076832346
0.0032926913151137193
0.001055069666826151
0.0018517177302062615
0.004757473939268884
0.0020908441345957682
0.0065052889858304
0.0035231664625484027
0.0015464819863552212
0.0024086282366435935
0.005241225308942824
0.0031367322268902637
0.013038103916921572
0.0070164154386275065
0.0021862820918575753
0.005537853803638351
0.004234492763195802
0.002880420174404722
0.0009707186476069624
0.0017826702096191023
0.0059490149599009425
0.001649308006322969
0.005840162200242672
0.0035022856909349503
0.000704461646645003
0.0033726404721779388
0.003256618966746661
0.0024067697329325393
0.00028641229057555314
0.0005839172840068749
0.0007409055924729236
0.0006179976750418203
0.000169806786199646
5.491358709201126e-5
0.00026088209194653777
0.000709674727586945
0.001256260331491454
0.00037703352279139555
0.00034517716679448795
0.000923053088171001
0.0017661195234314133
0.0010512290536420835
0.0017875156831096907
0.0026594471191657455
0.0020789607135275373
0.0018207588806759337
0.0034835036232860536
0.0005792515298999553
0.0003262484104238641
0.0010500553404325502
0.0022748756074673646
0.003931495264969594
0.0021270314668506893
0.003287710239752857
0.005226859058697359
0.0032989240079234657
0.0071402848004707324
0.0033222366699515084
0.0025530875739717108
0.003763595057684705
0.006739980304154742
0.004085337975690279
0.01160645931584881
0.005400882524664054
0.0032776052815757374
0.004110458140881156
0.0026927246995193024
0.0007655810358131007
0.00024280868296313015
0.0008220467338574657
0.0020925138666624075
0.004387459466351328
0.001999320592382056
0.0041976622857868495
0.00881565179200641
0.005036108725096308
0.013416998429561369
0.005643554588327566
0.0025211009555427804
0.005751469611345744
0.011708018287902255
0.008163632775565137
0.037749963529406884
0.012626667637353857
0.005637783338463833
0.01166386442046327
0.006811646072262258
0.004171752869636134
0.001931259693558941
0.004136962669116695
0.009418463939784733
0.005110961767968814
0.013537386373676233
0.0065164048465253
0.00347576085557734
0.007294383011589907
0.005277768933380345
0.003027944207364626
0.002296353811081735
0.003528542664983799
0.00271903150532268
0.0007796327158965326
0.00014643830993848694
6.748491921633148e-5
0.0003727896003036823
0.0010301234762824729
0.004274866718686307
0.000667110490149047
0.0019803000061806722
0.00510154415957249
0.0031612914440759424
0.008984685784186718
0.0060161482413830965
0.0010110416811320074
0.0024294197942303372
0.0057502502419701515
0.002807611469874202
0.011789146644290245
0.005500894183068726
0.003014405901035387
0.006742581049110339
0.004536173171468808
0.002997684297738023
0.0007753414831658714
0.0016991139509949808
0.005188812512161658
0.0022217211508399827
0.008795745829033284
0.0046023568630091894
0.0017395909667639524
0.0052151239986408405
0.0048998092652048604
0.003006416311551087
0.0010252850963554422
0.0021167118950475854
0.002347941706760322
0.0022116553712902345
0.0012288189940766522
0.00020176571948915615
0.001059197196536483
0.004331306345407674
0.001098481162326491
0.004495524549611589
0.003297892477657962
0.0007340197481548418
0.003922146356311489
0.002685637750832798
0.002488186193594127
0.0004901420573685237
0.0010389214693015667
0.001309401740988537
0.001418588404647681
0.0007602952431871459
9.3561560141889e-5
0.00037429215566499253
0.0004339725707954254
0.0002923595147313911
0.00017041310461329408
1.5172316512532907e-5
6.033421514097636e-6
7.893345748488484e-5
0.0001387764757214677
0.00029512011850990264
9.29016221588079e-5
0.0001430611483110798
0.0006855388770910075
0.0011983959942321975
0.0004920616824208616
0.0011398178298016072
0.002338620660463776
0.0010133933315677637
0.0017466789493141028
0.0023382898965035753
0.0002931592587308075
0.00012313715400220893
0.0007442189419351471
0.0012749900113641554
0.0007340860783041209
0.0014702868014987848
0.002427167127967051
0.0017778545876301682
0.0023062711217490084
0.0034954015664193493
0.0006958417106047017
0.0016282473101589903
0.0034656994670658617
0.0028388657135427374
0.0028708535084692446
0.005726978286447558
0.0022061345168477
0.0031886844996403163
0.0032645172704177726
0.002182956914796574
0.00012148540295305076
0.00011264483617756347
0.00036945622727607746
0.0016052289300094945
0.0011049230897562372
0.0013421031513382573
0.0032655235438191605
0.002248714868075226
0.0030492459543218255
0.004985812164510573
0.0015960717588009033
0.0018231005938796228
0.004198899232598415
0.002911425634343383
0.004420254964343208
0.008144874542117955
0.0031223596723439955
0.0029559335650736194
0.004104776716535375
0.003650444124540568
0.0006917596350761695
0.0013409841570053839
0.0027045515838879383
0.003159867760763313
0.0030502016042793173
0.0050255700494871445
0.0021161366485412123
0.002276541906590722
0.0033366692204155734
0.0028720640052947734
0.00045760404120577546
0.0017247433963664197
0.0017885778268839074
0.0018934680282571938
0.00027036948222521463
1.6150515624298493e-5
3.8448338779037973e-5
0.000192107732606027
0.0011168482368855866
0.001059876870845569
0.00038660474113394396
0.002483209675232154
0.0016319387052470683
0.0026171663703032726
0.0039221745538380705
0.0018038217914851417
0.0008406591632502448
0.0037395444023264764
0.002432967529909632
0.004224905284759634
0.005676041219950633
0.002388483895986407
0.003407388873913697
0.003868267956316762
0.0028174160943316338
0.0010205864490198107
0.0008085756452606318
0.0024641597794789042
0.0019941659071313596
0.003255929785737539
0.004125754996786318
0.0018180937168016534
0.002397663599282495
0.0034078890181196172
0.003847291989997966
0.0008580171131600727
0.002330498043848352
0.0026571239986297873
0.002639974517965876
0.0011194453928658956
0.00013143150707660463
0.00018204397317325843
0.00113048745689957
0.0010347784929301738
0.0016075058495062112
0.0021630696250490066
0.0012495166948850117
0.0013214286751875
0.0023003066005481032
0.001744773352953707
0.0004776581110682298
0.0011614836454767322
0.001833285165414577
0.0025631435640537125
0.00047133636735121703
6.010018594094746e-5
0.00029596996594344197
0.001218184816029708
0.0010786848861364408
0.00027519961540002576
2.8678441474121046e-5
1.7670583391696232e-6
2.519834435155349e-6
3.438917736007599e-5
0.0001853126256594516
0.00020733752509282562
8.055081844762576e-5
0.0007830840362345066
0.0007964876745049148
0.0013059605140223207
0.0019679164138344434
0.0010154010953791058
7.924732011565749e-5
0.0007978787527659888
0.0009917006713093897
0.0017097049980506819
0.0024898737410359276
0.0015732274268679108
0.0015709740768066556
0.0024372254947276004
0.0025388144118480343
0.0010103477196505596
7.874767716936545e-5
0.00036915481540369634
0.0006714325623451072
0.001304160376376179
0.0019935103355408585
0.0010445144627066688
0.0014979715831872223
0.0020538952353744136
0.0016477541445555702
0.0009083017089869561
0.0011095856831264182
0.0017011257301518172
0.0016486672572840104
0.0012755395596819442
0.00032996172005940537
3.318801156657422e-5
0.00018599096951756226
0.0003700109577618519
0.0003541678081635155
0.0007968066159198624
0.00048643139950313576
0.0007081554446288048
0.001015005350178777
0.0008411189894299798
0.00046158776978278603
0.0006369047857105135
0.0008995777331188661
0.001197958453560432
0.000670922283842445
0.00018203243588672154
0.00012665065476080652
0.0006767828883636471
0.0007347445276830493
0.000661444012826161
0.00038764624123859237
4.395170425220012e-5
2.4282165924725605e-6
3.724404205938639e-5
6.989579351044169e-5
0.000105759537409897
0.0002297504148446468
0.00020292730932688804
0.00012406483401955273
0.00032533008048009625
0.0003724269043326379
0.00019409125682006532
0.00015242773496745504
0.0003604258055330638
0.0003424002742930684
0.00023112024229796448
5.645588805220389e-5
8.420434004744365e-5
0.00025167300179773183
0.00022353613606009644
0.00010368470917273492
4.443645449883346e-5
4.264400546334205e-6
6.2666173500448266e-6
5.307706080840934e-5
9.896919185539803e-5
4.099613692798233e-5
6.661866019249481e-6
1.0613493183984266e-6
3.039804389477445e-8
