8.909934160731706e-14
1.1100946970656925e-12
3.1797281184789337e-12
2.345690861420405e-10
3.481638811659901e-11
4.837093173755207e-10
3.711824800319768e-11
7.085016106381838e-11
3.292044176315993e-9
6.051826719868379e-10
2.707772570349834e-9
9.322860442713827e-10
1.7329573355262694e-8
1.7493043759560017e-8
2.09145525503673e-7
2.1054849888041154e-8
8.248340530425448e-8
9.270139984999791e-7
3.165240339998493e-7
2.243160189972659e-6
2.3894838825558026e-7
5.475726116570475e-10
1.5723544984828747e-9
2.8223242334734426e-8
2.2171849753415947e-8
3.921501290997801e-8
4.649320001908917e-8
5.05068662194872e-7
4.646733969965733e-7
1.2328877680633106e-6
1.6536015815428537e-7
2.4425788130286312e-6
7.614711153833556e-6
4.513760788417136e-6
2.6871460371102738e-5
2.8525493196303823e-6
1.4883466478957105e-7
6.597419565186957e-8
1.4410446562104092e-6
1.1929037639989264e-5
3.5628428479646364e-7
1.000021946739021e-5
2.4475219434363457e-5
0.00040787056763926915
0.001670332306995393
0.0005413026804722529
8.856069959983843e-7
2.4031741607766496e-6
2.369854003216965e-5
2.9436030716790935e-5
0.00039313585271428056
7.55000229594222e-5
4.231937088658384e-6
1.3700348099589426e-5
2.5773537614986847e-6
3.495984541751415e-7
3.2905537219811145e-9
9.709564055428844e-9
9.975758942197295e-8
3.5600356501646756e-7
3.961159897473941e-7
2.2296597085302947e-7
2.2359509864491135e-7
7.2667151138471756e-6
3.201745306795496e-6
1.508248730427067e-6
1.5187258520777497e-5
0.00010151065528047831
8.592636487334587e-6
0.0001272956211618736
3.756966110066735e-6
3.34076073127579e-7
1.7703185953333232e-6
1.306716758428691e-5
2.0068958756833007e-5
2.7036393811435796e-5
0.00017770338360402775
0.00016549613705467707
0.00028723913637133556
0.00175218242753798
0.00024744052739482863
8.115821227631195e-5
6.288769969775978e-5
0.0006219769913410487
0.0002656763126614719
0.005121443374475771
0.0003300882318428134
7.111263348698602e-5
0.0010143286596070856
6.735048230730801e-5
2.268336073359874e-6
8.414427928913824e-7
3.309366233709782e-6
3.2188433790673295e-5
2.7468092931252153e-5
3.469943380369144e-6
9.012169649566827e-5
0.0005657570847037687
0.00011018682583768825
0.0012805905984912562
0.00014529509877574467
1.5997837304853615e-5
0.0002852801464000761
0.0015517360930298579
0.006047717508720099
0.033995511939575666
0.008926658088414238
0.0006148727998697595
0.0017552392775018056
0.0003419278678750598
7.815499379300744e-5
5.4940186442067215e-6
2.291648861502168e-5
0.00013058957906047854
7.851179617934148e-5
0.001199937588885473
0.00013974469026093594
8.303866456852423e-5
0.0008242686385095365
0.00019645595659318428
0.0005541986598688549
6.046119493075489e-6
1.5911250017936723e-5
3.511225398284223e-6
2.9184960135865084e-6
2.906550310174296e-7
4.495714682396322e-9
1.1700661860522549e-8
2.6505261479805365e-7
9.115120220656159e-7
2.729152076990162e-6
1.3367528409094837e-7
1.6592218491733028e-6
6.5568023679765395e-6
3.142446565856243e-5
2.7511140163512488e-5
3.4451446046931615e-5
0.0024629623490194366
2.6818068010355814e-5
0.000709783299735853
1.7500943251387058e-5
6.381476850705321e-7
3.8113423815517756e-6
6.700182241591975e-5
0.0001548506705630733
1.8856147620331405e-5
0.00015664713683782036
0.0020912284328976857
0.0007868309410531847
0.005714128042975412
0.0009629204400539261
3.36346078179701e-5
0.0005421951259144664
0.0013717548004555326
0.0014307846087887812
0.04550104464479008
0.001724285715482222
0.00012057784343162398
0.0013140664889054333
0.0009864227508413308
1.3673554361027238e-5
2.2837942669746586e-6
2.246295903383643e-5
0.001530716411536026
0.0006799800028756513
0.00013128285137495093
0.0019268747817007918
0.006473262651035551
0.001262282294150978
0.047014255104392805
0.0012206683978329498
0.0006476841464698148
0.005507536695380968
0.04726150715826777
0.0329465052737583
0.3915198841991863
0.0353333940155288
0.005215279152597909
0.043858898996875895
0.0054068673379359606
0.00042634951974162866
0.00024756219623764045
0.0009158311393611938
0.005968501465453585
0.0010938082669231296
0.04794620620763256
0.001307610986852
0.0007115147570959017
0.005813723577748282
0.0015351859740330245
0.0017135612210643011
0.00024667119357383595
0.0007058142763594666
0.00013061236192300665
2.7858747992110565e-5
2.526591462439844e-6
3.0801779625342513e-6
9.200518800838508e-6
0.0001098159901693553
0.000247178977984856
1.8578818336953557e-5
0.0002084336741497795
0.0008621822899729728
0.00013862914489452046
0.005772992154798526
0.00012707286364594563
2.9060135593931177e-5
0.0006269753263583702
0.001368213343093872
0.0019449194435659264
0.04851457009613166
0.0015998789666959998
0.0001378596328249617
0.0013809044739601225
0.0006820295414094486
2.533890806670283e-5
6.430630603896403e-5
0.00023002146324613805
0.0009229154178553769
0.0005561005737459333
0.0065615272726877345
0.0005750687878048332
0.00022515419798936186
0.0021190480373901427
0.00017433517246402444
2.94861983281105e-5
8.937722845959728e-5
0.0025943171276549917
0.0001059980508681475
7.761504227591178e-6
7.777809853241892e-7
2.129028477501415e-5
5.974852718481763e-5
0.0002701582103503519
2.6217337548577736e-5
0.00071181101138797
2.5728529366350385e-5
2.0456400562235875e-5
0.0001507778141567711
1.8186145294664658e-5
1.1111818261967446e-5
4.544196673335863e-6
2.55309198808925e-5
2.575330252787974e-6
1.16590076884671e-6
2.099408313157245e-7
1.9853101170096333e-6
2.352632897211707e-6
3.6326662141954635e-7
3.580904063940529e-8
2.7338719071289804e-9
4.564357362325653e-10
4.5666910238311e-9
8.512152904422319e-9
9.119449897221346e-7
7.94019542770492e-7
2.258603222452189e-6
7.996249535806112e-8
4.661636005244648e-6
5.382041204810931e-6
6.416735947424117e-6
1.082550032316631e-6
2.345364879014313e-5
7.128485146084091e-5
1.9062333775134116e-5
0.00025093807696626884
6.173422273622293e-6
3.408960907692446e-7
2.388458604209016e-6
8.271572857383685e-6
2.0654292167273718e-5
1.9955584656513006e-6
5.0001522319004086e-5
0.00020593873193541632
0.0002916580641192889
0.000740368502448916
8.637888643688684e-5
2.012870806762735e-6
3.741337541556565e-5
0.00013654602937062868
0.0004407244438959553
0.0052370501250216155
0.0005720937371244483
2.2963402392704325e-5
0.0001202505865288768
7.16547666005857e-5
4.455878166983558e-6
8.718341307906745e-7
3.526786219196812e-6
4.832969108148079e-5
2.5162285099709273e-5
4.085248803100247e-6
0.00012552566292294644
0.0005111304027514203
0.00013688165875484342
0.00110624179656274
7.845276637240343e-5
3.2027483134837045e-5
0.0004357373454742775
0.0018905354196938555
0.008706236868408084
0.03362651854925071
0.005886614876847604
0.00044188639659118167
0.0013953565671852798
0.0002700916538480372
3.0512675364868073e-5
8.991380773690599e-6
4.83587417554681e-5
0.00013706412142801716
0.00013316297100138494
0.0012909357965723354
0.00010213391212950023
0.0002817602279334308
0.0007765759531923338
0.00026840748948159997
0.00046405520961364475
1.7579777355586008e-5
2.5810927811821155e-5
8.229790735209092e-6
4.6752472262234724e-6
3.521921842205387e-7
2.3867969438490605e-6
5.580180880107216e-6
0.00023605431014208175
5.032061649148377e-5
5.181769112335874e-6
0.0004155789839671127
0.0002451601688373035
4.6321754960646474e-5
0.0009529760781180277
2.515142303047902e-5
8.755221699549274e-6
0.000340758742165766
0.0006660733215556054
0.0004913922316199239
0.005911734264890265
0.00029166421317935884
3.988595983761576e-5
0.0006090652265343484
6.522386375080118e-5
2.560268546086568e-6
2.3784347794318645e-5
0.00041308724074872957
0.00024491167709431356
0.0001273939467023697
0.0019245132572834585
8.358066517250751e-5
5.651555831375091e-5
0.00016316512059952448
0.00020661291074675417
1.1650951333257849e-5
2.8131038728052834e-5
3.467521432417108e-5
1.622207486452848e-5
2.5030622613289046e-6
8.811796186928395e-8
1.0831211151758023e-5
0.0002626316735067054
0.00015152513888060798
4.957648063494699e-5
0.0017158509322096047
3.239008023148306e-5
8.308261803593872e-6
7.485604558515783e-5
1.2946006641970886e-5
1.3890774638061266e-6
5.169858537541405e-6
6.997615081256919e-6
7.350618406239701e-6
4.7535538491196324e-7
2.1594648690276897e-8
7.199160184507456e-7
7.543172466313558e-7
3.182165831745579e-7
2.1291664368700136e-8
6.494963208594662e-10
3.254825110535189e-11
3.827023619155052e-6
6.705858623291969e-6
1.2464682956802509e-5
2.071331190438117e-5
1.3770141138184557e-6
2.7039587156110248e-5
7.142359177110518e-5
8.227142678963804e-6
0.00025235339260604574
5.387718470122086e-6
2.395519094752871e-7
9.549768841963276e-6
3.1236826687675336e-5
3.344564046999862e-5
0.0007050038204169294
1.740630589149889e-5
2.1969807256549506e-6
3.675199641439755e-5
7.51992503510483e-5
9.047949957514894e-7
1.3392747542160459e-6
4.960426768324737e-6
1.9532673623274943e-5
4.1534079274678506e-6
0.00013382947380787192
3.2579898046121556e-6
2.1898346531792004e-6
1.8166796991376133e-5
2.7623414808817096e-5
3.90106056920463e-7
1.1891654419844148e-6
2.815314476867441e-5
1.5468705238359428e-6
1.7497420376202343e-7
2.6281891896789375e-8
6.382987874760286e-6
5.580703895107895e-6
1.0111989585436627e-5
3.2105724417219695e-6
2.1457050110497387e-5
2.613793165655301e-6
2.3036775857211473e-6
3.3368629734654446e-6
1.6972083495359905e-6
6.564716332057835e-8
4.630240334516809e-6
1.7305036831113083e-6
2.222101482916429e-7
5.360001456245586e-7
1.8354413231362976e-8
1.0085761509024372e-6
2.840079081508396e-7
1.0151019697697746e-7
4.380115777679184e-8
3.6692013597522453e-9
1.850020973125e-10
3.6244284821784277e-6
2.320125717701983e-6
3.1250527056879557e-6
7.646282271444997e-7
2.222046928740597e-6
8.076698806910067e-7
2.3697341675610614e-7
6.204828582897959e-7
3.284834342916702e-7
1.510568959058928e-7
6.635363356975733e-8
1.1782323969890596e-7
1.8690662416206025e-7
4.0365085954340635e-8
8.253437898980505e-10
8.835174420392277e-9
1.3182134598958055e-8
8.831133468898988e-9
1.428747391960877e-9
6.714002278036185e-11
2.9912360793836645e-12
4.842752891210591e-9
4.0676060610725815e-9
2.956947616046813e-9
3.1598184431286104e-10
1.4799410608872968e-11
9.209404584937215e-13
9.159845141333269e-14
