1.240776800951272e-15
8.747382012691021e-15
2.05995614518936e-13
9.625508570644143e-13
4.13616342060654e-12
1.1458771079377431e-9
3.691779497479603e-13
2.1338833915355466e-13
2.5183809057433553e-11
7.902042233777863e-11
3.1843753434958454e-8
1.3241374556767212e-12
2.6278357828559474e-11
5.841496322442984e-10
6.4533207018298745e-9
2.7469638939842575e-10
6.472020322131128e-9
4.229904890301107e-8
3.876370624148954e-7
6.112041000924924e-6
3.5488185713461527e-7
3.568403052048282e-11
3.3796686440373085e-11
4.67609243976087e-11
3.1126870647773074e-10
5.6481191493262484e-9
8.579169326894206e-11
5.423441527656564e-10
6.0402681348658854e-9
8.916988388458579e-8
8.24539581768846e-9
8.459597757513641e-8
2.3048131964578666e-7
1.4813789054096918e-6
4.957520782986132e-6
5.365417082430731e-7
2.371136766073163e-9
2.2812515249378918e-9
5.9349146166964294e-8
2.764701914564489e-7
4.6205580318747096e-8
1.2076759897005337e-6
2.6430839346230873e-6
6.094570767945412e-5
8.570693193591899e-5
1.7147239119020303e-5
3.8171290659942644e-8
4.7034201755260146e-7
8.097877710185404e-6
1.3647984350050799e-5
0.00016453348674163784
2.640569034775854e-5
2.0077387041696692e-6
7.016731499492925e-6
4.2137117156547245e-7
5.875148487764886e-8
4.875000848607068e-10
3.1615731951225676e-9
6.843221521773221e-10
5.333582213986943e-9
3.0533635532097664e-7
1.2898901959896638e-9
9.760903583727135e-9
6.397936613672647e-8
3.7653017213691026e-7
3.828900860501409e-8
5.274588030059199e-7
4.296110122466181e-6
2.1889076782431082e-6
5.2322793766418844e-5
1.198746963763241e-6
6.411376070519969e-8
2.734812260440258e-7
1.362884826343704e-6
2.4133327959411047e-6
4.66562477534383e-6
4.985171936194223e-5
4.8960906314400934e-5
8.48452896397622e-5
0.0008319450659330227
0.00010660290018334352
2.2858168679711848e-6
1.7651196217569266e-5
0.0003563259312626362
0.00011451874724900034
0.00424786707488557
0.00014968256210256837
2.744652751316151e-5
0.0008140868252070434
2.6639533789335856e-5
4.25849583820648e-7
1.2623621937100397e-6
1.9239286708901704e-7
1.8686795240171641e-6
5.8179323788380215e-6
6.082979284013485e-7
2.5202585696481407e-5
0.000334497045849875
6.0987906488985164e-5
0.0007032631212365952
6.149798932576363e-5
3.386769958722674e-6
0.00016280977665776434
0.0009388303695917789
0.00609280505591489
0.03190469019175571
0.0071061381838496245
0.0002634436156992188
0.000916984382124459
0.00015010293728531
2.6377369654850226e-5
4.7064483763185106e-7
8.38435548535922e-6
3.746770039328301e-5
4.6484477910546726e-5
0.0006116722303092015
6.031148085448219e-5
5.461906097396237e-5
0.0009885880688851488
0.00011026598159246091
1.8974271323611265e-5
9.507226432252183e-7
7.638817496627894e-6
1.2112352903727253e-6
5.832137427971686e-7
2.9711649881833526e-7
2.760376701193933e-9
5.217129848321788e-8
8.447473503594454e-9
6.559415896500274e-8
6.886861316789756e-6
6.689584207710215e-9
1.1318543342119364e-7
3.1534207782451133e-7
1.0324975866204627e-5
3.248828432462761e-7
2.4037940316746086e-6
0.00012631152703598795
7.470727969865152e-6
0.00020582425888904403
8.077303489870261e-6
1.919137130412278e-7
2.894369818787569e-7
3.7846851587955165e-6
4.3658494586888894e-5
2.2014767911181067e-6
4.483870797871519e-5
0.0009743289973061085
0.0003433505585019771
0.0037212308769332546
0.0009680718543307146
7.014736640737439e-6
0.0002626975844688283
0.0008468042507630644
0.0008233301256086816
0.043391457351473206
0.0010064295937709884
3.615166732301032e-5
0.0007282653758629817
0.0007365475475011922
7.207175982516714e-6
3.865373889861357e-6
6.717806586861549e-6
8.788205604969788e-5
0.00020760746793609887
3.734828526018597e-5
0.00073252590520766
0.0041121847420640435
0.0007208446162967534
0.045196518118223776
0.000649727530640614
0.00020681720578035975
0.003566928557380844
0.04423072088446616
0.031184367864653957
0.5018744443082698
0.03399114235002384
0.0030387813835995566
0.04191189446565823
0.0041066054613996235
0.00017489153506763336
3.612113471622401e-5
0.0006825871627791721
0.003129806131154316
0.0006238696721458482
0.04158424061921328
0.000756426693043348
0.0004474829823619432
0.003657805236379051
0.0009158759927769279
8.050498819525332e-5
2.854650496729675e-5
0.00019164713394716884
4.692179195897575e-5
4.59865570768198e-6
7.239592756488572e-6
7.380596302393163e-7
4.355235281247752e-6
1.2215397499667384e-5
3.378624181390415e-5
4.647914068344218e-6
6.281764537799625e-5
0.0006316940493716187
4.284531824681284e-5
0.0031175609095964174
3.7211439584591567e-5
7.87701622624852e-6
0.00040555351815819513
0.0006856579582527299
0.0010234636607032292
0.043040081185676496
0.000935411034152099
4.4031192175719334e-5
0.0008237187494933715
0.0003817265113275787
7.559462268988543e-6
5.241515020408223e-6
8.560536100221143e-5
0.0005425515084235019
0.0004903402932331138
0.003941625178974425
0.000312916505741846
7.863445224452841e-5
0.0009080067897076027
4.5086048623500586e-5
2.489860596463872e-6
1.302298586560764e-5
0.00011172846320864304
3.870271638378719e-6
2.0668998785591495e-7
4.430631963336355e-8
1.0480479500017163e-6
5.42476371379135e-6
4.30529337880911e-5
7.405490488394395e-6
0.0002251121539119997
5.7092284110527525e-6
5.049095932820372e-6
5.4941970130124855e-5
2.5470858751135188e-6
2.9826472198053333e-7
5.561083396442894e-6
9.7097669246404e-6
3.4555872575623865e-7
7.279559120116724e-8
6.304509067439437e-9
7.010000090630302e-7
6.103514928354818e-6
2.753438002864656e-7
5.0044290200317725e-9
2.9139053754303063e-8
1.0587331098910166e-9
3.773246062930295e-10
4.641631524528545e-9
6.423251213565674e-9
2.1783375426257645e-8
7.680331970691859e-7
2.5891523094571735e-9
1.4734152103021102e-8
1.0322530082025158e-7
5.329584997287837e-6
3.3268020844219544e-8
1.6066927101489592e-6
1.2195934218150175e-5
2.6890590966496087e-6
3.448912538631011e-5
9.772038487385263e-7
4.053077472147681e-8
4.069156128693624e-8
4.358436802355016e-7
3.6909477654931164e-6
3.04882836712697e-7
9.272032652267162e-6
8.378428100552768e-5
0.00011665848416735887
0.0003676481027000985
4.6274266026003524e-5
2.1969825882448424e-7
8.87977003533014e-6
4.0498697660057916e-5
0.00016634359141826107
0.002586154991465373
0.0002135602669829777
3.959393309678907e-6
3.413121879637462e-5
2.9247400615850446e-5
2.9694273873939324e-6
4.687502942446599e-7
6.130869127297715e-7
3.4648632886469535e-6
9.271823583462142e-6
8.226655724345727e-7
4.708029532639337e-5
0.0006475929508644372
6.35509391857991e-5
0.0006593097420261491
5.025463170858846e-5
6.136494262713897e-6
0.00020278365083830014
0.0010710985830047013
0.006576121107341735
0.03241898845240943
0.0056429981512531105
0.00020276645856877806
0.0008196698578686416
0.0001133603110336642
1.3680000101569106e-5
7.232749242541476e-7
1.1420704033835363e-5
4.396031756543761e-5
6.362524766329681e-5
0.0007350617033602529
6.351995139704873e-5
0.0001705609405519055
0.00036886354182997974
9.796064233785058e-5
7.1410862342053e-5
3.4354008929509106e-6
7.0963914388496765e-6
2.1883470611266223e-6
1.5439582723383151e-6
3.54295489615031e-7
2.5430517019201274e-7
6.400218982165921e-7
5.9529946306572964e-5
5.691246856045049e-6
1.5148379320535217e-6
2.952527313677958e-5
0.00010244073193125534
9.39887608341054e-6
0.0006082077246713134
7.502653648440071e-6
3.154787142290392e-6
1.9320728654198093e-5
0.0006262971071171782
0.0001812186638238628
0.0034395827532295266
0.00014959664459291281
9.004032363157134e-6
0.00027782375632562166
1.9110056430870795e-5
4.7257133916010166e-7
1.987850502943514e-6
4.35142474539186e-5
6.399924338580952e-5
3.948556155705501e-5
0.0008169014461851614
2.4100149892988314e-5
1.0259743162757344e-5
4.281622038614334e-5
6.834155984246647e-5
1.3875021971536165e-6
2.212865044898044e-6
2.6007802353202256e-6
6.5731354413316e-7
9.3263559416062e-8
6.850625917594376e-9
3.8112994202026847e-6
7.279763143457752e-5
1.0537951603127961e-5
3.4124275646500438e-6
8.167424365753128e-5
1.9639772749395977e-6
5.098924530363428e-7
3.4457164578445962e-6
1.6448522749968337e-6
5.730902948057156e-8
1.1890199714171192e-7
3.0398174453140854e-7
6.138763590856575e-8
5.748478177030733e-9
4.57976668669577e-10
2.2575733964812535e-8
5.595577769818241e-8
5.042648615236329e-9
3.114645082732791e-10
7.307775705347412e-11
3.5253668765355095e-12
1.79717325679019e-7
1.566414568496008e-7
4.6365446407212305e-6
1.0897202839537059e-6
1.0671825156627877e-7
2.1358062559180493e-6
4.99098283386737e-6
6.16793250127664e-7
3.2934391729543124e-5
4.612251467793048e-7
6.221270035916003e-8
2.818336061534717e-6
1.0494340455823404e-5
5.563034051273112e-6
0.00020053429310238588
3.2300412619448107e-6
2.1270818211789436e-7
6.874540676214125e-6
2.3726540254609356e-6
4.255629819691848e-8
1.0850113243223712e-7
1.5695734088812627e-6
5.173907265737504e-6
7.54998767940819e-7
3.753943376970949e-5
6.264306408738472e-7
3.2418637416895085e-7
2.30016149175495e-6
4.8879391153087324e-6
4.4925943662351144e-8
4.2502182042697036e-8
2.846296366163257e-7
4.033798693030797e-8
8.375017498064006e-9
3.629528116270358e-10
1.7105097556722332e-7
7.785993850453344e-7
5.521970092610008e-6
4.850122563117665e-7
6.834074162859773e-6
2.0265691969397477e-7
3.2427473742861624e-8
2.8470639401650556e-7
2.632086380939151e-7
2.325367022328785e-9
1.6885500414962625e-8
1.2915984433884496e-7
1.0938475592465693e-8
5.486396157333585e-10
2.2858812814788408e-11
6.052017929642742e-9
8.555695555109462e-9
7.492987373810215e-10
4.7346102814460554e-11
2.236032404575862e-11
1.1333230211322735e-12
1.3391063486809758e-7
1.9262015866526505e-7
6.1480875470697e-7
3.7977070275035867e-7
3.76472943342231e-6
9.44745658542532e-7
3.0951964302990124e-8
1.7171252128677807e-7
5.065720142127035e-8
1.9114455461408264e-9
2.3223138432269202e-9
6.560947449933899e-9
1.1831698418855847e-9
6.862520631804095e-11
1.0193441138862413e-12
4.82563115563042e-9
5.542102956108207e-8
3.373385778566411e-9
3.59903412827887e-11
2.033101677182612e-13
2.147327193454234e-13
4.0420936859407785e-10
2.944809192316375e-9
5.131098862365988e-10
3.7716140603673634e-11
3.9184772992954074e-13
6.262439176308189e-15
8.188640910298972e-16
