1.1837924387816893e-14
4.2526191143672116e-13
5.458839322912999e-13
1.6250322229107698e-11
5.849817689288839e-12
8.977596651823494e-11
2.246115182101761e-12
3.741120178875567e-12
2.5828364834032475e-10
9.684249857086292e-11
7.60549662920728e-10
7.670709280108056e-11
2.0562540394162804e-10
1.585058574761171e-9
2.1306481540672317e-8
3.732755446936529e-9
1.9882943649456317e-8
2.515979023472439e-7
1.4403233498992298e-7
1.4490828115977633e-6
9.823922685830556e-8
4.036759059754858e-12
1.1412457362199007e-10
1.7584173908361849e-9
2.365201458113747e-9
5.056747690713967e-9
3.130443810850643e-9
4.924883002244744e-9
5.698833791301441e-8
2.1732749006788188e-7
8.768603227021508e-8
2.427747050706359e-7
4.397358036347555e-7
1.4934143170641834e-6
9.450366529597827e-6
4.969319649044083e-7
4.019723990585523e-9
2.3288396401785976e-8
1.3971598135074702e-7
2.4377679863460425e-6
1.9541322048742546e-7
1.7962980402255595e-6
5.205396902160919e-6
2.3591132729674526e-5
0.0001072607520748889
1.905394596880884e-5
1.4421546108837426e-7
8.683804332368051e-7
1.208738974210521e-5
1.7673694970742092e-5
0.00023610633174066356
4.589801558460668e-5
1.4290413960957766e-6
9.752928348199623e-6
9.54377821247745e-7
1.3582854457829936e-7
2.0877425886776862e-11
7.262504139633186e-10
6.833266453211349e-9
2.212737355278931e-8
1.0435459426409539e-7
1.4487875201639113e-8
5.162797214964743e-8
5.404531373185395e-7
2.03684864422347e-6
2.896774672282946e-7
1.9725514282364687e-6
7.703193268107815e-6
4.954199224456392e-6
5.9852149808328397e-5
2.221014775389544e-6
5.330240212944082e-8
1.6224773117820197e-6
3.4182099287599276e-6
1.2871253890780106e-5
2.5167068086548967e-5
7.737211679446592e-5
7.596143136843305e-5
0.00011516927628677083
0.0010453347559370905
9.60612338697172e-5
1.1087272818595307e-5
2.3100339910313084e-5
0.00038147287014414564
0.00016612653799169595
0.004249410915356533
0.00023387995148284945
4.0021230624016346e-5
0.0008654055781082479
4.584933842305482e-5
9.971098370989004e-7
2.9318922423436717e-7
8.738363445360797e-7
4.287887185846644e-6
9.508560675864715e-6
1.5068420370742236e-6
4.252275426056655e-5
0.0003507912983148721
7.589767715262348e-5
0.0009492702588389387
9.314678434930971e-5
6.420400920333331e-6
0.00020419443488994837
0.0011722539793780945
0.005768217289845474
0.03475460516187528
0.008053401523298361
0.0003653908103649844
0.0013151643465685928
0.0002147808687512437
4.075574461890587e-5
1.426296189653007e-6
1.2926192161152238e-5
6.64215638566279e-5
5.811535521377306e-5
0.0008251084703079313
9.606491418774241e-5
7.594898951728626e-5
0.0008942569978918342
0.0001176621601827449
2.125561042355888e-5
2.3777763852589804e-6
1.1830849932519732e-5
2.4031865512090957e-6
5.149114953011599e-7
1.1556220830049095e-7
9.781836183025789e-11
5.889631108872942e-10
3.0323389575319536e-8
1.1025618512320131e-7
8.806979163984633e-7
1.4368603067723635e-8
2.0169783968717852e-7
9.409689051049875e-7
1.2168984110720816e-5
1.8699458485315e-6
5.522840802073248e-6
0.00017039719153590557
1.2150051129212552e-5
0.00030753192226087866
1.2086860953750142e-5
1.0368269629676183e-7
2.0932473947603496e-6
1.0243920991281252e-5
0.00010378914332434388
9.97795026141733e-6
7.850688683279841e-5
0.001334285015380156
0.0003489802271778886
0.0041724238937034305
0.0008166290414912456
1.5256995751569725e-5
0.0003351034291518562
0.0009232570598129448
0.0010554747046697753
0.043608883266563286
0.0013585639373518176
6.0872703033577835e-5
0.0009378929130979928
0.0009276388175233922
1.0013327509379756e-5
8.819987989406701e-7
1.532800951170969e-5
0.0002048302542953353
0.00037493610775707516
0.0001118155820196428
0.0011881496387687682
0.00451678799266546
0.0007754015953427265
0.043511153305406246
0.0008125736913145712
0.00033220231906335964
0.004163568211287136
0.04506560917089613
0.03445525850005606
0.46137048041513745
0.035881380255713684
0.0037481411844255404
0.04395988235831263
0.004109845733214919
0.00021468720373775618
9.963253126427304e-5
0.0009931366549369243
0.0045139527207396024
0.0007836686680708749
0.045064462137027424
0.0009425914324509026
0.0007392582749661285
0.004378054491403447
0.0010509541702267
9.698440634769839e-5
7.470218160678716e-5
0.0003011031112257302
6.202329472791079e-5
1.1977896682818992e-5
1.5524333743330617e-6
5.510920266584244e-7
3.4597742324849204e-6
1.973984971609395e-5
0.00012943143866588712
1.4984851402587586e-5
7.621166192384902e-5
0.0008663937153059171
8.030041855872482e-5
0.004709699393636168
6.899727985066448e-5
1.4414285310266316e-5
0.0005415605399220626
0.00100728123563713
0.0013992426583886441
0.04609652874561484
0.00121665467286238
6.619945150206094e-5
0.0009985435931453227
0.0003398925802518542
1.2233230609853441e-5
1.309469738226482e-5
9.875813493758594e-5
0.0008283643600026576
0.0005190213482375305
0.004216004168074404
0.0003512176626818407
8.821948928471289e-5
0.0012265786772534767
7.941886540517428e-5
5.095353541836991e-6
1.9517821751640258e-5
0.00017020135113520116
8.063628491022338e-6
5.377118199301127e-7
2.2783627966464193e-7
3.634793566264699e-6
1.321253779586008e-5
0.00012121292480917651
1.1852386748199905e-5
0.00036701483521676856
8.802851192518896e-6
2.3247207917304053e-5
0.0001080843992098749
1.232880957988708e-5
2.0255610694467403e-6
4.386633850240113e-6
1.4237025429113826e-5
2.309504956001135e-6
2.134274717822956e-7
2.468789245200596e-8
7.971360216657356e-7
1.2007266636159544e-6
1.3580125813680908e-7
5.739416825843758e-9
6.817037228263034e-10
8.26606884216759e-11
6.524524849868402e-11
9.161637379162039e-10
2.4796340431042743e-7
1.7721159511139748e-7
6.076026303016149e-7
5.030722851009083e-9
1.3899884511162534e-7
4.89303476985013e-7
3.4659497643569416e-6
1.7383380060622856e-7
4.490704733681825e-6
2.3293431488778673e-5
8.668892535622047e-6
8.883272272565719e-5
2.804611132379376e-6
4.237632709497843e-8
1.7105707322129728e-7
1.9927569147081187e-6
2.480174198140612e-5
1.8358028027834592e-6
2.15037660684971e-5
8.815602195608891e-5
0.0002762425531074352
0.0006839082100605324
7.587900046597934e-5
6.580284990730945e-7
1.6169820835772248e-5
7.079925831826897e-5
0.00029298899047846367
0.0040827186490144845
0.00042060060308594786
9.201861670998473e-6
6.298159507887567e-5
4.2787643287896735e-5
1.597091106421037e-6
1.4696513883854106e-7
1.1143751943883543e-6
6.729875359918682e-6
1.0308841500373628e-5
2.5489039094375937e-6
6.911142664023563e-5
0.00043786189226404943
8.913484665757768e-5
0.0007887425647249826
5.943516129896576e-5
1.2650044879864759e-5
0.00028910846406601505
0.0013695418320278827
0.008134943177258665
0.03375056822967063
0.005929460041803629
0.00026612941053682604
0.0010065522218850851
0.00016801267078742112
1.781518195832474e-5
2.5125977327542262e-6
1.7895032666806e-5
7.627054422036357e-5
9.186691159145678e-5
0.000781956305925945
7.790580146269223e-5
0.00030586731234039024
0.0004436736506181578
0.00011376289635431746
2.2861390176077957e-5
9.582772608065704e-6
1.310830152700892e-5
5.204896715642162e-6
1.6298523724883792e-6
1.792236123294125e-7
2.405821556011035e-7
7.012961871614336e-7
5.4467262266434555e-5
1.0726203105740443e-5
1.7521253740927434e-6
7.535651306360128e-5
8.773949253366424e-5
1.681533526805985e-5
0.0009950146743054682
1.4271618271598197e-5
6.174108073361766e-6
5.915775717434245e-5
0.0004853448317526503
0.0002955945111152942
0.004015507987393521
0.00022089176793888658
1.531433860370173e-5
0.0003232766765719982
2.4497072024977734e-5
9.352001708033164e-7
8.000136617285086e-6
7.4056736113649e-5
8.062758489814108e-5
6.929111802524807e-5
0.0009462130128603409
4.705559366796924e-5
2.053131824470877e-5
7.483559866019501e-5
8.430761833620305e-5
1.9941748541446105e-6
4.056092385162616e-6
6.21736949479778e-6
2.23636240942108e-6
3.3377586648549546e-7
1.7160761324838605e-8
2.0185390121356342e-5
6.620774454195376e-5
2.511144251102547e-5
7.004306673645116e-6
0.00017515119182120903
4.238925998810012e-6
2.0172439037154045e-6
9.873384993569038e-6
3.2517042582305985e-6
1.3125070139373426e-7
5.05663056803135e-7
7.652687114881553e-7
4.4421977094414507e-7
6.628751311671445e-8
1.7955241032090667e-9
1.1263311759771671e-7
7.639559850800235e-8
1.922555594315198e-8
2.3774554345972948e-9
8.837037519002567e-11
6.325700254948886e-12
1.2637782101035925e-7
3.6522811416390377e-7
4.564302398665485e-6
2.5687112259405344e-6
3.8236047500547905e-7
4.012040574567986e-6
1.2815101113811587e-5
2.1452028547315068e-6
9.771235035746533e-5
1.3213169283222545e-6
8.915018905207034e-8
2.2669295547966426e-6
1.362181230777474e-5
1.1953787401131167e-5
0.00030976319021043194
6.3677713129584774e-6
5.883701156872881e-7
1.4291699530704485e-5
1.0339238716684236e-5
1.6023940067353421e-7
3.088765419643402e-7
1.5877570968067138e-6
1.644938769034547e-5
2.1660178648652565e-6
9.304820062485232e-5
1.5189669458505704e-6
1.4877770855242267e-6
9.316564263392122e-6
2.6255159747869828e-5
1.980255164117989e-7
1.58152960038335e-7
1.8706264844617048e-6
2.9824694934219015e-7
8.273816981742833e-8
3.016704372636338e-9
3.609917885969976e-7
7.073186677159645e-7
3.5975855836589645e-6
8.844941699001848e-7
1.3664614144662116e-5
4.824054706578133e-7
1.4501068395577743e-7
2.3097723075731164e-6
1.6988793797076958e-6
2.0925743992430264e-8
1.3190268241565246e-7
2.2433130000853696e-7
5.7069506792324316e-8
5.127845787263474e-9
1.7205681675361964e-10
2.221996975860079e-7
3.824311659092961e-8
8.023011901654769e-9
2.2534445082652774e-9
2.7464500373815894e-10
1.596420158211284e-11
1.1849507050750174e-7
1.5615019631243139e-7
6.811388124563376e-7
1.0414861706676847e-7
8.822618337621515e-7
1.9238723218902333e-7
2.1173597706662696e-8
1.0114017132135566e-7
4.4007143887285793e-8
2.9758979738352948e-9
3.8727796137376496e-9
1.7001670445123675e-8
1.6608064179767367e-8
3.918960372692662e-9
9.146178603437607e-11
8.053752289319916e-10
6.714854130701371e-10
8.506371430335741e-10
1.4336558643437595e-10
4.4786844787019566e-12
5.489976693139935e-13
5.588813245245419e-11
1.0052610310961529e-10
2.4161227254846315e-11
4.437943660320422e-12
1.6793187550904877e-12
2.5748775660779233e-13
1.0416090210733549e-14
