1.4356532278382109e-11
3.9095081190968316e-11
3.662157608092324e-10
2.446495960796422e-9
1.038445949626192e-8
2.7943667017197384e-8
5.787629756829239e-10
4.297853149055446e-9
7.281708724403676e-8
2.0040600021752536e-8
1.1475184100454941e-7
1.0630841059182779e-7
2.6509801631114128e-8
1.9881715705254583e-7
1.3989981298594214e-6
1.9684887614965475e-7
3.2466140812341293e-7
2.3361049893590867e-6
2.5148377689759553e-7
1.3659141546204344e-5
1.5333178929586201e-6
1.3243957291883921e-8
1.1493141955305383e-7
1.2234923371658466e-6
3.7579381057735953e-7
1.1501533648667165e-6
5.592738295062262e-6
8.374374240923339e-7
3.396034424071953e-6
5.9636689590675355e-6
1.7256165774201446e-6
5.017146434157097e-6
1.585569398670614e-5
7.3713165373446e-6
0.00020165928160159269
7.954417890091287e-6
4.875842201110865e-5
2.4939900804537706e-6
1.760515985125797e-5
3.543056641016509e-5
3.5809882875327444e-6
2.0657174130576673e-5
5.24858100487087e-5
0.0004532925206932394
0.0009879052855519476
0.0002510584727010119
3.0756860395941562e-6
9.651720442407271e-6
6.643715951897956e-5
5.597331725156164e-5
0.0007923663918760915
0.000195109927977704
7.892043265405613e-6
2.5258543153917738e-5
2.382322584688058e-5
2.371577626827348e-6
3.437566031181083e-8
3.772522957134919e-7
3.3383297061390894e-6
5.084518760286318e-6
1.1843314161268882e-5
5.355186444298593e-6
1.1587860235425891e-5
3.574231066248905e-5
8.25942493990043e-5
9.648538944590663e-6
3.3965724815088744e-5
0.00010642117960692005
2.921325776016028e-5
0.00021117639459456063
1.0839176751548853e-5
3.5082271616121536e-5
2.4527365938996482e-5
8.295776765269049e-5
0.00011181836886699395
0.0002121824801013029
0.0004619220598773725
0.0003824907471172358
0.001442955987422622
0.004135027921277477
0.0004917061015138785
0.00012384342181358666
0.00017800675392200024
0.0011542542506517372
0.00044641112808503717
0.006926086525269307
0.0006137694998089625
0.00015306156693559734
0.0007453321135886137
0.0001532552914226693
1.929675092069605e-5
2.656022867432384e-5
5.350260780122602e-5
4.861880654671658e-5
8.89615109763652e-5
1.559691028518929e-5
0.0002958226873670251
0.0008866592828174934
0.00021591659448331685
0.0018591431458920462
0.0002571021802330938
4.75505000635896e-5
0.00046092887584366104
0.002282486662183814
0.0056592237327546995
0.037623280750996205
0.011047702010441161
0.0014493367227669397
0.002873310071599987
0.0005956658376325103
0.00018805036879867572
1.774830477245892e-5
7.546953591260754e-5
0.00027258722104367357
0.00013317982416108796
0.001692639578661639
0.00025180795112433743
0.00017551234424204327
0.0007895989235854466
0.0004541610905361283
0.0002214022036109836
1.5183148795787334e-5
2.9572843013846824e-5
1.0395311981643286e-5
6.3436186865746246e-6
1.5063823102947955e-6
4.370926350964995e-8
2.808391947696546e-7
1.5622507004974654e-6
6.916130382443684e-6
2.554544697285352e-5
9.099673466049847e-6
7.168317065435767e-6
2.0974483178378173e-5
0.00015771824886226716
9.38657706931912e-5
6.233433346428019e-5
0.001384575175757469
5.628574934612226e-5
0.001087165848681162
3.023662704503949e-5
0.0001310296325720093
2.9395126956688447e-5
0.00010900572039872966
0.0002740371817284093
0.00023631139701032938
0.0003812775879813962
0.005639044039498015
0.0015657997750807974
0.007188460319545093
0.0009055494425124429
0.00010324649062312333
0.0008819102099485341
0.0020816434284332626
0.0019210285289447267
0.047516821329799154
0.0029430449959629216
0.0002417045796632388
0.001680798931174062
0.0007678485735340444
2.5266675322220943e-5
9.250787581835028e-6
0.00015831251487407206
0.0011971237514649073
0.0012264896106231652
0.00034523316535459196
0.004834031408211504
0.008777110627591529
0.0017696422111432113
0.046970224353054896
0.0017262928242479066
0.001126733623937508
0.006768320478607863
0.04583826930775367
0.03105917265121428
0.3015589188390534
0.03706745929147
0.006753715519987726
0.04793971216768895
0.006511295508032128
0.00080607107296582
0.0004669348269187866
0.003055842589518155
0.008494490098213096
0.001674384459517075
0.048462304648762076
0.0018712701049377204
0.0018294823257393538
0.007081361158345935
0.003697979473365018
0.0007927500062653329
0.0005164533817402871
0.001132840860362877
0.00021645540467818365
0.00011608245859814549
8.686628879677569e-6
1.1090438914177492e-5
8.424512948011502e-5
0.00040984100745739026
0.0005886457414581463
0.00014107262202509236
0.0004933143644296725
0.0027163621955637518
0.00028339830180636405
0.008197901361176789
0.000262821722110918
6.257854562001356e-5
0.0005420021748180562
0.0020768229873791766
0.002773364030237138
0.04677694299944782
0.002356163094904552
0.00027533514793393895
0.002030019951333362
0.00113478854368433
6.542260953930625e-5
0.00014579391821411156
0.00028526091404646207
0.002544555350678183
0.0004972631226688038
0.008988420357042129
0.000908065123881329
0.00043394123793444843
0.005442584916874719
0.00039155779399893296
5.308679647844131e-5
0.0002007023566006644
0.0014740755032029503
0.00012484298930460233
1.50849160533209e-5
2.7033717097355664e-6
8.843846299658844e-5
0.000135792769504751
0.0005439454539394835
5.430314987550281e-5
0.0011664262067125103
8.371773063466086e-5
6.659200418920144e-5
0.0002585485684826611
0.00011863061580222099
3.562527950554147e-5
5.582658957546642e-5
0.00016783097613941227
8.458991817437854e-5
6.185651681303899e-6
1.389606493734964e-6
1.7395827545300226e-5
2.7894392119866034e-5
1.483355426554903e-5
1.3179795268855604e-6
1.1876214008800093e-7
2.6954695084370064e-8
8.631918925746458e-8
1.1118652180649771e-7
1.5247308465866648e-6
9.29974002866257e-6
1.8211222244459085e-5
1.1033568587199332e-6
3.302604758596216e-6
2.5561621295403503e-5
5.897272860428767e-5
5.141540073706618e-6
3.800951858428673e-5
0.00022695070537891233
3.662592251003368e-5
0.00045914106306406275
1.5019097169931277e-5
1.3792940014549716e-5
5.312781627988083e-6
3.459048937509335e-5
6.208563713948245e-5
1.748114359859659e-5
0.0001337913338666431
0.0004608174284730766
0.0006874914736906503
0.002030061270812133
0.00019556340813024368
1.2501637724166709e-5
8.599225379844763e-5
0.0002791758891830368
0.0007279394607297784
0.007156474124268905
0.0015384688981196974
6.939789451664529e-5
0.0002437905904551409
0.00016459348073113064
8.5961960097265e-6
4.060284756903007e-6
5.624939943413603e-5
5.843742229096909e-5
5.6673311942839375e-5
1.4291627494363132e-5
0.0003007324096853253
0.0005120569948689483
0.00025601681490206263
0.001607029798516796
0.00014067585795230186
9.06959560914554e-5
0.0006824859925174679
0.0027372180776665065
0.008469966439427944
0.029779818173884982
0.005789176330958236
0.0007240651366082654
0.0018963955997426374
0.0004455147548644794
5.597678577920071e-5
3.243963674456331e-5
0.00011622401985747954
0.0002779952106202379
0.00024163186907064807
0.001749079311070648
0.00021556989176416567
0.0006175019722104088
0.0014609563601176224
0.001388735738814754
0.00037931716584941504
3.746844634362866e-5
5.526064557370932e-5
2.931635186997405e-5
6.257717076833772e-6
2.1945814355625805e-7
5.761305226826119e-6
1.2083190695288937e-5
0.0002379569916437998
0.00015074592218146518
6.2505529817155585e-6
0.00015100863776167496
0.0003132614736319498
0.00011337526251684468
0.002818438238000448
7.569545923600393e-5
1.5788791870447976e-5
0.00015017752349858116
0.0006172598831370802
0.0006998785822799521
0.006981462950099258
0.00047874906283390225
9.577830904367095e-5
0.0009371089212621786
0.000176394506972088
1.0662265187520052e-5
4.374243104680139e-5
0.00017231411031925372
0.0004687494751623594
0.00033078446418338176
0.004597382101599145
0.0002992625744480086
0.00014669542786975752
0.0003841451511621461
0.00043971957030985824
1.9247526466025628e-5
4.0096324532964016e-5
6.713330206607274e-5
3.12755501824124e-5
4.436105478270819e-6
3.411522023548271e-7
3.282442037575923e-5
0.00027240456946230106
0.0003861617755704923
6.342812226561395e-5
0.0013596599061747635
5.1098796220855806e-5
3.594855483199829e-5
0.00011725875155476994
8.605384367666747e-5
1.8895317907569425e-5
3.314997574240385e-5
2.319344916885354e-5
3.715706297779876e-5
3.4910733335466264e-6
1.6272934899524467e-7
1.287975035254532e-5
9.353813049403343e-6
5.972485564302865e-6
3.8442564617795754e-7
1.9640289719857652e-8
5.804016784403114e-9
8.269372439001538e-6
6.725496886414988e-6
3.053459533369386e-5
9.729210656758606e-5
4.041154861631506e-6
4.33845825688242e-5
0.00017877017588341948
3.0504297447441062e-5
0.0004206076300013263
1.8804999283230522e-5
1.1792766422393885e-6
1.5077080135969193e-5
6.560015346933716e-5
8.669196332421348e-5
0.0010121156195326503
4.692688922320368e-5
1.4332563692710738e-5
9.759527983688419e-5
0.00012357332940692722
3.189834736399922e-6
4.257751437113413e-6
6.3845468581838984e-6
0.00012934052707716247
1.4025078095827858e-5
0.00031685840325607723
1.513095909125462e-5
1.809903011425162e-5
0.00022339110548996006
0.0002305167901825082
3.3539334287469127e-6
5.213153040778962e-6
9.19181376431714e-5
9.682431836734279e-6
1.714378143183039e-6
1.8569355993463056e-7
7.34788488251566e-6
1.2474801946866516e-5
8.712108708810553e-5
6.449696721632381e-5
0.00015269181023922184
5.1423302260223705e-5
5.897745358655405e-6
2.843012137209618e-5
2.518566526188495e-5
2.6472532214336183e-6
2.837019099696016e-6
7.523849625481882e-6
1.1673469358377283e-5
8.595405766277863e-7
2.7794724231583764e-8
1.7906220560550165e-6
1.6044418720910214e-6
2.3090432273942066e-6
5.878344331500949e-7
4.202137877077578e-8
2.2477515010927596e-9
9.201626817160261e-6
5.031119138912296e-6
1.1851978576268472e-5
4.619851753551636e-6
1.1723331998946748e-5
2.83131618219542e-5
1.5023294179845289e-5
0.00014658185744894408
3.996502573633201e-5
5.143246718331343e-5
1.2287371161462993e-6
1.0263881726261424e-5
5.59878000590018e-6
5.5288090841776955e-6
1.0324775477505374e-7
1.1651225305023254e-7
3.702010579050495e-7
3.9625781417841477e-7
1.0688246329571027e-7
3.6690960824044598e-9
3.1652397139376264e-10
1.4123062539197076e-7
5.4156684562612854e-8
4.242609370971761e-8
1.4686706601994111e-8
5.800220308510872e-10
3.1113231676741753e-11
1.0360980974305057e-11
