4.592524647361504e-9
7.128462744899556e-7
1.0269128339582102e-6
1.2821967885279262e-6
1.1872826256812964e-6
9.938378906353975e-7
1.776126531766941e-5
6.019528783720359e-5
6.83046661506047e-5
7.334949209888602e-5
6.393576601875493e-5
1.690273760486337e-5
4.1332960084992515e-5
5.4585566131767855e-5
3.800224615999982e-5
1.918030730736582e-5
5.2336947614963e-5
4.60063258474919e-5
3.138988794755935e-5
5.538191332678094e-5
1.769523660434525e-5
6.807422769908055e-5
0.00040839312606709844
0.0003878403851558434
0.0004976439520890728
0.00044111516696036145
0.00044992418386864794
0.0010434625860096533
0.0014377709578353955
0.0009216887844884721
0.000516011696815841
0.0009670430986498306
0.0011622513452461097
0.000752049410938445
0.001502990741400093
0.0005463017893533535
6.140917459176029e-5
0.00037911536043829885
0.0003494220225495421
0.0003055637874885424
0.0005193813204934787
0.0011099240855793181
0.0005959998738157894
0.00041947980879292716
0.0011099633338044976
0.0003501264520727685
8.124319244002664e-5
0.0003279997292636295
0.00037664046310059533
0.0002874821474519816
0.0008004067466499357
0.0003457120549911285
8.302931566979367e-5
0.0002856794388972124
0.0004143851153874992
4.6662571421849896e-5
3.543072562624645e-5
0.0005398341605493006
0.0006148791592729736
0.00045588396048830345
0.0004463552350437252
0.0015688370006216937
0.004524004737282103
0.0028057494051133584
0.0023633374182735825
0.001044013995749239
0.0021924054167902643
0.0034399427769879498
0.001551517128923648
0.0054940282727394445
0.0011644672059819906
0.0006702679742975611
0.005380180880900951
0.0009785875378723636
0.0023045868490026203
0.004333237930857957
0.005434008742720633
0.0038870592527203178
0.0025659916162421082
0.006305823095758724
0.0025397167074670502
0.0010105045491390421
0.0040344057669891836
0.0031716711021868103
0.002224421236632729
0.0053532131416185146
0.0031773006692115517
0.0006102709928756441
0.002455826863071469
0.004401655360242239
0.0004168028341547063
3.1359290001883695e-5
0.000548153225252487
0.00031225119143270496
0.0004634705597022563
0.0017056363767609455
0.0023087170373951157
0.0024350703980246897
0.0015757755909342566
0.003668068218288515
0.0016984588668796105
0.0008001696224726325
0.003924213277679399
0.0038848326389412215
0.005419162461286709
0.015243615610688413
0.004123660488691476
0.0005930331664115897
0.0042026683331066106
0.0032252647880970523
0.0003436591018522251
4.357304612084133e-5
0.0007701724441732512
0.0006135244055383126
0.002243659823046849
0.005468341309584052
0.0016734247778846696
0.0009203805278075025
0.003430363157457813
0.002539278797351537
0.00035140600221980064
4.676075163217429e-5
0.0005286028299062207
0.0011443409515049005
0.0005371742773744606
1.7323712276233667e-5
3.852870831241416e-6
0.00014797647806517135
0.00012186035231443441
7.731085853855271e-5
0.00010923360140497549
0.0007445724965889581
0.002296379532057583
0.0009354513780775805
0.0014484591125314883
0.00046500949828712766
0.0014413864418842846
0.0008899583494209433
0.0007012784050521747
0.0022749944502206383
0.0005325173506971536
0.0006566772110651825
0.007224567817677591
0.0025413054656430204
0.002178018106080107
0.004359399572154869
0.010549050016793682
0.006373098317167634
0.004181097670640376
0.007859426774396517
0.003366594409042474
0.0008466472630407504
0.005045286665305305
0.0049979751178034475
0.0027069920265716044
0.01460314492346832
0.004162280602571003
0.0005452869162620649
0.0023317881256545766
0.002438696379893116
0.0002867569828717178
9.419117337955077e-5
0.0023541862336247665
0.001019024230775088
0.0012887296768819636
0.00523034236432356
0.010749269156997976
0.009180241186782135
0.005658971601510454
0.01267545794648035
0.005596157326979998
0.00167253991263055
0.00896140565520117
0.015347838031215364
0.017243251562701612
0.08931220306888524
0.015247963580203769
0.0029608925441780166
0.014557247244092252
0.005355304629880507
0.0008104346856430516
9.78173354013617e-5
0.0016413297710284377
0.002497879537388553
0.004314971843307932
0.01273725685760123
0.003648482399928845
0.0017659454704390938
0.007882109147775398
0.006317396741862294
0.001118030138783291
0.00015555239700402519
0.002283011324197237
0.005498855004779428
0.0014922591800781008
5.414543921063576e-5
3.9547479670256105e-6
0.00017803428196941888
8.061124927830322e-5
0.00010565300067579572
0.0008328104856467872
0.0017650789973376866
0.0020765262243599317
0.0008524356157318505
0.002495058936900297
0.0006168603289861668
0.0007934687374253095
0.00533413789515887
0.0059766089114020385
0.003808503410860596
0.015536618808862823
0.003831272282689828
0.000714899574434405
0.004994739413517268
0.003152242126442439
0.0003799352728873061
0.0001616131230770274
0.0025253681919517046
0.0021027755695248456
0.005320730152321698
0.009118331770319354
0.0024154373441766146
0.0016081404465111734
0.00639816799912468
0.003814823662599029
0.0005824222121970058
6.838674016631232e-5
0.0008987207374759497
0.0034192021697933934
0.0011713820124061103
4.565385521681144e-5
4.550934675206195e-6
0.00014104588069537957
0.00010793651699933611
0.0006734067869392805
0.0012781201642238693
0.0004720664254026257
0.0006896007950480355
0.0021455437664773245
0.0023508025073651186
0.000305003766659996
0.00015838021261023946
0.0014217467557620976
0.0023730050419381817
0.0009094203245197098
3.7542090911730164e-5
4.908709639617327e-6
0.00010860130195221882
0.0004457598235473719
0.0004352984797103829
6.286175830603489e-5
9.758592709844203e-7
7.688521647326971e-8
4.673285945320329e-6
4.027502301923017e-6
3.860824909172533e-6
4.943422053378606e-6
4.6204714723684825e-5
0.00014759822329976088
0.00012366103679494085
0.00015909113013077585
4.2200460215182114e-5
0.00011670754195047201
6.728016399141988e-5
6.688069400805816e-5
0.00015690414057037397
4.708712667278966e-5
0.00010905830035599723
0.000971552579959272
0.0007769888213896841
0.000680268544157841
0.000982064369488582
0.0020795706130176217
0.001620820980828454
0.0014256565576507528
0.0017808319659505779
0.0009101710890252342
0.00014702834049427817
0.0009454832070210329
0.0007157538308546559
0.0010469252292080538
0.002953908930054079
0.0005896653310553639
0.00015974212284659552
0.0005531021989237632
0.0005984257518300282
8.066769828963375e-5
6.246864787693793e-5
0.0013812183038453588
0.0008697290661778157
0.0006685532607939685
0.003297561163846345
0.007782935364099159
0.005440370072949659
0.0036178987160977436
0.004415286306406704
0.0022294221271656023
0.0011853042887246367
0.010423076256746834
0.003790906849759242
0.009536939800311908
0.017265020834642687
0.00544012233917909
0.0010312409047042264
0.002688252628257037
0.0022302947296080167
0.000286215599376478
8.981288367636362e-5
0.0017188645804902109
0.0008571863882485251
0.003637766049354418
0.005700205796582299
0.001576449191609206
0.0014283354139776035
0.004116054118535361
0.0025630850001603996
0.00042212451240912415
6.655660153723821e-5
0.0006956053622318955
0.0015456762480982789
0.0007536669913305301
3.1099473958068066e-5
6.98788718951776e-6
0.00030600092496870554
0.00023411118527497392
0.000140526738245987
0.0020478002795219757
0.004370406684296883
0.0025625029123300786
0.0017199512773281706
0.0016914234181892806
0.0007663287353666116
0.002082543425901346
0.012422171042409388
0.005250647472596928
0.010473057477094112
0.008953833516890383
0.003907206907788733
0.0009544845705811543
0.005008240703885394
0.0040046920685978945
0.00032033323897385867
0.0003204683851919428
0.004404247006376638
0.0017417500474886042
0.007780545765965879
0.010751843479166094
0.0022796235038047216
0.002077935706247934
0.010533544494836242
0.005424636489062154
0.0010873449628161374
0.00011760223098238012
0.0014662460414607294
0.0021910124143762625
0.0009668416396006672
5.204218099171836e-5
8.76082357985845e-6
0.0002380051037378388
8.062757931651335e-5
0.0008856430822170852
0.001037693721559953
0.00030779197704499815
0.0007769775845892531
0.0025674823217642284
0.0009847376800345394
0.00034990174358660186
0.0001227471897370248
0.0009448163549707892
0.0028138097271343926
0.0014375524316610655
5.409332098406467e-5
3.862449477167349e-6
7.80338785279336e-5
0.0004531118208618686
0.000499358213382457
7.325429965755455e-5
1.1809481264508427e-6
1.2321841574226925e-7
9.429214014230393e-6
8.772220105081618e-6
4.552324030948682e-6
0.0001319983003583888
0.0003220977748791364
0.0001612836687238966
9.006223304302773e-5
9.99151971017121e-5
4.332482881549455e-5
0.00034117603022401177
0.002088735791630832
0.0007887895781345475
0.001198434641229768
0.0016993625210492132
0.0007956478319148587
0.00014603105543477192
0.0008227335933651961
0.0010015466611243097
8.083147316311813e-5
0.00013063670572081046
0.0020373101179171947
0.0008281801080146958
0.0032634011827487315
0.005266439981610132
0.0017036556795970463
0.0009816463684903592
0.004354865786428392
0.004354833641452611
0.0005218977549076751
4.192939089209043e-5
0.0004613258330621586
0.0010333289392097573
0.0005063195901918548
1.8816805871466232e-5
9.329359841872264e-6
0.0003054678939956501
0.00017617455208008618
0.0013668837826051922
0.0023191734471721516
0.0005417405930516788
0.00095818514538433
0.007203959727220469
0.005369431136117121
0.0003857029900316125
0.00014645558552299883
0.002318240184052632
0.004467475710331984
0.0010477492429302744
4.1337964954931966e-5
4.0520425296416104e-6
0.00012484924249394852
0.0006202005897198916
0.0003944322397922303
6.89691570896209e-5
1.2879826603491537e-6
1.2294752315458178e-7
7.034819945990957e-6
3.950848802229193e-6
6.259015261804949e-5
9.384699186895409e-5
3.0732568496083694e-5
0.00010884461310807596
0.0006712553144055488
0.0006644764885874731
6.154047943737887e-5
4.620262643298527e-5
0.0007528966230552497
0.0015355892672088282
0.00044263046441689736
1.6625379603786722e-5
4.593021162230035e-6
0.00014553096722915188
0.0005294534779460877
0.00040875209041900135
6.022000337360886e-5
1.0225099232580145e-6
7.427654979365791e-8
3.698246469019492e-6
3.387215203970697e-5
6.560520531239621e-5
1.7140609571375915e-5
6.885287423480886e-7
4.43932001298778e-9
