2.072031759837003e-15
1.348426862407277e-14
8.72054447309421e-14
1.0152498726253382e-12
1.6119154083298607e-12
2.1528287717739925e-10
1.4766019576700468e-13
1.326880012659634e-13
9.590483333073828e-12
2.6665605956137733e-11
5.6529110144520455e-9
1.436074631529804e-12
2.718307290845661e-11
5.295713382835883e-10
6.690422271355365e-9
3.4288651578584136e-10
6.673158621770418e-9
4.2725647322886e-8
4.470529385478831e-7
5.39529142298468e-6
2.776815466088867e-7
5.9398577935324845e-12
6.6778242348969276e-12
4.3810831104602136e-11
3.439740503200868e-10
3.3429872903318417e-9
1.0105441236243334e-10
8.664116622163365e-10
6.5693773809052894e-9
4.1601508706202324e-8
8.211853750616478e-9
9.520469098440548e-8
2.0135601815047567e-7
2.3634549756813852e-6
8.471171932607932e-6
6.615743899276907e-7
3.0715862584869283e-9
2.4317614091422205e-9
3.505375912424074e-8
2.657577118515357e-7
4.8542775920019015e-8
9.851909570256397e-7
2.434427502329765e-6
1.8251921832166128e-5
6.591262930396033e-5
1.2079266419316363e-5
3.954403083863307e-8
5.132144405240508e-7
7.247079651099166e-6
1.4370057362893125e-5
0.00017308974931508377
3.075512027054324e-5
1.251504660061205e-6
7.276775695218011e-6
4.6526236858063414e-7
6.812686308684128e-8
7.038057397903245e-11
4.444389832640109e-10
6.980846021063045e-10
4.280687144701081e-9
2.2447779775492628e-7
1.432706392075592e-9
1.3629576506743778e-8
7.741494531550107e-8
4.3560500780236584e-7
4.2152888106436914e-8
6.953575630253637e-7
3.7968112805757957e-6
2.0519277515500985e-6
5.637272822494047e-5
1.335725013331855e-6
9.184345481357589e-8
3.112180911990819e-7
1.9059664199011218e-6
2.4867380570664795e-6
5.527476240093768e-6
6.906695542628124e-5
4.891945588208086e-5
6.69800810851451e-5
0.0010899851662572078
9.363093328065436e-5
2.0968243640088967e-6
1.8606297006327106e-5
0.00036149633898983246
0.00011608850707023615
0.004163999581291522
0.00015544638141042717
2.749424546682335e-5
0.0008361993037525519
2.8019961553779112e-5
4.810764912265031e-7
2.2644333816717257e-6
2.899573626840068e-7
2.403142682000873e-6
5.81290883008287e-6
6.467645951648214e-7
2.622160752626523e-5
0.0002858442721304407
6.29780551808924e-5
0.000801635541144145
6.616123566507813e-5
3.7522172127162655e-6
0.00015699774274683482
0.00094326107603237
0.005909622889969814
0.0340567729185894
0.007189518060764486
0.00025073167406385955
0.0010602621890864665
0.000159782232768613
3.162214033107093e-5
4.809675386884194e-7
7.497732523266342e-6
3.8006593887949975e-5
4.87447008990764e-5
0.0006921429433610586
6.918179120734992e-5
5.492620062598635e-5
0.0013110786423454048
0.00013583578519959323
1.2975095922475633e-5
1.250209579186943e-6
1.0025129968069262e-5
1.3311515392372812e-6
5.91610291975507e-7
2.487857699739913e-7
3.811050608679866e-10
6.577567080728038e-9
7.0026898802683074e-9
3.8712373143021585e-8
5.290667607229281e-6
3.983853078916814e-9
4.271388766150873e-8
2.366162818057209e-7
9.095049198003957e-6
2.3040817263988974e-7
2.9161754864495703e-6
9.55878249330947e-5
8.31604594527468e-6
0.0002205987879252775
6.936584123696902e-6
3.0092341578341074e-7
3.1405313874425104e-7
3.884149500746748e-6
5.7592818877852584e-5
2.454692484982332e-6
4.772637711673925e-5
0.0010940617218074865
0.00030148415723124503
0.0039026858022849485
0.0007886110394237672
7.4118495042789406e-6
0.00028638452516718165
0.0009687097302685179
0.0008056477328184325
0.04432908402027188
0.0010775676360555975
3.678202253339112e-5
0.000712516285714604
0.0007266591494894228
7.155828550277581e-6
6.5445690707580545e-6
6.979129597269763e-6
8.574391416778013e-5
0.00021121086669293645
3.8742342646261756e-5
0.0008110097735261598
0.004030500991182883
0.0007153550985410011
0.0431127031612794
0.0006512570625435418
0.0002241531723036257
0.003765189564996721
0.04332276543220937
0.031851236231270175
0.4995735948306673
0.03273588634597857
0.0029782944296368997
0.040791004568923914
0.004043905619693598
0.00017470604753003604
3.471643898294895e-5
0.0006094730973149918
0.0030991828438154062
0.0006367216204581495
0.04544028056992056
0.0008100489293594338
0.0003089915238353383
0.0032709446634136673
0.0009738038454643054
5.556942767068941e-5
3.970560177397636e-5
0.00021749530168034081
4.685246610247385e-5
6.654330987570507e-6
5.4199544723225e-6
6.671320077303668e-7
6.526592500185938e-6
9.450392818563814e-6
3.7974906767669664e-5
6.4473052492258435e-6
6.258750926812191e-5
0.0005284543511904739
4.975481353113228e-5
0.0037171807536481153
4.2864540339523106e-5
1.2094526223076264e-5
0.000675445774945985
0.0007070338867476333
0.0010528247276928502
0.04260339827611107
0.0009345672875720886
4.2466730503785375e-5
0.0008267595970999879
0.0003643688952693809
7.559835238633693e-6
5.882189617449614e-6
9.137560085414645e-5
0.0006344493499520053
0.0004560408648487668
0.004029382497833038
0.00028008253843874267
7.23050683759076e-5
0.0009600783026669839
5.136354841475092e-5
2.644022998283772e-6
1.2506195408454448e-5
9.400980284115467e-5
3.954729703364271e-6
2.0957907968041312e-7
4.011366868343032e-8
1.0240242134791798e-6
5.153607799014165e-6
4.1281109000416433e-5
7.61368776454229e-6
0.00024092947085934134
5.33989384703553e-6
3.4870247163497608e-6
5.313267164468392e-5
2.51209535547729e-6
2.0715731489083875e-7
7.986284020821792e-6
9.903466139125624e-6
6.800867699992171e-7
5.1907002799624014e-8
6.583922734584127e-9
8.046386741326133e-7
5.370146707928162e-6
2.416883697015038e-7
3.866682338935853e-9
7.239940896466744e-9
2.7432052050147905e-10
8.074480394673697e-11
9.843745391005362e-10
7.290041770069866e-9
2.9791766784271202e-8
6.699460456156309e-7
1.4827828097988903e-9
2.2038735909845868e-8
1.1915915816848144e-7
8.12339987801782e-6
3.366582951970554e-8
1.8091110763245226e-6
1.1307770778228996e-5
2.2467284057157132e-6
3.1410938879796275e-5
1.0610733171714994e-6
4.0895941408979035e-8
3.736681929804415e-8
4.146922436520035e-7
5.912289349377172e-6
3.1446271403149625e-7
1.003742044947881e-5
7.793462893261015e-5
8.614705634321392e-5
0.00042981093884787713
5.215026857382268e-5
2.332869608659404e-7
9.546265121203184e-6
4.627791073360001e-5
0.00019030888650305885
0.003135321987363781
0.0002528173455976388
4.212489423831792e-6
3.611520417466907e-5
2.6702098559146382e-5
1.3996384762565766e-6
3.5675152927679343e-7
4.4719831699512714e-7
3.10463095368807e-6
9.351225996156577e-6
7.909061616902775e-7
4.282974253906916e-5
0.0005983215808264734
5.7585953163498316e-5
0.0006243002698791027
4.317752602782449e-5
6.695323621843658e-6
0.0002020181043382731
0.0010657627909870068
0.0061223232073014285
0.03100188805058657
0.005427616937413647
0.00018758073613943233
0.0007877020653377084
0.00010960672812869458
1.3675951675712275e-5
7.200830899498757e-7
9.734387722497585e-6
4.3949141923886294e-5
6.214234725799715e-5
0.0008100626795429425
6.261998907528778e-5
7.956187241541028e-5
0.0002554807276112253
7.365877622117483e-5
1.6394541414609122e-5
2.80628883500083e-6
8.630011764638074e-6
2.071620138498021e-6
2.37566946809369e-6
4.820184352329884e-7
3.3730203811921175e-7
7.400293110097103e-7
4.2944412991224594e-5
5.641863002607798e-6
1.4211968963917746e-6
2.4656449676978907e-5
9.869124032963222e-5
9.549425166234289e-6
0.0004955494349345915
6.09451903653549e-6
2.2322763012524536e-6
1.7642253823246223e-5
0.0005957384457531374
0.0001942471548059802
0.004084071395147164
0.0001530873177033824
8.92218806028191e-6
0.00028323138633940914
2.1474476255825763e-5
5.181611101527399e-7
1.5161313304736836e-6
2.6183102324252207e-5
6.0738922770434784e-5
4.537334465432181e-5
0.0010748841817561547
2.6939266935371997e-5
9.677628324561414e-6
5.371429951849941e-5
0.00011717418832812598
1.271037897746012e-6
1.9753336302511137e-6
2.427063670499201e-6
8.948783038419691e-7
1.2664058219794487e-7
8.086110857355057e-9
2.993867972394168e-6
2.4718501188973975e-5
8.59371989061728e-6
2.579967825445196e-6
7.25925334039231e-5
2.089245964793296e-6
4.895535160512287e-7
3.751514149861434e-6
3.5511831592723977e-6
4.120927671433834e-8
1.8596574935029058e-7
2.8889047977524604e-7
1.1936507061059243e-7
9.373402522529702e-9
5.448988461401459e-10
2.6666727749240848e-8
3.745261461655071e-8
4.419399147178437e-9
4.5523541981025644e-10
3.3161494572916034e-11
2.5102676771001843e-12
6.949750832760358e-8
2.539634462484856e-7
2.9533928900472553e-6
1.171979717768495e-6
1.2607330131473296e-7
1.4957847345754088e-6
6.647409149306345e-6
6.796016940524423e-7
3.226125489044045e-5
4.1430280698523035e-7
5.7120756709219754e-8
2.163734211129005e-6
1.0804920628900939e-5
5.927827259673981e-6
0.00020060117685796232
3.3010355344798185e-6
2.102143320258746e-7
7.091580564886931e-6
2.649683712161768e-6
4.7211651273217224e-8
1.209910141711075e-7
1.63253449396614e-6
8.076030616110933e-6
1.0813722203269362e-6
5.035651009593865e-5
6.129662756462402e-7
3.2517681732387316e-7
2.880356324682199e-6
8.123433851963436e-6
5.98263521814019e-8
3.9765912643006446e-8
2.757963354494389e-7
5.68422155553227e-8
1.0410974658912015e-8
3.054531378986541e-10
2.573390617789202e-7
8.388635433201308e-7
6.566510197534067e-6
6.241155335417857e-7
6.557739813939678e-6
2.451931340533897e-7
4.742444769387214e-8
3.0202276526464605e-7
4.956031239402597e-7
3.028975896134262e-9
3.35568172535832e-8
4.2718983268138925e-8
2.1222793089894063e-8
1.418021440135628e-9
3.2317908132707434e-11
9.540994100079556e-9
6.428266676385828e-9
6.935858479268672e-10
4.469153745708325e-11
1.7801088932452856e-11
1.7865330229687203e-12
7.375180512582442e-8
3.942095534044248e-7
7.210607014409729e-7
4.844282416129742e-7
7.2379051512912315e-6
2.2041761018933936e-6
5.1248484547218335e-8
3.28201915590902e-7
8.815214912976463e-8
2.9132503463472355e-9
1.7956734338814607e-9
4.354540423317407e-9
1.4144322773101278e-9
1.0231147002111639e-10
1.377461853148692e-12
2.0799059150844107e-9
5.912991140774316e-9
4.2413935707251257e-10
7.042160499796765e-12
1.7569201561266977e-13
2.127346337313987e-13
1.081516490940259e-10
3.3583156290871025e-10
5.990565853730777e-11
6.2242849504269e-12
2.3996067802983516e-13
1.7027675195167533e-14
1.708225211397617e-15
