4.259455480411808e-22
2.2694242591294954e-20
3.243736017225575e-19
7.737918017534756e-17
9.346690157985442e-15
2.357055622102714e-14
3.421229729337718e-19
1.1522446840538094e-17
2.2091116593245026e-15
3.084943159512105e-14
3.317587698616585e-14
1.8732092106091814e-16
5.547610940386268e-14
9.169225786837975e-13
1.6451347155562346e-12
3.1356056553380377e-12
1.144345403778352e-10
4.347352084941356e-11
1.086657858185445e-9
5.640630260730148e-9
7.986324142604168e-10
7.47179197967024e-18
7.639592130774041e-16
8.048111050550215e-14
8.892323420007247e-13
1.91798515453093e-12
3.1056595251759205e-14
1.0079097157664466e-11
1.5897182517180366e-10
7.601726858207193e-11
6.586420860974669e-10
1.282257983868125e-8
2.6905875006624248e-9
1.0076089532086363e-8
1.3521066299168746e-7
5.2352160646230755e-9
2.1683080094893603e-13
3.3687651316003974e-11
7.079657995059507e-10
1.3995674825947602e-9
3.0021211851415713e-9
1.2645106890690513e-7
7.80292581684415e-8
2.8631262098323283e-7
2.1854103630562856e-6
2.0000227865645132e-7
4.1494153212114913e-10
4.8934925837150224e-8
7.139356968891586e-7
5.2428885709900876e-6
4.170568033229671e-5
4.1296346440130055e-6
6.21269879730973e-8
1.5214325581295023e-6
3.5094727471986346e-8
2.8793400690510727e-9
7.251159749882043e-16
1.0095724709313176e-14
8.007347571252927e-14
2.3115309484397355e-12
2.299716831437916e-10
1.613411912811696e-13
3.4365386271054083e-12
1.975581459760825e-10
4.848156298258627e-9
6.049975985244458e-11
3.5164277373781157e-9
1.2033272076954819e-7
6.040603022970154e-8
4.807033948829458e-6
9.896309313344355e-8
1.295533600557937e-11
2.7084214151487375e-10
6.3772451736971324e-9
9.713114556396631e-8
9.504615965932934e-9
2.469737774960982e-7
4.575444514189834e-6
2.8907852181262743e-6
0.00013171450430015533
8.141288511593294e-6
2.885542869283682e-8
1.500235031689405e-6
9.568118086291324e-5
3.0241085216016485e-5
0.002190322670615405
3.6326485731136794e-5
3.2873918772466184e-6
0.00031219365498162286
4.315828961637554e-6
3.7666340026570395e-8
2.804118098019688e-10
3.9676160314893196e-9
2.4979952706358987e-8
6.053231252127722e-7
3.4450255630197475e-8
2.146976992255291e-6
8.661192821488014e-5
1.6031072354703242e-5
0.00022190657904551012
1.3376631566553877e-5
3.380584228011544e-7
3.821488670233899e-5
0.00032211202407530446
0.0037938000535314067
0.025485505025253048
0.003614446330295378
5.528241808320653e-5
0.00031298030608445935
3.5077393089130016e-5
4.329843972972827e-6
9.64325971491328e-9
4.872285096688458e-7
5.956621678237297e-6
1.2837447097230552e-5
0.00020692286627655907
1.2835789748729163e-5
1.1542197879985813e-5
0.00031116338072785467
1.0686452490647388e-5
2.1501217982256744e-7
6.713562293953747e-8
1.6918828541406762e-6
1.1833282116562451e-7
5.394047450858918e-9
8.775254162941368e-10
4.15544103378235e-14
1.1991686778759804e-13
3.334916455446256e-12
7.096309460503708e-11
1.2639175040216417e-8
1.6999798648035463e-12
7.992326256696837e-11
3.901364448831423e-9
1.799574809568501e-7
1.054943111942822e-9
6.491943973600156e-8
2.7979185248325925e-6
7.189259287772681e-7
5.0005572247088894e-5
1.5638338420883516e-6
1.735654856805817e-10
4.600955409208493e-9
1.189838971930644e-7
4.113279557368759e-6
1.0221775076091683e-7
4.1783876167377255e-6
0.00014715128944758468
6.069174296959326e-5
0.0015650904882856332
0.0002257182029634686
5.948887075873589e-7
5.9240092611860545e-5
0.00022631295319542745
0.0002895814234869318
0.032315377663033114
0.00031859229225132885
8.045679700379378e-6
0.00023816100044876705
0.0003895579245649824
1.8389345518789773e-6
1.1158051286835883e-8
1.7870701157438006e-7
2.5290259739529573e-6
5.50004392925451e-5
6.864525197961138e-6
0.00017147274223830021
0.002270139143881397
0.0002141556526590332
0.0331814997996658
0.00019940697560151484
5.020445153093127e-5
0.0015134258307036596
0.03378158054019842
0.02677029747162762
0.6544060436804416
0.026254557247958617
0.0014868457148574453
0.031877453844361546
0.0022233499796067385
4.559169273241547e-5
1.9292602743299786e-6
8.127577007846651e-5
0.0015065526036288053
0.00020433222649410482
0.03436390742996493
0.00024280524865353775
5.891701426212984e-5
0.0017383886162853387
0.00015614065361806186
2.5866147879596006e-6
1.7099233780194528e-6
4.993317180269388e-5
5.4592031593926805e-6
1.7019498527977373e-7
7.759621589448201e-9
3.62866979624931e-9
2.2079556466667287e-8
4.2934636599575045e-7
2.4925143819466786e-6
7.700252995489888e-8
5.2588254493609045e-6
9.611264872798532e-5
8.34974354395847e-6
0.0014968218212348856
5.432999348011085e-6
1.6985836570589266e-6
0.00014899731499267292
0.0002390343846731718
0.0003239318180589275
0.030829493388886266
0.0003113632270678017
7.98585540081189e-6
0.00022746183323362916
8.584603821871726e-5
7.310098244984598e-7
4.0600810363054776e-7
1.2439312716127577e-5
9.817145581256995e-5
0.00017606008495226987
0.0020781393139686394
7.441252627747989e-5
5.9368992552198705e-6
0.00016804768732184297
4.314686834601494e-6
6.879033224326926e-8
3.8618557127732406e-7
2.7603493771064495e-6
1.4196812416086963e-7
4.4517251190683825e-9
6.213728597522938e-11
1.3027389668330948e-8
6.065215096163096e-7
2.6703412818130557e-6
1.4910337187623181e-6
5.284059907036008e-5
6.240714649125528e-7
6.77905859272606e-8
6.902469689001824e-6
9.78060575712052e-8
1.175137751154264e-9
9.05469694735243e-9
1.486953377767907e-7
4.3522629580642575e-9
8.750895653291126e-11
2.3228688014688626e-12
1.4953397701024012e-9
8.08472789435259e-9
1.672840081278522e-10
1.8576594297959246e-12
3.493790970892314e-14
2.550052823870752e-14
3.3447865377982577e-13
6.099091664283784e-13
7.486955204845437e-11
1.7646784826861862e-10
3.0126004215933127e-9
1.1938105548507873e-12
9.929268466485957e-11
1.830971776960221e-9
1.5052822148184088e-8
4.4271396917035503e-10
1.4489852883281258e-7
9.878582444505589e-7
1.2990045596655989e-7
1.8672736476482914e-6
7.362103287968308e-8
1.8742462228033595e-11
9.032366751967216e-10
9.333179985652292e-9
6.693623414848533e-8
5.831529110602249e-9
1.913577144218744e-6
5.748892611253383e-6
1.523305902467368e-5
6.712901884245127e-5
1.1729330111723673e-5
6.9343595681207966e-9
9.181501740809933e-7
6.800303039640582e-6
4.467336315827744e-5
0.0013338995843385276
5.072482243306729e-5
4.250082918500616e-7
6.293875445103176e-6
4.4567368256595025e-6
6.096492270409626e-8
4.797068704974015e-10
1.3975503898740432e-8
5.038324569092522e-8
1.4823122070499441e-6
5.004277135427304e-8
3.294558556535884e-6
0.00016720896349126002
1.3203342620742518e-5
0.0002042953866095595
1.3024190312964914e-5
4.769421684206281e-7
4.202154833410785e-5
0.0003350592089323804
0.003637472327996443
0.024442874870625853
0.003781174878471335
4.6532783409615534e-5
0.0002801087146072731
3.027451797886072e-5
4.9696756607844485e-6
1.2915873204967404e-8
5.79593466909617e-7
8.216307023408071e-6
1.3078685585120119e-5
0.00020356464416401617
1.6518887316360934e-5
2.5785213374781746e-5
6.235826002472651e-5
3.1858252107878324e-6
3.0502866852679077e-7
1.5732894143964315e-7
7.024081495529005e-7
8.546033375418145e-8
1.545402258286601e-8
3.7946580147793026e-9
6.980994642136212e-10
3.414851020499492e-9
1.9228409704421434e-7
4.4498258180253634e-7
1.1085151478806417e-8
1.1992321940866036e-6
1.2038436825838004e-5
6.002722956647966e-7
9.175831499095965e-5
5.042049438302212e-7
1.155984473439468e-7
1.5135814195245714e-6
0.00017667231396425675
4.4107968452755e-5
0.0016865727828191735
3.9306291996888026e-5
1.0376659457091922e-6
6.949874061461318e-5
1.4401998670651127e-6
4.611537950674198e-8
1.5435773353433802e-8
9.396813212538351e-7
5.649244624122535e-6
3.3406976094485947e-6
0.00012950723416645533
2.20256081915969e-6
1.4151095343976425e-6
3.6629541324577133e-6
1.9467706662581427e-7
1.938937208330481e-7
1.0929262387456456e-7
5.192190153509659e-8
3.472136544952203e-9
2.703533549756524e-8
1.80673694039263e-10
3.4131280238728386e-9
1.4403345166919594e-7
4.4370575793834745e-7
5.101648190923365e-8
2.6240447190356147e-6
2.7346985148538485e-8
8.919682608195091e-9
1.1936916070129456e-7
6.368594480620287e-9
1.0204192771389514e-9
1.4863916669433553e-9
4.289341788760232e-9
2.246109725327209e-10
2.602087575530142e-10
1.5638884072982634e-12
2.107603344505952e-10
6.338270587329209e-11
2.269173099533674e-12
1.6962418125625114e-12
4.6165784982341086e-14
6.129996828372789e-15
4.560488401578688e-11
6.939204807317251e-11
3.5061535935768684e-9
1.0941110020987694e-8
3.388180049926113e-10
2.0937698327590335e-8
5.234811523389303e-7
1.151040096818164e-8
1.7880443809021294e-6
8.677086579444944e-9
2.460059886650354e-9
8.991772677575308e-8
1.4076259277828556e-6
4.4244927098359773e-7
4.586408152311787e-5
3.1708376611879963e-7
6.747678679952462e-9
5.839627058732867e-7
3.004902856069893e-8
4.605378132618711e-10
3.999067096566342e-10
1.582804502462429e-8
8.085216483500819e-8
3.933736946543032e-8
5.3986037478089686e-6
3.299755705014549e-8
4.022510874198037e-9
7.94392268811457e-8
6.870382429150577e-9
3.749013025366609e-9
3.666194189948387e-10
1.1439268190474003e-9
5.5379400298759326e-11
1.0117047174073948e-9
3.5225989412783e-12
8.076638281362053e-11
2.9693913407046627e-9
3.0403501322217946e-8
5.79098884119221e-9
1.5172847218605583e-7
2.954740508769834e-9
6.990773934871865e-10
3.737677895015132e-9
2.3726646032612386e-10
4.58103405566992e-11
2.664205436051161e-10
7.887424494067885e-11
3.693299640588162e-12
1.4445793534827083e-11
7.541663378413568e-14
4.726170280232663e-10
6.289960369377032e-12
9.950130413803373e-14
1.5570985660906532e-13
3.4471093640111785e-15
6.585002025118006e-17
5.392127929383668e-11
1.8536760829730789e-9
1.263384615689844e-9
3.5403054657284885e-10
1.668517339287033e-8
3.470312636509075e-10
1.4147333202263025e-11
2.417097948961399e-10
1.5009304397886877e-11
2.3893865702970055e-13
1.1865990975491395e-12
2.0293368742558054e-12
1.6163055206028928e-13
3.9801719935041354e-14
2.5843955137362747e-16
1.0964925577079e-12
2.10069957318429e-13
2.150171884394198e-14
1.297689779853766e-15
1.679649968966757e-17
2.7490900017287635e-19
4.430015832706848e-13
2.7338971255445315e-14
5.116688805906787e-16
8.057471130571836e-18
2.846817008355649e-19
1.8651175120986452e-20
4.1579889122796926e-22
