2.2465268598017808e-17
3.4463102155359017e-16
7.239178303429486e-16
3.63466901756957e-14
3.802357028680885e-13
7.767224800157176e-12
1.3670948009552932e-15
1.0282646451348412e-14
1.3047080847279955e-12
1.846079699672124e-12
1.75983932499717e-11
9.991361397592277e-14
5.26386619435898e-12
6.135433853820774e-11
5.700794357339448e-10
1.2146838777924139e-10
1.845323075340643e-9
1.1085576518433697e-8
5.201012547002564e-8
2.309317209574798e-7
3.190777603391871e-8
2.031433092480196e-14
4.4014313744293996e-13
6.675792485254212e-12
5.743327575778995e-11
3.2237340044907717e-10
6.515295014002953e-12
1.1075330608882028e-10
2.2699178706769818e-9
1.7185825642199022e-8
8.553161942501785e-9
1.93328659562496e-8
5.053297345656604e-8
9.11461006307403e-8
1.2961461543704707e-6
5.229423422973444e-8
9.935304110689814e-11
4.419837600580151e-10
5.262865837528591e-8
4.7078979215249856e-8
2.0583373024848472e-8
2.958925549742457e-7
8.769006236522479e-7
1.1661463939495013e-5
3.938616462872846e-5
4.773449781289514e-6
1.0189256149777598e-8
2.1216178535381506e-7
2.950557952340209e-6
9.40752701799432e-6
0.00011170184622878196
1.6480084129191333e-5
2.6591439394393847e-7
3.717315647954792e-6
1.7729223898557454e-7
2.1845824954836133e-8
6.685497402089733e-13
3.3384463368054866e-12
2.6481484580337897e-11
8.597832096416009e-10
1.3481657708209491e-8
7.787521973248077e-11
4.3150511103563175e-10
9.916179016518289e-9
5.5163611162025844e-8
3.364657367002474e-9
6.90551090354765e-8
1.2984250628464066e-6
6.268050607961415e-7
2.7902153693418918e-5
4.7457527515780686e-7
3.0924496418062196e-9
1.773138735750883e-8
3.2485413940462804e-7
8.356382907056093e-7
3.5304340281115893e-7
4.1595119155124616e-6
2.010929787274284e-5
1.9136978848791797e-5
0.0005099008475173528
3.9013346890079914e-5
1.286677960156873e-6
7.4047793471657215e-6
0.00019702246377288922
7.487702307501916e-5
0.0031382406063479363
8.57355568080031e-5
1.0660306041061875e-5
0.0004915237643681511
1.5192630945609088e-5
1.7181876285262947e-7
5.6788400027100926e-8
3.189044889623135e-8
5.705850178256982e-7
3.270468930613456e-6
1.6706080542539818e-7
1.0226727328549427e-5
0.00015886165742491024
3.060946868995128e-5
0.0005124721309407445
3.682204894033148e-5
1.6513220365001682e-6
0.00010774241657796223
0.0006509346955852211
0.004994812870574462
0.030556017390102788
0.0054215383002849575
0.0001547408106807785
0.0006508219977417291
8.64399166736305e-5
1.4535164395901357e-5
1.3211331719674648e-7
3.672962892412598e-6
2.2929398356395427e-5
2.7495534741648917e-5
0.0004460730407186568
3.617315885492263e-5
3.509121445366792e-5
0.00047154187462133403
3.761068094328174e-5
3.2722679476054497e-6
4.375300359644208e-7
3.249789012476161e-6
4.4220437391500963e-7
6.110118491766617e-8
3.589554467026035e-8
8.810653561226769e-12
2.027697309201689e-11
5.380208792546031e-10
3.796552792337186e-9
3.928811731063204e-7
3.1692798987410363e-10
1.696840732486864e-8
5.0942649948177183e-8
1.0281147009329154e-6
3.588947465136716e-8
1.0308371556233573e-6
4.532802468896346e-5
2.4989778777690384e-6
0.00012489528703936426
3.220454960891974e-6
1.4521863092716217e-8
5.090317397187975e-8
1.3202724490321093e-6
2.20398243915939e-5
6.255323131328995e-7
2.0287879269837492e-5
0.0005422113213626035
0.00017015669879415546
0.0028675607190152873
0.00046643271799188033
3.62853910667446e-6
0.00019352586076311066
0.000571350130554881
0.0005602293827126155
0.038889700380173024
0.0006746498758654461
2.021348698613324e-5
0.0004998882166130492
0.0007450247986220436
4.1979594041050685e-6
4.231622732137297e-7
1.014102167262758e-6
4.3338388204243386e-5
0.0001240650754200082
1.7819339977097e-5
0.0005012129510951263
0.00301869977056292
0.00046259531463765843
0.040069936709644045
0.00046634833888580305
0.00013276205406628877
0.0031100575941651514
0.03864689669590584
0.029225629242489816
0.562685072219994
0.031017677589008166
0.0024543199147603256
0.03913798762868161
0.0032635658672135514
0.0001073463664844935
1.5663238198341326e-5
0.00043859360466844214
0.0025725758965474514
0.00043069403257846946
0.03914345985326369
0.0005086113620221516
0.00029556429002726333
0.0026532300573301228
0.0004488573486132233
2.4095790775280095e-5
1.2424207696787362e-5
0.0001191719272547071
2.022583751154859e-5
1.2232799659555873e-6
3.1091650295855764e-7
3.522618633522174e-8
4.074643223324545e-7
9.467348554755257e-6
1.193212661133935e-5
5.047299549876143e-7
2.7545626718497348e-5
0.00026195561493270536
2.1504857386093952e-5
0.0022176268136058783
2.2424810862368702e-5
6.169934825706416e-6
0.00045456220142368783
0.0005355528487613125
0.0007108960231818778
0.04112601307977381
0.0006515974860998578
2.339638541381775e-5
0.0005771261121480057
0.00021339441017557506
2.8600456852300395e-6
2.7688329323041345e-6
4.556416164544755e-5
0.00030884453522335567
0.00036707258123565767
0.003227219946979
0.00017839490564893498
2.7224986306517567e-5
0.0005461741619673156
2.2049356413869875e-5
9.679278545297695e-7
8.369895845993132e-6
3.8324504164786485e-5
1.309869318293144e-6
5.2990045026688226e-8
1.7174595536104768e-8
2.488057275290444e-7
2.3539105189938833e-6
1.1922377309277038e-5
4.678683224960778e-6
0.00012955692020567822
3.7865810623180384e-6
6.85024819597647e-7
2.2216124902838844e-5
9.469685573193933e-7
4.023366663921392e-8
3.3651402118322176e-7
1.1213667308078903e-6
6.232656909116724e-8
2.372176713744474e-8
6.348469536045145e-10
4.317626367857848e-8
3.079961617888957e-7
1.0791453531028959e-8
3.48956083588891e-10
1.7944359937285245e-11
7.596338615379888e-12
8.239050253377682e-12
1.1432980385324512e-11
7.130746483312583e-10
2.1215109173193153e-9
4.043035697621371e-8
4.271243437096675e-11
2.172713705261105e-9
1.766020355605981e-8
1.954562026450899e-7
5.885055988130927e-9
5.479038212224076e-7
7.504178821158446e-6
1.01720948312389e-6
1.320226339651638e-5
4.228171718598086e-7
1.0256746348955894e-9
1.5144142903156085e-8
9.798735398184593e-8
6.782609591263153e-7
5.297787559315113e-8
4.101064674985387e-6
2.81454540331759e-5
7.015575407573132e-5
0.0002826760596079941
3.552422503366532e-5
6.446979949259871e-8
4.09512446031651e-6
2.1182561742278532e-5
0.00011369938290932116
0.002166694152552914
0.00015636037279907145
1.918368294246958e-6
1.853048848234969e-5
1.582260568922044e-5
2.690021903297127e-7
2.025130164195024e-8
1.8130140929960634e-7
9.225423875402888e-7
5.385822327481726e-6
2.778169972677084e-7
1.9390329940451553e-5
0.0004827752575152423
3.5455103082722085e-5
0.00043322022044821264
2.670872098691481e-5
2.357278287715442e-6
0.00010677137369461877
0.0007033549225996981
0.005347489880725311
0.029688787806075496
0.0049397776741613554
0.00012722112586194216
0.0005773040448657031
7.171692184069096e-5
9.178548242194096e-6
2.132490728296507e-7
4.887585269296847e-6
2.4889173839864787e-5
3.691938326240101e-5
0.000513388693306138
3.097202602280076e-5
9.161501044637782e-5
0.0001861160864592292
1.9452785852790732e-5
4.06547063471009e-6
1.3885950998195097e-6
2.51992603745418e-6
4.350636405675831e-7
6.988986215160449e-8
5.5286753813910056e-8
7.933791397901691e-8
4.502877469704564e-7
1.3317138078327665e-6
2.0469805651204593e-6
1.8954687784547294e-6
2.006407207662227e-5
4.3028729250804914e-5
4.941229503262688e-6
0.0003969804271676702
3.395827523029892e-6
1.6124560872815138e-6
7.945090502788775e-6
0.0003097529738501968
0.00011318542485393264
0.0025216526627698525
0.00010105318595455476
4.0199515363124535e-6
0.0001522505517212494
6.08991073651842e-6
2.0759642233857587e-7
7.870385065499992e-7
1.9795137212616773e-5
2.5702301753219785e-5
2.122409105887386e-5
0.000718948628072094
1.099607520364775e-5
5.482883852475937e-6
2.444984473331525e-5
5.703886515538962e-6
2.227423472194643e-7
6.376333502627379e-7
8.489381821194985e-7
7.315389815605224e-8
2.0218281880675908e-8
1.6067048434267294e-9
1.4591712596770154e-6
1.4025717900654575e-6
1.065692039342384e-5
9.817565010024714e-7
5.126784834725836e-5
6.262863517208367e-7
1.290682848574716e-7
1.601789987624857e-6
3.2375507292445933e-7
4.4275370390937485e-8
1.694473036438644e-8
6.325857735546067e-8
1.2958617639016286e-8
1.7593009027137602e-9
6.001251981455178e-11
2.267114894735028e-9
3.511490255632557e-9
5.99581204828171e-10
3.81774959921532e-11
1.4544688787775508e-12
3.136625773039063e-13
9.979136614130798e-9
4.385519825734935e-8
1.3589153769188913e-6
2.0588932289237123e-7
2.6589450046055304e-8
6.952812006108341e-7
2.6719567053777237e-6
1.8047278020827156e-7
1.4479798323521643e-5
1.2106557401404756e-7
3.544222081183827e-8
2.0890260565409774e-6
4.449092527821257e-6
2.466838477020399e-6
0.00013182480376925122
1.578612230033978e-6
6.192582062995437e-8
2.8602015196927644e-6
2.771744413222908e-6
1.564598102379805e-8
2.0171304003694205e-8
1.579708296882037e-6
5.56611491674856e-7
3.6068842622041665e-7
2.946534214429302e-5
2.5366671714276594e-7
5.2351896357249636e-8
7.005034683104467e-7
5.268349041120027e-7
1.980740246513356e-8
5.5089349930127366e-9
3.0630353166091905e-8
4.292328564459185e-9
6.677388662792531e-9
1.2562250687612348e-10
3.651017206810714e-8
4.1481756736374874e-7
3.254755418066047e-7
1.6646301648228153e-7
1.1971396663212326e-6
2.9224033110170943e-8
1.787943405467001e-8
5.787655985805481e-8
2.0452753410297064e-8
3.9633779573796556e-10
2.5368384252023826e-9
1.412661058227199e-8
4.4721478145769215e-10
8.957674029609836e-11
8.11296722349375e-12
6.352211414228833e-10
5.496866746478353e-10
3.066370819044e-11
5.3945757465387485e-12
1.2644988827614594e-12
3.1067949326869045e-14
1.1031469617818793e-8
1.1752463945974235e-7
2.698245141208544e-8
2.140786706983646e-8
2.984281740105959e-7
3.725779188887954e-8
1.0690357000746323e-9
1.0265016019713962e-8
2.1772486274863313e-9
6.343833997980476e-11
6.005245405206475e-11
2.578925064773481e-10
5.921264444743871e-11
7.811704405383419e-12
1.3796856954305257e-13
1.842765802063847e-11
2.2371690047870415e-11
3.4761240764489796e-12
5.910847044694857e-13
1.3866677082782146e-14
6.047494986935278e-16
1.9544263048294394e-11
7.201051168356464e-12
5.232669108638214e-13
1.8389779105891932e-14
1.4782984423321587e-15
2.958564026334688e-16
2.089329871718153e-17
