7.072561353302824e-10
5.74833717042051e-8
6.756631378589622e-8
2.801621690696768e-6
6.970967848379758e-8
1.0884396782994422e-6
9.14028676429113e-7
5.263219944865207e-7
1.9572815326687066e-5
7.398373894988631e-7
2.218555845971712e-6
1.9502499796052666e-6
5.108662700717903e-6
3.899395095458721e-6
4.165690548784012e-5
1.64122558065502e-5
3.374019551588941e-5
0.0003409624081087023
3.523429059827487e-6
4.194897664492545e-5
1.2295801742438847e-5
2.8114147363900654e-6
2.074983783544668e-6
5.759482972454241e-5
2.1467188686476243e-5
9.349398681409839e-6
6.8731138449348e-6
1.896475333381198e-5
3.8008738869393246e-5
5.0670198858237224e-5
8.01822747121151e-5
9.80504056941547e-5
0.00017062471288863015
4.760566578396318e-5
0.00012557014343039157
3.217132718915593e-5
1.67015871896792e-5
1.1056587983854314e-5
8.644069241059763e-5
0.00015898389779026514
4.988802294476765e-5
9.738353867352957e-5
0.00043383298356668577
0.00022494249634071815
0.0008128934704102696
0.00022271788027433188
0.00011423017360186195
0.0001792171737362774
0.0005029743518481336
0.00036054030046810836
0.004064916167092296
0.0016796892088184225
3.996787292351415e-5
0.0001656061875504618
9.174370090985115e-5
2.85194018395862e-5
4.10195931098069e-6
4.118192499612025e-6
5.217726519373421e-5
0.00024148324651239182
5.523098950957681e-5
1.452578065664219e-5
0.00010668711523145496
0.0005397584246224556
8.392944706700983e-5
0.00017004788707988754
0.00033098207110413507
0.0005013611316471533
0.0003163009184158449
0.0009617456434619009
9.574758490908527e-5
3.852117138783472e-5
6.291213760798859e-5
0.0005126374735169831
0.0004619148167873427
0.0006262120951572322
0.0010769856027753172
0.0011209262772700459
0.0016034831917217912
0.004938691920433055
0.0006652892489136149
0.0005552030723754605
0.0008925933379533725
0.0018220015834249953
0.001491277057862688
0.009742478929932888
0.002125524906044475
0.0011888017812817587
0.0020604218916301705
0.0005259349316942103
8.733676269362967e-5
3.613609629424386e-5
5.8872756022735905e-5
0.000388008009115985
0.0005411717570216766
0.0001597993275593977
0.0006885168976609383
0.0015438300851432218
0.0007755105241540118
0.004067412916635393
0.0007626279831477097
0.00041149641952758874
0.0010253546269859328
0.003553261092902943
0.006042094051178707
0.0329469596874657
0.01034397059261279
0.002619132438413224
0.005372502451023901
0.0022219286162134372
0.0017669798556804788
0.00031542951523957143
0.00033880671230255665
0.001381662196119822
0.00046140258869135936
0.003899434829128433
0.0007698485862064912
0.0002600104414118261
0.0014142214360717607
0.0006358897357228634
0.0002307089148521337
0.0001101183698907829
0.0001560002050840938
9.252393106280034e-5
3.0508186786897656e-5
1.1683946242067262e-5
4.246661079321377e-6
6.753923710284986e-6
5.2409790824416836e-5
0.000145381806409673
4.8136467654788126e-5
9.219790209387966e-6
6.866490201702679e-5
0.0003356211537629663
0.00018204974460358568
0.00015115339017075335
0.0004587644010301509
0.0007805135425434048
0.0004610526974727288
0.0033740993028507625
0.0001561389764924895
4.6507540350642906e-5
7.80253431807588e-5
0.000550486406445997
0.0010467990212853677
0.0004217899436112466
0.0012025367988379857
0.0037325711896172165
0.0014842385815653448
0.007925378009410814
0.0012984849565661361
0.0005741494071693068
0.0017138600385930576
0.0036620131866745616
0.0031567685258849644
0.035949985474481305
0.005521118119799188
0.0010746138793749707
0.003413821080797894
0.0020183450649032867
0.000167993149704311
6.196512821332862e-5
0.0001858707180280581
0.001350608360610861
0.003879138213397512
0.001002852154621401
0.0036459650626878646
0.008055453440351162
0.003616114644299071
0.040501023042014986
0.003934240550326464
0.0033447847103031704
0.0068364948404981436
0.032017968616357396
0.024425750809919156
0.19598147301599084
0.03264852249932194
0.010799572693530282
0.0370187073769531
0.009580064070777593
0.004231183040353289
0.0027692337910836676
0.0034041312639813384
0.011569160710190655
0.003204002857844409
0.03966058250012858
0.003995484715884891
0.003050203733557844
0.008243271956070596
0.00481525313211453
0.0007964146024452934
0.0027895445640422336
0.003393300229751755
0.0009589525620197671
0.00012091034525009207
4.015944965465363e-5
4.13139141673753e-5
0.00010299695976158127
0.0006194480758877026
0.003319507491202776
0.00019846700750688796
0.0017638273411090598
0.003673167960414021
0.0010769350922447672
0.012032761740120326
0.0015009547176847889
0.00037039921399546587
0.0012406559147071043
0.003256795753682094
0.004189509606338506
0.03216367319263716
0.0035907531321305863
0.0010951798122060376
0.00363335901105366
0.001972506839858975
0.000512958429739276
0.0004022883760133433
0.0006136351876276896
0.0037126954842383827
0.0008723134783123357
0.007927256637621036
0.001523457295792059
0.0009522096353004203
0.0038839616661614338
0.0011317328302603601
0.00042044995684031275
0.0004689068173433468
0.0008184652405087046
0.0005044770023383468
0.00015935365189380921
0.00037295868398374866
0.00040390968486701795
0.0004735877631242426
0.0031834896944507897
0.0003428479416448972
0.003727429763216963
0.0005333618519347864
0.0001788951608644878
0.0010143277598939778
0.0004363608654247802
0.00014897749632015913
8.052321209348786e-5
0.00017113285252593608
8.261338069970069e-5
4.984952090956039e-5
4.136745805076193e-5
5.89223754329248e-5
4.644747136646688e-5
5.402094441679529e-5
9.072993121526816e-6
2.2184153669111714e-6
1.0150187476572628e-6
1.0809506677015917e-6
3.6315965719398754e-6
4.589207763910223e-5
0.00020853477029264742
6.435035081673225e-5
5.243158819422109e-6
4.322799708015818e-5
0.000246063870002814
8.619455868417171e-5
0.0001411692963748436
0.0004701586639250112
0.0004971120875291565
0.0003729744534099981
0.0026342840266969157
0.00010502667278218144
1.800600757812867e-5
3.37171367652065e-5
0.0005050845849539263
0.00018317776339314102
0.0001972386104509768
0.0006590072144473536
0.0009899020805567652
0.001029053116219663
0.003120946681826489
0.0002588319134286912
0.00026635104441170273
0.0005758799697179541
0.0010518548320620454
0.0019409815158981307
0.010513161950801755
0.002213435050985977
0.0005344321350298929
0.0010980036822416715
0.0011637295330011303
3.802382876221825e-5
3.999357070441668e-5
3.403501028383519e-5
0.00034361905531178215
0.00035667582355446587
0.00019492839869173474
0.0010073491485995032
0.0008599769610796797
0.0007011892522066314
0.003278750660724349
0.0004923160239740342
0.0008328670331611099
0.001715005949857767
0.004212634166937349
0.008356801235377069
0.024801324804846776
0.006052816828922402
0.002152367742211097
0.003285196457775296
0.0015178644429867905
0.00039518399702464125
0.0005814658110495564
0.0006618946733398613
0.0010152848957378025
0.0006782768964927156
0.0037003384771271235
0.0007870924312347032
0.000984043902940998
0.0014302402102691063
0.0015610522365544807
0.00020021586357612143
0.00036033534607822937
0.00042436999349122577
0.000297077395338059
4.357002283870725e-5
3.3125536085928673e-6
2.4559528680394395e-5
4.3441996352992494e-5
0.00029370614375862926
0.0005053858198366917
0.00011039590445003837
0.0007517548975597855
0.0006098722782024536
0.0006918582263896672
0.003575281355096093
0.0003617751279508151
0.0005991469833560595
0.0010576283941361835
0.0011532791452916963
0.0016870590916670779
0.006860788263263263
0.0010505625729227133
0.0006088766672749519
0.0016849307358899513
0.0008763796013565187
0.00019640061805057107
0.0005961842520876833
0.0007282204270311511
0.0016553634993160574
0.0009508735478838408
0.003659468041397139
0.0006451685666131687
0.0006063733151768875
0.0011997354327153325
0.001108678795001771
9.574455964730002e-5
0.0004865302554492788
0.0004694908532607527
0.0003363721717621272
0.0001004357495603475
3.6584558039760466e-5
0.00042857024464257977
0.00028274544601914376
0.0005706645159764487
0.00034027799563138836
0.0012653188087855143
0.00036758426890129794
0.00045656089514866234
0.0005658848836412601
0.00047640580464645684
7.775937690970394e-5
0.0002275172817297801
0.00032349024019117853
0.0005088544099880427
3.588745415172797e-5
3.7726902186872908e-6
0.0002153679549336267
0.00015128950330064284
0.00023270637177250295
2.0931029730199175e-5
7.54899859814893e-7
6.412380347868953e-8
5.9037656233246114e-6
2.585726776046686e-5
0.0005282444422118301
0.00043844633394923626
2.0852537803182538e-5
0.0005861115477796379
0.0004740353306557746
0.0006067092626954811
0.002845173326503499
0.0003229038015048667
2.0202027773332598e-5
0.0006016623141131285
0.0003483999561129446
0.0008588909645549485
0.003178984767077345
0.00044307220673877793
0.00028160750168145686
0.0005740148900525338
0.0005897536811542522
0.00012473253897403908
1.9375501884020647e-5
0.00011088989274200906
0.00019050875403403954
0.00019488982997306771
0.0009541135518627247
0.00016327979072550879
0.00019248152482643924
0.00043239571415378485
0.000662994998564409
4.978422160996686e-5
0.0001437834510075383
0.00015316857859043885
0.00017606885158101597
8.140580513381666e-5
1.7706884003986833e-5
2.187626854346417e-5
4.000385643508883e-5
9.034975393114279e-5
3.2143041868485154e-5
0.00016393177314955919
5.267385262886031e-5
3.129717099195015e-5
7.833357084560178e-5
6.287526712056202e-5
9.995152985840586e-6
4.026218761305224e-5
7.183449154388737e-5
0.00011568440793417353
1.9376045112057775e-5
5.184470390934025e-6
4.121927873929135e-5
4.9216469157816225e-5
5.253158566691343e-5
5.89937422606248e-5
2.148548758078446e-5
2.2183922564717098e-6
5.11587821119578e-6
2.2653841107733303e-5
3.623537289155e-5
3.508475857766083e-5
5.319667574999465e-5
3.4594690884986056e-5
1.550885893921668e-5
4.3249594993457084e-5
3.818793709245454e-5
1.5014449761205119e-5
4.926458573521898e-6
9.556973119851138e-6
1.4754541068951427e-5
6.2192834863084686e-6
1.9260930169356772e-6
3.6785211167858034e-6
6.933491213892772e-6
4.523567460271703e-6
2.1671301580443772e-6
5.406385763153515e-7
6.403540710144691e-8
1.0150766797028356e-6
4.213093660995054e-6
3.970366611864598e-6
2.9033695495665566e-6
9.86653051107801e-7
6.051791412897647e-8
7.111593538722819e-10
