1.172532945417443e-10
1.7559807841793972e-9
8.644072318904599e-9
2.7495401568230575e-7
4.600684312401333e-8
6.184057473516607e-7
2.360416925937111e-8
5.783195212971527e-8
3.7451218924271428e-6
8.210932038526566e-7
4.182432520434992e-6
5.643596978058929e-7
1.0818188890141317e-6
1.2998219382804494e-6
3.3300913634888694e-5
6.691595138798462e-6
1.3563824921614784e-5
0.00010117984354037655
1.08238133245901e-6
2.8178193402155975e-5
6.267343730456091e-6
1.9840256596828973e-7
3.695360073020666e-7
1.010472835976206e-5
6.968873067385254e-6
1.0880737710868054e-5
5.526024197223185e-6
6.386389596360145e-6
1.1725606061128377e-5
5.179063027977936e-5
1.8646231397376934e-5
3.839541613380505e-5
8.574125904356426e-5
1.7657508757439142e-5
0.00013897896756192703
1.6317668912917332e-5
1.9409448726099528e-5
4.154518966854962e-6
4.455254405601148e-5
6.829780743692742e-5
2.5936339359625054e-5
6.114738773310985e-5
0.000209602488214613
0.0001890809591307318
0.0005890459346435743
0.0001417766958644706
3.132782601316391e-5
7.552414135142685e-5
0.00021289584309282702
0.0002199417469293614
0.0024561738845618993
0.0009424855974268154
3.783809540221079e-5
0.00010633612761335422
4.3798171457442695e-5
1.4084891079683129e-5
5.886243726089954e-7
1.5000022529758162e-6
1.7694490491699554e-5
4.381525630275662e-5
1.889373747690292e-5
7.95022987365263e-6
2.331492638083296e-5
0.00013133776570424448
6.124620084161477e-5
5.7578232373195837e-5
0.00012498478277670933
0.00021074153126598131
0.00012501291835774735
0.0005305652046404334
4.8143049276001183e-5
1.9933488848663583e-5
2.8707566333605342e-5
0.00036335127874607314
0.0002650808818704979
0.0003928327018890225
0.0008822465908046262
0.0009005073027211107
0.001313868451682104
0.004816143623094305
0.0004603543796724744
0.000452716624277086
0.0005148456398226691
0.0019641996465830764
0.0010068525313145945
0.009217714241300577
0.0014486790173782154
0.0013566429453153736
0.002358226141148832
0.0003646830540058801
4.746751245445537e-5
1.6859512526239313e-5
1.932911012375225e-5
0.00029503542008238595
0.0003240634792101812
6.251386022713872e-5
0.0004396754586671904
0.0011338846179940638
0.0005240572223575002
0.003248650218389695
0.0005185028371098691
0.0002034073588382906
0.0008940147063836956
0.0031540536580304678
0.006421116073402475
0.03734886577944788
0.01211325698437204
0.0027696809361065053
0.0056564783125856825
0.0015143802019241205
0.0011380295696110049
0.00012917920836560381
0.00023463527868081531
0.000795081906146565
0.00029170391984898624
0.0028535912101232386
0.0004795769217898971
0.00022625547076851013
0.001261547189963945
0.00043489910452738554
0.0001329676078296998
5.4664499628095905e-5
8.898154942019479e-5
4.650092362367721e-5
1.559684397051529e-5
6.450146717165146e-6
7.64579438127113e-7
1.0595741631634062e-6
1.9109032021899688e-5
7.892581403020653e-5
1.9345090208228144e-5
5.398486065385984e-6
3.399197004948425e-5
0.00015320932361910064
8.185641627111344e-5
9.302139688958438e-5
0.00019557961017362588
0.000699067099571939
0.00020283224224129908
0.00232220348757258
8.785821169883787e-5
1.9412176331501643e-5
4.452778424898478e-5
0.000278485782412488
0.0005492896878981809
0.00029416754579871744
0.0007870031540129054
0.004095649240146354
0.0012658677592730667
0.007093498039472287
0.0012638159345077398
0.00034567890608086814
0.0011984272666164064
0.003079099387926299
0.0027078896948393365
0.042748173059901015
0.005557021513058805
0.000761064631188843
0.0029627696580743095
0.0023383923139868737
0.00010889124520335783
1.9906354899888664e-5
6.671049845502452e-5
0.0005532963132896218
0.0023303372645532886
0.0005611498890192995
0.0038849135790639034
0.007595575228758651
0.002760430004742321
0.042744920031780376
0.002923506679579911
0.0023450726981265016
0.006738839313377854
0.03663199893841122
0.02697609181919008
0.2417660958211154
0.03577669843934083
0.00931973151471423
0.04201103727038522
0.008966529827940531
0.002518617681448058
0.0015334253684680132
0.0038599956897833088
0.011627145811350183
0.0025920648599538558
0.042284468010536286
0.003083814271779689
0.0025136546331935546
0.007294190991717317
0.004694607856660258
0.0005803617039712245
0.0014437772765215063
0.002388918331431432
0.0005375342370376986
0.00014050503294438146
2.817999920117886e-5
2.2059064613252225e-5
3.072266181142644e-5
0.000461037920860371
0.0015085845233070959
0.0001469769197317143
0.0010703339021305687
0.003619171286588204
0.0007220876318574395
0.01145253617357173
0.0008561816916478171
0.00019262995552474097
0.0010153934307487369
0.0029239854879189375
0.003945310148959339
0.036652967934658276
0.003198455067380576
0.0007858569527093836
0.0030479803615918177
0.001818061117411388
0.00023549098101925298
0.00034940323841977646
0.00046410368250349057
0.004090845844586043
0.0006924717107862729
0.0074375540770308685
0.0010742318933261337
0.0011584229006685416
0.003999707886468671
0.0009367587438515268
0.00021383494196529218
0.0004630541351477951
0.0007042914673646178
0.00021105818371470612
0.00011738670164548972
0.00010647768883788332
0.00042652525002244337
0.00033342862790931865
0.0015211912483727385
0.00017604732022486675
0.0021994515030418754
0.00032533840730383204
0.00014681608758090086
0.00052305238088451
0.0002719900345779268
6.284971544689558e-5
3.7219505571928036e-5
9.43876084957721e-5
6.105280250149584e-5
4.1222872681523067e-5
3.0061325181507124e-5
4.3161979396355454e-5
2.077101439598622e-5
1.8873740817724345e-5
1.002209450953748e-5
3.6603683413635537e-6
5.182538896153216e-7
1.0043765630727333e-6
8.67043373220122e-7
1.9460647277063593e-5
0.00011655597255748299
3.31834927076564e-5
3.32824607241825e-6
2.217999160679557e-5
0.00010813488914322455
3.6009467364410255e-5
5.600480848481449e-5
0.00021541947803411203
0.00044137816104549045
0.0001974098208514544
0.0013599267664377794
5.1467880364348973e-5
1.4726611976713613e-5
1.7430301925666307e-5
0.00024635506528750665
0.00017240346892581835
9.275610021989632e-5
0.0004740372401229623
0.001046450826554692
0.0010081844272797952
0.002629068765496867
0.00023099178423121425
0.0001020820285899616
0.0003090384617883513
0.0007339915764584961
0.0013399378484608073
0.008990907929918
0.0023894210286897802
0.0003390069198697194
0.0007623392911338324
0.0011506545657349336
3.460288138707322e-5
1.6790258943100218e-5
2.060619130315075e-5
0.00017471659578496205
0.0001788417406815279
0.00011078680973313363
0.0005358934784965013
0.0006957938872009449
0.00045649152546795594
0.0025502912198174608
0.00029317773851739393
0.00046904843542834725
0.0011498222912378836
0.0038763998524119127
0.008683913761044005
0.027127913750044398
0.006205711529532543
0.0015063790115243335
0.0027795242837824097
0.0009389247978598746
0.0002478215211824534
0.0002557542716677469
0.00031029581214210333
0.0007119447630477507
0.0004530140415881394
0.00271880940634615
0.00048230752347606725
0.0009299004676867672
0.001325781984160136
0.0012572479741408027
0.00017842411865675619
0.00019107517174736936
0.00019899072530858965
0.00011332751920018951
1.641001378711332e-5
1.074271341228341e-6
1.2907859972161318e-5
3.4810205197679974e-5
0.0002924562316385298
0.00033704726271720063
5.297377355021562e-5
0.00042790648272343656
0.0004921496432797672
0.00031442997249152066
0.0035975062767756227
0.00023130983077524424
0.00028368856250159515
0.0005070563171849349
0.0009721529436138776
0.0012249380172266726
0.006680255737691917
0.0008357149212592223
0.00033978872836491964
0.0011896897776997534
0.0004998905289310026
7.585542566978643e-5
0.000515983442254481
0.0004180831290193981
0.001054317137537814
0.0005388065163709099
0.0037538087711423158
0.0004057290458427583
0.0004947124110248376
0.0007752261531233504
0.000819923564061543
5.892272952754813e-5
0.0002302147836298323
0.0001992674684255581
0.0001247544142300938
4.5687841759767465e-5
1.4686074484216146e-5
0.00044322505496450105
0.00029259374170769077
0.0004541019949049772
0.00017422757481385195
0.0005622334656774442
0.00028468653851145226
0.00025954368171252263
0.0002830294349562227
0.0003486597321046432
4.03206802817798e-5
0.00011506533536202085
0.00020861450998474322
0.00015960410267928962
1.2877087654274207e-5
1.298974308311088e-6
0.0001217160412590458
8.26376192152805e-5
5.192182250898192e-5
7.914535361587614e-6
8.398111226680514e-7
5.140560614871172e-8
8.777254008635834e-6
1.0928459408351216e-5
0.0004636795093404463
0.00046782001174695435
1.455112770482107e-5
0.0005244618377401693
0.00039830925168054333
0.0002839313718896964
0.0015855383687745958
0.00013310155356018605
9.884915773511474e-6
0.00029054097992476036
0.00020862052505442829
0.0005094563839158544
0.0023824365679150565
0.00021189286780600504
0.00010914010711608755
0.00042452175253244713
0.00046085071060142607
3.34946134475312e-5
1.3448864498155681e-5
5.223236525041727e-5
0.00015414897429156328
0.00013992731961903692
0.0005751034172983403
5.989502099781481e-5
9.131202165947911e-5
0.00030823497026800494
0.00034653133613003317
2.2075877254662506e-5
5.907191757966326e-5
9.498741640562598e-5
5.818411463365908e-5
2.0050418406277672e-5
5.527276295988814e-6
1.0450939484212566e-5
3.4457364129298185e-5
3.184491143566555e-5
2.107343946327382e-5
6.289810004500876e-5
1.670509476911022e-5
1.6220975632948278e-5
4.399871551571412e-5
2.5726844775256703e-5
3.6176468050618746e-6
1.8920190126732997e-5
3.2430420382941713e-5
2.3828455718935654e-5
5.40702629945438e-6
9.170902320953606e-7
1.869621822663747e-5
1.9446135545940567e-5
1.723449073035168e-5
1.0014362075899395e-5
3.5297468872959345e-6
2.82633088627816e-7
7.279532270514566e-6
1.1467777988955512e-5
1.989564122226849e-5
1.469270505522692e-5
2.0075152339508487e-5
1.631116931102957e-5
1.2506037420569195e-5
2.0607823666005712e-5
1.88931861114526e-5
1.1662328661780279e-5
2.9369956783640956e-6
5.37741296937842e-6
7.102649535296003e-6
3.6980772202443044e-6
4.889519339391215e-7
8.718887302007507e-7
1.0938089381425747e-6
1.4289878665822085e-6
3.1062351719489557e-7
4.898107486485559e-8
6.924695908181856e-9
8.953669757655171e-7
6.72558374582551e-7
6.226300443819582e-7
2.430166811935604e-7
3.3909805752824875e-8
2.2610032725068588e-9
1.1761165043835039e-10
