5.5872518812052527e-14
7.377793363677885e-14
7.962300919700667e-13
2.1394898975765192e-11
8.04617159055448e-12
1.3983581887077066e-10
3.416336802087573e-13
4.135876787881932e-12
1.684080952777905e-10
9.531411783092527e-11
1.754092823360239e-9
7.050011310538786e-11
2.923064377356692e-10
1.6804967405931266e-9
2.4173700110161233e-8
1.818310225385941e-9
1.821534106501596e-8
1.9921654935823663e-7
1.4641381681026219e-7
1.4794815553899506e-6
1.009165941255615e-7
4.57239993775475e-12
1.5405349888134933e-10
9.449673949552476e-10
1.7608002083055274e-9
6.309387511772373e-9
3.6259038941597054e-9
5.395183931737735e-9
4.259192776339942e-8
2.3489959243606306e-7
6.80474672724117e-8
3.801402827311548e-7
5.216740942213482e-7
1.7847211673794463e-6
9.799962373220215e-6
5.472986027438989e-7
5.160416471344095e-9
1.9064923791860087e-8
1.7841520802902879e-7
2.760234538262802e-6
2.7459230579111524e-7
2.336759566969673e-6
6.662815712909256e-6
2.5308992247564945e-5
0.00011632021710440936
2.337540426459773e-5
1.9828727048381146e-7
8.83782520423676e-7
1.2565982284438679e-5
1.7581522711426694e-5
0.00024826841549914914
5.0371288125273914e-5
2.0052024395803276e-6
1.1821569793077198e-5
1.0283785035574563e-6
1.4727694554978456e-7
2.8115100318152396e-11
1.6131351662789787e-9
9.211205225309202e-9
1.6788055078171922e-8
1.3231184422829228e-7
2.6977710374296354e-8
5.965734026903457e-8
4.7234085765922234e-7
2.33372341809086e-6
3.6154368178473744e-7
2.6748506269005708e-6
8.650274536629722e-6
6.9262196374359575e-6
8.037742521936378e-5
2.769966108416818e-6
5.9506504436088314e-8
2.3805591006368587e-6
6.288171872715476e-6
1.2920314718130596e-5
3.698716407727293e-5
0.0002262651986973921
8.329914606204733e-5
0.00016414006710546784
0.0011571438878201239
0.00012233445445322086
1.330254384249204e-5
3.103257747722294e-5
0.0003616275496508348
0.000160389593850355
0.003811849375610609
0.00023175717386411218
4.822673412452864e-5
0.0010709795313242603
5.580925066109213e-5
1.1076752181644302e-6
2.857527242847063e-7
9.62835742201244e-7
4.401813943967906e-6
9.809088065721567e-6
1.621915758517744e-6
4.852801582883694e-5
0.00036633638329025363
7.778754661326379e-5
0.0009390676004784526
9.524596072885614e-5
7.342731811698859e-6
0.0001932320988467778
0.0012024906258132002
0.005586178787894285
0.034027577242161995
0.008042077815005412
0.0004445522882704111
0.0013174392410749561
0.00022336466144763108
4.3272124867964555e-5
1.5736222649976796e-6
1.2615483828572716e-5
7.3561259976188e-5
5.9226674926062404e-5
0.0008444819465331155
9.61148968985812e-5
7.767237508323755e-5
0.0008463550336203545
0.00013145912226748688
2.371043219279252e-5
2.679921038867e-6
1.1708661353923092e-5
2.796456463725996e-6
6.03724272435612e-7
1.0669258901266017e-7
1.0996703893906275e-10
7.759488839116811e-10
4.637842784613973e-8
9.748442817465264e-8
1.0119317981083617e-6
1.8072751808034507e-8
3.1913087961453785e-7
9.022186582418994e-7
1.4653795440040175e-5
2.1499542805600475e-6
7.281944888473444e-6
0.00019936729599199734
1.3512077662300673e-5
0.00032692906740021903
1.0755845679794883e-5
1.185428739162852e-7
3.4017305244810835e-6
9.457099496247354e-6
0.000107859947560812
1.2483458325301872e-5
6.30288391140627e-5
0.0016927211285401196
0.00035994018734768175
0.0041485631556602235
0.0006973010606989158
1.646757494299536e-5
0.0003572983713308126
0.0010110960710479416
0.001057301376934301
0.043850202925770104
0.001365712541628862
7.123635076363346e-5
0.0009620620774685246
0.0011059423438378347
1.225372984897947e-5
8.171813843222705e-7
1.3138845919069191e-5
0.000199792496865075
0.00039471806715893495
9.650088196019811e-5
0.0008057007127221483
0.004461156322514231
0.0008376399910277584
0.04809421768237741
0.0008723513494899078
0.00035839131467787567
0.003985766345407539
0.044447068236669975
0.03375180041029104
0.4580493865019589
0.03553186760452692
0.00442297111433311
0.044067784248547244
0.004028601016362364
0.00023732755747911424
0.00011611194410896536
0.0007826834098740153
0.004963216396451949
0.0008454741312958759
0.04664261623781265
0.0009499166288248277
0.0007704293068306165
0.0042929719700129775
0.0011756025298586472
0.0001242627086356468
8.356985366363068e-5
0.00032303334735697784
7.460007242888462e-5
1.1762956020101849e-5
1.4462309044270125e-6
5.016876689773936e-7
4.825710427245637e-6
2.1888310307960094e-5
0.00012890854453358555
1.5646554310459525e-5
8.366331975308672e-5
0.0013092808900370555
7.647487809563722e-5
0.0043873045127035505
6.455342539603985e-5
1.6909991110930282e-5
0.0007761545957119823
0.000992548999394295
0.0014243926047324397
0.04168378773717989
0.0011729723278603133
7.465251928042055e-5
0.001034083661372999
0.0003820003565552607
1.2370525424851221e-5
1.2543854266773207e-5
0.00011041886031491741
0.0013679195996751795
0.0004986684306624163
0.004549784830477518
0.0003291339259963916
9.558637809992777e-5
0.0017543678133643376
8.852155512554325e-5
5.547326674072136e-6
2.718935849226183e-5
0.00019711879293935015
8.968006450489065e-6
6.080389594029527e-7
2.178724240029138e-7
3.750726703011209e-6
1.7350361132006848e-5
0.0001368723064240869
1.266305389720593e-5
0.00038640304743468856
9.525102215039338e-6
1.7197682014954977e-5
0.00010641073959681864
1.3236858470588114e-5
3.177709397810899e-6
3.5372724855009633e-6
1.559630210141909e-5
2.4058502310747647e-6
2.4910575326795224e-7
2.6182977443104864e-8
9.038185736586686e-7
1.2716057254535626e-6
1.512311059582154e-7
6.623478564373111e-9
1.450461488816115e-9
1.212934001205954e-10
8.538556311641078e-11
1.9568100177928212e-9
7.204607505238305e-7
1.664643924607327e-7
6.617385571133299e-7
4.914574426212034e-9
2.8688814782561836e-7
4.6404144400311456e-7
3.831708282666158e-6
1.962296375974311e-7
4.486284807696823e-6
2.238749669718374e-5
9.248093510678212e-6
0.00010237958509949165
3.160539957010062e-6
3.584004827932905e-8
2.8862918253922404e-7
1.7825177496339872e-6
1.8285126149062196e-5
2.5164546183847667e-6
1.7637963550360825e-5
9.521546208313257e-5
0.0002751562696094411
0.0008744665415597625
7.36471975882645e-5
7.642467345438535e-7
1.7662615788595924e-5
7.446663478013387e-5
0.0002829534934603637
0.004086333953474546
0.00039960050531430533
9.07830964624545e-6
6.96948365288912e-5
5.1026591354936504e-5
1.9290627741496984e-6
1.180755174764027e-7
6.744236596510355e-7
9.883711625141687e-6
1.2710590842921025e-5
2.4122185984899004e-6
7.211946727369803e-5
0.0004945870039735592
9.464541417488438e-5
0.0008518841591309697
6.173406067275404e-5
1.4783841709949538e-5
0.00028812005521926964
0.0014554990762695526
0.007956481304871525
0.033539092639122726
0.005773101293423592
0.00028943936104419986
0.0010597224704683584
0.00016689892798234628
1.8415956298887946e-5
3.6103295341839385e-6
1.763683763652662e-5
8.45497304198915e-5
8.996679580031006e-5
0.0008122663126396218
7.959746925628085e-5
0.00023904833374028306
0.0003868714876370089
0.00016330730866678298
2.77213223307697e-5
6.18034814288175e-6
1.3829541360026805e-5
6.9774984540769294e-6
1.8029058104589881e-6
1.380681724262065e-7
2.501303638363315e-7
1.039373743494866e-6
0.0001286613657362658
1.8182268556555584e-5
2.4489796002929174e-6
0.0001763803161524663
0.000103659017449392
1.9729157071037936e-5
0.0007705002181410931
1.1064167318623967e-5
3.2305266745424854e-6
8.235256589671912e-5
0.0006814592253664689
0.00029238549991208307
0.003953558202597885
0.00021016448237895356
1.838885864953872e-5
0.0003805612703595846
3.2033142880607e-5
1.0023198880245354e-6
6.887210672416478e-6
0.0001492224995067995
8.555001446319367e-5
6.488783009935955e-5
0.0007686264252407285
4.492492491961095e-5
1.7433189149084613e-5
7.068227720335514e-5
0.00019225416784186288
2.2714811924002143e-6
4.420682324224056e-6
8.405154028761911e-6
2.5941371436832507e-6
4.014217781384096e-7
2.1077292187870337e-8
8.650628499689708e-6
0.0001668007335713903
1.9488296687146287e-5
1.1005108554067227e-5
0.00023190458056281612
4.6816772226580965e-6
1.8859029942568573e-6
1.0475709404185887e-5
5.698936867184739e-6
1.9879449243827355e-7
5.371399243486428e-7
1.0617675629968144e-6
5.381190828521545e-7
4.673614739143877e-8
1.6749803057036972e-9
2.1004443336190023e-7
1.259741315020789e-7
2.0363975768618983e-8
1.9466661980451657e-9
9.649759548364068e-11
8.70103875762948e-12
1.6155803460170035e-7
4.3422740298118464e-7
7.031455286997096e-6
4.067060824208976e-6
3.4225194057552943e-7
7.5218538567873004e-6
1.717535301067049e-5
3.3059351642454317e-6
0.00013675618405395676
1.4658399962035486e-6
8.069333853901537e-8
3.2015245070079674e-6
1.572880622271404e-5
1.4443475438860799e-5
0.0003796222367699649
6.8230074054035e-6
8.335528551893012e-7
1.5643537592016702e-5
1.390230141713498e-5
1.7666762695698558e-7
3.921739439187703e-7
2.306414440694031e-6
1.972965800088198e-5
2.584170923517379e-6
9.764985901707867e-5
1.649915293806154e-6
3.173052675901825e-6
1.4463447231297545e-5
3.540733365372214e-5
2.705818631349882e-7
2.4779684541097416e-7
2.896194958826382e-6
3.557771797329718e-7
7.147062131783722e-8
2.189695387738369e-9
4.855065227473979e-7
1.1149563780760382e-6
5.044231612308818e-6
7.443758558495139e-7
1.388806655205256e-5
8.934860339326389e-7
2.255145586929743e-7
3.399165693218666e-6
2.32564429819572e-6
2.164461342234907e-8
1.9065446526589465e-7
3.2617288596679197e-7
5.98962270569838e-8
5.987958677902818e-9
3.4363578879979255e-10
3.709216420184485e-7
4.025321382794136e-8
1.1862713797039372e-8
1.132865559524605e-9
1.7432014916664016e-10
2.033741403667962e-11
1.659022052908782e-7
2.202300557839869e-7
5.792642757623821e-7
1.1800770257881869e-7
9.169642915230772e-7
2.5530246496693e-7
3.115196975471966e-8
1.1908518857290368e-7
5.608797848624316e-8
4.686333847066211e-9
4.821742573022738e-9
1.8630911255343536e-8
2.8131752172598382e-8
3.839733398294623e-9
7.598486810921709e-11
1.2730456953425045e-9
8.083069095967292e-10
1.8432742504430887e-9
1.6800700482630628e-10
4.400007414170011e-12
8.193170817657747e-13
8.390220609341825e-11
1.1192249777412778e-10
3.1286128370714857e-11
4.67840862233395e-12
3.3444996490827484e-13
8.04718948015057e-14
6.525969218424223e-14
