6.793659357337303e-17
7.724290267597648e-16
7.213025733222989e-15
6.569898579890509e-13
8.688523254891688e-12
4.8162296454434545e-11
2.6162929813213302e-14
3.847755766123123e-13
2.57335353071252e-11
6.817787808371482e-12
7.676281878659618e-10
2.860624769627704e-13
1.186818303793367e-11
1.975619491968788e-10
2.4463910467171726e-9
2.5877889410363023e-10
5.204135411740842e-9
1.938131836044923e-8
2.616083038022373e-7
2.948980370233114e-6
1.6218770025372096e-7
8.91051321177527e-13
3.7518836825171735e-12
7.274044725416976e-11
1.0761311076226861e-10
1.287035647595991e-9
1.8925966559559083e-11
1.4363473115372642e-10
2.6157675380070677e-9
1.1890027668386642e-8
5.440680211670989e-9
4.323498456739092e-8
1.464866087231532e-7
2.446728219961727e-7
2.45603566502069e-6
1.416426900293445e-7
6.811239049109422e-10
8.738631648216347e-10
3.373978241218682e-8
1.7792926734726945e-7
2.7262826048809802e-8
5.722727257179917e-7
1.8551003073282e-6
2.036173088682928e-5
0.00011641578777258606
1.3981604928297552e-5
1.9889729970416856e-8
3.26633919093623e-7
5.076888026745798e-6
1.0492830197465836e-5
0.0001430259385911906
2.0002619469273664e-5
3.988974483064363e-7
6.09103931690483e-6
3.097879000268281e-7
3.68695735881922e-8
5.679246294019921e-12
3.191561050658631e-11
2.6626084672152763e-10
1.7652303044351536e-9
1.140939926856075e-7
3.4086908955384666e-10
1.5568515522960672e-9
2.808591186994002e-8
1.3374308146553234e-7
1.3003701330551885e-8
2.879511852749e-7
4.419195794047048e-6
8.889404732219974e-7
2.4632112250430546e-5
5.967188528434094e-7
1.73869927827285e-8
6.46018826171144e-8
8.565649172713987e-7
1.385889135632418e-6
1.1028914523966032e-6
1.682505867268648e-5
3.3739211170128174e-5
4.319850433133688e-5
0.0004579242001486288
5.3873502232704397e-5
8.956366451057734e-7
1.2775749277554593e-5
0.00026662088020694663
0.00010633859372760771
0.004076946662718433
0.00012225827807428225
1.4892754719749587e-5
0.000854098157715381
2.2828842552075654e-5
3.03604735491722e-7
3.3548391934207353e-7
1.0499970891746154e-7
1.8868774970368445e-6
4.540227598626476e-6
5.255906703767412e-7
1.9205366682432044e-5
0.00027081894701091146
4.2844827527534085e-5
0.0005931194350809055
4.719428972018358e-5
2.6565655290113527e-6
0.00013452785091731207
0.000794174761695589
0.0049752343020633355
0.03283186060830339
0.006369401743050845
0.0002246333230584877
0.0008368881436757589
0.00011698038323121169
2.3480099265808662e-5
3.275681597216108e-7
4.850453183620872e-6
3.067870606043922e-5
3.3190343554271083e-5
0.0005176956225631818
5.096566146677329e-5
4.043596299262295e-5
0.000404722632941031
4.933246052510886e-5
1.1602888612548999e-5
7.022295826470883e-7
3.7290325102683783e-6
6.104668069376534e-7
1.224002613925893e-7
1.9859185184227466e-7
5.636031649505453e-11
5.318216688589535e-10
2.556631713361519e-9
1.682533570044426e-8
2.8486587041307315e-6
5.774497043038081e-10
1.4063702737698375e-8
1.320433278162643e-7
2.833659559128743e-6
1.8353701115603773e-7
2.011371368492265e-6
0.0001727726461438344
4.659807143090383e-6
0.00017489109093602736
4.247932901373309e-6
3.969546362392792e-8
1.3137013918883138e-7
3.684384617939919e-6
2.4962577187500475e-5
1.4477854230853423e-6
3.64847380991817e-5
0.0005702545913835623
0.00031542148152869623
0.0038349212844017736
0.0005074214078126917
5.315737078222967e-6
0.00028402711125092905
0.0006266527017409114
0.000714360488842755
0.04034257007049947
0.0008188853365497037
2.916565386119974e-5
0.0005635683933896268
0.0006931842170154217
4.941238244003268e-6
1.098572887238133e-6
3.5056105172757332e-6
0.00013598451988278048
0.00016150713609086042
5.2673693461469375e-5
0.0008665319184200164
0.003643435233489753
0.0006486636102056001
0.04232798589832667
0.0005189115794438752
0.00019199095544892352
0.0035878279634552284
0.04049096002330681
0.03133706938530554
0.5281390080456118
0.031174038733889003
0.0031711734487801933
0.040908824284618686
0.0034234570348616452
0.00013824713988367672
3.165195530458158e-5
0.0005909474728067379
0.003062271097247855
0.0005617233374209423
0.042604319633242446
0.000580428812695662
0.00035974235069927184
0.003334354225732631
0.0004080371709830628
4.7118015730984344e-5
2.226035025197057e-5
0.00016556537734870069
3.467210582722365e-5
2.4425446970632617e-6
2.098533005562774e-6
9.299237656195419e-8
6.907585715515545e-7
9.619771769252474e-6
2.4503373983423947e-5
3.5652146936473627e-6
6.0501577148629875e-5
0.0006097343236023844
3.320945207769493e-5
0.003015665373461397
3.0394710222048254e-5
1.3901273216874673e-5
0.00115948233136764
0.0006048640087032117
0.0008632023283898072
0.04088815487827589
0.0008031856351412178
3.798180038658187e-5
0.0005936538803064784
0.00026683250898891747
4.516569864567043e-6
7.318499707339302e-6
0.00011156974760347387
0.0005982134466248065
0.0007742485400639979
0.0037844938159158677
0.0002794682254509385
4.663790841935028e-5
0.0005637097019530688
3.224243770615983e-5
1.4452163735847748e-6
8.941082828758546e-6
0.00012246760035727135
3.3554133457943006e-6
1.2428851013682203e-7
1.429770673258107e-8
1.0448789013302424e-6
9.013429426091013e-6
2.566282998993756e-5
1.0103591473759994e-5
0.0001669353260100995
4.869675113018599e-6
1.2953474056283187e-6
2.7158240801677365e-5
1.2832002094364643e-6
8.76681057130852e-8
1.2417720425423464e-6
3.015947238493524e-6
1.4569400220430905e-7
1.0673780221738701e-8
1.992466920613721e-9
1.7247827548183415e-7
2.4264090459843707e-6
8.941389866750714e-8
1.0480149860816033e-9
5.765829895548337e-10
5.234311949926216e-11
2.440924787332224e-11
1.425585828381111e-10
4.541342168075354e-9
4.788324065542763e-9
2.011147125583266e-7
2.864138080995371e-10
5.236554047114531e-9
4.316853484321592e-8
1.2544867041392068e-6
2.592165211060386e-8
1.26116881105824e-6
1.0012008280923825e-5
1.8878376599124557e-6
2.0953579064203198e-5
6.14554613753402e-7
5.172039082102899e-9
8.594367078462032e-8
2.753934036600507e-7
1.1635770997845808e-6
3.7065702122849805e-7
6.914400917405183e-6
4.385998571317409e-5
0.00011449147605469843
0.0003026416133193881
3.4692582289477804e-5
1.4112031883396582e-7
7.109394191334767e-6
3.278534685806261e-5
0.00015002994192829614
0.002868033589285933
0.00018675897516533602
3.0949868070043242e-6
2.747129170004599e-5
1.4668716642100181e-5
3.754808398487821e-7
6.90735173591583e-8
5.539149916271849e-7
2.4596601709522553e-6
7.5990022742433864e-6
8.261426396953183e-7
3.0921364298161716e-5
0.0005108676812939291
4.8097325466159385e-5
0.0005367522474416467
3.201019321778106e-5
4.433207143336888e-6
0.00016601537510847587
0.000870140389573602
0.0060578715629834076
0.030651564324440623
0.00459432168715387
0.00015680990374549602
0.0007169035727598988
9.829007765154906e-5
1.0785196641771364e-5
4.662595902650957e-7
7.455921864035133e-6
3.607289574608168e-5
4.673269927947787e-5
0.000605036392795933
4.1489703384987715e-5
0.00010952769075029158
0.00025972156763872056
3.5310338509863944e-5
1.3131202622924156e-5
1.9497135065033428e-6
4.189449468494296e-6
9.049693079043655e-7
2.1964102987025327e-7
3.131791809173311e-7
1.0040449593812544e-7
7.825736221165009e-7
4.469491016225044e-5
9.104287721549763e-6
1.8348304947720083e-6
1.5990735749644604e-5
0.00010544109658361106
6.8332663418249525e-6
0.00039514320303025237
4.563757781278373e-6
3.17248487068975e-6
1.4423340742726031e-5
0.0013703774973105563
0.00015429541812298224
0.0033687694279320697
0.00012758924651816255
7.083826763569353e-6
0.00024034068773396344
1.1191253594714728e-5
3.1059827771904345e-7
1.7731090057177562e-6
1.518348021731378e-5
6.281572911816485e-5
3.590992715004258e-5
0.0008920695053753664
1.8580365629732435e-5
7.2564937859990784e-6
3.809501440518425e-5
1.8133888130595828e-5
5.686606318619244e-7
9.863257117382798e-7
2.0083258681006196e-6
2.5397123864716105e-7
4.057286624050367e-8
5.25197905446076e-9
1.0142977350776447e-6
3.6720564267948095e-5
7.390235306420817e-6
2.588977097389936e-6
0.00011232356043485848
1.7813366771171637e-6
2.924390454479274e-7
3.463568054565694e-6
7.790026133131287e-7
2.3464996780429348e-8
3.520468329519437e-8
1.2904930089553052e-7
2.7771206704945685e-8
2.2816346171954764e-9
2.0727780953557908e-10
8.24430943956033e-9
1.6271081478622495e-8
2.0664909391463033e-9
1.2648907708648827e-10
6.580905053067654e-12
1.2494582046260336e-11
1.553211132209322e-8
4.324845115129329e-8
1.2319566347661371e-6
9.822166175450997e-7
2.627095850910812e-7
1.719588910483218e-6
6.1239630216777294e-6
6.396135179488836e-7
4.033927881117141e-5
4.444295175214402e-7
8.808896421946792e-8
2.809576540770242e-6
1.6733321418852516e-5
4.765709411080092e-6
0.00022276214244526605
3.035390247955133e-6
1.4495609118913968e-7
5.10980659323727e-6
1.0009046183247004e-6
2.0019471418761227e-8
2.4995862287067626e-7
1.8729470383279162e-6
3.5765526998231774e-6
8.590529331560545e-7
5.223192044082031e-5
5.609485188524045e-7
3.951740056273551e-7
1.583081374100646e-6
9.682961628028987e-7
3.1015626648227324e-8
2.386181202830178e-8
1.4847934969664734e-7
1.0597622454415184e-8
5.669170089732566e-9
1.7070046764017977e-10
4.854258618923747e-8
8.424949185449475e-7
7.32507306861011e-7
3.081686747910484e-7
2.8531481637695148e-6
7.065484390440013e-8
6.61990134732674e-8
1.235501655818401e-7
5.548067392872687e-8
8.339160386521458e-10
4.4843560986906e-9
1.6433251180005585e-8
1.5439225193712257e-9
1.455203877307141e-10
9.761093337616079e-12
4.15097464649831e-9
2.9183637012823113e-9
2.7429445371968575e-10
7.432347661188919e-11
3.212631543809331e-11
8.497149739395486e-13
1.225060658124672e-8
1.2681267682608733e-7
9.568490360578276e-8
9.076498495574727e-8
1.3734242217560431e-6
2.8290178625036133e-7
5.4210959425476165e-9
4.336053768972663e-8
1.3585885269818557e-8
4.58965620856288e-10
2.612326675288193e-10
5.939036702853686e-10
3.11484707399829e-10
1.3861462708654672e-11
2.309235534577962e-13
1.3493721546658457e-10
6.176331842674572e-10
3.3184741866947785e-11
2.0216055781707196e-12
2.0563682210830682e-13
6.095593349626881e-15
3.100584614980564e-11
5.917433254287818e-11
5.303089850208807e-12
6.315036221647809e-13
1.8883713346872384e-14
5.685361034507355e-16
4.6934006849223796e-17
