3.3652527458469515e-17
7.945706533576505e-16
6.996161717880667e-16
2.091781690561763e-14
3.3306162741534934e-13
2.8513013067290976e-11
6.315639116671747e-15
4.921595477547516e-15
8.050001200280134e-13
1.8539262884154925e-12
2.1264546922671166e-11
4.8516185796897464e-14
3.2574590874110458e-12
1.0429765115036047e-10
1.1195821447583577e-9
1.3652934512696757e-10
1.4091563544824285e-9
3.6326070938249328e-9
8.738477331698375e-8
2.612556152549559e-7
3.2050975360539967e-8
6.008201746456952e-14
1.2708940013673123e-13
6.405880307153964e-12
6.198956441183542e-11
6.093519720870954e-10
3.830873598431856e-12
1.221565840534161e-10
4.956377459853938e-9
5.211039903655503e-8
9.415848215990463e-9
1.9785179486559365e-8
5.283593698184151e-8
1.0813942117916954e-7
9.019536212417451e-7
4.679971139175995e-8
1.1103394899188712e-10
5.296521059264266e-10
1.1519266004202992e-7
3.931176027747671e-8
2.239694059358063e-8
2.7015640428714307e-7
1.0408806297369424e-6
1.837077036724458e-5
2.1544945662493624e-5
3.4807839360934976e-6
3.545370520369247e-8
2.0857228447440038e-7
2.6227797019992224e-6
9.446811634479376e-6
9.943268630878742e-5
1.4654302912746778e-5
2.6454242571570776e-7
4.221168776132231e-6
1.7360836333240473e-7
2.2148997986604903e-8
9.574228284904158e-13
1.9322488431134065e-12
3.245025123559006e-11
9.942613547601275e-10
9.652528051061339e-9
5.770858115665425e-11
5.362029547167357e-10
1.1906199672676299e-8
4.6694712626290037e-8
6.696126762484284e-9
5.687902056788958e-8
1.1905966587001943e-6
4.852964174046192e-7
1.8508944072884294e-5
4.2132682570598857e-7
2.4799009784988458e-9
2.2932887115878943e-8
3.548362135467296e-7
7.036720311439593e-7
7.762724105123284e-7
3.866921430873895e-6
2.0514402603017013e-5
1.8674549162695506e-5
0.00046688681554960345
4.042763699244493e-5
9.204004639034645e-6
7.262650989295762e-6
0.00018609040322110354
7.522357281833388e-5
0.0031362308456335847
9.569362369455659e-5
1.1385203547744723e-5
0.0007387932512031441
1.5990079101707244e-5
1.7552684604634089e-7
4.3179164563611916e-8
5.295514341759188e-8
5.376923433326811e-7
3.017180892979326e-6
2.1952079287158768e-7
1.0151389374139595e-5
0.00015211559734678123
3.180411795240484e-5
0.0004878667637839963
3.877953893365826e-5
1.6161284731738263e-6
0.00011450259485278847
0.0006358372618053812
0.005344438023913461
0.030865889645689832
0.005773889632476763
0.00014795578963932047
0.0007104019577373987
9.17821590868464e-5
1.4981772024374462e-5
1.2043765564771125e-7
3.445539360230828e-6
2.2794494295516307e-5
3.082291603075692e-5
0.0004449105329030397
3.5960629589756077e-5
3.675473642980326e-5
0.0005294745234306131
4.942486031783298e-5
6.109357948387001e-6
3.8794809381014206e-7
3.4438029873727253e-6
4.4592022122823315e-7
5.5882563560609836e-8
3.5842813455684795e-8
1.0970809810969007e-11
1.642627835727384e-11
5.754648059360823e-10
5.171919627456549e-9
3.044325238300832e-7
2.7311004643366674e-10
1.8430438435210075e-8
4.2217675983657674e-8
9.184175869887015e-7
3.036137341128991e-8
8.054706441679155e-7
3.108263268727023e-5
2.7501818959793797e-6
0.00013116240583805266
3.383065506455011e-6
9.124065829717e-9
5.197307471814225e-8
1.313887221170391e-6
2.3402566204217877e-5
6.521367226478865e-7
1.9307252461018115e-5
0.0004737923773457675
0.00018607828788233172
0.0032217998190322695
0.000536681938752194
3.1485858681753e-6
0.00017011479860848264
0.0005432043077713664
0.0005853902791481618
0.03892568421579639
0.0007208393960115295
1.820565047208018e-5
0.0004931914665270677
0.000761677247502837
4.373179556030183e-6
2.753046713746216e-7
1.0958254764590538e-6
5.1676273074861576e-5
0.0001254395159580524
2.208789726427612e-5
0.0005186062646887793
0.0025555559130261605
0.00048217784761692644
0.0427534147460078
0.0004541432661206676
0.00013295281013419425
0.0029928772061870892
0.037757807034019285
0.028861726927066237
0.5608980412674688
0.030484148655602623
0.002254615041500559
0.03943488559912212
0.0028268114640556835
0.00010598338390845337
1.4520954010257802e-5
0.0004725073275679426
0.00257494182994244
0.0004109921679659489
0.040622922351375206
0.00046358122968644073
0.0002760800353462481
0.003296615621745135
0.0004115458376145148
2.5097396696549684e-5
1.1393185339533616e-5
0.0001337986252520835
2.137373692872033e-5
8.862594539385249e-7
3.370385439773021e-7
2.167943027479331e-8
2.4520055186398593e-7
8.52327331422324e-6
1.3750103954429756e-5
1.054211556338402e-6
3.3499511474216664e-5
0.0005589661825804401
2.2568972235439964e-5
0.0025711015732817243
2.435203557757061e-5
7.743381800642227e-6
0.0006952831323449327
0.0004912475688018992
0.0006602445591608105
0.03750820629419912
0.0006537387768887862
2.2904281004691995e-5
0.0005426148307321663
0.0001644054660047644
2.6863989883498263e-6
2.787584984726172e-6
5.998007391472571e-5
0.000376187546997428
0.000505648840985705
0.002740579652859632
0.00014797586998960196
2.7983575062437606e-5
0.0005175137280478558
2.0169448962102144e-5
8.300689963552578e-7
7.018024976543314e-6
4.5097416898945865e-5
1.3314098629601053e-6
5.913142033128951e-8
3.93249967467918e-9
2.2782262415961544e-7
2.7732827835995304e-6
1.3057019074889363e-5
5.272370373757788e-6
0.00012596742402259614
3.234866563596044e-6
5.186035676790454e-7
2.232254380378837e-5
7.818732568183097e-7
3.654667757964948e-8
1.6988518008192726e-7
1.308051897839555e-6
6.41894580143053e-8
4.967272175853117e-8
1.0333324079772555e-9
4.570029979514408e-8
3.797445102272598e-7
1.3123895728414748e-8
6.093883453206389e-10
2.3492983410611265e-11
3.789057307891882e-11
5.767791047635986e-12
7.826575026225589e-12
6.124455306700162e-10
4.144486987122501e-9
4.800429066910472e-8
3.4417016512087334e-11
2.204242228739575e-9
1.6868878874257692e-8
2.2130619227335507e-7
5.235817002208032e-9
5.879132182956515e-7
6.089382816606851e-6
1.0369143006066121e-6
1.1587322809573593e-5
4.000990489618707e-7
1.1627599345175461e-9
2.0112187048784815e-8
9.601165433087664e-8
4.96255366085605e-7
4.2197891077418765e-8
4.339617783387729e-6
2.6245644935092466e-5
8.712368205424739e-5
0.0003515063174914977
3.777935878063116e-5
6.130255284496291e-8
4.258210316423753e-6
1.987506604426013e-5
0.00011023500093285705
0.002220955184975433
0.00014887262269409465
1.7471433698918086e-6
1.922899837459984e-5
1.1339470746503738e-5
2.532858195944113e-7
2.241637922041733e-8
1.6002304629592609e-7
1.0455768558096373e-6
4.6409200002653115e-6
2.9630027060825854e-7
1.8622055076591463e-5
0.0004313685196599557
3.6786268560116626e-5
0.0004473115555634856
2.975195655607783e-5
2.4285078214939007e-6
0.00012429993627129576
0.0006755133006442878
0.005757323993223363
0.029844784067195044
0.0052524148186113276
0.00011516545714594352
0.0005830666198583815
8.072913258619447e-5
9.685628700895692e-6
1.7580146510122204e-7
5.018931725043667e-6
2.5460319164201212e-5
3.839087615118857e-5
0.0004913822450450811
3.235905674891265e-5
7.293769945731132e-5
0.000170763841175999
2.2238649660560258e-5
1.0258143634152685e-5
8.614580424250555e-7
2.5300316500543937e-6
4.4785253542639926e-7
8.998578132729031e-8
8.551085741360714e-8
8.817224903072525e-8
2.050315451479255e-7
1.4536019994638893e-6
3.048282426109802e-6
1.8112001245777889e-6
2.1708317606396565e-5
5.248331513769915e-5
4.295545628782222e-6
0.00034375121573168853
3.0038223069937477e-6
1.5651088723910182e-6
1.1023378350463182e-5
0.0005946351988782219
0.00011952659889318416
0.0028202060868401887
0.00010974384869107716
3.9184228863244516e-6
0.0001525139920016474
7.0414573060755005e-6
1.9961039424968874e-7
4.1537150186452866e-7
2.5651577761541892e-5
3.135756468120695e-5
1.9319706991504554e-5
0.00047991806689191206
9.879769358868393e-6
5.367099092375701e-6
1.828379425243223e-5
4.005277668112217e-6
2.2804711833990284e-7
7.601322985528442e-7
6.804602856556798e-7
5.204152101277586e-8
2.0285979061832393e-8
1.388311361083092e-9
1.6753891092151327e-6
1.392603420033613e-6
7.467130653648564e-6
9.570908702026254e-7
4.2492638165771894e-5
5.633347696225149e-7
8.959592764041815e-8
1.191033175646299e-6
3.10520019868667e-7
1.0302017058462574e-7
1.4103878167180426e-8
4.304506803882404e-8
1.1521124505781661e-8
4.831626326826459e-9
1.1458485176708313e-10
2.885541164326457e-9
4.21591298245714e-9
6.22291181745039e-10
5.115754603965238e-11
1.835590856697078e-12
3.4143690879636564e-13
7.431602264383059e-9
4.208730622388358e-8
1.4705287942286673e-6
2.4927720290730943e-7
1.6148273435341184e-8
4.169112568599605e-7
1.8505543102425883e-6
1.464385658386883e-7
1.1771354537646922e-5
1.0528803684705728e-7
2.816270390844771e-8
1.5427922851894668e-6
6.713788451248407e-6
2.3617631805154016e-6
0.00012586354468613917
1.670413075641882e-6
6.193615433718916e-8
3.0400313264843182e-6
1.388118248444835e-5
5.078764055039361e-8
1.8182571207602373e-8
1.8413511979228296e-6
8.163474554657015e-7
3.183152626107877e-7
2.4234504595826303e-5
2.6270374150239764e-7
4.774335641210352e-8
6.230155976440803e-7
9.991268652944933e-7
2.79562228315329e-8
6.00615864402623e-9
3.75099878748246e-8
8.615173041094087e-9
9.886590083712295e-9
1.4966725863688163e-10
4.301924159424667e-8
2.1241389493852134e-7
2.2795045631298605e-7
2.1294561266374659e-7
1.038108601604774e-6
3.993491574504154e-8
2.3170000526603882e-8
4.827902141051235e-8
2.2707496836878268e-8
5.703837920521516e-10
2.3255859111952286e-9
1.956486282881881e-8
5.325161062865152e-10
1.249546410469951e-10
3.5505567791428977e-12
7.755080585612136e-10
6.290386274424977e-10
3.496861437024986e-11
7.30635280555978e-12
1.0502445837632409e-12
2.1840465336381712e-14
7.245845726639651e-9
1.0750670203119399e-7
2.3327086827316633e-8
2.4831893750077727e-8
2.4694783649915684e-7
2.4646056316669732e-8
1.2141472701495847e-9
7.679068575661184e-9
1.7928844301251861e-9
1.1006591965885686e-10
9.822730802088541e-11
2.7290615660857794e-10
4.779860143281284e-11
4.684897056795638e-12
6.515260314381664e-14
2.981024504280497e-11
1.7741435468977583e-11
1.7544863894544526e-12
1.0146236468156935e-13
5.329503197814142e-15
7.606165479089072e-16
4.33654902752771e-11
1.1421318823596353e-11
8.998136006644434e-13
4.6405543886352074e-14
5.371731948825042e-15
9.626804224690678e-16
4.228904131517375e-17
