9.238371897070968e-10
2.984857307240568e-8
2.364586331166267e-7
2.1366518634080647e-6
1.5827990121975462e-7
4.7606387541471554e-6
3.787854063411748e-7
1.5134609551270898e-6
5.6595017778819794e-5
3.98102480327172e-6
1.2799285011919907e-5
4.461962225843079e-6
2.1728687543858363e-5
1.0082824638689312e-5
0.00012406711715775616
8.408257971991908e-5
4.3649638808611804e-5
0.0006038807128695394
6.138006660037048e-6
0.00010142069679440228
4.9477749727331786e-5
4.206525469339967e-6
6.225082026619214e-6
0.00028642580856127266
8.276529212473887e-5
3.781769749840957e-5
1.7622680800178793e-5
6.885095100537232e-5
9.876572257454074e-5
0.00020234470322482313
0.0003521971007883789
0.0002996917607027769
0.0007875576463360794
8.455640608594056e-5
0.0002528795802536048
7.877116044621386e-5
1.9770995898724174e-5
3.864976767941406e-5
0.00014445681316765325
0.0005069748364322133
0.00018376584847295274
0.00019588098287259852
0.0008848027289957804
0.00030113622531573636
0.0014562296860027883
0.0006591915553917496
0.0003431308773209022
0.00042207272559553044
0.0008043946159723296
0.0005625328120967379
0.006429140043780614
0.0022261013295090067
5.6188649677996105e-5
0.0003144607818307528
0.0001828329381100592
7.126275378558088e-5
1.2722892293929143e-5
1.4332137571140563e-5
0.00021882190672128525
0.0005193519659697248
0.00016813997176783857
4.4811785004239e-5
0.0004090598889615344
0.001228281271454155
0.00027595904182713756
0.0005696533337749991
0.0005807736163357803
0.0014024274611278852
0.0005859101251840067
0.0015678303944092306
0.00023949100483352896
8.109748321897967e-5
0.00013257845786193866
0.0007942842144833074
0.001023019987488659
0.0008883635656235487
0.001546200414782987
0.0019606024964258766
0.0016905289573901456
0.004770591564608004
0.0013917560806363406
0.0012988265272335419
0.0015565499207419197
0.0025971879320087258
0.002005276102549623
0.008921334573417688
0.002645285172944572
0.0013103969149554423
0.0020040059716837097
0.0010884621124901996
0.00017996499409287807
4.7481536709656124e-5
6.371689131159213e-5
0.000523001381440783
0.00114485813202013
0.0003132023057558676
0.000844705569630077
0.002270174720004197
0.001109377469442847
0.003877785907579447
0.001402775784007037
0.0005502751703340254
0.0014186564242551327
0.004346488796386484
0.004723795476460143
0.026571660583883105
0.011808995536434755
0.0023408066025633286
0.005706448855726554
0.0025125882170741716
0.0018889177839032168
0.0006884977901975908
0.0006275162631045617
0.0022324928049695255
0.0007548439903430675
0.005117583375866087
0.001343799985652306
0.0003338606220789353
0.002498093332645155
0.0014237394466163412
0.0006843952908530462
0.00022405749551100877
0.00039659707193409274
0.00022705051822302202
7.85977963526384e-5
4.7747897184034804e-5
1.1017042811919865e-5
1.4810154367761924e-5
0.00014009416302015462
0.0003390991789052861
0.00016531803748240966
2.8479166965248654e-5
0.000324028240851096
0.0006102555214250546
0.0002806735309925528
0.0005082760655473543
0.0008912696564210645
0.0013413537035756417
0.0006230774865110532
0.003566253618822542
0.00043501116994914776
7.82930780094968e-5
0.0002732955455242723
0.0008793230048379263
0.0017823435213747023
0.0008302579373848705
0.0016834446505088914
0.003966956500157088
0.001711122925005936
0.008734730955759048
0.0024724916049264907
0.0009776511043412832
0.0027832123528147693
0.004692244831663743
0.003727866058993878
0.029112033391449466
0.005772462482917013
0.001633937297982186
0.004204778084454694
0.002067986058286533
0.0003164284689193734
6.050590169261855e-5
0.00021630904988478226
0.002387623636253963
0.004574079475755931
0.0011322340159061338
0.003646594294501483
0.008566622118231965
0.0036665610385813873
0.033466580388165475
0.005026733226583182
0.002823279853758139
0.006612022292958441
0.02863588378509468
0.01905218431759331
0.128684435283109
0.02689804574543489
0.010346300950970546
0.028320587962186464
0.008867192787397428
0.005861908407016953
0.003475438742896945
0.0036587089370721114
0.012745486905459395
0.004187051593911943
0.033611452783113734
0.003824227455218704
0.0028813189934070566
0.00853791620679625
0.00459340323926612
0.0014069348477010306
0.0039695315279971366
0.003468062572182236
0.0015322267519251728
0.00024606309978894477
9.825081416602621e-5
6.928833010430208e-5
0.00010990212813749563
0.0009304600046609123
0.0054361584036214895
0.0003374866938860007
0.0015630411785857064
0.003668559058621397
0.001731772227918097
0.012614376330833663
0.0023379707250353325
0.0007268126357461245
0.0018930215214443785
0.004829308357185865
0.004347402297227066
0.028524047040995672
0.004347892414306268
0.0017633308705709303
0.004506850777493513
0.0026446946811210545
0.0007918909199750239
0.0010286029979075016
0.0013445390085047467
0.003665554073747131
0.0014890837484398311
0.008614493280665285
0.0022365898303739725
0.001330592707612831
0.0039578476331578695
0.001879528393937523
0.000833825542343104
0.0009792283289044295
0.0012802973006846954
0.0013208440811602207
0.0007549832257400039
0.000592689796246278
0.0011315763006380455
0.0007690892151115463
0.0053306929494335705
0.0008499290516352855
0.0044359748274536434
0.0011564579306254904
0.00035099944012509187
0.0017180924259726856
0.0010056509262944436
0.00050601715724436
0.00023260404738214316
0.0002670835792272034
0.0003028832160031435
0.00020155218858778278
0.00011772359456175763
6.425927982203894e-5
0.00013430608008518065
0.00013953198396702882
3.899430710281299e-5
1.2778818834169518e-5
4.636494231729353e-6
2.6249192588120084e-6
1.4053120366484254e-5
0.00016602712822777179
0.0004885842751554385
6.289464609467124e-5
1.974520766841704e-5
0.0001660870491334396
0.0006605267616004458
0.0002956819183316694
0.0004122797970149959
0.0009589392180232927
0.0010076101188599654
0.0007094844839665706
0.004123411574266732
0.00024021777965584952
3.055333045053839e-5
0.00015097398477237348
0.0007687453400416271
0.0003709730033007525
0.000568558702323632
0.0013392560642321572
0.0013520914437205643
0.001188274377159151
0.0029722679072233566
0.0003414885020359154
0.0006259018323778256
0.0012208207680119087
0.0017306135262211125
0.0025805974557377076
0.010476537184316929
0.0024724358878891275
0.00089028798194915
0.0016312088187311721
0.001302686320088142
5.673777555111399e-5
5.5820513418181055e-5
9.378850593872058e-5
0.0008150627218392484
0.0008643940972768074
0.0004470093226319442
0.0014399910073336056
0.001479728502090023
0.0011801816430246134
0.004201377306547021
0.0007879329237687477
0.001216993889010473
0.002196295580427936
0.004336488016806956
0.006891302704561588
0.019376179902155764
0.00482249899635238
0.002579260675630006
0.003683701235734719
0.0019914169763540854
0.0005681027402463677
0.0013724638748978278
0.0011293302720130718
0.0017440295429298764
0.0011680427078068292
0.0037352023222619528
0.001054961010418758
0.0010979760485533572
0.0016683057530186213
0.0016171933108232695
0.00029712777813612157
0.000700749691392612
0.0006224554554218791
0.0005795179621508478
8.656457733715133e-5
6.058723652577334e-6
4.482674809361331e-5
8.324548783343071e-5
0.0008358754406604077
0.0007922979967972729
0.00014011503244688414
0.0016423158598765678
0.0012593690523599024
0.0011079016945588589
0.003621953885265365
0.0006238377848204184
0.0004169257861623262
0.001958369235524933
0.0019390645825856359
0.0021574891403209466
0.0064078556863778335
0.0014086800028421836
0.0011828761020879065
0.0026394316519114474
0.001581564785253037
0.000511980167639837
0.0007416170681750567
0.0017089772167252937
0.001575651051434111
0.0014574255964141087
0.003536402002824366
0.0008400927196835071
0.0013121360916210308
0.0017064691825992922
0.0016120914089500715
0.00021565414767119593
0.0010036259830427652
0.00091415361321828
0.0005899653599801222
0.00034123277080782427
4.418254155699691e-5
0.000783158344357786
0.0008319784647963689
0.0009453179189285452
0.0007626831608276002
0.0023142238171311703
0.0005111295446413272
0.0007359882509275687
0.0008446793036495992
0.0007131694025146651
0.00014827523380018547
0.0006357901484913002
0.0006011644300038541
0.0011731336712617114
9.870453949630114e-5
1.0154404777728191e-5
0.0005413664994389454
0.000391342391179735
0.0005342428800412792
8.973743527671093e-5
4.34271197163215e-6
1.5219393616513717e-7
1.3099572287347543e-5
3.9487801575256905e-5
0.000804115134565286
0.0011179517528981937
3.397739058383933e-5
0.0007480225844162508
0.0010148317974130966
0.0013871504360019884
0.003363164938414835
0.0006817092153173359
3.0307521774718073e-5
0.0004245184335884469
0.0007199575821801265
0.0012871006581320957
0.0028378632543916093
0.0006157234726915521
0.0006128184668842297
0.001001480814927625
0.0012177670610177807
0.000404137958054104
3.732825349501281e-5
0.00014582766350710848
0.00034526180151956364
0.0004650765218364964
0.001161984943231178
0.0003246350847517904
0.0005765552398865818
0.0008226871156303316
0.0008866081218469619
0.0001909166118480281
0.0004344749712873099
0.000481559306755387
0.0006148322739245274
0.0003845474103898165
8.501700622074118e-5
4.212161468855891e-5
7.953991543858652e-5
0.00010632684168241835
9.297535033314426e-5
0.00021282734753157978
6.464765760396005e-5
0.0001586770260590473
0.00027865301797999766
0.00013518453217790623
4.430597616133058e-5
0.00016954603975295187
0.00035179067718672184
0.0004578031813438738
7.660519530852536e-5
2.14680382662206e-5
0.00018971656326938882
0.00015492085656645425
0.00024380985659361174
0.00033746196378453113
6.254510233374318e-5
2.134938885100404e-6
1.392968833452062e-5
4.5152826412511934e-5
7.010162677386648e-5
5.3900876718280645e-5
6.409967510071722e-5
4.345142571875017e-5
2.989156531939305e-5
7.549042121011618e-5
7.353518940010742e-5
2.2280563496277553e-5
1.842120631202716e-5
2.8499177034840275e-5
4.369906703062639e-5
2.0829023233646726e-5
4.653289482408287e-6
1.4433333510444875e-5
1.5199159723854986e-5
1.463948972553982e-5
6.893685855473227e-6
1.6450446775604846e-6
2.62840264344508e-7
2.5612422795071206e-6
1.0796088791198333e-5
1.2945230949479483e-5
4.326087079017841e-6
4.2305041753572896e-7
3.5986647974194304e-8
1.0929647392477412e-9
