6.609414207099944e-17
1.5637268536838748e-15
7.265919218618767e-16
4.632417142013515e-14
4.743773243504525e-13
2.2414173875688624e-11
3.067432526530202e-15
1.1026820341615322e-14
2.0039874487596107e-12
1.9773625853162887e-12
2.890827571038109e-11
1.0242058534025377e-13
1.0792084961647104e-11
7.198484504620427e-11
4.939435148779174e-10
1.8840409798721108e-10
1.3543668494584634e-9
4.600426868370439e-9
7.43027291180777e-8
2.932630613830135e-7
5.597396297166793e-8
3.454343519644446e-14
3.480315369866975e-13
6.916274583631235e-12
4.9566203582676055e-11
3.432273380128893e-10
5.718092054116815e-12
9.39171765438661e-11
1.6539909156908257e-9
1.628160341137462e-8
7.033842120556688e-9
2.276890799892561e-8
5.75069848235235e-8
6.792979267515555e-8
1.3367478003750815e-6
5.086993745303851e-8
1.1369096618759183e-10
3.999616321225316e-10
2.45308116056269e-8
4.357933775996938e-8
1.9824326777994125e-8
2.0966248778775214e-7
1.0576021274525632e-6
3.5123458331055936e-6
2.8212070862457344e-5
3.1871343707332903e-6
8.616313583457544e-9
2.0816392112156878e-7
2.802054468570303e-6
1.0113630750857136e-5
0.0001068322695384658
1.4912067014139984e-5
2.712708459696105e-7
3.360780678546094e-6
1.6038130104799298e-7
2.150595608995313e-8
1.430552642875328e-12
2.9340614817798128e-12
3.5310575456555464e-11
6.315112023616154e-10
1.5906610626650664e-8
9.303589184283779e-11
5.153491832961373e-10
1.4089385361912093e-8
7.161495761099267e-8
3.163632485321044e-9
6.581926154049659e-8
1.2525355729497894e-6
4.580608043753531e-7
2.0890668601897803e-5
4.5642620347281777e-7
3.159331271400973e-9
2.3011950116560235e-8
3.898758506540229e-7
9.151049192700349e-7
3.804899123792961e-7
4.656820002345979e-6
2.124985558216289e-5
1.997394050832477e-5
0.0005136371661986907
4.0207286597274995e-5
5.705194051171003e-7
6.069964832570221e-6
0.00016797182253233054
7.968450046961382e-5
0.0029838924947307483
9.42484253434432e-5
1.2026905920418125e-5
0.0005535150744349941
1.4027485982854326e-5
1.7245952139080266e-7
5.8797161898640245e-8
5.657020608192304e-8
6.549293176355508e-7
4.0034438959353295e-6
2.9406520909848857e-7
1.1283588384712165e-5
0.0001967917498078436
3.432203067481267e-5
0.0005474470718398715
3.58632803691878e-5
1.5975128368245975e-6
0.00010316222532893678
0.0006731121496074784
0.0050263409525662306
0.030505313984021377
0.005303104169627477
0.00014972744107073495
0.0007221689089722791
9.467339001115718e-5
1.500606063893231e-5
1.2024478464149772e-7
2.8110503371947327e-6
2.420868160600383e-5
2.899267238292674e-5
0.0004691010903690756
3.840105641711383e-5
3.8651393540631655e-5
0.000506391351026734
4.437131999165306e-5
4.860425837602347e-6
4.894156353202787e-7
3.5894991510622384e-6
5.604571094736871e-7
6.305784263241521e-8
6.226444385246044e-8
2.0915675805995885e-11
1.9436743323311943e-11
5.812329860446782e-10
3.555874599556992e-9
4.454808887438943e-7
2.902342113008628e-10
1.4058284012616578e-8
6.018826890335073e-8
1.5091015639864208e-6
3.81701784798503e-8
8.580220609494211e-7
4.325042639723534e-5
2.4714592904655127e-6
0.00012624459066599164
3.320898999730034e-6
1.403467280677362e-8
6.400159237081061e-8
1.5862264662285564e-6
2.362039149091188e-5
7.3313520748547e-7
2.2596585163514993e-5
0.0004972223539575137
0.00017177637018765744
0.0029337802215919986
0.0005211658325358861
2.8298977996531907e-6
0.0001582226154118018
0.0005667278532244274
0.0005946602963167653
0.03873488901180461
0.000723356841845348
2.134722191412148e-5
0.0004869368338519953
0.0005732200312374978
3.606287692848541e-6
4.3885513961498403e-7
1.3649384173921724e-6
5.748937805601762e-5
0.00014553737699446456
2.6375599178502232e-5
0.0005805923209738023
0.0031501157635103806
0.0005339895848222809
0.04340738579743153
0.0004668741525168146
0.000131747666039959
0.003005336966657685
0.03920467082136702
0.02968015771419566
0.5550706595471911
0.030414876862350997
0.002714607301690871
0.03822985370198308
0.003348473385029285
0.00010782436976143262
1.3247207216425341e-5
0.00033870999310620304
0.0027406547304955663
0.0004500288047033014
0.04025841129796881
0.0005033936949518524
0.00030792921016593
0.0030330769843344117
0.00048467151039205717
2.5765950301665943e-5
1.360007402067672e-5
0.00012502092127574538
2.5319502137533403e-5
1.1674377730784424e-6
4.5378044030425644e-7
2.6027368148065618e-8
2.374757265535043e-7
1.0322264476048694e-5
1.4664994247962547e-5
1.1546565777651387e-6
2.89000673407905e-5
0.0004975735645774236
2.4251776456532156e-5
0.002613776930596081
2.3554164165423214e-5
4.719583499595357e-6
0.0003290354518430834
0.0005392459802035375
0.0007770833411881015
0.040152261951802506
0.0006867734861950978
2.6026722012818576e-5
0.0005942037426465381
0.0001925970980248627
2.9956385963064637e-6
2.533474613491631e-6
4.832404307694225e-5
0.0006440320268828803
0.0003923610388578659
0.003295864787887479
0.00020751936976843097
3.0017170682284157e-5
0.0005476919868522011
2.314062029381809e-5
7.80746084629657e-7
1.1572995611297441e-5
4.633961154693918e-5
1.4077768499104637e-6
5.210585083517991e-8
8.603386574295985e-9
2.9245060588483717e-7
4.9303540241855175e-6
1.4927061235729323e-5
5.472419142607229e-6
0.00013391179827350496
4.621818606046941e-6
6.314407346475868e-7
2.5591663960312067e-5
7.773588993360665e-7
4.0707557793501415e-8
4.903065960468328e-7
1.4283239249414959e-6
7.639014904522466e-8
1.0250876711098212e-8
4.69607030694151e-10
5.2652286704297115e-8
5.302110043205872e-7
1.803652078821332e-8
3.015357452919425e-10
2.053187778431475e-11
1.550990352241729e-11
1.4430895272579391e-11
2.0358500097341992e-11
9.049244286646779e-10
1.8574215994820949e-9
4.184058588238338e-8
7.289712132360915e-11
2.6708309391167812e-9
2.3034321943015673e-8
4.2992295411869583e-7
6.514569464123268e-9
5.602964932813718e-7
1.1513522562350028e-5
1.7674382725328876e-6
1.4458749224354188e-5
4.231159062100435e-7
2.0227081826492933e-9
2.4218867822183327e-8
1.6502479712243812e-7
7.620734462758999e-7
5.029545297386711e-8
4.926077558077186e-6
2.813839920948158e-5
0.00014928528496322045
0.00031670281427051053
2.9961263413771837e-5
6.675055490419922e-8
4.733382578915902e-6
2.3681444791078005e-5
0.00013630552301521624
0.0024730681008809587
0.0001515064261513075
2.1017308918602616e-6
2.0430329277107292e-5
1.1553923903411876e-5
2.9322604659275576e-7
3.944981786899546e-8
2.5501032107988284e-7
1.1353834671398687e-6
5.177698811251814e-6
3.5216684404771696e-7
1.9363872249673562e-5
0.0003758045240537864
4.156973615529047e-5
0.00047128004778534244
2.7694856569989095e-5
2.546773813875322e-6
0.00013405411818641371
0.0007406899623178519
0.006017707454530631
0.0304617714449867
0.004761876305998194
0.00013393254621114157
0.0006039591043347582
7.9515938170239e-5
1.0235073065353783e-5
1.773473077057759e-7
5.249512010117863e-6
2.4251687894768995e-5
3.961599938255067e-5
0.0005044913189395942
3.367708949765119e-5
0.00010712224717815983
0.00018855884408158064
1.9770516570949745e-5
3.5835955922902583e-6
1.3222158951439069e-6
2.6686472655899326e-6
4.853111518992275e-7
6.818023553465584e-8
8.888978776006326e-8
9.026626833181313e-8
3.8094321775015895e-7
1.7449291595684265e-6
3.607407929054992e-6
2.5998365954497207e-6
3.3452050172531756e-5
4.527058499556835e-5
5.793002650023737e-6
0.0004200446953977972
3.4130220619850435e-6
2.034002454895902e-6
9.822487194090379e-6
0.0003446794737587129
0.0001384526077462682
0.003297789370063949
0.00010762211224748139
5.1342942380469245e-6
0.00020975584415709205
6.866345949584691e-6
2.2729690393493217e-7
6.480101321552355e-7
3.352544707131855e-5
3.181589848893062e-5
2.0797545053193932e-5
0.0006571932727039763
1.1634221036429698e-5
3.845578599829597e-6
2.3242621088358422e-5
5.697780673507887e-6
2.2017014490445838e-7
3.964431882449832e-7
8.080089886933381e-7
6.957588980484799e-8
2.174058941663286e-8
1.4570268881626452e-9
1.3277651106845207e-6
2.063535507804797e-6
1.0626539830904694e-5
1.077495400136139e-6
5.8585597775485886e-5
7.884418131626613e-7
1.2579988835864314e-7
1.5528469078943793e-6
4.0543530609010925e-7
3.509857210021051e-8
1.9635461115832296e-8
6.762231897616807e-8
1.9193891692738314e-8
1.584039253575478e-9
7.174739413370332e-11
2.420996998383455e-9
3.804638829573804e-9
7.979917468182223e-10
5.300875535582112e-11
1.878413254508088e-12
4.913532138297756e-13
1.299122663477533e-8
6.184462558348633e-8
1.5914116342857258e-6
2.7780841726772107e-7
3.067727362983353e-8
6.753792272422102e-7
3.0481165008895547e-6
1.9593729381418696e-7
1.3871553632147234e-5
1.2069617790179476e-7
3.058868542635648e-8
1.402818054044981e-6
5.278927004342821e-6
2.8243345715462286e-6
0.00013886077630466528
1.6458043674155296e-6
6.921442204036703e-8
3.263832031256157e-6
1.1305348089147048e-6
9.951423880624519e-9
2.7784912964847185e-8
2.343112525648677e-6
1.4311864344379807e-6
3.9394492001296617e-7
2.537121101662926e-5
2.6665267311475484e-7
4.4415916895348175e-8
6.996532041349682e-7
4.149228366199343e-7
1.771113834270635e-8
5.4096886864947555e-9
4.922328351641954e-8
4.284457988665461e-9
6.132595651321745e-9
1.3671055807032505e-10
4.800565572538308e-8
3.682339894386386e-7
2.7994923618977164e-7
1.871081862250594e-7
1.334038778178606e-6
4.688618108945209e-8
1.8252184178757035e-8
6.87869992418939e-8
2.4138334326975898e-8
3.9050891620321046e-10
2.1224748832001164e-9
9.343904309316365e-9
5.142743220107924e-10
8.365546638532753e-11
6.470789755095028e-12
6.659124577656672e-10
5.728197581147259e-10
3.977148386745182e-11
7.164360822012571e-12
1.7515974467299049e-12
3.9257843761437865e-14
9.263216890492455e-9
8.02675100741e-8
3.094267645810305e-8
2.84275483399904e-8
4.8959513828102e-7
7.293811269332692e-8
1.4415444787265874e-9
1.7307674968127408e-8
3.744886970603495e-9
8.494095759503675e-11
1.0724510766342729e-10
2.8023002515608276e-10
1.2023413129135516e-10
9.762810347900317e-12
1.6149578796307535e-13
3.769980394469179e-11
1.9478249861966282e-11
3.2215099188994327e-12
5.658116482938375e-13
1.463837812835e-14
5.923357310165155e-16
4.4129291659402404e-11
1.6021303210056205e-11
1.0650189147273387e-12
2.6916500220760506e-14
2.329198298887702e-15
1.5025893582120292e-15
6.284341936865455e-17
