1.0671443696227282e-13
2.3163779229599055e-12
1.668338912416629e-12
4.6827958617540396e-11
2.236173589317322e-11
2.60103839775771e-10
1.408092113685249e-11
1.9912812758077537e-11
8.917370295021702e-10
3.254304043791095e-10
2.5827377512162957e-9
1.8710743905821825e-10
5.841526122789172e-10
6.782577299058781e-9
1.0000017160779459e-7
7.83813527452318e-9
5.310549765816636e-8
5.853059221321083e-7
2.7519647417879065e-7
2.9450338530177234e-6
1.8996525274399508e-7
1.459903864903881e-10
4.112801414912216e-10
1.1158516367148607e-8
1.3404672312813056e-8
3.199254193797787e-8
1.0919010914191683e-8
9.51333516772158e-9
3.985989941263252e-7
6.571784751553262e-7
1.1724690201422927e-7
1.2083415847585875e-6
4.5376663511618445e-6
3.6037271731909184e-6
1.7880656402330217e-5
1.185301343658783e-6
5.817921170528392e-8
4.46341647658073e-8
9.312718566668723e-7
1.2837205536975753e-5
4.3956073222633404e-7
4.550731499930219e-6
1.2491694822736991e-5
0.00010066799526983976
0.0003800570246764053
0.00013518516201305278
9.01730872947038e-7
1.9390254400607945e-6
2.097070992695652e-5
2.6582257049411427e-5
0.00035729988118931124
7.301349008619918e-5
2.616315419051762e-6
1.1896264532644475e-5
1.8137897928522171e-6
3.09693340543247e-7
2.5880922713318566e-9
2.7113501348395216e-9
4.033269945173432e-8
1.9371800430623704e-7
2.894823669362074e-7
3.750985436853953e-8
1.0496281916141591e-7
6.298029598056685e-6
1.7941086183925113e-6
1.2531770289524377e-6
4.3113955538039895e-6
3.7946941848042244e-5
7.855309555528036e-6
9.77515156993725e-5
3.250577350271969e-6
1.3632678705225693e-7
1.2774179526404543e-6
1.545221611232973e-5
1.4348669472679947e-5
2.343768835993508e-5
0.0002082467246699132
0.00013594527912166404
0.0002203384280889812
0.0013657002006169064
0.0001706695498546848
9.867397100937032e-5
7.097458499068064e-5
0.000493180650637888
0.0002340950660679624
0.00490042106194909
0.0003152759542788961
5.522495018201346e-5
0.0008574551985891216
5.48207611939264e-5
1.9115483216231758e-6
5.506878376532692e-7
2.336687597491318e-6
3.110406891791899e-5
1.6837413639950408e-5
2.403191380914397e-6
6.709136770189749e-5
0.00044340088053410927
0.00010650394555871551
0.0012267846972724022
0.0001315922918187651
1.355792084798743e-5
0.0002981451784703517
0.0015870128210227583
0.006433053195591091
0.038868265551658766
0.010013482791331558
0.0005763755485663491
0.0017165487252186514
0.0003160095893026609
6.915711422380223e-5
3.570794375753629e-6
1.7443317470298987e-5
0.00011307009497074196
7.655235909434647e-5
0.001101555279435161
0.00013644820868852981
7.754325825793603e-5
0.0006806140251671824
0.0001683593366640681
0.00014560392571288548
6.040314894012106e-6
1.548328264454763e-5
3.3498462744675974e-6
1.2900419547695854e-6
2.4085617653452083e-7
6.557169912888743e-9
4.266946223995077e-9
8.62072818699353e-8
4.230043758822167e-7
2.88912746661937e-6
4.5715300195595755e-8
1.3794091257102327e-6
6.342782448892742e-6
1.9102974114735036e-5
4.041612181088456e-5
1.7941040427184613e-5
0.0008490960063996029
2.298390408892483e-5
0.0005658745288506946
1.380117049438356e-5
3.324853399834863e-7
1.9766010734439056e-6
6.974758838665763e-5
0.00012110370103631934
1.2612312516285429e-5
0.00012353121863456807
0.001737529355261155
0.00040335869957610785
0.004306489161910719
0.0006160741882775995
2.5982577141146007e-5
0.0005421890735651553
0.0013372497504701658
0.0013607493184473866
0.04697529993254235
0.0017475356583504208
9.197317740914221e-5
0.0011510291099480338
0.0008528330224808312
1.1897443672003541e-5
2.042082628608015e-6
1.945708567022227e-5
0.001847783222022435
0.0006479724700661249
9.895629369356897e-5
0.0014541923744247247
0.005024348570204629
0.0011735527668707342
0.04609873887844378
0.001109711729143534
0.0005614309740232904
0.005531877906892422
0.04832622767690881
0.034686235178467584
0.4036941559553904
0.0386274607955631
0.004351197540922372
0.044808389598420144
0.0046923361962230735
0.0003374192016851465
0.0001837765176735539
0.0008484234743511245
0.005339067208388906
0.000964974060637749
0.045502480185366484
0.001182493528103577
0.0005870801746802107
0.00453472039324505
0.0013016424135691303
0.0003981743922732215
0.00022505034347417496
0.0006242139623203601
0.0001110967873371328
2.1145298757978766e-5
3.3523659351219262e-6
1.2954649263543545e-6
5.604317787834032e-6
8.130879940613989e-5
0.00021483364579974985
1.2206042885324177e-5
0.00015817239297288464
0.0008599982514900181
0.00012139206852831489
0.005712933744855443
0.0001143881181073114
2.2228045352632e-5
0.0006001324396206393
0.0012495857470865826
0.0018757704402407502
0.04751460842888438
0.0015649576720836809
0.0001165883949550325
0.0014127117295065221
0.0004946600908206082
1.926933028725828e-5
3.0132863864975754e-5
0.00012931134447531162
0.0008390287602348049
0.0004633350298824846
0.005301718927316947
0.00047830249251936487
0.000188607658877444
0.0018293616601847457
0.000136387738732291
1.3068137236829859e-5
5.08990819405298e-5
0.0008334974576135718
3.711409740892035e-5
4.469679191463018e-6
5.26859219793743e-7
1.3495795018709594e-5
2.709577751660901e-5
0.00015495316104236707
1.8672379180502013e-5
0.0005070770824271982
1.701225276242395e-5
2.6317473870443813e-5
0.00010584598254558602
1.6771969177792456e-5
1.8048043752724212e-5
4.659562698607755e-6
1.9961521591086126e-5
2.0781713013642308e-6
9.550312118418605e-7
9.273622860018207e-8
2.269587099909687e-6
3.2234218422106606e-6
3.1257796334695595e-7
3.093995607502541e-8
2.224134542795126e-9
2.662594431757969e-10
6.130094613765531e-9
3.79936710763934e-9
3.1683927453694396e-7
2.946280644658374e-7
1.6465857210749796e-6
2.183258331815985e-8
1.5012812255598955e-6
3.487173120482264e-6
4.281120580018516e-6
7.58372622360746e-7
1.2170657652434986e-5
6.0002404553406975e-5
1.3409594482697115e-5
0.0001988717578973523
4.964030999415391e-6
1.5269324961814655e-7
7.955458903599838e-7
8.145588938065614e-6
3.441182482730786e-5
2.162416491634549e-6
6.289040870713808e-5
0.00020823054438880447
0.0002136243545534827
0.0005585086839082521
6.0748213054072535e-5
1.5858628162665796e-6
3.195097687810444e-5
0.00011945784275992194
0.0004041770406512376
0.004589480801780691
0.0006078849478388401
1.6028008626411237e-5
9.2874895752809e-5
5.319350414991569e-5
2.5473509841704506e-6
4.219371859042053e-7
1.8095103323015022e-6
3.715325153056783e-5
1.991122719700346e-5
3.6603434924637015e-6
0.00010882095900487297
0.0004702021381177556
0.00011954503834394809
0.00098226701316784
7.531356721931041e-5
2.846373487458863e-5
0.00043540543604689795
0.0018270229183131516
0.008860154040880516
0.035651394312294006
0.006297619315509116
0.00039511044499702556
0.0013705092556541717
0.00023037702173816843
2.5241450690956663e-5
6.756031843864201e-6
3.47040019578554e-5
0.00011712900771027717
0.00012616366965799073
0.0012384926766814727
0.00011050399939682888
0.00020180371599876824
0.000451398082746206
0.0002408152300459227
0.0001028808120118828
1.349807512556757e-5
2.4422936295879716e-5
9.025261958920236e-6
4.32846749498768e-6
3.461306922365745e-7
1.1792874072047861e-6
2.458611540346602e-6
0.00017759236836886982
3.4977660047883355e-5
5.06860758646803e-6
0.00030392839091432985
0.00013794859112194722
3.174394852965368e-5
0.0008996401004737666
1.8411953344274682e-5
1.0091927408817792e-5
0.0002726783320361269
0.0006902042738841092
0.0004248990333158235
0.00586451944464497
0.00029428753545562673
3.0496080940965292e-5
0.0005175111314834285
6.211051096937728e-5
1.8308736735923812e-6
2.7252836700336015e-5
0.0003502520057005237
0.0001527971662361749
0.00011696079715651333
0.0016819722943901335
7.098156573295808e-5
5.1260452157928626e-5
0.00012168256852615171
0.0002248760180671116
4.66997660048491e-6
1.0319467181981298e-5
1.818689327024504e-5
4.206382641966174e-6
9.864279488824484e-7
4.5184438277788575e-8
1.200065917539627e-5
0.00020210932626462866
5.618205237707836e-5
3.888166549337903e-5
0.0021485174476049236
3.3945387192593554e-5
6.993059075958762e-6
7.915002582984836e-5
1.576786153819274e-5
1.1104847797230808e-6
2.805564750615649e-6
6.586351096111617e-6
8.350014948284272e-6
5.351516314825346e-7
7.314096937939584e-9
2.744131658613931e-7
4.564199325670495e-7
2.5633079562097006e-7
1.787983139224638e-8
3.626298831093976e-10
2.1936689995944763e-11
5.304193763016096e-7
8.432476565748727e-7
1.0978056042367408e-5
1.5434937798233443e-5
3.5767689400981274e-7
2.4704349070788465e-5
3.895772793218896e-5
6.481803428606414e-6
0.00019824692037709044
3.4231491349287107e-6
1.5528776770897379e-7
9.275562346574726e-6
2.5650084129397e-5
2.793231348908557e-5
0.0006087037712543247
1.299628427260572e-5
1.595614279017022e-6
2.4105570344200325e-5
8.04537752633367e-5
7.903506390783539e-7
3.3015431789291446e-7
5.5680450969788635e-6
1.1698586166195693e-5
3.7383602638511843e-6
0.00010555360717393642
2.3526229115968536e-6
2.1863219666227572e-6
1.2330172076231365e-5
2.431748127415995e-5
4.939335321665771e-7
7.50245592605257e-7
3.587549378212386e-5
1.161513470237005e-6
1.1500434054737664e-7
8.488132260701086e-9
5.923440153575237e-7
2.4462884083805605e-6
6.038474832469653e-6
2.0137215324738205e-6
2.347348106087982e-5
3.3159060259286573e-6
9.731084091833383e-7
2.2871780355308465e-6
1.3466592778553552e-6
5.5137929038307576e-8
1.9304273908097154e-6
1.3546314259248108e-6
1.1099312839436637e-7
9.938706420253992e-9
5.858096867638969e-10
3.7810089945493246e-7
9.925881027978532e-8
4.8892336463577e-8
1.2728475955430221e-8
8.517749675746844e-10
5.667901915902243e-11
5.095108074103193e-7
1.1927132870027063e-6
1.4192689444282096e-6
4.519422779553713e-7
2.229694864638077e-6
5.589929185450372e-7
1.3181023158109597e-7
3.060737608677225e-7
1.1632725722473294e-7
5.099420382091953e-8
2.248952326378774e-8
4.838849087577143e-8
4.242527746721556e-8
9.812439663661395e-9
1.833935476062244e-10
3.521423943358268e-9
4.031918851189687e-9
2.7183840039636025e-9
3.9843501385152656e-10
1.97784911948947e-11
1.8896890820652643e-12
4.4199287922046934e-9
5.268846219565583e-9
2.3398966308577766e-9
1.40131623310165e-10
1.1246841235645918e-11
2.430739184092182e-12
1.3098218044067073e-13
