7.908784966525002e-9
2.645966559761061e-7
1.3026019953104329e-6
9.373466603772206e-6
5.299226239911184e-7
3.7629779913616925e-6
2.373495226477482e-6
9.374586344686324e-6
0.00010057905133896017
1.073162195142173e-5
3.9745745878538756e-5
2.7066924724067798e-5
0.00011685509083114827
2.7582270022512546e-5
0.0004296216976579281
0.00038027367903158295
0.0001820777590438534
0.0015647046057399455
1.1638996503271873e-5
0.00012961474536110287
0.00020617171326052232
2.3814202644491193e-5
2.8736286952248242e-5
0.0003496355144313722
0.0001728999234464631
9.987196748823763e-5
0.00010391166197691893
0.00030600739201152135
0.0002905600470623784
0.0006581949626000652
0.0010305147925131369
0.0008949107640662936
0.0012865578180481661
0.00017086649776368925
0.0004151775874252531
0.00024344349271822254
0.00011625496971406267
0.00018519037516698456
0.00040642728254684194
0.001349891437235547
0.0007324640837242329
0.0007101573317248815
0.001899364917019926
0.0003586152664892269
0.002315334241296273
0.0015345579918555545
0.000852716228829876
0.0012156360341533375
0.001632804630410696
0.0006947092620781858
0.004148052661390768
0.0021646823372735834
8.591497937422814e-5
0.0004282109425125631
0.00034300432253004965
0.0006959888095546384
7.674716884095382e-5
7.849419857292402e-5
0.0005213274189313162
0.0009369780229713145
0.00022154728081077863
0.00014514135600636433
0.0009431947666076247
0.002671451685709562
0.0006731979019358234
0.0011388734954991184
0.0016941835554309427
0.002198145227943228
0.0013882918757628254
0.002562320476711403
0.0004276096065491133
0.0002076431269136004
0.00041534757514696715
0.001706578262734119
0.0017454860112517932
0.0017749347853514735
0.003298780550555222
0.002832493741120094
0.0021468897356597717
0.005241071896807326
0.0019202056043990503
0.0021252858961270595
0.002377513579438463
0.0033507533840220166
0.0031035694299868044
0.007837618863158603
0.002762406115873754
0.0017570339930479718
0.0021768484764615108
0.0010593808659130689
0.0003414484918089886
0.00017506359468289103
0.0003224656413013204
0.000870808130713898
0.0019671512260736857
0.0009966686793267392
0.00146783461786146
0.003447256717075504
0.0018655654538988682
0.005586488419917954
0.0021373177736827374
0.001387483183060624
0.002048059077464357
0.004767158959689586
0.0034205157297729698
0.017745051640641624
0.008211849645147836
0.0020157334512918373
0.005283166885509787
0.0027448839413328693
0.0021230212481734272
0.001406685028804103
0.0010132507423126897
0.004265740205552372
0.0013229297915088804
0.005463490539675414
0.00212109341593263
0.0005422299248239144
0.0025394382395579947
0.001962553328154164
0.001520096395562548
0.00035042047754371995
0.0004565841642955222
0.00041522730800109663
0.00024393969158699065
0.00021288816553752767
3.523159841849101e-5
8.084066415972615e-5
0.0005436197718500526
0.0013805622569071922
0.00026852411792088667
0.00010816338399969627
0.0007274531640491325
0.0015291122985958952
0.0006433862215621103
0.0013918759350446668
0.0018781618014342112
0.0019839225406690884
0.0011608921590781985
0.003316666254706924
0.0004542449893001911
0.0001506262130624933
0.0006474234873396455
0.0017519468504031944
0.0030454152016138928
0.0019330686771821379
0.0028247428860491593
0.005309171507354576
0.0024591070791716873
0.008340430899082207
0.002525532332088627
0.0018797624562909827
0.003158517284790289
0.005402595612919229
0.004545074457045843
0.019821943839263577
0.005315055272616731
0.002897756124637298
0.0038209343726007166
0.00214683133382281
0.0004298101362380036
0.00018019531819837622
0.00047919863913392614
0.0017715157326305595
0.004887053794977203
0.0022368509605017474
0.004771611998088913
0.00950172285752738
0.004468752431515241
0.021030268529639136
0.005441629911079035
0.0031744081684958016
0.006980436864732622
0.01652526017154988
0.01159538679809706
0.06748365607606499
0.017653060207320156
0.007995715499782207
0.019330160047517565
0.007548572659749389
0.004174937328051808
0.0030412239926592612
0.0037913020703965123
0.011144962526016811
0.004604341447271344
0.020033346357051812
0.005446789141108369
0.0036866669995487345
0.008375016322606062
0.005224047737660568
0.002324699457007272
0.004684756696566921
0.0033790270867003532
0.0025227089725231543
0.000419222009920481
0.00013134509371727246
7.108533853264482e-5
0.0002647182194744594
0.0010289808161862628
0.007012624629317167
0.0005106767216579759
0.0017051329832642147
0.00552232156521877
0.0022917716945941393
0.011763795350834147
0.004345174428597791
0.0008795148969735529
0.0020451139397381734
0.006146774787193119
0.003412768489934077
0.016358441985943457
0.004550803565254273
0.0025051216041242206
0.005394792553903601
0.0032302425932640923
0.0015976940164799786
0.0008677530821307029
0.0012953980488809044
0.005525217454800247
0.0019366082850150736
0.009443074920227602
0.003481586430660452
0.0017061520435927562
0.005147373227291579
0.0027907558657302234
0.0018846150640352078
0.0013793462465878674
0.002031226522007962
0.0022731802986961946
0.0011951823289759985
0.0015930459855690992
0.00044426252984765366
0.0010799177451542023
0.006808754293643552
0.0010139427357390195
0.004752556629831106
0.0019730433347049836
0.000546530765639839
0.003034882366306648
0.001743479550462781
0.0014070485514274525
0.0003190568639776172
0.0006361314184270425
0.0006477554223810049
0.0006103202411899763
0.00042339130292968905
8.829585546649015e-5
0.0002533640131033409
0.00021261337154788963
9.73404482404039e-5
3.9916674538261444e-5
4.1635546182216005e-6
2.5777438532020987e-6
3.383439458848416e-5
0.00023037426276306715
0.0006634923801670744
9.3209470458083e-5
7.75272306524897e-5
0.000460475958907572
0.0010709742952855917
0.0003233123013020566
0.001082580530746329
0.0023782783743941036
0.0013202002367757194
0.0018026816752501045
0.004818719683406752
0.0003498648913817049
7.87091812476389e-5
0.00039101865513774183
0.0013674162346072169
0.0005515903774172031
0.0011920283718031856
0.0017882968973034338
0.001640358161625195
0.0016509226645461596
0.0037585984034811926
0.0005545421457163303
0.0018282957935036818
0.002422764473194708
0.002511534620450279
0.0032597682612157983
0.008126925893155624
0.0020383791863395535
0.0016659224794027458
0.0028184092282878396
0.0017630860919624998
8.72495505055149e-5
0.00010056484632207698
0.00023082803664113862
0.001196364706594445
0.0010016558709595533
0.0010360274249928063
0.0023792882250700757
0.0019483051875634303
0.0020724118201169896
0.004763549688545279
0.0013044365763854344
0.0017867641843847014
0.003138565656142865
0.003556918482382239
0.004104341862660194
0.011636311193484438
0.003425448659982364
0.0031703192982795907
0.0044751971816402066
0.003134424415952609
0.0006617591211643606
0.001985856108593197
0.0022577058712324543
0.0022152171939688863
0.0020495637083537345
0.004365618141772267
0.0018710784488377887
0.001636038465803294
0.0024578718698103305
0.0021684071601886304
0.000357644882241661
0.0018219000078959827
0.0012175244637095469
0.0013740898755265113
0.00016899142429386709
1.2020258876745832e-5
4.954177362214272e-5
0.0001805874971485072
0.0009259978899283728
0.0011092252335487818
0.0002755540529428124
0.0018659463189107362
0.001265179397703455
0.0023309191252376994
0.003912142115068615
0.0009760189670522774
0.0007207202882984715
0.0032158006352542502
0.0020509415692353526
0.0030934177410122323
0.007071088047960831
0.002090273426562969
0.0024621797858673587
0.0031896627890362185
0.0024463969205751343
0.0011808613691647435
0.0008574903635074256
0.0018660248571300234
0.0017191173261330332
0.002385891775745718
0.0047944035012153115
0.0014953742222264831
0.0017721630825700589
0.0027741558157083905
0.0033289150707999245
0.0006814396897027802
0.0024370270411714742
0.001886249148358581
0.001706744885691316
0.0008842916913493641
0.00018060744734260813
0.0003024056397810385
0.0009271166379309072
0.0009954004382161802
0.0012050057874876765
0.0016901180577708825
0.0008921627438955342
0.0013578490342071303
0.0017734326305432915
0.0016931421443583923
0.00043634020845862966
0.0010786087390686294
0.0014893102640904732
0.002766498884732208
0.0002938415198321949
2.7381123713753357e-5
0.0006486101411226936
0.0014128214680412328
0.00094294498226068
0.0001742671828005529
1.0633471732901122e-5
5.638044510239486e-7
4.141562826794261e-6
5.178913384769832e-5
0.00029429922871962753
0.00042699540118258406
7.717618872695616e-5
0.0008788437792887803
0.0008360383254581835
0.0019354901229503136
0.0030318571282212186
0.00132502599605875
5.7716746098250104e-5
0.0007626016247187094
0.0008748006794678248
0.0017577143625793433
0.0031767868498908227
0.0013459433988015344
0.0018536483770449385
0.0019184125717202178
0.0020628101052694017
0.0007698843498330798
7.852056343535569e-5
0.0002841601397390063
0.0005213686467560369
0.0010456317631995428
0.002192129903779241
0.0010198664168842937
0.0011695576106750686
0.0019009040705941537
0.0017990561090759371
0.0007019025489573398
0.0011143404544816879
0.0013976627608986072
0.0011441370011245834
0.0009829984858171707
0.00037894054030823064
5.53181815767736e-5
0.00018572341427149262
0.0002629235354422634
0.00023248732005053065
0.00047510714389923395
0.0003250763875281052
0.0003999377563623062
0.0006581677670604953
0.00041027848084764797
0.00018430934340692837
0.00048023357928087
0.0007044820820974166
0.0009604262759888656
0.0003034092324751332
0.00011497626588857361
0.00024143309091461914
0.0005503770766945974
0.0005226201801455287
0.0003448174231800796
9.788273977146388e-5
9.15258216916761e-6
4.629480935900241e-6
5.3394863000182103e-5
6.896992599955417e-5
0.00010109135078390874
0.00017924834246239347
0.00017676055624402047
7.869344941047845e-5
0.00015187272472592077
0.0002090231693519425
0.0001159537829326801
7.587868145678737e-5
0.00010673832568487664
0.00014606792552610576
0.00010358355016138139
2.586573294772702e-5
3.279136530538736e-5
8.108662569062258e-5
7.784548440512553e-5
2.811258933215104e-5
8.351804431601116e-6
1.2195943618577241e-6
2.6258985817480495e-6
3.681508948975317e-5
7.585428759896874e-5
2.3930502193489128e-5
2.420115526299781e-6
2.8578986943809467e-7
8.670032055515002e-9
