6.912888429745561e-22
4.9942932207122845e-20
2.8843381430606055e-19
4.777864063684722e-17
2.6371038745323284e-15
2.5687401704107595e-14
7.634925299667117e-19
7.785279804399267e-18
1.5917500707947534e-15
1.863132298038647e-14
4.459264771756881e-14
1.3012024768398528e-16
3.655048861649941e-14
5.671097494398702e-13
2.2646546771099535e-12
2.5175440045142745e-12
8.040814383984417e-11
5.658987676124794e-11
1.3487652725735863e-9
8.40354102713931e-9
1.0051843073491482e-9
9.813149224020262e-18
4.61371562878718e-16
6.341437791218943e-14
4.966990670005583e-13
2.238944369286628e-12
2.0281290509165915e-14
6.260474895692328e-12
6.146146505914498e-11
1.0101678863678464e-10
4.095839133567915e-10
6.724178085559422e-9
4.814786837087192e-9
9.646673109897956e-9
1.911300884908506e-7
5.574263614779919e-9
1.5651341034115226e-13
1.696381851210634e-11
3.361918156409286e-10
1.2820183240543733e-9
1.3927107020896744e-9
4.976136024284649e-8
7.098466740839981e-8
3.7699290818314234e-7
2.4513859948223417e-6
2.583013524566597e-7
4.0030526381814247e-10
4.0329913586767496e-8
7.607283329355228e-7
4.052957468016967e-6
4.3992793981066225e-5
4.680940532173107e-6
5.548130341737606e-8
1.6523604754107317e-6
3.432926516388377e-8
3.495740790923162e-9
9.80336844269521e-16
3.9318526467828135e-15
7.863792081578637e-14
3.4621099205369083e-12
2.19236533868112e-10
2.2141481386547666e-13
4.227715448867237e-12
2.0904924085605047e-10
4.743726033474535e-9
5.8045990483644214e-11
3.8538445085374306e-9
1.1986042101844185e-7
6.962733411515971e-8
5.331966928574124e-6
8.982679211972337e-8
1.4976491380455816e-11
3.3359540949215897e-10
9.145783252467039e-9
1.0124261410351226e-7
9.046499379198068e-9
2.6123385571792175e-7
4.877371929380832e-6
3.7628318184630676e-6
0.00011773086901765219
8.601144532330234e-6
3.2054086717576804e-8
1.5711588032228644e-6
9.297931458588628e-5
3.0102055556626364e-5
0.00198419591590569
3.522926086648495e-5
4.59703397115982e-6
0.00039174438595927726
4.022005122470308e-6
4.084956581373132e-8
1.9175594879542391e-10
2.7620944524818964e-9
3.0681288256385016e-8
6.528031219833829e-7
2.2373957337370545e-8
2.24056007618922e-6
7.7119152701205e-5
1.703690109787844e-5
0.00022403099067951277
1.4489067013002433e-5
3.3067437404316635e-7
4.23968085701317e-5
0.0003153392755861346
0.00416864783193837
0.02604826080192333
0.003773355098549366
6.460540067681064e-5
0.00031559890805902077
3.34513702554689e-5
4.986970023844143e-6
1.0121659813654641e-8
5.659767765905674e-7
6.328224631036157e-6
1.3391004329148167e-5
0.00020219736849374278
1.414717695069008e-5
1.0194214006526043e-5
0.0001934023694688338
7.914973136542606e-6
2.310545792900933e-7
8.346401273876783e-8
1.3903140381806062e-6
1.1766361252272043e-7
5.895248529898161e-9
1.1696964264920486e-9
4.765877386148179e-14
8.262793070720169e-14
3.440376192178016e-12
8.868651724603787e-11
1.2657752874478372e-8
3.945370133026447e-12
9.25890491776672e-11
3.771720446897961e-9
1.8641924470600568e-7
1.2423404574245263e-9
7.684179199272221e-8
3.6335951257548006e-6
8.812418112955265e-7
5.500368724564596e-5
1.4723826907679846e-6
3.1287292124264423e-10
4.765080524725296e-9
1.2607398487618823e-7
6.866255908837159e-6
9.35714396549891e-8
4.95477023221377e-6
0.00016921682814783476
7.554546713439914e-5
0.0017050055717983438
0.00021874157070256173
6.428509807128845e-7
6.985872445017154e-5
0.0002436286679130922
0.00030151279425475516
0.03259426198566913
0.0003222672814360818
7.409440659036658e-6
0.00024169385358642134
0.00027517479890223543
2.0335585347134898e-6
1.4172537699260074e-8
1.5476437276571643e-7
3.4027070798353185e-6
5.311297485938038e-5
3.642522129536549e-6
0.00014426251327082133
0.002051448065278894
0.0002236568072045206
0.03410621489810581
0.00021665266754370555
5.009801895181247e-5
0.0017280663138886784
0.03324584680600699
0.02565855644772954
0.6510635346622299
0.027151254870196106
0.0014460672958868067
0.03217343901091442
0.0020240376073968197
5.078319661896412e-5
2.470752005050022e-6
0.00011745972226640764
0.0016004435860474296
0.00020224716260729679
0.03255703680665573
0.0002490325344714676
7.052523722175834e-5
0.0018374029835160509
0.00019325477005549836
2.52257039791051e-6
2.2685916685395706e-6
5.260933800357761e-5
8.39176475099781e-6
2.1716156736409646e-7
9.840999285760028e-9
3.3449245351506438e-9
2.6608728922115605e-8
4.978768865207935e-7
2.284434074507255e-6
7.186175097681141e-8
6.69687671177627e-6
9.931089110321507e-5
7.583891328316212e-6
0.0015132404690234983
7.0777480024087945e-6
1.2408158330222575e-6
0.00015464326381766348
0.00023927308717799765
0.00033995677531896125
0.032992029153351594
0.00031250068302659194
6.5354714107051335e-6
0.00022701042207071934
8.409651358096136e-5
8.71369228984683e-7
4.0779900270163214e-7
1.1280617837563203e-5
6.737841336061968e-5
0.00015737641075726303
0.0018755181527130582
6.720070545897007e-5
6.279411368642034e-6
0.00013783912400333983
4.213990359586775e-6
8.774015100179901e-8
1.0168713356878416e-6
2.92804643830356e-6
1.231659970428204e-7
3.4882197171569014e-9
7.69766543682634e-11
1.150467548219726e-8
2.6988563747142116e-7
2.485665222105821e-6
1.0826492093074716e-6
5.061906327413478e-5
6.429036784840094e-7
7.154487575830662e-8
4.430342351342512e-6
8.787218664810388e-8
1.1901787923725915e-9
1.553363825285123e-8
1.6320964590799092e-7
4.830260000548455e-9
8.955700268587977e-11
2.2745538865314374e-12
2.035747432585597e-9
9.758591509051545e-9
2.0410383210202605e-10
2.2833831627063405e-12
3.936322218086467e-14
4.7713610636065426e-14
2.9196679233298224e-13
3.5564207733063643e-13
1.2330242007428142e-10
2.2694170955584145e-10
2.548049474299408e-9
9.616674397731499e-13
1.2271712059772095e-10
6.78951726879695e-9
2.4016696149597068e-8
5.60395481032487e-10
1.4535381903800449e-7
6.756814633560078e-7
2.0654518481852685e-7
2.2993636560642875e-6
7.138573076944236e-8
1.8605055694831947e-11
8.567292054457665e-10
1.2252545169783216e-8
7.007787608023422e-8
6.4244147298184904e-9
2.0364211722219487e-6
7.533367066008632e-6
3.2106716130985926e-5
6.186245784162464e-5
9.09985687828054e-6
6.986054343345398e-9
9.341862319304741e-7
5.451708160522e-6
4.548960424128169e-5
0.0012838621431154422
6.258718307623454e-5
4.001279636868618e-7
6.428750962867291e-6
3.862012549287074e-6
7.207631445685973e-8
7.258944324029427e-10
1.0669780528417233e-8
5.603903822787136e-8
1.4178843530680867e-6
3.334170927098453e-8
4.078903414229801e-6
0.00023519547760268532
1.3238045134702895e-5
0.00021141735293124435
1.4115062090137847e-5
4.909876766207317e-7
4.507922366565825e-5
0.00035898077721026794
0.0036287267533205813
0.02528290231720905
0.004298392142827604
4.302824861084e-5
0.0002940304997339254
2.86766539892131e-5
5.332541870844156e-6
1.5321630300942013e-8
6.849852347147003e-7
7.888226923088996e-6
1.2993009678698644e-5
0.00021874435959575459
1.7300130681619328e-5
3.026510664262222e-5
8.812142494497556e-5
4.527564062777186e-6
3.4172751787174886e-7
2.560402704928325e-7
8.176310892411867e-7
9.838035322593171e-8
8.12298322903135e-9
1.3902897236596858e-9
2.5534129944849077e-8
3.2384164170238098e-9
7.290505254069343e-8
4.148811831620626e-7
1.872246631541126e-8
1.0700977737516562e-6
1.4399349607577806e-5
7.572375417202343e-7
9.136558085233032e-5
5.416478416020418e-7
1.3264027672028847e-7
1.9395943138162196e-6
0.0002089534067258802
4.445829960379375e-5
0.0016792348118275695
4.380632514069042e-5
8.740312773159017e-7
5.470801169059171e-5
1.3259550451033916e-6
5.019953556757473e-8
1.5888754661645372e-8
9.296763165323229e-7
6.300206594045559e-6
3.3852367969501506e-6
0.00012625691978529596
2.3462992864616288e-6
1.7185998834885492e-6
3.4967489910731975e-6
2.5211877882370563e-7
5.3477878937037555e-8
1.3985572271724312e-7
5.531934848549137e-8
3.711775500526805e-9
3.7194519261128985e-9
7.224551430451806e-11
7.735263911196036e-9
9.826417002040069e-8
4.666856418005926e-7
4.708113880495288e-8
2.6075633971549604e-6
2.929313982886727e-8
9.125568039902703e-9
9.827597647397696e-8
8.564369759233054e-9
3.697190099504603e-10
1.657712598176592e-9
3.372266856309435e-9
2.0679616035103028e-10
4.867205876586723e-11
5.738169709289474e-13
2.6107484564523317e-10
7.669922774412487e-11
3.2655652121268235e-12
3.2575964349675067e-13
1.564269710831847e-14
2.3979348796729132e-15
1.5234595543103047e-10
9.430669255904247e-11
1.3565705336322693e-8
1.1986157774728237e-8
3.0770531914971236e-10
1.6404365330049167e-8
5.4995655704474e-7
1.7222962533423226e-8
2.399357295864495e-6
1.094002498391624e-8
2.3240589806837516e-9
9.315979812426884e-8
1.6105545881384671e-6
4.7420828683047275e-7
4.880322523043273e-5
3.4354051612214955e-7
6.370933032421139e-9
5.519959689493291e-7
2.9182722259934256e-8
4.80259551253057e-10
2.905996538407973e-10
1.5004328485157154e-8
6.659480398672525e-8
3.9389644551505914e-8
5.571745709377552e-6
2.6177488469990568e-8
5.0945031070162145e-9
9.449602307155788e-8
8.399010594989696e-9
1.260485454827752e-9
5.511661616159036e-10
1.2978571233367077e-9
5.508556069378507e-11
2.829024195358964e-10
2.176029705324255e-12
1.1225631485796395e-10
3.305811354334881e-9
2.6522069124138726e-8
1.4300913092066953e-8
1.6896760970828132e-7
3.3171762913909432e-9
9.226396978714465e-10
4.576790980079692e-9
3.4971371150371303e-10
1.7457617749710115e-11
9.579978586325358e-11
8.913720784396421e-11
4.0430443981196894e-12
5.24926473725733e-12
3.440918279458385e-14
7.568439643507576e-11
2.5287283500037632e-12
6.674834209150967e-14
4.60889888260492e-14
1.4668134137081082e-15
7.243034486449366e-17
1.0264635599849116e-10
6.342733580819506e-9
3.5994597610483063e-9
5.065988902679159e-10
1.2084365385906593e-8
3.596041211627519e-10
1.6248508738877897e-11
2.593258125164508e-10
1.7828922410573145e-11
2.0068357650376819e-13
6.960807969030002e-13
3.2401256929233295e-12
2.4545513981254e-13
1.8677308858974437e-14
1.2993623974356112e-16
3.6274053437017003e-13
9.065892368571836e-14
4.279525464718238e-15
4.0711512604031277e-16
7.45276494526724e-18
2.816756217829007e-19
3.702405015652372e-13
7.365167530294735e-14
1.0395753843422196e-15
8.318572962878092e-18
3.408819225256098e-19
2.728189020163625e-20
5.61725978290072e-22
