6.485846336985358e-22
3.109047183528218e-20
2.5621522468094606e-19
5.459111131763346e-17
2.3285129027196653e-15
3.459153789894747e-14
2.2337664988271646e-19
8.686203743742737e-18
1.2962447036914345e-15
1.3714139849873572e-14
4.5788950581532235e-14
1.6376569841394746e-16
3.516878361920916e-14
1.087986840355467e-12
3.67266887388084e-12
1.8565982165104287e-12
8.419922704214422e-11
8.175105025316849e-11
4.9884832943097e-9
1.3817794508095116e-8
1.938995485158098e-9
8.799933789571753e-18
3.725280533713194e-16
2.7840704018494567e-14
2.939649113226421e-13
2.796657359943274e-12
1.6025723639117128e-14
3.525552154235416e-12
4.028427707449979e-11
9.823992382854975e-11
1.4445818575912995e-10
2.2024083515405e-9
3.5346824318090542e-9
1.2650455394141666e-8
1.8562552186021694e-7
7.2650773632923705e-9
2.2478685317845546e-13
1.5124898583924526e-11
2.7687025326912017e-10
1.5266836885536261e-9
1.1358782244444575e-9
4.2095210364640836e-8
7.761487073201697e-8
4.251410189056337e-7
2.4850437530378265e-6
2.451375959596038e-7
4.2343406557910296e-10
5.1733234049649424e-8
7.827867436738627e-7
5.14419495753279e-6
4.929617560461536e-5
5.168975608888448e-6
6.583082997168432e-8
1.7680210468757588e-6
4.300923958213567e-8
3.4481339817113814e-9
8.0422820912215675e-16
2.6729490993685195e-15
1.333511083819436e-13
3.441032544363107e-12
3.410465488575912e-10
2.3083152098417733e-13
5.070506741755377e-12
2.0992385852821526e-10
5.216950357265442e-9
9.543238157942356e-11
4.543863459071556e-9
1.7980262895515e-7
1.046949505557583e-7
5.914110063939183e-6
1.098526437660548e-7
1.854924771056968e-11
4.255366304970473e-10
1.0937139171598625e-8
1.284793470616943e-7
8.768094296446296e-9
2.4128241783208724e-7
4.773915963637262e-6
3.986047339450439e-6
0.00016307968423272997
7.193786297216041e-6
3.2423357669255624e-8
1.5433118284232683e-6
8.7450096250398e-5
3.093571224476533e-5
0.0019562579724013087
3.697601783196575e-5
3.199928960858419e-6
0.00027630922374459894
3.7477837260198294e-6
3.65197314357381e-8
2.914593014658318e-10
3.1174070139958134e-9
3.343037133466185e-8
7.793496234626897e-7
3.9113449791436625e-8
2.491614706000293e-6
8.063572064221698e-5
2.2707404052379487e-5
0.00023153677467523633
1.616942359387044e-5
4.1269532968609513e-7
5.556389576501286e-5
0.0003386858382235707
0.004529861589031942
0.02692729092670415
0.0040826654281575425
6.100964706568806e-5
0.00033993035226549293
3.7590620024548757e-5
5.302228089447756e-6
1.252612913347099e-8
6.31849645254447e-7
8.074679811765489e-6
1.3209057385350549e-5
0.00020625528488465555
1.5480277668958028e-5
9.136260467971856e-6
0.00023728446129477946
8.886695797457463e-6
2.3638218900932552e-7
6.814419207111423e-8
1.1936232507269687e-6
8.006857085265176e-8
6.391507011010465e-9
2.3331895408185137e-9
3.296553336414813e-14
5.483405826241403e-14
4.1836186888895366e-12
9.119444828250063e-11
1.9280751052924768e-8
2.2494084739147367e-12
9.576978306511345e-11
3.692854771492099e-9
1.8711027065163887e-7
1.643795174114885e-9
7.050179574746165e-8
3.438198474191044e-6
9.22423001250449e-7
5.384404572549054e-5
1.5950345081977714e-6
2.164057386937609e-10
5.591980712198609e-9
1.4569164766173702e-7
8.623460964430559e-6
1.1589516896046882e-7
4.263177406422423e-6
0.000183621714745157
7.783993534990633e-5
0.002208012737853737
0.000168761198633999
8.018918424935965e-7
9.328760071262384e-5
0.000246458186217291
0.0003100452351263424
0.03300898734300405
0.00032620997955651424
5.740822943927286e-6
0.0002543273665151055
0.00027994251674822427
1.3269358730737052e-6
1.330163207551944e-8
2.0089393108695615e-7
3.195819095769887e-6
5.351668136979359e-5
7.307500476587385e-6
0.00014586002879440993
0.0021035913057363114
0.00023910307562789932
0.033210486246142736
0.0002104458017480018
5.404500062202435e-5
0.0019446820969070606
0.03282310911195322
0.026873899243668908
0.644698434864213
0.02734346253252324
0.001138057009890898
0.03391875529536401
0.0020545322869818866
4.675108080731009e-5
2.3458375154354536e-6
8.793386869944903e-5
0.001600852417838681
0.00021149100326821254
0.03195179187444504
0.00022245036338063752
7.786366661667184e-5
0.002392847512622795
0.00015675824486260446
2.8190309606221945e-6
2.6390713793486556e-6
5.476324578311106e-5
5.1773430200003746e-6
2.0916762724571233e-7
1.4384433057360276e-8
1.0049177823027242e-8
2.8267889598393784e-8
5.302133764265689e-7
2.357623461695304e-6
9.655903443416016e-8
8.736470161238085e-6
0.00011461537725349845
6.299809341498311e-6
0.0016654916678474829
8.303960166715646e-6
1.8273587319859156e-6
0.00032739332412884647
0.0002458592838791276
0.000363477254917953
0.03331600853681383
0.00034215035690819245
6.879416225915148e-6
0.00024585902681790886
9.346990239958081e-5
8.098748792515881e-7
5.424295174082125e-7
1.818834569216492e-5
9.832002209935213e-5
0.00023075732506140322
0.0019703327823205113
8.212612054367097e-5
7.538557589757933e-6
0.00013916258007942646
4.4793306304830375e-6
8.728408826310928e-8
1.2985115555042957e-6
3.018996066292085e-6
1.2904399200096e-7
3.835508783948472e-9
7.586905657169523e-11
1.369264496852483e-8
3.242575272629523e-7
2.683296918973739e-6
1.6068950889060248e-6
5.426282222452157e-5
7.860117841584541e-7
9.051811075200291e-8
4.547815676258802e-6
1.301541020346754e-7
1.654540047906881e-9
1.9193104468154152e-8
1.7848327935273038e-7
5.3973965628537326e-9
1.4393747791674138e-10
3.7067617924058415e-12
5.399525505431548e-9
1.3593998323632615e-8
2.614890770900058e-10
2.852291785172986e-12
6.734980622913647e-14
3.559347703562352e-14
1.3431930795027809e-13
1.6972823300310189e-13
4.881387575740779e-11
1.3233964027813956e-10
2.8499051488319377e-9
7.095350721041987e-13
6.184384518893929e-11
5.577664809112755e-9
2.5438765868720566e-8
6.105143950559895e-10
5.4391467167812414e-8
6.188645141724577e-7
2.244717954051338e-7
2.004420126250008e-6
7.308416913977445e-8
1.689331508215916e-11
4.858264429591488e-10
8.234339314535964e-9
9.18322282221302e-8
3.5781149080882887e-9
8.64239021360288e-7
6.714849039563435e-6
3.499613690493083e-5
5.8641226037580576e-5
8.20757920025887e-6
8.096636007754546e-9
1.0720224024406172e-6
7.673978236071206e-6
4.8824784637706254e-5
0.0015005041783221996
7.013479982964987e-5
4.355761485553054e-7
6.292288720440521e-6
3.101410363074392e-6
6.701225076068077e-8
3.706325782763203e-10
9.389443639965537e-9
5.8804642830414e-8
1.470264135229595e-6
4.495213115190478e-8
3.4338819908920963e-6
0.00016901191376403956
1.3951591153781265e-5
0.00021596010646745615
1.3170887128724472e-5
5.115156610944855e-7
5.000708674854101e-5
0.00033490201144400486
0.0036948151179181403
0.02531510462005182
0.00487134278023253
4.26254110267724e-5
0.00030973020186921436
3.494507108179244e-5
5.467240468287075e-6
1.5969726019818002e-8
7.075408073332686e-7
6.916525577783404e-6
1.4336515738024779e-5
0.0002400299825820878
2.3684074336141482e-5
4.0430507446535405e-5
9.064199113144038e-5
3.935492144426246e-6
4.95813185749954e-7
2.4451669797615074e-7
8.12725539573791e-7
8.566676542148267e-8
1.733538557085845e-8
3.4924051678468234e-9
2.9486386177870043e-9
3.422885244449039e-9
9.166180506183919e-8
6.059930596711979e-7
3.9903932586078795e-8
1.6046189000779414e-6
1.5055338540776474e-5
9.912624321423947e-7
0.00011960473552515821
7.159145106366309e-7
2.1490389122929852e-7
2.4716738971751245e-6
0.0002176242352332009
4.958657784301937e-5
0.0018317490377359783
5.625280006410319e-5
9.76940487099329e-7
6.509580324879448e-5
1.34003162466779e-6
5.226795335956189e-8
2.4571727183169176e-8
1.3141020133117874e-6
6.7954558800928505e-6
4.294666994566451e-6
0.000163994126503006
2.6811814820420224e-6
1.6689465875003412e-6
4.5269691071293266e-6
2.251277640096972e-7
4.496617058640511e-8
1.2630911633437514e-7
7.095278021757356e-8
3.630776694014599e-9
2.9488656446111092e-9
7.44662374055756e-11
7.061064328802279e-9
1.4514599666606722e-7
6.576910855575086e-7
5.757384894810092e-8
3.5474283701282665e-6
3.545816351536197e-8
1.1094507480321014e-8
1.6534114178246594e-7
1.3597721727991348e-8
3.297030230235795e-10
1.9070446900576484e-9
5.261194585932856e-9
2.819743115889711e-10
5.084355412021552e-11
8.518259895209382e-13
1.8804461257819305e-10
8.193159742437812e-11
3.1200743835851433e-12
4.286198547377731e-13
1.7527484379487026e-14
2.252383885492424e-15
1.0025992337682705e-10
9.892405809963758e-11
4.447177572628862e-9
1.3558981741864054e-8
4.3731255154335e-10
1.908482792686989e-8
3.9516455744895543e-7
1.7856645336838244e-8
2.745432517766473e-6
1.5009321796095892e-8
3.1863284455271338e-9
2.044238920128825e-7
1.5227035786271302e-6
5.236196037395281e-7
5.2062946589191576e-5
3.9453195183543893e-7
8.324209724723722e-9
7.476541007582848e-7
3.312362592316154e-8
4.705627459953878e-10
3.6340870259714574e-10
2.9438507490208845e-8
9.565604087454342e-8
4.6557999038891924e-8
6.12454649543952e-6
3.792967686258748e-8
4.976219095391955e-9
9.399277384334478e-8
8.473202912271518e-9
1.3079698202641014e-9
7.380952059384753e-10
1.1688990844905185e-9
7.258532739543444e-11
1.6843303361841002e-10
2.739070633982906e-12
1.537078168759743e-10
5.9023370154692225e-9
5.097920075817444e-8
1.7876107042955296e-8
2.0404727056373537e-7
3.470886683865837e-9
9.284647397501889e-10
4.749586937496912e-9
4.7343333518701e-10
1.7814184318191007e-11
1.0888906121622375e-10
8.391102378291985e-11
5.1209331135789976e-12
4.327928557855258e-12
3.849410747589598e-14
7.495554021317825e-11
4.073005034242835e-12
1.3124916681489724e-13
3.4710580613754706e-14
1.5419544009679082e-15
7.319775985241637e-17
1.3482282178032939e-10
2.7022355641603885e-9
1.613003321065586e-8
1.1840588975680549e-9
1.8450975171209403e-8
6.115050564229301e-10
4.3560642794196816e-11
3.14590637294692e-10
2.730236684838156e-11
2.6424557629657737e-13
7.208126673159558e-13
2.9765175711737975e-12
3.1309729288417005e-13
1.926870214138536e-14
1.5560211161727295e-16
2.037948004684857e-13
8.453017937928251e-14
3.4869200936284322e-15
4.889219157680405e-16
1.063920596110404e-17
2.784670754714025e-19
2.377534023068044e-13
5.3551100163291835e-14
1.2212186039633326e-15
1.1974345008297044e-17
2.9748209493752584e-19
3.7554517351057897e-20
7.394097466820162e-22
