2.5764523276281653e-15
4.2478933884741536e-14
2.8841385055135024e-13
2.4506933283978227e-11
5.634650998110683e-12
5.941174610915593e-11
4.643362777945715e-13
2.6998931136327373e-12
1.9801967112835793e-10
1.557143704707127e-10
7.938803130492171e-10
5.986274970635553e-11
1.3570690453039574e-10
1.2119177022493839e-9
1.394922418606783e-8
1.3977708300522836e-9
2.1480232253345734e-8
1.0925066464446114e-7
2.5789634857375194e-7
2.0779151693855075e-6
1.3957549748716222e-7
4.973207467177778e-12
8.118178052048058e-11
5.575734233035728e-10
3.347861564628859e-9
3.7160414640682105e-9
2.6552405362366197e-9
2.329225697845611e-9
2.5100762917850875e-8
1.4850829032627004e-7
3.2908726511721594e-8
2.2878374842132338e-7
3.8602091512967846e-7
1.3635937548801972e-6
9.049590545231068e-6
3.874846206572716e-7
3.2762171398140963e-9
7.599418236605177e-9
1.145097292309026e-7
2.192109419745424e-6
1.0310772336088804e-7
1.507900145376495e-6
4.671519977417313e-6
1.9308379244054233e-5
9.817637717725386e-5
1.9117992847756897e-5
1.1868560242055785e-7
7.60773572519739e-7
1.1942999845762364e-5
1.62555369433644e-5
0.00022169173360903093
4.0527867629557873e-5
1.149377604334827e-6
1.0418304679545574e-5
8.916313353469095e-7
1.1202831869404995e-7
2.168317121582902e-11
3.6822185607205724e-10
5.384854066506548e-9
1.2667562159603142e-8
1.1972086986722636e-7
7.653783452226555e-9
2.0822310437789454e-8
2.786162364038114e-7
1.2697987664930175e-6
1.3044511460551745e-7
1.8588050864222094e-6
6.290847515264522e-6
3.62305751202599e-6
5.4810857603479584e-5
1.7781700822497998e-6
3.544950495447178e-8
3.3420075471590954e-7
2.4205066651616997e-6
1.5831692057741075e-5
5.352131455893698e-6
6.129771146622391e-5
6.398086978649292e-5
9.32935077588967e-5
0.000951843763403917
0.0001184119274826871
7.113731898138512e-6
2.0716562618380594e-5
0.0003455687072620079
0.00014304217450081635
0.004017140874509703
0.0002111550019847064
4.3656726932823124e-5
0.000986335240590467
4.850815529964172e-5
8.493423111934422e-7
2.507094835103986e-7
7.085213909292214e-7
3.3689050294932035e-6
7.362552930365155e-6
9.004109420657694e-7
3.8522606493872906e-5
0.00035873988660151964
6.802621833883535e-5
0.0009014819368358585
8.460443323895276e-5
5.760683252994013e-6
0.00018820767570348833
0.0011019860424736922
0.005624585490416619
0.033109485300954165
0.007502211433808765
0.0003253460810097788
0.0012379610244569233
0.00019403437661457616
3.9005351643681875e-5
1.0036242646132243e-6
1.3052343467458274e-5
5.9351657327635704e-5
5.160098809763625e-5
0.0007797342377063297
8.34949714218874e-5
6.367492016381456e-5
0.0009742390539257442
0.00012393568123199718
1.914913876343934e-5
1.8829415758761236e-6
1.1251257667490478e-5
1.8521638506895826e-6
4.02935259735122e-7
1.522391215430114e-7
8.449262147438582e-11
7.690519753911055e-10
2.561141232948778e-8
8.394604651647062e-8
1.4869848474012453e-6
1.3689783754454361e-8
9.677132689128119e-8
6.860576514702736e-7
1.0497228526936967e-5
1.8145406339175288e-6
5.257540733908156e-6
0.00014762898627053867
1.158917543196314e-5
0.0002944252331879985
1.1862991168072746e-5
7.738641446004424e-8
8.141981997003667e-7
7.893874923261753e-6
7.556447168687245e-5
1.0274451102778499e-5
6.059903308414717e-5
0.0009579988953901484
0.0003704274898961443
0.004073930381474884
0.0009778612964434531
1.336095647119346e-5
0.00033626588615414933
0.000918028976568164
0.0009841653914946689
0.043977034879590884
0.0012569290345509985
5.0645504989786655e-5
0.0008235742735529557
0.0009819563089452118
1.0093001593174268e-5
8.107256169575905e-7
8.708860816985473e-6
0.0001397228413081133
0.00028145464043153554
4.782248476738151e-5
0.0008195165612717408
0.00409926191467406
0.0007431811423034591
0.04440051234643862
0.0007396021835429692
0.0002971912254718407
0.004046630053101272
0.04557463688530081
0.03335471436171865
0.47153021804140915
0.03351294026983557
0.0038215448456772974
0.045445993879248456
0.004021972552136407
0.00022409172893998784
7.00273691674199e-5
0.0009327472049967055
0.004439283529145507
0.0007593636560475483
0.04621681036861166
0.0009781557877342043
0.0004998852757734587
0.0037933050151593003
0.0008911919814158689
8.550612176687141e-5
5.836606884323365e-5
0.0002648627637543252
5.65476746334198e-5
7.94420317198753e-6
1.6633795831988228e-6
4.4395318216370236e-7
2.173132161399633e-6
1.4463729093660801e-5
5.89755585673355e-5
2.632266313596399e-5
6.340421034328406e-5
0.0008135381241115823
6.58814300551703e-5
0.004058206290623362
5.692276952829577e-5
1.593807067602244e-5
0.0005273451541219242
0.0009618794988574419
0.0013274854014783213
0.04443787068393275
0.001109402875636757
6.362371898556634e-5
0.0008982339322306929
0.00036933677910706305
1.2499118861505247e-5
1.227112418291914e-5
8.07148048395083e-5
0.0008348617358012826
0.00033089338709219686
0.004226392629168949
0.0003420446926844756
7.787515393716129e-5
0.0010044278654778526
6.666604035646836e-5
5.1867217402776815e-6
1.493279894301889e-5
0.00013028191949752082
5.948092800323396e-6
4.0165974429211444e-7
1.0362190675874612e-7
2.8397863082718127e-6
1.2408315890456536e-5
6.608801500404925e-5
1.0478819664000956e-5
0.00028898225122986045
7.544146648279078e-6
3.942338033463495e-5
6.592297864146598e-5
1.110262851067385e-5
1.6922834443516647e-6
4.995340780534709e-6
1.0223388079925416e-5
1.1273660345108886e-6
1.3545991855844466e-7
1.3152765148305172e-8
6.121950894600491e-7
1.4652299010905005e-6
1.1792714928063054e-7
3.6755315653281565e-9
8.56364309498005e-10
5.7896514920972754e-11
6.018643218081564e-11
7.001158259016945e-10
1.2945541802239952e-7
9.115932787399533e-8
5.510445161462467e-7
3.8247855637208375e-9
6.988676506229476e-8
3.4111517516870455e-7
4.3495429839557575e-6
1.5029838829367468e-7
4.888355530922365e-6
1.8090744421172865e-5
5.128021007929244e-6
6.451530169729631e-5
2.18120738511287e-6
3.572536646209077e-8
8.959601404940898e-8
2.609305587821561e-6
5.88160566864776e-5
1.2953658516158565e-6
1.7034629929891655e-5
7.945516486273215e-5
0.00019529490306094478
0.000552906706131784
7.440967626208306e-5
5.356444806808973e-7
1.4229131685689936e-5
6.304093828059564e-5
0.00025855826699847795
0.0038433258076965605
0.0003638051104321454
7.268765773371791e-6
5.0267425266803744e-5
4.528657106222934e-5
1.1766472832633408e-6
1.5822679705117094e-7
6.638269287982473e-7
4.920994788120501e-6
1.227816577447072e-5
1.4737822642875414e-6
5.13761192382805e-5
0.00048410015996930555
8.499293384635539e-5
0.0007497342255784887
5.309245813989855e-5
1.0684653359663423e-5
0.0002625761819898138
0.0013486405436070005
0.00754540427822081
0.03447014008283245
0.006221623928201499
0.0002574011748177831
0.0010365525192263631
0.00015347859315945045
1.706677440490055e-5
1.6350518108691165e-6
1.7956423121183224e-5
7.031240510546296e-5
8.517480947515732e-5
0.0007536608955817815
7.110617542684744e-5
0.00018911872830712365
0.0003278470840857375
9.11038024438164e-5
1.8421383095429618e-5
5.6446537931542124e-6
1.0392339441677448e-5
3.641127047037209e-6
1.293642107695902e-6
2.016702525776324e-7
3.837168661578163e-7
5.758911989770682e-7
2.4730044679812058e-5
1.2670229108365911e-5
2.3221727731330704e-6
7.381823322893935e-5
8.184410155743887e-5
1.9540622781362612e-5
0.0009345523685640647
1.3168536644467184e-5
1.94335993424843e-6
3.6030584386614985e-5
0.00045827033745092494
0.00026232032775533
0.003746703853235771
0.0002001838347163198
1.432147121771223e-5
0.00030949825310680847
2.0983474503766325e-5
7.873592004613643e-7
2.6832129408947543e-6
4.0935403641308264e-5
7.302279838081493e-5
6.058804322159087e-5
0.0007826995943155361
4.2908919364784046e-5
1.5609416319858534e-5
6.465806878361168e-5
6.495846571440699e-5
1.6619762422488453e-6
3.0334340862222075e-6
5.541475819464057e-6
2.7553497098424436e-6
2.0868111634403091e-7
2.167404044672012e-8
3.6509519311851577e-6
2.601697477426649e-5
1.7158428708639546e-5
5.263611197290512e-6
0.00014799784419278515
3.4959344192226095e-6
2.232508736122738e-6
8.163963551193892e-6
2.5098086672627554e-6
1.2218731542162456e-7
3.41545737870321e-7
6.725910538810341e-7
3.1629717734749455e-7
2.917592454785373e-8
1.4008612711562715e-9
5.1414777710034446e-8
6.600146353413587e-8
1.125137413352132e-8
3.0606843594935932e-9
1.482590639744848e-10
5.702861843540197e-12
9.177918350607134e-8
3.6386343376006494e-7
4.210533265663167e-6
2.64160320792633e-6
5.274361762199859e-7
2.8642516650400614e-6
1.0819648954893728e-5
1.44883853857854e-6
6.401785245240383e-5
9.287594665959004e-7
7.443993523495496e-8
2.163810888628936e-6
1.5193015676482673e-5
1.0168637817737565e-5
0.0002868779131407741
5.6797931526416605e-6
4.886013548430626e-7
1.197906791665371e-5
4.044969839583563e-6
1.0844193724465172e-7
3.5395693768446984e-7
2.209651849983576e-6
2.504612940387541e-5
1.353035518782321e-6
4.536479081360817e-5
9.859979558176255e-7
9.648262909097813e-7
9.203972695475331e-6
4.285898842489975e-6
9.95003857209146e-8
1.0764640547471576e-7
1.4156211097685984e-6
1.3327456626825673e-7
3.644174677427098e-8
1.6887578746424611e-9
3.8879255254032816e-7
5.678797184309963e-7
2.299526169761802e-6
4.08723524425085e-7
8.067940564170632e-6
5.893306904006563e-7
6.849932940126371e-8
8.484959871984109e-7
3.100058164441824e-7
1.1067452047526988e-8
6.416118354604694e-8
8.696860316026961e-8
2.8873438252027898e-8
3.876843441511662e-9
1.9634442798580032e-10
1.4573968802000505e-7
2.911629980552651e-8
6.473022075060305e-9
6.683109245350943e-10
2.1421578473797733e-10
1.7549805772084378e-11
1.1896009772926517e-7
2.8784212223277787e-7
6.718275882447234e-7
1.687423021691315e-7
9.360170848575538e-7
3.6499577432534146e-7
3.5697016165355374e-8
8.296472739221394e-8
4.585765559376491e-8
3.762120851180856e-9
3.912197328916005e-9
1.517379990437224e-8
9.545453252072776e-9
3.1215277500811933e-9
7.083901411363912e-11
7.400848802593045e-10
1.0976321072794614e-9
4.679399594023537e-10
9.666202803878094e-11
3.163207842279702e-12
2.1587630029671338e-13
5.129153057236579e-11
8.998316871261739e-11
1.923761796335827e-11
4.306015450092101e-12
4.404791911430379e-13
3.4675664572400674e-14
3.1818843438798277e-15
