9.642851660090642e-19
1.0013186404792836e-17
4.803393075346269e-17
2.1379325971942443e-14
9.279849440511412e-14
8.712346103040266e-13
6.775441333550868e-16
1.0540544518278692e-15
7.428724466697124e-13
2.526777633922449e-13
8.146537121130687e-12
3.992601930974078e-15
4.690672443752112e-13
4.862726853710498e-12
2.50385898120504e-11
4.9115194859237776e-11
7.681486917715887e-10
8.166851038125299e-10
4.313903163370214e-9
4.617800121550398e-8
2.76396880216471e-9
1.2887550568637467e-14
6.638191729374937e-15
5.268148088049838e-13
2.5823572931324137e-12
2.2177784355734268e-11
3.770257589108489e-13
2.2834349238755435e-11
1.4187902776665247e-10
8.958635546556535e-10
2.3893292364654283e-9
6.658548053998858e-9
1.699464293866374e-8
2.6071718482183004e-8
3.8980738708291803e-7
1.934238564797407e-8
1.5637837061857612e-11
1.4135339862822506e-10
2.0108728355898195e-9
1.2196249880231885e-8
9.167091132121214e-9
8.566893571977873e-8
2.672013026807834e-7
4.509229865757781e-6
9.710948392955085e-6
1.272432748919496e-6
2.5459777617370304e-9
1.0168207643861065e-7
1.61296173850536e-6
7.114219741261429e-6
7.603704850534658e-5
9.846747714011597e-6
1.365028928895791e-7
2.2197868940921746e-6
8.595766931091296e-8
9.728930579617907e-9
4.891126541659702e-13
3.7073387834147403e-13
4.0716854198382716e-12
3.841889977608724e-11
1.5115517510478386e-9
4.547913671669164e-12
8.411660316744189e-11
1.8048213419954605e-9
2.456535559873246e-8
6.311194959710306e-10
2.0932951578668234e-8
5.601204795930292e-7
1.715421713190384e-7
8.039867903414796e-6
1.9692883654945473e-7
3.175631300289622e-10
1.1581249529850936e-8
1.325300765318361e-7
2.800242660108936e-7
4.606004326299135e-8
1.4414905786134888e-6
9.271637935582408e-6
8.110039264601961e-6
0.0002707395036613924
2.45502803258076e-5
1.0824812333175906e-7
3.393077739270058e-6
0.00010622142773579439
4.9465447010500855e-5
0.0023335527889268566
5.70991610770654e-5
6.114639296649128e-6
0.0004748461440830238
6.66791447781585e-6
7.455859687329052e-8
4.365215925751704e-9
1.0892728356531596e-8
1.4899290444107892e-7
1.7164503271759204e-6
6.402352059882414e-8
5.8491952725929625e-6
0.00012635204700158772
2.711013024045094e-5
0.0003467315193325034
2.5918962278607988e-5
7.918393349612104e-7
7.925976567588091e-5
0.0004933168166161662
0.005066380029879203
0.028749267281676136
0.00516454161274065
0.00010635368459737578
0.0005191156789798244
5.8683696154322096e-5
8.675837707109473e-6
4.052232811504634e-8
1.5314802654269323e-6
1.2047932716718371e-5
1.9352882507923317e-5
0.0002974985583992815
2.527070333486108e-5
2.0707968954786473e-5
0.0003826477547662892
2.3887468552306827e-5
1.5490864489649447e-6
2.0063205187671234e-7
2.0836747527043045e-6
2.3673153505927353e-7
1.860969152454805e-8
1.9809006947933822e-9
5.536047635907364e-12
1.3132803555668062e-11
2.2222620531371725e-11
6.483124254901037e-10
4.6066192080373843e-8
1.86512087948911e-11
8.144164824645528e-10
1.8583152526770763e-8
7.364736496867749e-7
1.2231760364091449e-8
3.125594539166978e-7
2.455309805664012e-5
1.8157909266388252e-6
8.963998858051104e-5
2.470106289928471e-6
9.019864694559991e-10
1.8638507336054787e-8
5.038268169368498e-7
8.175876009302633e-6
2.646341940875667e-7
1.0880626218076264e-5
0.0002385199141647576
0.00012906323235349287
0.00266260588467988
0.0004805994271337988
2.101068725268812e-6
0.00014482517264687716
0.0003998959492599391
0.0004530921264239178
0.03793280452967569
0.000516984197247484
1.0292347643816179e-5
0.000370264441306121
0.00034460699907549016
1.9068130375046466e-6
2.6739124220960964e-8
3.724202119596181e-7
1.68608314662708e-5
7.739534414473013e-5
6.790123495929101e-6
0.00020951745970999416
0.002108499447966673
0.00033657118103704194
0.0374314175530744
0.00032078922173866344
8.477636013690572e-5
0.0023760247063949586
0.03678709447683971
0.028466331274190355
0.5998457005625787
0.028498437631394393
0.001571671630980668
0.03782300815649366
0.0028072915725145297
7.78433272409319e-5
5.799470346950199e-6
0.00017713791953706938
0.0016814813823818615
0.00032400089364095585
0.03510585252469411
0.0003439609200053494
0.00016487419954529123
0.002487300218772987
0.00031312831184369456
1.0751293436053431e-5
6.085616967923126e-6
8.96910791666194e-5
1.57301325438925e-5
4.869704993824633e-7
3.220824693763301e-8
1.1561349000840467e-8
2.219589265723901e-7
9.719295513140029e-7
6.475151128252803e-6
2.3066907934693038e-7
1.6194825498536723e-5
0.0002574182638597198
1.2846890956541647e-5
0.0018104545713690636
1.2573137050675587e-5
3.959174912723131e-6
0.0004834435758205752
0.00036648264416372546
0.0005345864381538981
0.036111210945357075
0.00048039699356919546
1.231438031044987e-5
0.00040227271068526803
0.00013381992890163346
1.707898510784687e-6
1.0717086118148055e-6
3.5578676677683895e-5
0.00021237625594406918
0.00042534460477899416
0.002390201456982354
0.00014545417733410898
1.667736114137996e-5
0.00027982868083376006
1.1656500385828396e-5
2.5692091636058154e-7
1.0852061571051462e-6
2.3822059768622766e-5
5.934430999908919e-7
1.737374650423148e-8
5.856570361100181e-10
5.271871356660971e-8
1.3528931153051956e-6
5.802364221681241e-6
3.779271330911435e-6
8.18983014675481e-5
1.7666357505557184e-6
2.1057040209786837e-7
1.109442223108491e-5
3.23851644912855e-7
1.7839157320835363e-8
5.57035717684639e-7
6.139412934947609e-7
2.3471468210967187e-8
9.577865176904878e-10
2.063225798827593e-11
1.8286999003388784e-8
4.0084964033434633e-8
1.308782344026641e-9
2.245916782607947e-11
9.493367278774802e-12
9.436965124854891e-13
1.2973495222746829e-12
1.6843572362718847e-12
6.36402860879829e-11
4.732360931402223e-10
2.589980801926305e-8
8.801116191988967e-12
2.4927008206910783e-10
1.872832258525053e-8
8.483901585722339e-7
9.890149373269627e-10
1.239061928999613e-7
1.186294492833028e-6
6.437720706563831e-7
6.864728709084098e-6
1.8892266934134808e-7
3.024280548864245e-10
1.1594389266296856e-8
3.572770303698923e-8
2.0794067328766083e-7
1.3109328696773275e-8
1.8497245114876878e-6
1.4806753895115198e-5
6.27102593845383e-5
0.00016881534300466536
1.927960152016134e-5
2.7335497307100695e-8
2.3356773113741174e-6
1.2387658184993832e-5
7.416721119927088e-5
0.001587102069064954
9.028475390295419e-5
9.61647794294757e-7
1.1354776465819052e-5
5.439610002416792e-6
1.134827698827395e-7
6.885606804999744e-9
2.210457959898044e-7
3.849065002874843e-7
3.3256792349567293e-6
1.1532066259383812e-7
1.0645679432243139e-5
0.00034696118334925956
2.51860136728248e-5
0.0003295600824672638
1.927372617150671e-5
1.165945486909684e-6
8.402296736645196e-5
0.00052458180800709
0.0049206198936894065
0.02882660619441523
0.004448588540560806
7.828577042831884e-5
0.0004649077446013247
5.070227720553985e-5
6.212758444860369e-6
6.210482407159616e-8
4.577866481096557e-6
1.2644022192596046e-5
2.3678280940156324e-5
0.00037188128249007404
2.7073166965422536e-5
3.338578922590182e-5
0.00013703126994304876
9.76838186517873e-6
2.7850098012220254e-6
5.525334538515372e-7
1.760750877210998e-6
2.5531990627170553e-7
2.3160455128681268e-8
3.035290077306175e-9
6.934667530291111e-9
1.3209232285808743e-7
3.230103059875371e-6
9.6832727217924e-7
2.640717028365013e-6
0.00012871102717438473
3.538669097679446e-5
6.136574167974735e-6
0.00022659085810459808
1.7786933609136104e-6
1.0268187897848914e-6
1.3335094980109796e-5
0.0005662109281713829
8.821116585140497e-5
0.0025459081828363957
7.566269847843502e-5
2.4378033654129036e-6
0.00012470957577757303
3.4530750043981122e-6
9.49709924732943e-8
4.206455782964281e-7
8.10945116460169e-5
1.7910350149911595e-5
1.1222710636540018e-5
0.0003328179569173062
5.818799234016067e-6
1.6636563505459099e-6
1.0921913992026079e-5
1.4959868041042115e-6
7.748155418859267e-8
1.5075931910671728e-7
3.2013054700499466e-7
2.0513242495265608e-8
5.911464330413032e-9
5.061362647687902e-10
6.1933699948258e-8
1.926844147689035e-6
1.3124397279209943e-6
3.456716631909257e-7
1.8716461898067397e-5
1.411497907215074e-7
2.755400950016373e-8
5.147849121909983e-7
1.0548499766988154e-7
2.056750153470354e-9
1.2606324984669976e-8
1.9955486115493272e-8
1.7248846538331688e-9
1.4213964908200789e-10
4.024084730362749e-12
4.3309194018008317e-10
6.605375803690704e-10
3.952502636968452e-11
2.3654349789577906e-12
2.298028737210605e-13
7.097635310208563e-14
1.463338419093367e-9
4.599132235556962e-9
1.3681790517083921e-7
4.2936714651798746e-8
2.7060909525619503e-8
5.994984638371189e-7
9.313398556836793e-7
6.90713182045601e-8
5.607216028573398e-6
4.0391107545965964e-8
1.29953238787364e-8
8.130124951803763e-7
4.315326715887639e-6
1.212657964574828e-6
8.15587454785307e-5
7.926022950104254e-7
2.5826852342133458e-8
1.7574747920542782e-6
1.29042699847222e-7
2.4284078401295466e-9
2.102303026657303e-8
1.6557661541726284e-6
2.4848068479138855e-7
1.639438833993158e-7
1.4717689198301975e-5
9.55128493341205e-8
1.3112502677739728e-8
3.2175676917671105e-7
5.645792598130887e-8
8.291028322057086e-9
9.609029764578494e-10
1.4637464511064399e-8
6.656629285844748e-10
2.4740128352486465e-9
4.117791707728109e-11
4.239248704008804e-9
9.508989765793744e-8
1.8469693244348088e-7
1.5504624287692943e-7
4.526631170905162e-7
1.3656206435076704e-8
9.274529362996467e-9
2.5032702362155416e-8
7.473413542057116e-9
1.1526495431601793e-10
2.3186749571563676e-10
1.0297492541970545e-9
7.147884874684355e-11
2.6687882907146675e-11
4.186186823795064e-13
7.808122927869068e-11
3.341668724179943e-11
4.114752108147946e-12
5.596205858119056e-13
9.90011623873644e-13
2.792133846492852e-14
1.7785847992806088e-9
5.5313864647518174e-9
1.3297528598204923e-8
8.902173043462346e-9
3.603936096075996e-8
6.095386953368655e-9
5.032558657470373e-10
1.187576126130912e-9
3.2062117640356563e-10
2.3290284896054566e-11
1.042369701972213e-11
2.3522059349777774e-11
4.660021585875408e-12
4.775525250766211e-13
4.504833344066671e-15
1.5579838263991067e-12
1.1260249833279624e-11
3.007631704348735e-13
6.778546753997659e-15
1.3245979125281502e-15
6.032522800138094e-17
2.468559340364387e-13
9.117829100783048e-13
4.860435030104536e-14
4.548782613199268e-15
5.361105526102691e-16
9.049150947208968e-18
6.244187345748776e-19
