1.7341640500173557e-10
2.249540298189115e-9
4.731857263219219e-9
3.4197074856527373e-7
5.0659071304874524e-8
3.3015740417214303e-7
7.074335261716481e-8
6.949246124306994e-8
8.412970912707413e-6
7.783289213774441e-7
1.4712208193074935e-6
3.7246022307065796e-7
1.2060637600444172e-6
9.702967725650794e-7
1.9522953246188304e-5
5.043175489940877e-6
1.1387314534438323e-5
0.00010529600897911136
1.0036340057998827e-6
3.334591878878235e-5
4.792071489275733e-6
4.436623349504638e-7
2.359837343340201e-7
7.87708578837015e-6
9.244543745490428e-6
5.719919429744847e-6
3.893343549437019e-6
7.0413879455604654e-6
7.902681767763482e-6
3.0018850566959824e-5
1.181332062956292e-5
2.9280492928437404e-5
4.42949601141169e-5
1.537713624720411e-5
0.0001834422115014379
1.2624283012816046e-5
1.0705062096677679e-5
3.8650108553779075e-6
2.5076290520887744e-5
4.6712501385791456e-5
1.4133523784684094e-5
6.297132669315951e-5
0.0001996564979450328
0.0002258062316683029
0.000574697375725633
0.0001662855765253804
2.5459242250469167e-5
6.586382601046392e-5
0.00018661537579069975
0.00021441058056498105
0.0025317496815343583
0.0008680690072585235
3.316617572806354e-5
8.395248668242334e-5
3.135044601121041e-5
1.2933758276501867e-5
6.554074735452425e-7
1.009471965527145e-6
1.0756300552109057e-5
3.22708551891433e-5
1.968163137563699e-5
6.626554388740521e-6
1.556514415467466e-5
9.573682087307304e-5
4.5211209493704595e-5
4.7119333633310975e-5
0.0001351501576232949
0.00024312394212721092
8.891204222748227e-5
0.00046375107393762375
3.836749534087733e-5
2.1147053396858603e-5
3.69149527453585e-5
0.00021538372047024342
0.0002354031295159864
0.0003623006876951956
0.0009948313850982739
0.001063030464112954
0.001249331735246847
0.004306968629399414
0.00043575738638850284
0.0004162338443890925
0.0005075783318034555
0.0017709795558116049
0.00097236515483883
0.008612413158771565
0.0012758310095764306
0.0013031429104037393
0.0014671609738982313
0.00028099901918625907
3.4259450712791116e-5
1.9182026020072446e-5
2.6024141463506186e-5
0.00015281270971757475
0.0002955529190891949
5.578153213573653e-5
0.0004004246606097768
0.0010900466790192643
0.00049222383424239
0.0031182924987876387
0.0004907693461679859
0.0001690515211966012
0.0007384897557573494
0.003057561697321817
0.0060384710475243075
0.036068687195944235
0.01207514081470926
0.0022633821009568045
0.005593325092496118
0.0013220899009853669
0.0008613781405574955
0.0001031747792405358
0.00019288380208812265
0.0007456329249880811
0.00025244780053343494
0.002761908411794453
0.00047233919855942845
0.00023105561416723763
0.001329304094976124
0.00042939412728934973
0.00015693057761736437
4.715456422402621e-5
7.98082104726244e-5
3.671723437695635e-5
1.2385808550875512e-5
5.079226375775323e-6
4.501375989270546e-7
1.022859613327059e-6
1.3580751275723534e-5
5.9970799471274464e-5
1.3841694618365112e-5
6.415671392726273e-6
2.3668731435204492e-5
0.00013501568923698245
6.713701111601073e-5
8.149749143995135e-5
0.0001886894337091856
0.0007732543735544765
0.00015137407016530552
0.002117528935605979
8.527784087246299e-5
2.351943442739041e-5
4.549951675425329e-5
0.00019679458721831748
0.0004865895205671366
0.00029260250013810973
0.0009276610121742294
0.004340932053189437
0.001051424628888683
0.007006260733833168
0.001328916190580935
0.0003115439608287131
0.0011897544319640057
0.0030129792928753046
0.0026486208648471786
0.04236462787660332
0.005253992017542648
0.0006425898820440264
0.00285287264068726
0.0014324385225412105
8.512452182360242e-5
3.122412685826859e-5
9.248610303537866e-5
0.0005497255466846419
0.002097469492411572
0.0005182959141708812
0.0039320979798416564
0.006998629018174099
0.0028698641935557185
0.04312864324858674
0.002647152465464533
0.002004678579288303
0.0076421171035558465
0.03788264558170825
0.028006057571988322
0.2507980664216619
0.034668159022457165
0.008717684761874182
0.04159972989316254
0.008294437333776467
0.0025381867466904083
0.0013170738178466558
0.004159967366626675
0.011819916078937275
0.002662888071731696
0.04518141455574459
0.003038265432369601
0.0028366691733913907
0.007279116355982452
0.004518657334725674
0.0005733640992347303
0.0012861944096977166
0.0021564332402040707
0.0004662304567855902
0.00020417149490574714
3.708319896874605e-5
2.9565767875804624e-5
4.694446625153124e-5
0.0008342423596340173
0.0012927585146443633
0.00019191417596561597
0.0010216388153309942
0.003595421887135033
0.0006542021811814676
0.011892624061735076
0.0007644352787094661
0.00017190197272301495
0.0011300533814612118
0.002742552489302232
0.0038214797202228788
0.03945985464345804
0.0030080102204507815
0.0006618417981539206
0.002856452896977909
0.0015549822002581715
0.00019710643378408545
0.0002348272847395275
0.00041013644807525823
0.0034579138368939747
0.0005820466463255142
0.007221047125515039
0.0010264368884962724
0.0008704894418579855
0.0038264678758156453
0.0009879495827878745
0.0002038623121500944
0.00041040465461666785
0.0007094412355308712
0.00020475600783472845
4.2316569556329345e-5
9.065045413922904e-5
0.00034234374113213483
0.00024178745416044434
0.001314998307891174
0.00013543533397820763
0.002019818254446433
0.0003103295588718327
0.0001309437175460181
0.0004640768446510239
0.00025183376501409924
4.6875834730293276e-5
3.214732418777035e-5
6.900107303063133e-5
4.5951798321088205e-5
3.2729993917688005e-5
1.949795384012942e-5
2.6843526882091525e-5
1.4961107577361823e-5
1.968589004867351e-5
5.568449705525461e-6
1.3838473158012699e-6
3.5622204100023e-7
3.679231258951533e-7
8.194600757927681e-7
1.7273969895174034e-5
8.483494419026708e-5
2.2616592295708195e-5
3.4002834775183337e-6
2.365999349070226e-5
7.210518318829941e-5
3.0077174663884586e-5
4.419219381284049e-5
0.0002270630054775842
0.0004787862093020704
0.00012803511453256096
0.0013047060810906675
4.6039213052629125e-5
2.3371371403445735e-5
1.849689330893808e-5
0.00018395217569500908
0.0001262128501786593
9.308578396020661e-5
0.0006196288289389304
0.0009866553628795152
0.0010180618091229605
0.002681657811312764
0.00021622197878092887
7.590641932377856e-5
0.00028401962792710337
0.0006566877290244645
0.0013338582881598938
0.008559504195725844
0.002177008525652026
0.00029874874640320416
0.0006476851975094751
0.0011877862825556804
3.271593078387148e-5
3.3966959758138936e-5
2.7885176364090204e-5
0.00013570535937423232
0.00013491916891373445
6.798676621345462e-5
0.000563036588339603
0.000555254499629022
0.00040543351606420175
0.002475226226363491
0.0002480632481468891
0.00038247969205224783
0.0011489037390550467
0.0036765277174831395
0.008877097673416188
0.02804131038502822
0.0061928047458167995
0.0013116057513417945
0.0025786007382439377
0.0009745934151405016
0.00021137440764174855
0.0002032526034148919
0.0002914928869909096
0.0006621259180054147
0.00041152492689351
0.0028403149822019977
0.0004743629147652168
0.0010683719318238096
0.0011951948367174203
0.0013848031119602872
0.00023178043798917502
0.00014454535058665058
0.00016288556771272412
9.732190186182235e-5
1.564895058337733e-5
9.46957276348594e-7
3.0837089642576785e-5
3.730110986817596e-5
0.0003060979235637614
0.0002371765365706009
4.353341296196566e-5
0.0005864676217264041
0.0003924729826561387
0.0002768518688572768
0.0037971993621544677
0.0001955182656636251
0.0001780743247869624
0.0007674326408683415
0.001041586028125212
0.0011086160729565787
0.007210592576147397
0.0007301696714238853
0.0002756228818833233
0.0011543975101207592
0.0005037021300879378
7.344935421727692e-5
0.0004294448783248528
0.0005730733904634043
0.001059819587500497
0.0005831519009352829
0.003886095294750422
0.0004242426431536004
0.000602717107443579
0.0009244127613902783
0.0010228211483057248
6.496579481175554e-5
0.00020713560432702495
0.00020240353347043128
0.00012986092599523124
2.970653006209015e-5
1.0983304756998405e-5
0.00025681052197855814
0.0003376365925098932
0.0008070369248755441
0.0001425547862867291
0.0005540075617147551
0.00017293219856551222
0.00019607711528436754
0.00021038283236672522
0.00024557230099238927
2.8165161906528422e-5
7.54572728263303e-5
0.00011728877499151506
8.545373894351289e-5
7.6150967686455275e-6
8.820141729699301e-7
9.261945261652221e-5
6.840302246966681e-5
3.5072137892809285e-5
9.201654859770508e-6
7.301775576482236e-7
5.0248609594345926e-8
2.6188706193374087e-5
3.607129922281335e-5
0.000261665469222478
0.0003501008517633228
2.241421153409592e-5
0.0004478687360673939
0.00023233103213900482
0.00019223782921364216
0.0012367845993261678
0.0001059439280933071
7.503819502862656e-6
0.00017990683470176435
0.00016540460390956267
0.0003478280569386356
0.0019272153660114667
0.00016511945577118032
7.172580880308319e-5
0.000323686844975437
0.00040939271866787815
2.837774845422206e-5
2.20416970396202e-5
4.3726548268399886e-5
0.0001849299403471366
6.538389213502548e-5
0.0004903039570129575
5.037283057938178e-5
8.966968102615346e-5
0.00027243951438180806
0.0003429101301248335
1.4485746600887724e-5
4.195454551715398e-5
8.460528255344007e-5
4.7063868827488585e-5
1.1758477725168193e-5
5.323793328476933e-6
3.300137775205936e-5
3.77882760278656e-5
4.6879573521456844e-5
2.8137691477175644e-5
9.453196347357977e-5
2.813885672578055e-5
1.77480626381261e-5
4.4188567823258205e-5
3.725062351270983e-5
4.0845828077944735e-6
1.9223476727246765e-5
2.290166274463186e-5
1.537003932912432e-5
5.590246481532469e-6
1.0645618361378934e-6
1.5525792751155642e-5
1.3932084320024248e-5
1.0086486205657213e-5
7.206556062978036e-6
5.342532527500855e-6
2.5482760910020195e-7
2.5684127267683642e-5
3.0733846317782014e-5
3.531855760143408e-5
3.407658291252732e-5
3.180199789296779e-5
2.3901255549900926e-5
2.3215817383782347e-5
2.5927600441905168e-5
2.478364224466879e-5
9.747692960824102e-6
3.36419350622792e-6
6.802492365532412e-6
7.168270170182143e-6
3.838999993031356e-6
4.092942985522048e-7
8.608007977181138e-7
1.106569670207273e-6
1.2328991953408656e-6
2.460907885438886e-7
5.079768760762471e-8
4.05535875995076e-9
4.071984742672852e-7
4.976634580033326e-7
6.939962139582667e-7
7.804481051165726e-7
1.2746328598587317e-7
3.24355279684785e-9
1.6289837451063832e-10
