7.996227527592951e-23
2.2614591744754614e-21
3.421831449535457e-20
2.5584214820887095e-17
3.3779892723839083e-16
8.620772417083535e-16
1.4329551461504862e-20
1.115939069224252e-18
3.529488717832015e-16
2.7888171767024584e-15
8.743660105504037e-15
2.8508661992345957e-17
9.001412795016471e-15
1.378491376184147e-13
6.794326212525272e-13
4.363389975647098e-13
2.0933205421136715e-11
2.0961859751730818e-11
1.1094720456302163e-9
3.906660314641739e-9
2.7323202064566756e-10
5.576522449502732e-19
6.344797178640804e-17
8.268636020810507e-15
9.082068183978099e-14
6.628200082061515e-13
4.309720204865722e-15
9.700129894935848e-13
1.2596148199301763e-11
4.212212149635593e-11
3.980876126902318e-11
7.763764148451971e-10
1.664155520291863e-9
1.764952409543981e-9
8.025180638714303e-8
1.9712124818030756e-9
6.461304294039803e-14
4.999481562838313e-12
7.556829003567567e-11
8.13885672917306e-10
2.905812140328422e-10
1.4297035807560798e-8
3.274208025228149e-8
1.641447508562963e-7
1.863437816172046e-6
1.1530911103772748e-7
1.7419146845676318e-10
2.6554570419987315e-8
4.4833813936120315e-7
3.5011899495163736e-6
3.308524920359468e-5
2.9817057607959445e-6
3.56174377028661e-8
8.116443590732035e-7
1.949095852943584e-8
1.7711148610784533e-9
3.960673592431817e-17
4.773068161894609e-16
2.6682788203603008e-14
9.547538954784813e-13
7.716306856942022e-11
5.5573445853393004e-14
1.5783187513719026e-12
7.113268204394437e-11
2.0195463052425597e-9
2.748586001293434e-11
1.916427665687483e-9
7.476570890289123e-8
3.515210841932286e-8
2.6452264051605065e-6
5.386425407120919e-8
4.451343587764631e-12
1.2890556306278738e-10
2.9848745038600508e-9
6.846834616980029e-8
3.757222174935707e-9
1.0995627180852222e-7
2.5680240392009186e-6
2.059525004403756e-6
9.904491084457577e-5
6.238377979971666e-6
1.6777664140075243e-8
8.726676525702747e-7
6.144559245775788e-5
2.340899605553537e-5
0.0017069998138972814
2.354328029160986e-5
1.1490703028567687e-6
0.0001372153199549633
1.864912534061407e-6
1.991283810783784e-8
6.979562192125181e-11
2.5370774190957317e-9
1.7467617979114783e-8
4.783886566182197e-7
1.6056024914288253e-8
1.343344368199952e-6
5.5327815398385396e-5
1.5102260384174593e-5
0.00016981926235029528
9.668682074588861e-6
2.467124159408421e-7
3.39651146534099e-5
0.0002559840404955404
0.003947662323119477
0.023983343957526194
0.0031843702314890833
4.545943440906211e-5
0.0002572186262743463
2.5306537136912986e-5
3.489105089693805e-6
6.09224665310591e-9
3.916478123357205e-7
4.570405432516612e-6
9.980245281313663e-6
0.0001739434862148379
9.774226232033444e-6
7.629748912638028e-6
0.00016904610896411318
4.866071002428851e-6
1.0049023283694358e-7
4.262065741445878e-8
8.665720505017016e-7
4.0428433017453834e-8
1.4478510046017677e-9
3.8433997508169983e-10
4.8612192442424165e-15
1.3678639424098388e-14
8.063933879251314e-13
2.5812526245477343e-11
6.272801327798228e-9
6.417618730145988e-13
3.056150426171453e-11
1.589269004988012e-9
8.839368303662641e-8
5.656685216336367e-10
3.1536151352112745e-8
1.8058670032405266e-6
5.382299659050401e-7
3.9547326197662996e-5
1.1923412562392355e-6
7.825500882816581e-11
2.721878414768645e-9
7.986814714773856e-8
4.201858935531365e-6
5.346489631963558e-8
2.527798322993062e-6
0.0001035955557990397
5.764046736242036e-5
0.0018695968767978564
0.00022042366915963577
4.2353624461012114e-7
5.247288027762315e-5
0.00020518404351276166
0.00023481163182840654
0.03058791148485878
0.00026335947606733736
3.246293528707162e-6
0.00017730606724004381
0.00020462320321468368
7.701665834977184e-7
6.187020031299496e-9
1.1714924130855466e-7
1.854696199140946e-6
4.004936564199556e-5
3.447114404389313e-6
9.267012041755586e-5
0.0018147899557996762
0.0001918479856891571
0.030696363891370367
0.00017882612965279643
4.135245756345672e-5
0.0016307268089662593
0.0302083672029398
0.025101909316639852
0.6784709776350071
0.02438330695361697
0.0008721118448300508
0.029514799954149826
0.0019137040186478172
3.7653504728750006e-5
1.2700017227953985e-6
7.682162289769156e-5
0.0010876947979167626
0.00016874940287468958
0.029873943747156552
0.00017051546674347781
5.550900175942566e-5
0.0016015850443575157
9.16924092269958e-5
1.4454785576431299e-6
1.371816495487042e-6
4.2081744790214066e-5
3.1221163175092035e-6
5.800514407576966e-8
3.455850274824381e-9
2.9913227880701215e-10
6.2812152041808985e-9
7.936977975352078e-7
1.102865124273295e-6
6.01466986483896e-8
3.7822786535168715e-6
6.504497857402006e-5
3.822859162416753e-6
0.0011839024347905275
5.207785711597543e-6
1.3161623251780463e-6
0.0001315999838414779
0.00017148877814390635
0.00027321200329771
0.03291518435457186
0.00027742507374846207
4.262964792803549e-6
0.000224878165170904
8.03064370578812e-5
4.844465228181247e-7
2.3394687466312348e-7
8.200398977829613e-6
8.258663067245791e-5
0.00011940503956003145
0.0018033554181326706
6.506520135176884e-5
3.7651507845563784e-6
0.00011859960558373948
2.9584052998311225e-6
4.155589250498493e-8
2.7905129038072757e-7
1.6584496958883326e-6
8.814112508952982e-8
1.407478368497636e-9
2.2986406751577722e-11
5.430405531431675e-9
2.436146589541545e-7
1.4058708445470135e-6
1.0666981710099674e-6
3.8085255180239534e-5
4.542162245642424e-7
5.4540003816286414e-8
3.79508087344794e-6
5.756987675325734e-8
5.624533453828511e-10
5.185547649846456e-9
8.656897148194719e-8
2.197105553448753e-9
3.398713618338818e-11
8.981434984261734e-13
4.123947584636208e-10
6.923590395365113e-9
9.623883201894587e-11
7.8023831992336e-13
9.019594979246864e-15
9.99686093083626e-16
5.329313847345907e-13
7.53410163290235e-13
1.2764655218779018e-12
2.4558486069901426e-11
3.1149521525592983e-10
9.570071390890103e-13
1.9679859518133162e-11
2.1094499750684968e-10
4.250143317693109e-9
1.0469420757223576e-10
3.717506202749823e-8
9.29799010736593e-7
6.480624966892406e-8
1.141578463891647e-6
4.159688538393662e-8
1.1815047956478426e-11
5.331248954087308e-10
2.7833939596107376e-9
7.401997074522697e-8
1.7025999907316446e-9
5.725439468029449e-7
4.930795111700906e-6
8.637203982431849e-6
5.998652027163735e-5
7.953689450604573e-6
3.853048591216212e-9
5.894350581750052e-7
4.802216521462622e-6
3.3190225041078755e-5
0.0009507610040224672
4.330649376773844e-5
2.4719571623402024e-7
4.0073733802200985e-6
2.119306153803731e-6
3.391246844610423e-8
2.961382257135539e-10
1.6245460115333775e-8
4.1657649781876975e-8
1.336795989478645e-6
2.052047871331983e-8
2.267658208840893e-6
0.00018030983993840127
9.876044120336878e-6
0.0001692687721207226
9.024828277458985e-6
3.069204942973321e-7
3.263584041828801e-5
0.0002633146490302521
0.0032073885031218205
0.024205279521669933
0.003488736155945793
3.0372807587177568e-5
0.00023420021920942663
2.2749990700666305e-5
3.4250800333199404e-6
7.484191212084918e-9
4.3172093428732025e-7
4.5892457893838245e-6
1.035264311346538e-5
0.00018050731130948053
1.3673329926574341e-5
1.1640618798819057e-5
6.213256398399019e-5
2.194454883213443e-6
1.7229538266901548e-7
9.310769609328044e-8
5.192030419117979e-7
3.9344879421461324e-8
1.7844687138913643e-9
1.0033805927399138e-9
5.082254353470292e-10
1.909296192809226e-9
1.701938309247724e-7
2.1204256478960016e-7
7.689199808030707e-9
8.209812385020609e-7
9.766832074751168e-6
4.465195839219187e-7
7.377574044593431e-5
3.429485108676956e-7
7.95953627358579e-8
1.0403641987481287e-6
0.00012553321248626184
3.376483619791107e-5
0.0017170796527478792
3.055822512681527e-5
6.533929640387042e-7
5.283490831247769e-5
9.85826960454365e-7
2.5562548866959305e-8
3.6375157342456427e-8
5.482899659897868e-7
3.910517168151339e-6
2.1955220275251544e-6
0.00013419586402476266
1.4226369928776778e-6
8.952268386243208e-7
2.6598486728253695e-6
1.245627112603931e-7
1.4530415794118546e-8
6.331701002630071e-8
2.985656957667617e-8
1.902635527337646e-9
7.694041515625902e-10
2.055188809105653e-11
1.9754922360260307e-8
2.397155623520028e-7
2.3311618262599992e-7
3.378030394419881e-8
2.0124329612622075e-6
1.6335538046782883e-8
2.8452960796589907e-9
7.76531080399195e-8
2.5443584442083734e-9
6.648118762625939e-11
3.2125253512524215e-10
1.493531991208765e-9
5.999864785606613e-11
1.3614387999220033e-11
1.4749623308939798e-13
5.4426194107578903e-11
2.6208596486932918e-11
8.172506354231674e-13
8.094290435502652e-14
3.035978836119536e-15
5.047753163727269e-16
4.373321160116437e-11
9.375209856539968e-11
6.240987898409903e-9
4.829204899906899e-9
3.620475813922983e-10
2.193222223749645e-8
1.980859530722717e-7
7.880472538306015e-9
1.4114307502623664e-6
5.781441074006155e-9
2.686619955577272e-9
8.700317578282772e-8
1.1638759839596631e-6
3.2245544274655967e-7
4.434615627614649e-5
2.5147044598614036e-7
4.4635822474313506e-9
4.416610299766099e-7
2.0797113876980277e-8
1.604225521242832e-10
3.902821503165322e-10
6.468549988876397e-9
5.450946150863185e-8
2.2823142827166168e-8
3.6879745868848403e-6
1.5690948419358867e-8
2.2741920817795444e-9
5.563967659610441e-8
3.654718172304347e-9
3.102440213380018e-10
1.4871218267233897e-10
5.235316523561816e-10
2.5511569999003525e-11
5.1483529205703844e-11
4.1918815489028663e-13
9.267451071903393e-11
4.173905511422537e-9
3.2773106865366077e-9
9.133881215762732e-9
6.137296698520149e-8
1.3021520952496847e-9
4.747969044062768e-10
1.6327692181421929e-9
9.259903406563214e-11
4.965545422085302e-12
2.7567035328289796e-11
2.721555495923519e-11
1.348917664919312e-12
1.1223199187353213e-12
1.06531841656871e-14
1.8342019388990604e-12
8.645309705613157e-13
2.9040732303732094e-14
9.086813391602355e-15
3.4529073691822973e-16
1.472156924157779e-17
3.0507093696904224e-11
1.811875002792595e-9
3.7245668077856377e-10
4.41518086153403e-10
4.52568499805323e-9
9.317310311856464e-11
1.865595942317571e-11
6.604660070880419e-11
4.314268288874512e-12
4.766165586093264e-14
6.050493923301805e-13
5.931204068720059e-13
4.000303097519793e-14
3.853807977713139e-15
2.902527096960834e-17
3.0422192767320014e-13
1.07715904383878e-14
3.8263058472305136e-16
6.240390256025649e-17
1.3078544143905676e-18
3.312904544810537e-20
2.3098773357093936e-13
2.5752509051898737e-15
2.722397897134536e-17
4.824873702892067e-19
1.4908252169424924e-20
1.2985334280253669e-21
4.869020534277291e-23
