5.23490573202286e-13
1.989711107966914e-12
2.443913027939539e-11
7.967393756976231e-10
3.161165903403351e-10
9.599780406462106e-9
2.199454235915257e-11
2.0765750594390235e-10
3.003183339977706e-9
1.2701413296956547e-9
3.3097882529854894e-8
1.882045060561002e-9
1.908372497425184e-9
2.013816691485075e-8
2.435977615895089e-7
1.6386414348963127e-8
1.1067903669488056e-7
1.3391433174745366e-6
1.1409302627771229e-7
1.8443045944688702e-6
1.7645120164220803e-7
5.469109597494757e-10
4.391524777261164e-9
5.9433138654259695e-8
2.7776603914499254e-8
9.165117277975756e-8
1.0626209822241572e-7
3.7939541058554174e-8
3.6044150015999076e-7
1.6000078082268298e-6
2.874073721465979e-7
2.1646652902910078e-6
7.920564032931706e-6
3.2405201468879914e-6
2.984716314049224e-5
3.3964484235677143e-6
5.664098467048466e-7
8.03752225096265e-8
4.2897280637435455e-6
1.531163593311281e-5
5.564944220027756e-7
9.816251223250287e-6
2.3162729947757254e-5
0.00033231781725528195
0.0013320575092921505
0.0005955770391366511
1.108645099485313e-6
3.6908439345938724e-6
2.9953535178236172e-5
3.609161709195843e-5
0.0005096495471161188
0.00010447808985595522
5.4629785610724184e-6
1.6463040387080956e-5
4.753294646412091e-6
6.552926974901435e-7
6.2230200043709434e-9
2.8788295061582575e-8
5.202791127739042e-7
5.159139184679699e-7
8.650828369018525e-7
5.031153403433691e-7
4.93699744015427e-7
3.945831059431443e-6
5.4549251407087745e-6
2.266536351294225e-6
8.522570948607265e-6
8.977748033861821e-5
1.2660907723764719e-5
0.0001658390726308564
5.68357693565355e-6
1.329825353037548e-6
2.9385647643510306e-6
1.977909934483436e-5
2.9224968633323578e-5
4.9040232043520966e-5
0.00019053674046749637
0.00019224191990232226
0.0003928525185280943
0.002176179357701751
0.00037124916805162105
7.645394569534986e-5
9.453142533600454e-5
0.0008369639179291561
0.0003187620143357522
0.006076391677591268
0.0004493529421588773
8.748710520924294e-5
0.0009297534919715042
8.865024835634778e-5
5.430986060936519e-6
7.131303652596743e-7
4.3932139207310405e-6
3.9418170906818755e-5
4.467330640936905e-5
4.9692981923222065e-6
0.00011576294934054562
0.0006595159935820571
0.00012858730508175437
0.0014154249073567555
0.00015264553719901804
2.199789133672757e-5
0.0003470609217813751
0.0017614975498914459
0.005674411705642159
0.034581615026659504
0.008555792914071988
0.0008263949695095589
0.0021638996846071383
0.000467729754158209
0.00011802464538721659
7.934637998502352e-6
3.109538583320816e-5
0.00015941473600249753
9.175683173082773e-5
0.0013328151005784642
0.00015155497260979439
9.950452551575908e-5
0.0007217816668459826
0.0003269754268386818
0.000539354630538496
1.0130548442216268e-5
2.0740207816709013e-5
5.210601524511877e-6
3.498609231191769e-6
1.980735389454479e-7
6.9779213984509036e-9
8.494987513830455e-8
5.170892877637405e-7
2.092860662143495e-6
3.1453514862138305e-6
2.140029907359204e-7
2.1323150299483395e-6
6.377354981122586e-6
3.303362810546101e-5
3.917679045437796e-5
4.34142084325404e-5
0.001730771545798077
3.19199530437675e-5
0.0008719517696415439
2.0766849144357396e-5
1.4545026189549608e-6
5.969328810529171e-6
4.807060449140746e-5
0.0001967765009409161
3.040465098523366e-5
0.00020454241654160527
0.002351210621052727
0.0008149695831312139
0.006208955945558193
0.0007266761012413262
4.2140536135621345e-5
0.0007305779811643542
0.001517120372048785
0.0015382268412208718
0.045419979892697915
0.002100175222379024
0.00013355249867710414
0.0013310823313499502
0.0011115941094216179
1.8696845999277236e-5
2.316386096627377e-6
2.5113038255513928e-5
0.0008618106841571246
0.0009208971891130911
0.00013435281844423455
0.0021782870434821165
0.0065912717370785
0.0014119919167955891
0.047927375312327714
0.0013215268419504633
0.0007043131858758051
0.006278250796902653
0.04742064565527788
0.03521389733916089
0.36817882496790166
0.03567377922220534
0.0053312798771281145
0.04600105290656844
0.006601447005011593
0.0005594627708653027
0.00027715378567969647
0.0012550705499802181
0.006973083742713421
0.0013138952301796783
0.04944032013248818
0.0014324773490011018
0.0008590719438685499
0.006088517590152022
0.002109749260856887
0.0012952792288508075
0.0003947132697244081
0.0009118390700891014
0.00016614171476018338
5.1766876400933195e-5
2.955374055891325e-6
1.3046055657040239e-6
1.0790902190612487e-5
0.00016595261561150006
0.0004203219123750838
4.478635498440173e-5
0.0002655834142604434
0.0011944210840719553
0.00019166373856664042
0.0064938883794958165
0.00016626024032629773
3.793134132486508e-5
0.0006443866915441414
0.0015814133333745023
0.002177978305923817
0.0463363395982515
0.001777249138431419
0.0001723590696334012
0.0015777664777528637
0.0008839084287959064
3.25511148188658e-5
7.573038209827551e-5
0.00027509855888200777
0.001192891542565881
0.0005229904927367829
0.006618166012560509
0.0006472258506676938
0.0002706371106533283
0.00246653828550256
0.0002153417152324675
2.3248846470898544e-5
9.412947147470137e-5
0.0016949502177399534
8.886535200955909e-5
8.36915674276412e-6
1.2245117325323306e-6
2.6246728842595488e-5
6.301932555428229e-5
0.00046262437558445576
3.3186237722522504e-5
0.0010760549002020539
4.454418836524873e-5
2.0956723293049427e-5
0.00020884202366561343
2.9077640574581717e-5
1.3455184056032836e-5
1.0135953005698865e-5
3.6240891867855405e-5
5.528619452781855e-6
2.1774955089845616e-6
2.4496421729916017e-7
3.722743452820847e-6
3.2923406905885827e-6
7.336123353259529e-7
8.749230532329021e-8
3.252542715765176e-8
1.1253387506758042e-8
7.697694031936437e-8
8.85821828256029e-8
6.504142516262885e-7
2.098455988937403e-6
3.7800409089467685e-6
2.2591148091349447e-7
3.5368399955172814e-6
5.541061626955485e-6
1.0423810831103341e-5
1.2779785448211982e-6
1.8817610088448253e-5
0.00010470432982768017
2.2027610925669287e-5
0.0003675455430525511
9.744239458601394e-6
2.866797004088636e-6
2.362897506108264e-6
7.855197262678982e-6
2.1016321478546156e-5
3.6306877883708856e-6
5.647695321279491e-5
0.0002796721870965259
0.000275459062992149
0.0009528999343912234
9.477872572574807e-5
3.581921045192727e-6
5.299141766981609e-5
0.000170374427493632
0.000540132229670235
0.005243218120309315
0.0008522558595497818
2.901775862078868e-5
0.00013291801438340163
0.00010336727862697163
6.0482509178897555e-6
1.1730109440759506e-6
4.661167386916082e-6
3.856527764317075e-5
3.435055505926561e-5
6.871211241923471e-6
0.00017140205261367364
0.0005871602670635054
0.00017308749071014726
0.0012832159357047692
9.014216867600347e-5
4.6045293396912285e-5
0.0005553772204205788
0.0022060781172278145
0.00949095967970314
0.03510972274355275
0.005977936191649652
0.0005374600218830485
0.0016008189848575715
0.0003281334864650253
3.654677804102496e-5
1.5104491217949929e-5
8.364805125882731e-5
0.00018480201744974005
0.00018239234427042112
0.0014236823842332096
0.00013022082600460102
0.00024710675730299915
0.0007716598014765874
0.00039224004498931677
0.0003060882485012895
2.1321556024634028e-5
3.246574094820728e-5
1.2002157594467047e-5
3.2324927916270303e-6
1.2325381898918652e-7
1.2116694955142618e-6
4.583389651668084e-6
0.0003174021801728084
7.051192458323041e-5
6.52049500606666e-6
0.0005066124900181657
0.0002803027719142626
7.870936264127521e-5
0.0012651063939917533
3.0070061446887555e-5
1.1015409956832647e-5
0.00040174344752923354
0.0005921407554928268
0.0005507196538095095
0.0061461124745401325
0.00036386335878408526
4.974286430820531e-5
0.00061070414051415
9.477071579510634e-5
3.6694195143429766e-6
3.108604450184832e-5
0.000502831740273081
0.00030690560137747164
0.00017754599631499568
0.0019888346128175776
0.0001179553988953894
5.812358771759954e-5
0.0001895823936831865
0.00021744196422276787
9.937090967116889e-6
1.931495593930971e-5
4.173610392464667e-5
8.816382055694292e-6
1.9852226347775765e-6
1.0897618625016747e-7
1.5672888111629324e-5
0.0003476159562778925
0.00023107922213299822
4.0021418583765585e-5
0.0008314170080206503
3.903337990367079e-5
7.507199731912864e-6
4.411807812423191e-5
2.1553237061719672e-5
3.355930403932627e-6
5.4729364103525e-6
7.355046077159921e-6
3.775799309258986e-6
3.306081099038889e-7
1.9253352310783754e-8
2.3928746405226514e-6
2.14769328564183e-6
5.626287917820296e-7
3.0429526359301175e-8
1.294153261762649e-9
3.5681302807319245e-10
7.849309063533931e-7
1.2415605945775082e-6
1.4869657808643117e-5
3.43708239852847e-5
6.342867236437314e-7
2.9520373758373764e-5
0.00011509405160744792
1.582429098790869e-5
0.0002888045414132187
8.142214002259247e-6
5.223808709569622e-7
1.0645521713251663e-5
3.960897348503102e-5
4.591432616423015e-5
0.0007474034555569256
2.3418989174297524e-5
3.6174988892025546e-6
4.592085052776478e-5
6.193971027693069e-5
1.0909664120252633e-6
6.277860577794365e-7
6.371868825669551e-6
3.693004653437283e-5
7.465125895271385e-6
0.00013127828400850275
4.629374673941227e-6
3.4219007646569554e-6
2.9593432359036295e-5
4.891883003663873e-5
5.718622334418396e-7
1.2069390054406396e-6
3.192211865596439e-5
1.9405237203105006e-6
2.6959243553872636e-7
1.5623254793039003e-8
1.073045581559679e-6
4.272041381402651e-6
9.316989222667395e-6
5.970728680596238e-6
2.274941263102978e-5
4.137118189332007e-6
3.1824645004101486e-6
4.866153617886827e-6
2.8612502578006896e-6
7.576717341102489e-8
4.959939444673535e-6
2.1039642181165523e-6
4.585634275770771e-7
3.765990771253652e-8
2.2993309908756437e-9
8.495028128278082e-7
5.979820158818035e-7
4.57574779249384e-7
4.9626963744764495e-8
2.8537708620988445e-9
1.3797192140349435e-9
7.083190912610804e-7
1.1246548283715616e-6
1.2306614430360801e-6
1.786728293312251e-6
2.098834767453543e-6
6.924544832530563e-7
4.375048887096345e-6
1.3923815539061286e-6
1.26038574519354e-6
5.812052045648942e-7
3.2107281136993347e-7
1.769354323764239e-7
6.79469924290511e-7
8.922852754372157e-8
1.4986014384693759e-9
8.108342201671878e-8
7.427790053559115e-8
3.140620296626706e-8
5.175772693512773e-9
1.9553113945666373e-10
2.475325306269975e-11
7.151905910631654e-8
7.0478879489978785e-9
5.624301329436324e-9
4.930337694711654e-10
2.3131024629381312e-11
1.930398999110945e-12
5.831156716463851e-13
