8.05474351473813e-14
9.269903258683184e-13
5.0033056919160616e-12
9.842849538493763e-11
2.358911882621651e-11
2.757825927254101e-10
9.956424519493058e-12
7.25339030512666e-11
4.572830569585028e-9
3.4866064522060053e-10
1.6171103158016537e-9
1.8868486197664837e-10
1.376423470635705e-9
7.039578160452779e-9
7.50009911557626e-8
5.376668494901611e-9
3.866885660705847e-8
4.526092880783454e-7
2.737101420845091e-7
3.0846443401222294e-6
1.970260024840661e-7
1.0103725602650691e-10
6.093790816868969e-10
5.8956513107708634e-8
1.5346033536435023e-8
2.1268150795243706e-8
1.0706994639327875e-8
3.1438886525470876e-8
4.769808029161072e-7
9.448841876320983e-7
1.0428753455575705e-7
8.765050826511749e-7
3.1770840864053295e-6
3.500182075818989e-6
1.9012883534042244e-5
1.312044465230389e-6
3.765518424682496e-8
4.685168823628705e-8
1.1026651913608378e-6
2.289139636937018e-5
3.787032165255591e-7
4.1209479848475736e-6
1.2252886410554409e-5
7.758095213656519e-5
0.0002627176841550618
9.914355243006942e-5
6.217768755226781e-7
1.6852536867104914e-6
1.9677751763505056e-5
2.3966867867941734e-5
0.00031903295062244493
6.909857031051383e-5
2.2558066951433242e-6
1.0984917003521176e-5
1.6109755870444648e-6
3.2100593046792106e-7
1.882185248612108e-9
3.0217633291592485e-9
4.2690161568858025e-8
2.0348175885132785e-7
2.790251795561917e-7
6.594106621489814e-8
1.0538564000518648e-7
7.277988507832924e-6
1.8279548082048897e-6
1.1123339723406914e-6
3.944850645355099e-6
2.9895035864837932e-5
7.971000840102594e-6
8.982625840477854e-5
2.7882635764588937e-6
1.124518591360044e-7
1.2397350880233944e-6
1.1377960363522974e-5
1.1644968686304653e-5
2.4411031005189837e-5
0.00025118910361662783
0.00012841847112827324
0.0002441996598442832
0.001328640918702228
0.00014105604757706154
6.256963464812957e-5
5.279822334758553e-5
0.0005217504319996564
0.00021143069754262186
0.0049058529607148085
0.0002946084056561731
5.3731280216478565e-5
0.0008446025849240751
5.620877169066153e-5
1.5803194340240643e-6
4.6124026640600653e-7
2.154198479711721e-6
1.8377322171403667e-5
1.4575313544647008e-5
2.3670590315495193e-6
6.87718442284093e-5
0.00047935820018846285
9.832016885618473e-5
0.0012019208136960302
0.00013732291187399268
1.2267865975914839e-5
0.0002788811357737923
0.0015676358315661987
0.006216786391603646
0.037817785187821515
0.009503965289153432
0.0005455289043998881
0.0016979440737424592
0.0002931772517068177
7.020446896052048e-5
2.7732258089341228e-6
1.4923326543676555e-5
0.00010576096539792217
7.404967826691764e-5
0.001029081201202068
0.00013632002419078083
7.001140779887193e-5
0.000649116680222781
0.00015551423358714167
0.00010155996401781438
4.4319009953192e-6
1.2717244348053366e-5
3.040634393876345e-6
1.2321864486542557e-6
1.8363563033409576e-7
7.895433171835635e-9
4.670055414945976e-9
1.1157837913744435e-7
3.684033684651008e-7
3.291799386763149e-6
5.057850151816531e-8
1.1625163289049285e-6
6.054090428573364e-6
2.3511298573696107e-5
3.47889816285476e-5
1.3502533449478691e-5
0.0006660790024458228
1.8649855929573654e-5
0.0004923027871203767
1.2517506581710886e-5
2.3610816180109328e-7
1.7038137325824139e-6
3.7303666548691504e-5
0.0001079138739250568
1.2564033232795712e-5
0.00011054461502744457
0.0016838365098510329
0.0004419933970481554
0.004521886005862166
0.0006052331681423081
2.2317070640808497e-5
0.0004867944416616799
0.0012583409368143934
0.001285220303650389
0.04562764490302337
0.001643598039253839
8.745924284480017e-5
0.0011630793890138
0.0009084797151480838
1.1150512678326531e-5
1.7288787667040692e-6
1.5612437900649327e-5
0.0008602022794473065
0.0005555087260147553
9.174929370090492e-5
0.0017183564206317017
0.00525458682265161
0.0011972734457650041
0.04813789588727909
0.0010801069406462071
0.00048025232364827286
0.005233051577196757
0.048165622532190575
0.035306048915771326
0.4147168324558288
0.0373455353235964
0.004422222658372756
0.04736913142921888
0.004838993738776165
0.00033599322762899164
0.0001370970030245545
0.0007801218715573641
0.005212788582476651
0.0009737230479305684
0.04633792292104515
0.0012984014851895936
0.0005711021765858926
0.004569137921342181
0.0012868280512889684
0.0002811858552929122
0.00018893370847290997
0.0005535847987328992
0.00010157057923695788
1.6708673029940593e-5
3.158537779706513e-6
9.236628347058844e-7
3.883446181555416e-6
4.744678325084499e-5
0.00018256937241031577
1.031840617803867e-5
0.0001332252252572096
0.0008603917774504634
0.00011697292184909968
0.005281720785069203
0.00010380397966941408
1.9250925095718386e-5
0.0004626630205922164
0.0011189336114540269
0.0017819470070024102
0.046154850365778106
0.0015007217934378387
0.00010961793249513221
0.0013183380885626083
0.0005082254323337488
1.9306790898161058e-5
4.1894330038376845e-5
0.000140115962142242
0.0008525112396219501
0.0005648921833745152
0.005148164064503374
0.0004482355856193832
0.0001904265773499682
0.0017613643522418317
0.00013158643994621666
1.2098039825560311e-5
5.2704357849908196e-5
0.0006471716549259832
3.016802154619885e-5
3.4436914107127906e-6
4.302652513716706e-7
1.414999843791009e-5
3.348449867999765e-5
0.0001990762243112903
2.257708506009516e-5
0.0005896984912334014
1.4631465416539683e-5
2.8258767013931714e-5
0.00011441277912170518
1.2086830619961125e-5
2.3422480761425936e-5
4.314109176579373e-6
2.1256113403043776e-5
1.889040508526218e-6
9.185336683191724e-7
6.696337389801522e-8
1.2125820230178565e-6
2.8599686749051396e-6
2.643237434962858e-7
2.134608185785151e-8
1.629783243101914e-9
2.3201948628216745e-10
7.2769872906025935e-9
4.231151090378271e-9
5.483849436409329e-7
2.5106412368458473e-7
1.4425690025437807e-6
2.0589233698862812e-8
1.3431550743916121e-6
2.9793769321728485e-6
4.391279048152044e-6
7.10107067186186e-7
9.409062676302017e-6
7.296975699275334e-5
1.2601152499800792e-5
0.00015578672183405012
4.386816494012647e-6
1.3692206476517063e-7
6.633347844131948e-7
7.4946106558046334e-6
3.6790758500432404e-5
2.0605829216703114e-6
4.089217808862123e-5
0.0001991764383802452
0.0002438226313784263
0.0006041752809561808
7.090645680647766e-5
1.3453667555663807e-6
3.035560524247175e-5
0.00010919184048422511
0.0003881068732661259
0.004366395786112027
0.0005228977427660735
1.6026792929695498e-5
8.767420442020444e-5
5.2671848447246824e-5
2.2335952603126867e-6
3.380724090413311e-7
1.4125400744032984e-6
3.0256558787794125e-5
1.9101873630493267e-5
3.2502712096182473e-6
9.49102494018607e-5
0.0004382824386557986
0.00011555828762417195
0.000984625098921175
7.093539681363574e-5
2.2919052123223633e-5
0.0003840073858016234
0.001790781407481874
0.00819668088071648
0.03361473876221994
0.005780258366359389
0.00038643349606661285
0.0013073336921470263
0.00020905824220769913
2.3410135420874104e-5
5.056640173115203e-6
3.27025439663885e-5
0.00011076413326061698
0.00011241214682266212
0.0010886139740887409
9.917640483566015e-5
0.00021297650997982012
0.0004141823745565292
0.00020686151410159495
7.649911926395277e-5
1.1610711446127704e-5
1.869286491657079e-5
7.796109988543275e-6
3.049084410833484e-6
2.461585372370689e-7
9.847342870575276e-7
2.6625399133002234e-6
0.00015859722829228374
2.93402176675125e-5
5.999997170989406e-6
0.0002271815080218233
0.00013174274764778687
3.075250614534811e-5
0.0010138326901818488
2.390584949382688e-5
1.0011206576418868e-5
0.00018902900045983986
0.0006436581738932886
0.0003800366885015584
0.004527023675356365
0.00026560170823562186
2.7723762491463756e-5
0.0004363951247112677
4.908897517382084e-5
1.6919488942860928e-6
2.026371383549071e-5
0.0002629909626539243
0.00015691373900735976
0.00010315042151305512
0.0014790955331191315
6.710215219009615e-5
4.622677364256742e-5
0.0001075865304712484
0.00017451443799995395
4.110269845520991e-6
1.2258636475884379e-5
1.539418961345096e-5
3.4173252481369546e-6
9.025155371530709e-7
4.63540333115708e-8
1.265855085786823e-5
0.00013343134790452663
6.856328204805017e-5
2.8994803340126663e-5
0.000865472330185296
1.9693660386457588e-5
6.356005417126914e-6
3.764085382426465e-5
1.1706226166372796e-5
1.1579044334703723e-6
3.5072271371639967e-6
6.243358925365388e-6
5.39927156970826e-6
3.7187464985831234e-7
6.518123646884686e-9
2.0814138033882537e-7
3.6096376349741614e-7
1.5212244487015153e-7
1.0971553977113718e-8
2.9214431063879463e-10
2.117299484768199e-11
5.130113486908398e-7
7.237518042123036e-7
1.0935047681857616e-5
1.1236876330586124e-5
2.9605680680291987e-7
1.8382078611070864e-5
2.2501334683136518e-5
4.981360537828344e-6
0.00014605710171262376
3.24096234358467e-6
1.5582368688576695e-7
1.0117125517270222e-5
2.2416317450444387e-5
2.309107586425264e-5
0.0004638604614024103
1.2051840981892537e-5
1.3281623275950337e-6
2.1223814493051644e-5
4.18034277518948e-5
5.043608536123874e-7
3.250150903486632e-7
6.8887659648379585e-6
1.1452098287226136e-5
3.3282448886286487e-6
8.785630089977169e-5
2.231124902794642e-6
2.1146049811323512e-6
1.3313920192193983e-5
1.909606609025609e-5
3.434788095817077e-7
7.429764593809327e-7
4.099847473621868e-5
1.239169689651017e-6
1.0594265007121011e-7
5.229858926475172e-9
7.366599781295453e-7
2.629362318855472e-6
4.423209859749639e-6
1.773813354117724e-6
1.5559954824160785e-5
2.22577926009719e-6
5.799904346910419e-7
1.7265257873064156e-6
1.043766545079523e-6
4.6992084566308145e-8
1.081848261676217e-6
1.3482163105069119e-6
9.483063750747138e-8
2.5387454087745328e-8
1.3085158763202368e-9
4.85003512554417e-7
1.0375933252212061e-7
4.5630768037638106e-8
4.490288585306459e-8
4.653987921770377e-9
1.3915311573946232e-10
5.599072435712898e-7
1.1848710680251081e-6
1.0476592209335091e-6
4.3108031114184576e-7
1.8413512647018755e-6
4.5293903986896945e-7
2.1896667595692855e-7
2.547264926599185e-7
1.2116831214335462e-7
3.5909498672753464e-8
2.2435136573730457e-8
4.864435762253799e-8
4.7907749662085266e-8
8.646292174980732e-9
1.526203233705431e-10
3.770287944365067e-9
4.43366437483853e-9
2.503566121134078e-9
5.022555230819285e-10
6.331805855025662e-11
4.663172301718796e-12
6.049745613109925e-9
6.420057308698152e-9
1.7346700636257918e-9
9.354847792895036e-11
1.4724095537357885e-11
1.2226351156221602e-12
9.684633644751736e-14
