6.431958220503595e-17
8.748380032291528e-16
3.224633608845704e-15
6.456091933876579e-13
5.449476492849716e-13
7.112105673947803e-12
1.2041830344817302e-14
1.0533494416259926e-13
2.847736245599955e-11
5.532306542495058e-12
9.09171934390163e-11
3.675149249022047e-13
4.199966857470533e-11
3.2942495160939467e-10
1.5527248506101101e-9
2.02081545160948e-10
6.231227459270245e-9
1.0531434017756351e-8
2.9672303225538325e-7
1.3948125243900405e-6
1.7561978704815398e-7
8.388259593728655e-14
1.7936051619704256e-12
2.1132056369409055e-11
3.199226168424202e-10
2.2903824762858664e-9
2.2072884020041535e-11
8.505189226871685e-11
1.3878277879176779e-9
6.427395741209887e-9
4.056742656092706e-9
2.60376980902953e-8
1.203846721493721e-7
1.5312350476904026e-7
2.293240637673804e-6
1.0685994500810917e-7
3.2677626186257863e-10
5.374603239370629e-10
2.3488844813436748e-8
1.0780967120506811e-7
2.4206262095270295e-8
3.962003750840779e-7
1.684360685833167e-6
1.2968936784073599e-5
6.081874687221832e-5
9.524358485487083e-6
1.516910056472952e-8
2.7180413602663215e-7
3.922299054283824e-6
1.0661036980041206e-5
0.00012989550085298361
1.7722339465014232e-5
3.1367010145731306e-7
4.462706311318177e-6
2.3405257358936483e-7
3.086454451333893e-8
1.0247341867852921e-12
3.511584750930988e-11
4.200671234503048e-10
5.0609618379862265e-9
1.4320259441773979e-7
1.0627583050713954e-9
9.611778660382027e-10
1.4544413942955535e-8
1.1362397863781426e-7
8.021586173119078e-9
1.5187218672716136e-7
3.3510338362325094e-6
7.849187390449504e-7
2.6114360305020297e-5
6.070845263247965e-7
7.844992474839246e-9
4.11170622783244e-8
4.6253465699301696e-7
1.191480377891125e-6
6.608657409186175e-7
7.024449038345832e-6
3.44180200124676e-5
4.0280196600417885e-5
0.0007334486067832136
5.380102361528764e-5
6.195792719580881e-7
8.815586774267787e-6
0.00026133183213966
9.319840116649965e-5
0.003815297918377039
0.00010651190024418219
1.2670304049354767e-5
0.0006383237560777857
1.5022674362469679e-5
2.460252215891562e-7
1.3947908860885697e-7
5.986203135634635e-8
1.2185209553502396e-6
4.724457251880794e-6
2.6527764830321217e-7
1.3630386421957263e-5
0.0002593676866012449
4.4863133807116924e-5
0.0005870059945934124
4.749170491956725e-5
2.015009812592932e-6
0.0001145702233698354
0.0007315608766244191
0.005108261688032665
0.03086304024291698
0.006387296041673254
0.00020182193071889752
0.0008131627614321155
0.00010890148075612411
1.933346176224524e-5
2.0615768611198274e-7
3.5538247128650464e-6
3.4627709192101514e-5
3.072236302203103e-5
0.0004880310393641437
5.0251716402808526e-5
3.3550323216360735e-5
0.00038428434306372796
4.142637050505903e-5
7.2627693471025385e-6
6.932226820987324e-7
4.158750764374939e-6
5.391716046353706e-7
8.678577321089279e-8
1.1888933644190376e-7
7.130210787686535e-12
8.06681124335521e-11
1.68265786005322e-9
1.3131724796910452e-8
1.835366689273589e-6
1.1092052774469445e-9
8.841546110183511e-9
1.0892140276552895e-7
2.4471209436666697e-6
9.984663348316345e-8
1.4811028505247418e-6
0.0001283878406031706
4.534619942591215e-6
0.00021415245601925836
4.806046232721362e-6
7.696089657785325e-8
1.1607718559507841e-7
2.6744308349906906e-6
2.5994336161567328e-5
9.542746950779308e-7
2.7976097089560622e-5
0.0008067156719356575
0.00027319319480138403
0.0038050649667879894
0.000526824858992621
3.913800813376725e-6
0.0001892845781708702
0.0006388095026444374
0.00071569792740987
0.04274147570124145
0.0008623792739110239
2.6066874914475613e-5
0.0005666757633711698
0.0005674336580352028
4.434112484482058e-6
1.3074190332794515e-6
2.189567417397957e-6
0.00010005309706451078
0.000226201556619938
2.743754618333868e-5
0.00043116402816171866
0.00390625545034395
0.0005452359108907408
0.041261568245808934
0.000477259630887509
0.00014857892190770053
0.00281649502251871
0.04087963368394719
0.03127807931010997
0.533088211993765
0.03271047893623235
0.0025063063242145517
0.03968945597444569
0.00355199982437527
0.0001329881418728766
1.987563294449794e-5
0.0004787794616939744
0.003318879606744323
0.0005286564698899942
0.04299472999117402
0.0006218746432662455
0.00027494178181984666
0.003948226960517339
0.0006278553545264957
6.254687663424085e-5
2.703696878322196e-5
0.00020789599091817617
2.3809106494373614e-5
1.7194237478925788e-6
1.0838138087539648e-6
5.722900286134014e-8
4.87744536077091e-7
7.036929459389163e-6
3.449662185391809e-5
1.177796915650503e-6
4.205167149356307e-5
0.0004881299671653701
3.4777138673368676e-5
0.0031769786691318914
3.6306735996423774e-5
9.883867309676733e-6
0.0007934289310600965
0.0005563605511540722
0.0008510456633592454
0.04071169119836162
0.0007772235484630961
2.975502747444833e-5
0.0006182784597447402
0.0002456773371390959
3.6106403138222964e-6
4.661629165539409e-6
8.255034425363081e-5
0.0003895154317651297
0.0007246323751547371
0.0033499545087657037
0.00022216605686566234
4.329394159877563e-5
0.00063415340244092
2.9797248047790396e-5
1.4554989548156126e-6
1.7037437412297534e-5
9.885898616038341e-5
2.6098334277379535e-6
9.792751270603913e-8
1.0239373654842018e-8
5.694968877634843e-7
5.4636868266994e-6
2.8469811844566062e-5
8.773161422393517e-6
0.00019772473739910684
4.309395126675925e-6
8.691207462671138e-7
1.6650803341321936e-5
1.3172441486752461e-6
1.0951801301550042e-7
6.767406661374749e-7
2.5722429896605477e-6
1.256450451117519e-7
7.317316960987147e-9
1.6499122681971978e-9
1.3086253403388166e-7
1.7582302384349423e-6
1.4726730034908858e-7
2.423264655156177e-9
1.2132676950057651e-10
9.387666526556679e-12
1.7298123251045422e-11
4.2477748883839535e-11
2.852435963413577e-9
5.6523663471909816e-9
1.2091161469563954e-7
1.5888554322783312e-10
3.660132123736889e-9
3.493000972004874e-8
7.908972062660928e-7
1.4849165747953957e-8
1.0612901783120373e-6
2.14336024657183e-5
1.8513740185235673e-6
3.261433648915271e-5
7.612603634854103e-7
4.527658302960019e-9
4.407384030856667e-8
2.0374339881212681e-7
1.1961032845167673e-6
1.0570007911177632e-7
5.839870012622232e-6
4.55707601136988e-5
9.422788927939467e-5
0.00044600051448678195
4.451835820302638e-5
9.70362626708457e-8
5.73895168661339e-6
2.9507177243889474e-5
0.0001513387792466577
0.002842981192544507
0.00019375386978454185
2.6158690707050267e-6
2.7739575767457464e-5
1.0808164893444275e-5
3.320610676767866e-7
6.858045160897066e-8
1.67154209165633e-7
1.8110891916619884e-6
7.90158207790239e-6
4.1265255636320115e-7
2.8339071004354686e-5
0.000609489552178394
4.765682127011636e-5
0.0004964347214400577
2.8994951439963508e-5
3.213539472919256e-6
0.00013429383703266734
0.0008206602762264035
0.006089439057270029
0.02850756268518641
0.005029994219556375
0.00014813827633474556
0.0006531932173955845
8.35813930985477e-5
1.0583459591549613e-5
2.611403083945038e-7
6.565511688540418e-6
3.4380905969374634e-5
5.0098672845674034e-5
0.0005578299599378474
4.5527109304065995e-5
8.360423200204744e-5
0.0002665629287574528
3.220759741391447e-5
1.1262088287469385e-5
1.6892563676444128e-6
4.791263853642335e-6
6.283968769281305e-7
1.4995617476005856e-7
3.250698197022215e-7
9.105954052470883e-8
3.946349575987646e-7
4.697831352383154e-6
4.150845905944051e-6
1.5858807735273015e-6
2.9418294774938564e-5
9.041809620580648e-5
5.411373312445562e-6
0.00041693340241437003
3.84203049990926e-6
2.6488817883692362e-6
1.6090686833828507e-5
0.0011271269823255935
0.00014199728080021868
0.00321826103302363
0.00011816518068525347
6.107290801015708e-6
0.00024127456341970307
9.255294050396913e-6
2.6667148997959264e-7
7.763253762843378e-7
2.2285294369553124e-5
4.735460421874547e-5
2.868145728324679e-5
0.00043240721757367435
1.345152331631226e-5
6.503698623501796e-6
2.772402422750725e-5
6.534040195687956e-6
4.894441898796028e-7
1.04907441405275e-6
1.3730723909526326e-6
1.5411343301913398e-7
3.168182194579729e-8
6.095639770012962e-9
7.951805158874247e-7
5.307445242789088e-6
7.993337940563453e-6
2.079479733228179e-6
0.00010423958316273662
1.2033732396161095e-6
1.8608447911668814e-7
2.7617147553720398e-6
4.3760084619314617e-7
3.419230686966448e-8
5.115814081788468e-8
1.1308662101484919e-7
1.3622459834512977e-8
1.6456470368781331e-9
3.033629042226073e-10
4.490066114085937e-9
1.4021537581001036e-8
4.769793100299117e-9
3.081586865378063e-10
5.482999233951142e-12
6.963946325898747e-13
1.042514503432411e-8
3.3731815441535145e-8
7.044274463848517e-7
5.448755819599829e-7
1.0670945639216382e-7
9.238613372767624e-7
4.729868158434354e-6
2.5667763267107623e-7
1.899886511861495e-5
2.2258788594703497e-7
6.118661629408979e-8
1.9498559508086092e-6
1.32457774011032e-5
3.354929711949482e-6
0.00015221592405560943
2.137955389791421e-6
1.0209970484230358e-7
4.092989713900913e-6
8.407447275095944e-7
1.5907392023002742e-8
6.679587547667496e-8
1.255006826951312e-6
1.3303934939120048e-6
4.0969875547273545e-7
2.1502333707686852e-5
2.4322342949243205e-7
1.6722286533938935e-7
9.465386109460678e-7
6.216320052929692e-7
3.413427823819087e-8
1.7253921481604797e-8
1.0083548784456376e-7
7.982956557067654e-9
5.897173877387244e-9
2.2161407287653581e-10
3.5738425482675444e-8
3.294596027220834e-7
3.7187859119487427e-7
1.796679197341712e-7
2.26652976822145e-6
8.269983951519194e-8
3.99577227408499e-8
1.123103164791695e-7
4.011849975744399e-8
7.205785947805044e-10
3.5848694753720428e-9
9.168939248405433e-9
8.98837637588346e-10
1.1444646455841729e-10
4.160717375151365e-11
2.744141986702813e-9
1.646744975765644e-9
4.3821750064374364e-10
2.308315152984396e-11
1.3441307499333765e-11
3.179526308697437e-13
1.537828802254372e-8
8.176692476348131e-8
5.930589122306286e-8
8.422474855595747e-8
1.2751087185772294e-6
1.5326913709311763e-7
5.062993767832111e-9
5.6516821555056205e-8
8.495604924673544e-9
3.426806981004942e-10
1.7533631154637635e-10
8.028779885532298e-10
6.709517844234727e-10
2.533728685415883e-11
4.338356641308788e-13
4.4919895798337014e-11
8.536486524961385e-11
3.187033958587434e-11
1.582936979984291e-12
1.173834312280959e-13
4.916833754666099e-15
1.3727017592302057e-11
6.619462749452739e-12
1.045069250989865e-12
8.984537792885676e-14
1.0566714587296033e-14
1.0974871047641506e-15
8.967904578583804e-17
