2.4224973300509318e-8
1.511396169775586e-6
3.502790678063028e-6
1.1894452970901446e-5
1.4650191840166843e-6
6.2536837408018774e-6
1.557617846942878e-5
6.745395186278096e-5
0.0002879919829662522
4.4900498181771125e-5
0.00013284250671492754
7.258074219762695e-5
0.0001920743659830269
9.117150782563058e-5
0.0005275579657924073
0.00025745262429825304
0.00012050816696193188
0.0006117928451004388
1.8777017261076493e-5
0.0001612736723539365
0.0002836133149455807
6.130784131087333e-5
0.00024221505812877057
0.0011068978697067714
0.0003807160123950382
0.00045097633076822397
0.00038737802073922345
0.001146565848897991
0.0007862811436338549
0.0022402377962855292
0.0014436024191468667
0.0010728738957312672
0.003086188033964808
0.00039618884759698756
0.0011117833145206325
0.0011783899386575672
0.00021016249211616229
0.0007221283507885676
0.0006447439877544234
0.002390268290362526
0.0012914084077748967
0.001168806741746534
0.003992054514954512
0.0004929763996599094
0.0030152830584931263
0.0026593700578762085
0.0006742538202687866
0.0009834462979613013
0.0030937674919930846
0.000563445413933767
0.002943979524420856
0.0037036855388999416
0.00011036131371301559
0.0007776124832246183
0.0012145507641154118
0.0010989719096629387
0.00010257725426315494
0.0004766606967151301
0.0011261320456884252
0.0010964615945824759
0.0005594920373255486
0.0006239890014050904
0.002157732662035284
0.002362824258282
0.002433096268638175
0.002576247728712128
0.003607080048281371
0.0034931576713286587
0.002251257587668123
0.002418317358801389
0.0011545357586097192
0.0005679798073215964
0.0015080376177459569
0.002271851290493094
0.003468527860156763
0.003292259805436074
0.00419100619877873
0.0053044946278360035
0.0030041159985848783
0.005843123808240665
0.004184452318983879
0.002156261640421283
0.0037665693728482466
0.005716146287602653
0.0032921082483220268
0.005793397354012761
0.0059866021149226735
0.001591499990167372
0.002957854815768094
0.0032306587724214254
0.0012755146762179629
0.00016261923191777112
0.0006809404958394919
0.0010639662000309987
0.002427760920275163
0.0013835168113136849
0.002175872088646771
0.005468258701678741
0.0018106157991506751
0.005600399626407516
0.005225765100759185
0.0013213472822898508
0.0025745770440222444
0.006299301283264049
0.0026827939951644124
0.010055799236814678
0.005519073593913276
0.0014758195455697766
0.005459743420635723
0.006023248919217657
0.0037243855622221154
0.0006023654752802914
0.001930118043342442
0.00463148078433069
0.0020128982145353985
0.00579293367006156
0.005313863885220197
0.0008809878051914169
0.0035425106005346585
0.004116745457495682
0.002744612379922343
0.0002660574480065489
0.0007283973961166819
0.0011456399032408289
0.001165763313870897
0.0002671396133615295
3.3179623476067556e-5
0.00030354695269299326
0.0006012540050410576
0.0007843311648204803
0.0003141649567702977
0.00048727775814431495
0.0020096578969376736
0.002516806216879818
0.001464718273299108
0.0024038862879031454
0.0028215450232094825
0.002743298331669387
0.0028610720248613826
0.002413838718954271
0.0007275713135289126
0.0005960999588570348
0.0020069326195804892
0.0038229656313859906
0.004070267469960569
0.0023523226821620686
0.004511477467340819
0.006135458875422709
0.003891290508669602
0.006006616803746527
0.0035961208645116072
0.002083016455510566
0.00375263738339011
0.005850000447727597
0.004998924550701854
0.008661743670126402
0.005606562160943977
0.0027923416611338177
0.004712605302440397
0.0028563564840056632
0.0007639914009229177
0.0002866661270424518
0.0009311859852223339
0.0022036591777433367
0.003511651284822525
0.00238757904997398
0.004876181197281752
0.006816695930198928
0.0044906403813825746
0.008106794870785063
0.006024349389434557
0.002117295850013475
0.006158074609570669
0.00937237630920712
0.007258284505767641
0.032812239025860224
0.010152984040865485
0.004671770982750129
0.008591866502598728
0.005744302471598776
0.002881499117254164
0.0009680007857418212
0.003421880133288335
0.006049121353698082
0.005313478591540889
0.008249886534621487
0.005713004892755439
0.003425850616272364
0.005947615942010538
0.005845635755708124
0.003042763420614713
0.0012171877116035912
0.0024131195838197933
0.0024334934256910645
0.0011106928929116395
0.00016044458903346885
3.249372836559254e-5
0.00031889441430677125
0.0005330933621576601
0.0016020068499984315
0.0006755458481640196
0.001942078084923344
0.004267891120383194
0.002376645683419745
0.006243056845514323
0.004697843574449434
0.0009478235220105123
0.002602625141446896
0.004644663181953312
0.0033588413409484778
0.0091192493058656
0.006307780355427433
0.0024094354430467453
0.005966747808146531
0.0059277200890611404
0.0032195692556828935
0.000692624267590822
0.0021439323215197478
0.004186325983941011
0.003141382205636811
0.0067643956153879675
0.00537760250667657
0.002094715695203767
0.006193828660193984
0.005325597041729185
0.003971539770894934
0.0008153760215196475
0.002883008581920449
0.003705120316127968
0.0032887618623865735
0.000654904103840036
9.639392027485638e-5
0.0006214656105823951
0.0015844424018034103
0.001100594834703496
0.003526848082570669
0.002481326475448377
0.0009617848626065127
0.003984375981074304
0.0034802480547100347
0.002357063045976411
0.00040711506657236404
0.0015128934965475706
0.0024246117646934628
0.0022411757432966263
0.0005165966161226904
4.0187340456777774e-5
0.00031707382983954286
0.0005665088937764811
0.0004474969333873689
0.0001307379138113739
6.1441688011378345e-6
2.1176464565617804e-6
4.7326742612248144e-5
0.00010694248034351957
0.00012701402797552289
4.058330330159387e-5
0.000189617500464642
0.0006322224406178122
0.000914989297213241
0.0003924817088699281
0.0006541617752052065
0.0012149538997829645
0.0008519189391945145
0.0013960200957189176
0.0012496546433135183
0.0002642751931522754
0.0002198395890840812
0.0009511655135815469
0.0027359348928236824
0.0009489964854194637
0.0014356028843145667
0.002719766007522306
0.0021087636535335724
0.00311790579738149
0.0033939694591335785
0.0008644552458343144
0.0009332876687729177
0.003391699803760274
0.0024355218794437864
0.003934747688913944
0.004671802060767302
0.0014570323084363926
0.0025773543886617573
0.002786033249832112
0.0015952954263605734
0.00010999912216150714
0.00011914142234009713
0.0005629504303300747
0.0019479470214908096
0.0010792692930462605
0.001457370911044516
0.003559831270253338
0.0031565921593786177
0.003500684846990984
0.0053399893562772515
0.0019910342565075583
0.00153689048027906
0.004696670842972675
0.0033244355217089544
0.005397362113887871
0.007237137668327391
0.0026562048447568752
0.004169269610880039
0.004790819986158532
0.003365433120746482
0.0005683740206832292
0.0006660545061284187
0.002792075864621514
0.002339762791448715
0.0034427153621287188
0.0043377785389393875
0.0018549195422397447
0.002974701612673062
0.0039824086821308
0.003071522412208809
0.00048077819070219027
0.0013202536118093278
0.0027020694437341008
0.0022477451279741497
0.00039890857253375837
1.9399769959993338e-5
2.2910079997119764e-5
0.00021167448636018202
0.0007677657268322596
0.0006061051316769086
0.0005528917575960254
0.002802143860005636
0.0021747006966494555
0.002902441773322584
0.003563598382382029
0.0019068310383874515
0.0007180614440737231
0.0039266550618932
0.0025080292991292337
0.004593222805214984
0.00599819297249979
0.0025425884368030943
0.003327035294680506
0.0037946409833310235
0.0038007545787609284
0.0010162703598552967
0.0004966283106491948
0.0027580165826514543
0.0019463055613003944
0.0034798762433523606
0.00480328893644657
0.0021522584368334455
0.0028842811734353007
0.004537626718062485
0.004129986714968991
0.0011837718403883278
0.0012349735227491405
0.002804143164260859
0.0036759352579433502
0.0011019551846016074
0.00011983698152833075
7.524059081908112e-5
0.0007358313715726553
0.0005405184513440547
0.0018834715818000112
0.002205644046311276
0.0010530607294524463
0.0026626800214931334
0.0037995623855816034
0.002237591376672252
0.0006294950006671779
0.0009456027188061195
0.002512731299390813
0.0023205584346746065
0.0007691674402444936
8.981369247865351e-5
0.00012830989854560972
0.0007706859855877254
0.0010946051614428882
0.00037208419062066277
4.4818714385885785e-5
1.4600247041520342e-6
1.046401843228032e-6
2.358418992826263e-5
7.8597252753138e-5
9.319809827034942e-5
8.615943069864798e-5
0.0005026936482297365
0.0006832916146384499
0.0006848677064220206
0.0010095955577015523
0.0006144937688296248
0.0001117797607246161
0.0006909314234885037
0.0009404957300520463
0.0015100116998730438
0.002165754626557393
0.0012928087285615172
0.0009456278175708953
0.002117265014829439
0.0021665049167478665
0.0007002242366580053
8.795309203933763e-5
0.0005301395206277226
0.0006642654550315181
0.0014488280270574902
0.002438841334315807
0.0013845799011897688
0.0014337431069599447
0.0024614808679528566
0.003224431427858108
0.0012822822823888717
0.0006223129228666974
0.002368062610541136
0.0025745045937181042
0.0014671967741049633
0.00025078668952325606
2.3586233010155598e-5
0.0002073363794751528
0.00030949789838675235
0.000563668721622788
0.0009322036564519953
0.000673374592530809
0.0009234412853177614
0.00198214028682578
0.001478132302774132
0.0007407078229621182
0.0006309035950283496
0.001998166602811353
0.0021790375442413555
0.0011500758750813745
0.00018402756364196415
0.0001041989601016942
0.000600637967382983
0.0011168297988790774
0.001164995400725389
0.00030524288114924537
1.2121340398623581e-5
9.987860856648289e-7
2.1563300738382853e-5
3.033302716700123e-5
0.00011788914442616171
0.0002760630242379755
0.00015788618864987197
0.0002199683423794188
0.0005655139175423541
0.0005420712266594285
0.00020852008448955445
0.00019094219702438464
0.0004954605571757801
0.0005915799212534863
0.0003746478431842233
7.313792207827864e-5
4.703730256770858e-5
0.000304429456389284
0.0004654525272077695
0.00024014674843398802
6.968351945541391e-5
3.6464238468126496e-6
2.0644562408177925e-6
3.235610799463705e-5
9.964194355308127e-5
5.9067180204978905e-5
1.6353779362929872e-5
1.6445796760630405e-6
2.607545266518127e-8
