3.776979766801499e-8
1.704951565005683e-6
4.384901868488033e-6
1.8319353180278102e-5
1.7387237722990713e-6
8.857248947587025e-6
1.2380337799460882e-5
5.595951309115399e-5
0.0002791790591045956
3.795536221584272e-5
0.0001448575660672704
4.5496606195882234e-5
0.0002272057893350593
7.623972951775107e-5
0.000674912839995153
0.00043902943432550087
0.00015559039716292613
0.0007586902816365547
2.0237232934151337e-5
0.0001739084073006551
0.0002094731759899175
5.730089657141946e-5
0.00014489684784699288
0.0007117898830554104
0.00030568092498453424
0.0003048033603158775
0.0002255269986730615
0.0007011215008553872
0.00047779076979515467
0.0016839542875675293
0.001354524283002177
0.0013092381168567074
0.0022343018964765516
0.00032176412607789996
0.0009718119509978165
0.0007578188932000756
0.00021769108360620467
0.0004198274214240599
0.0004260163193237188
0.002128581879288595
0.0008530335558971109
0.0009814603800858946
0.0031686722542889666
0.0005196940049771503
0.0032651772682531477
0.002118117148812528
0.0008790347792487824
0.0009826777710827718
0.003638333419113772
0.0006406552331637419
0.00408730610430936
0.0030366043610693095
0.00012162939298970202
0.0008264092866668119
0.001230989200441313
0.001267178484139724
0.0001502608038384731
0.0003031749961619922
0.0008937960923317195
0.0011140068124209257
0.0005865438503496248
0.000408958401895634
0.001453204714334592
0.002028227458127579
0.001711323592608909
0.0019150520420874184
0.0030210733108512037
0.002940174708742992
0.0020403234623222826
0.0026994681062598004
0.0009478896914105527
0.0005270868762655023
0.0010734638312165632
0.0017920437643336572
0.002970277545978373
0.0020989632451510593
0.004035837564623296
0.005447112818853507
0.0037105821512288615
0.005682711748304546
0.0029870810043566803
0.0022688623546040588
0.002986570220116883
0.004427927230931385
0.003505346941798846
0.006295878151004241
0.003946619986106656
0.0019339283598043618
0.0026250198871128195
0.0023871282784343776
0.0012256629100133106
0.000163617529080349
0.0005012564243877496
0.0010717241890313208
0.0029466017351783514
0.0011158982600131197
0.0017415562924022283
0.004941243057243082
0.002339092208866033
0.00620635696815517
0.003495901444866122
0.00150054080317921
0.0026232413235718235
0.006216928022768882
0.0029270304749968745
0.011359477532587928
0.007402475744253978
0.0016846857407550378
0.005519198170965916
0.00381131864798426
0.002969147530986227
0.001033487846747956
0.002137320781303
0.006127766882277957
0.001810006667881427
0.006016288050189339
0.0035382248649360078
0.0008650737618190678
0.003340141032646633
0.0030672455808882296
0.0021539244157125883
0.0003244144021762522
0.0007022085355477878
0.0009443258238958783
0.0007682499390241947
0.00021278986238412167
6.077034197050923e-5
0.0002895612706319088
0.0007261003192351367
0.0011494726209246005
0.00043687744835012115
0.000358359673081627
0.0009175852625320408
0.0019099884141214535
0.0011402575824517713
0.0020949456471855716
0.0028501410807081793
0.0025028947935023115
0.0019306622109402669
0.003323475262060786
0.0007064770612282938
0.0003857225030588738
0.001426800092717966
0.002510129171137724
0.0036753690721826274
0.0024103704996717677
0.0038029407548787917
0.005617052582742108
0.0037120800195520522
0.00675580766105865
0.0032614500130396535
0.0024325577870021936
0.0036117543154403553
0.007932583026383002
0.004236307352968628
0.009720642703734005
0.0053831690945242965
0.003260892879355881
0.004643332740114228
0.0025729094315765466
0.0008213902366241204
0.0002846086126808243
0.0008289194569925059
0.0021976115876809403
0.004126251575041462
0.001960177461714901
0.00452562624709172
0.00784690813284414
0.005706932288578465
0.012050516905153465
0.005814136278197547
0.002751449196987834
0.005964298444222234
0.010341747659761582
0.007260142765431298
0.03531196052280288
0.011170667719157257
0.005519039006431652
0.009754518533950245
0.006379769189342759
0.004031247040500307
0.0016856763962876595
0.0038949618865541254
0.007570111079487913
0.004768860156054629
0.012296800515476837
0.006299311780189041
0.004693756228987862
0.0067221918814712595
0.0057516184556140396
0.0032254529852291966
0.0023398842122904825
0.0032445555505393148
0.002676429219144573
0.0009687704344079527
0.00016153434981732006
6.288601110170535e-5
0.00039412518964632913
0.0010172735702856715
0.0027884305252801433
0.0006375788300795816
0.0022425508587304607
0.004974880367896906
0.0028615490989761507
0.007525068384778568
0.006095440368289278
0.0008709394162324757
0.0021759294159025386
0.005416041677569183
0.002791394066878572
0.010309775605427665
0.0062036660550113115
0.0026922333719104413
0.007905658095895761
0.004313619156263122
0.003595093810905594
0.0007077661348414593
0.001587176206895782
0.004839212934645668
0.002448544150635036
0.007728907212513155
0.004961015890876977
0.0021457718843286037
0.005665569378147684
0.005492599258932964
0.0032218177701812335
0.001073248840552436
0.0024582513310060835
0.0029041268959601493
0.002287683065032596
0.0007347784718437866
0.00019250174377918262
0.0008206139762769361
0.00275120262750045
0.001019826524223505
0.0040470564182023905
0.0029944980462218527
0.0008174610100542542
0.0036633222118818668
0.0031006399927150496
0.0021733801709738643
0.000434961817654657
0.0011063003334246192
0.0017188153640355485
0.0017190305836379987
0.0006904437380002337
9.48004990366806e-5
0.00043103779501953106
0.0005692821665748852
0.0003012079729584577
0.00014423642253297384
8.639379893310448e-6
4.497126570139353e-6
6.608344943601073e-5
0.00014784491490055354
0.0002675150908725895
9.698547022221309e-5
0.00015154823408227875
0.0006415764920044125
0.0011374661536784605
0.000450207833224527
0.0009672550852820277
0.0018422052460529412
0.00107677049153747
0.0019740342230789554
0.0023622254842848604
0.00034116305237153274
0.00014580595167359788
0.0008454828470943388
0.0013587481473420365
0.000843516666169072
0.0014203758654220235
0.0022228632826240585
0.0021667381094533093
0.002756796476927782
0.004670808434345574
0.0008663470969761444
0.0018077011219550672
0.0036916987610736175
0.0026989300504953336
0.0035337256052183955
0.005488751545233976
0.0016613679774285458
0.004018600040678631
0.0032679141799329286
0.0019432274583821446
0.00012053918555404876
0.00012304061141389457
0.00047930135615855947
0.001633669801633195
0.0010263881759516903
0.0012978030619983443
0.0036168840172142083
0.0024571103253418947
0.0032743269885931324
0.004751811290699592
0.0018398672115824148
0.0017049700877841533
0.004284711763144972
0.0027971378993510232
0.0039543184627798275
0.0071304615392463605
0.002911425367546724
0.003506462474658666
0.0043277277489515995
0.0033653923143971065
0.0006358563918515719
0.0009093947405178243
0.0031137152215809675
0.0028433157428528477
0.003355280007675945
0.006011282762361259
0.002375454463893583
0.0028557070492087793
0.0037969028053888884
0.0037515895690856563
0.0005165330486684192
0.0018866519782989948
0.0019671034093275194
0.0019676567489400297
0.0003191949811130701
1.9554387817217077e-5
3.475410047244419e-5
0.00020300114343662468
0.0008341851860158786
0.0008374365445328796
0.0004084023360707183
0.002140624577932458
0.0015897816803256337
0.002946615771469983
0.003816490210881779
0.002147778630411163
0.0007641433761062343
0.003338819458324704
0.0022479270760313416
0.004312695796484236
0.00581879898336469
0.0025455566455073633
0.003716332996775674
0.0036388268238827064
0.003063560070326361
0.0009516623305123211
0.0006495622161877891
0.0022492965608232177
0.0022627411312301313
0.003629370121358921
0.004707767070526201
0.001718205909976476
0.0022283235445505123
0.0038553903471701067
0.003953019498461344
0.0009887416333769657
0.001809617035678825
0.002836730812472311
0.0030299995299838405
0.0013017772025928607
0.00016012833689332739
0.00013709739906799862
0.0008466212235443573
0.0009962104593927378
0.0016689117145611393
0.002198462260196327
0.0010650988795516715
0.0014189686949824408
0.002498385452387175
0.0017919272307868976
0.0004182242176505928
0.0011233572010464466
0.001957569442903314
0.0020488002640132318
0.00047563801352685413
7.854543280455728e-5
0.0002593263812150644
0.0011534826545646884
0.0010686149221942427
0.0002942434516819318
3.696696091639948e-5
1.6816112492093617e-6
1.9711311947490083e-6
3.357246573170742e-5
0.00013343160642084306
0.00019671101720152825
7.952742106470102e-5
0.0006202341158340559
0.0007042983056779439
0.0008824575535529464
0.0016778582521043022
0.0010151398286808004
7.43850594487807e-5
0.0007425282352064867
0.0008699518624116757
0.001650284841253298
0.002780487381847388
0.0015027525952248883
0.0017142110921145688
0.002418392798269306
0.00225219136921711
0.0008875330927982284
8.074786361694647e-5
0.0004076901935460813
0.0006449854383858541
0.0012750259006489646
0.0019620754515725014
0.0011112729735814173
0.001364034037154347
0.0023843845395949857
0.0020103973464495333
0.0008536466376280621
0.0009548014072239381
0.002051200828321509
0.0018872246026337017
0.0013064722730656135
0.0004320898693119172
3.4717133059207126e-5
0.00020876046465991558
0.0003924807938189971
0.000472855370158065
0.000849791229055779
0.0005045905203094032
0.0008057493342328515
0.0013929580642309816
0.0010575164809054638
0.0004236173157036127
0.0006379979231504433
0.00088950311333158
0.0014075724864094812
0.0006854795318943308
0.00022661204048091387
0.00014604984530960458
0.0007111908455223255
0.0008599516413902224
0.0006935561304973114
0.0002642901853751366
1.6602679857426413e-5
2.0530009074357774e-6
3.527878019494416e-5
6.308829020875017e-5
0.00012219900710056924
0.00028077680709667806
0.00016053398227670881
0.00013777823616172813
0.00038089078330788844
0.0005139926105982534
0.00021711156741612518
0.00013718335488670198
0.00034030344264508646
0.0003983604113110961
0.00022562030659759133
4.814554285944892e-5
5.968346031160181e-5
0.0002779098423693894
0.0002922926656366474
0.0001411869750596316
5.1617745836916814e-5
4.249479396289373e-6
3.996244094505179e-6
5.552293098312143e-5
0.0001325238623373676
5.1834303462947125e-5
1.1617343738299096e-5
1.7050572149615622e-6
3.9019105538448333e-8
