3.636644411775568e-15
4.3026411239702e-14
1.4751916263942788e-13
5.906532440516467e-11
4.137630848776516e-12
5.3507303822818306e-11
4.3065716557148427e-13
3.346410452008194e-13
4.07352309684352e-11
2.548871233207186e-11
3.557932570274385e-10
6.052563383850983e-12
9.592683224398317e-11
9.35042099165859e-10
6.180753403538374e-9
8.638956980257583e-10
1.0150517166628355e-8
1.2101888347819725e-7
2.849962516390252e-7
1.6943064354838464e-6
3.170570569398032e-7
9.093680576011418e-12
1.0718836675268046e-11
1.4529014131070816e-10
4.266409218484183e-10
2.820075200287373e-9
3.318205225387476e-10
2.097801793320251e-9
1.7167163274961393e-8
4.0674875048367224e-8
3.191523502754496e-8
2.777837666613034e-7
2.1123791408677676e-7
1.3046924655435943e-6
5.220447513375372e-6
4.635997481114239e-7
1.6294675135472086e-9
6.416678193363437e-9
1.0115686959740303e-7
6.381243924422711e-7
1.1101191380356879e-7
2.268909048805312e-6
2.897471852385376e-6
1.0629395572529003e-5
7.093814635805597e-5
1.1908938533159557e-5
7.262056224647003e-8
6.071716052297571e-7
8.889850432339398e-6
1.4989086820583207e-5
0.00019606167243091822
3.823461397832074e-5
7.689538607546607e-7
8.693131151353888e-6
6.108451633385939e-7
9.405617039324522e-8
1.3834154876460739e-11
1.365321846455466e-10
1.6941729715017037e-9
5.678519180994501e-9
1.547082461815971e-7
2.224163680180137e-9
2.667564189416101e-8
2.1051155105188366e-7
3.7662086847383666e-7
1.5300553538407112e-7
3.536308860985342e-6
4.348670577808337e-6
2.588690144692371e-6
5.066606876955153e-5
1.5714072742635196e-6
3.9558404722723834e-8
9.435274458109418e-7
8.222833680230246e-6
4.0704439905130755e-6
1.7108649760256863e-5
0.0003559219426733944
5.4903066364713413e-5
0.00012694908010600406
0.0009429057587766408
0.000104922545207333
3.790104982190665e-6
3.141310669752418e-5
0.00031985558450718405
0.0001322910170832601
0.003979722677939451
0.00016938216994631268
2.9007506320675133e-5
0.0008669844762507805
3.7460353294886676e-5
6.251499955830779e-7
2.1351617745286878e-7
3.6834384055190643e-7
2.1869403306101544e-6
6.183474208717981e-6
9.366727664642744e-7
3.279904799514675e-5
0.0003339636700598691
6.466564824941246e-5
0.0008623413593974814
6.933557540760027e-5
4.16207893776207e-6
0.0001683275007792824
0.0010264074968204856
0.005483353957398392
0.03277387207883828
0.007147068507805273
0.00031086615887273016
0.001044108125211501
0.00017242930410745177
3.440881214320576e-5
5.637334770121166e-7
7.920365039566104e-6
4.914882822212662e-5
4.375342527250252e-5
0.0006995927770697394
6.765724044797763e-5
5.4768518239033394e-5
0.0007029137621317068
9.335863998258617e-5
1.193859209895343e-5
1.3609045640856314e-6
8.371884209118636e-6
1.6104449615305084e-6
4.832846638081908e-7
2.9922846915810105e-7
9.409019115133447e-11
6.96789616599469e-10
1.245458424877843e-8
4.3347688415225753e-8
2.611095924507482e-6
3.32955223728139e-9
6.046024983125859e-8
3.516538103313402e-7
7.239672426329688e-6
1.1578123350223984e-6
2.938674757302879e-6
0.00010018510326393952
1.0316084502873275e-5
0.00025538957665962805
9.353448460007043e-6
1.0742898805553227e-7
4.830376725929591e-7
5.496028032496814e-6
4.5017458110879505e-5
9.129939473881863e-6
5.9728796209782474e-5
0.0010000097350820888
0.00037766638876078574
0.0043224335176127344
0.0008721794962413796
1.0621132984880287e-5
0.0003013834616114106
0.0009445471816804042
0.0009210980641134477
0.04330187054280367
0.0011479470938868027
4.48529468295267e-5
0.00074254635277201
0.0011620526021023487
1.15513029607853e-5
2.425131490698597e-6
6.8071273457308116e-6
9.969840972163485e-5
0.00023258742834903972
5.1928456292112304e-5
0.0008884480379543403
0.004495056203305387
0.0008226093683995427
0.04564464321969871
0.000728533007706246
0.00023329998500832633
0.0038214207135829656
0.04355679916501705
0.03320174780839175
0.48373450822289626
0.03652052927096874
0.0031847034911784166
0.041747102117702134
0.003953100255617951
0.00019822644780758222
3.694853270388498e-5
0.0005483434085989523
0.003498334688787877
0.0006981706285388864
0.04459802635962423
0.0009061664661974823
0.0005851696167375757
0.004243561871795452
0.0011306438088474107
6.424416790763505e-5
3.936339352278322e-5
0.00022659536713282027
5.8765630602755104e-5
6.09504631689165e-6
1.8467729648944213e-6
3.473205754809411e-7
3.573864281372353e-6
1.582837711773002e-5
4.301358546628982e-5
5.3598345803692305e-5
6.527649550891235e-5
0.0006013636229245011
5.633320814826283e-5
0.003679653937249828
4.9727583070865787e-5
1.4047544421901049e-5
0.0004904556710202376
0.0007720264562049908
0.0012026547150621374
0.04362513643299227
0.0010362467082803619
5.141969338188649e-5
0.0008803416733976617
0.00036183559019350173
9.800141954473942e-6
9.734433762945582e-6
8.874423364974349e-5
0.0005656053050730773
0.0004895824082640404
0.0044063970117938145
0.00036261013173185955
7.030008112902344e-5
0.0009820875759840547
5.8205304683191304e-5
3.411738307627394e-6
1.5924534050892344e-5
0.00010236111142384441
4.38377516474266e-6
2.494714965936431e-7
1.1133869082248117e-7
1.6739362543070507e-6
1.1215064910435268e-5
4.007877977337526e-5
1.0991903283076773e-5
0.0002359794025307976
6.653223677210848e-6
2.5146626922118144e-5
5.681588781142583e-5
5.347525108703079e-6
6.21712878976513e-7
1.8432455909295951e-6
7.4357801357845326e-6
4.074277330809992e-7
4.146748686531562e-8
7.589738106808993e-9
6.455688277433697e-7
2.518941263463411e-6
1.4944016077082528e-7
2.8103050369110295e-9
3.917410699407593e-10
5.907888619305386e-11
5.891319980492837e-11
5.957583254320565e-10
4.924793334798014e-8
3.499082893180236e-8
6.690000900464793e-7
1.8037604199786569e-9
3.181494207145863e-8
1.5254819902002016e-7
1.5562387878369365e-6
7.810009789998053e-8
2.569564062654806e-6
1.741985453288586e-5
3.2547365951405666e-6
4.5445654317124966e-5
1.3553830116189374e-6
3.627509060693847e-8
5.5992661020505005e-8
1.3456453956712396e-6
1.7999357715985314e-5
5.566328446825387e-7
1.2556541260439363e-5
7.29716102253418e-5
0.00014578793907015424
0.00046892161146684934
5.67299936357879e-5
3.426118632191118e-7
1.207020678946747e-5
5.1427869157111464e-5
0.00023402908122761287
0.003085957406449268
0.00030751429620342593
6.012476934655674e-6
4.2123406770948965e-5
3.784951865275528e-5
8.360610096165438e-7
1.4380054191449616e-7
6.03535858571325e-7
4.262817413384754e-6
1.1013219107746545e-5
1.1299907819704487e-6
5.4750340300107974e-5
0.0005428207733760179
7.639423353504073e-5
0.0006906928348646576
4.895654967461042e-5
8.27152966058733e-6
0.00024271078067432923
0.001222661402502795
0.0074597367474863825
0.032364783500816466
0.005973883495024084
0.00023504117313713399
0.0008801507440263697
0.0001369479330111334
1.548140871368109e-5
8.481845607868082e-7
1.2077883855526113e-5
5.389148851232389e-5
7.645854344564217e-5
0.0008099128703616964
6.884016440685626e-5
0.00015409943107935395
0.00032791127130134794
0.00014933074157022524
1.1624044294423051e-5
3.192594525034416e-6
9.325874914089665e-6
3.0741855215127345e-6
1.414602942868854e-6
3.2901579716088524e-7
1.4898217630833538e-7
1.4344862330413394e-6
6.141949464517073e-5
1.02410188805694e-5
1.009523506064657e-6
3.6622938124703655e-5
8.265813026746989e-5
1.3518101999836256e-5
0.0008037581027983833
1.0784990517249221e-5
1.7762961627910476e-6
2.4399784445148624e-5
0.00042850055612417314
0.00023134036182280692
0.0038997837125789203
0.00017405980096043842
1.2227178239635233e-5
0.00032788206690821333
3.787943805024477e-5
6.520448067105038e-7
2.0599857489317216e-6
4.5546459357439755e-5
6.56149272226221e-5
5.71822902074632e-5
0.0011523618315593437
3.8151652449502514e-5
1.466436888289926e-5
7.148494624383286e-5
0.0005383584879752646
2.987098286828988e-6
2.6904172785856368e-6
3.361715232437338e-6
4.237724472406609e-6
3.9392343961136716e-7
1.0714999938503018e-8
2.076036457164065e-6
2.6300473488300372e-5
1.5105722556409755e-5
3.9645846827167265e-6
0.00010040606192112029
2.325351332560823e-6
1.5825954786093104e-6
5.518206594743096e-6
1.038068995006599e-5
7.79798576982625e-8
1.5272451520659208e-7
3.350124852900795e-7
2.610899086620084e-7
1.9553010963996345e-8
1.080622686108682e-9
3.5844454062633486e-8
4.059887175977666e-8
6.082616140667432e-9
4.714284223464069e-10
2.6379115636449756e-11
4.576468491426985e-12
5.528413450592303e-8
3.277022766289741e-7
3.0948553786663332e-6
1.3325727859888815e-6
2.443846202447927e-7
2.2253431231325826e-6
9.536687917321336e-6
8.934113394345879e-7
4.196247581099717e-5
6.029941233479019e-7
6.790353958586011e-8
1.8881742622585348e-6
1.1281088278487987e-5
7.76751968353135e-6
0.0002279294300048423
4.06801174144789e-6
3.288728946221216e-7
9.731683568369332e-6
4.180287648889219e-6
7.16961748271938e-8
2.1213321591384351e-7
1.151288426208161e-6
3.364779572158305e-5
1.026244377777518e-6
5.2098166615085635e-5
9.648763628418242e-7
4.4207891858356117e-7
7.320090098732755e-6
2.1496895508840366e-5
1.3857261819641026e-7
7.420544144759113e-8
9.279079583029003e-7
1.6547276140398302e-7
3.2162347320973284e-8
6.954130704343893e-10
3.0400285724275907e-7
1.431351189358647e-6
2.1914750675464256e-6
1.2737895837404574e-6
6.674629425422724e-6
2.1685656245213385e-7
8.236725380053968e-8
4.5649496600561635e-7
8.606596736602206e-7
5.872681012888079e-9
2.50306522114634e-8
5.016571370991981e-8
2.632673952635695e-8
2.0695939191009876e-9
7.29766594236272e-11
3.18080109378999e-8
1.2051215538188522e-8
1.69091096990824e-9
1.219977902997749e-10
3.340619038305432e-11
8.13879456722117e-11
7.208982337906964e-8
1.4499377130547396e-7
3.3882332494338353e-7
1.4078790621022612e-7
2.1883294272434767e-6
1.9342000324671172e-7
8.615587711748508e-8
1.0885921374256799e-7
4.0722773721498764e-8
2.068721923217812e-9
3.6920709954632477e-9
3.4927909527006857e-9
2.2851896364865992e-9
2.829045324596246e-10
4.869384230626907e-12
7.988026984486529e-10
1.3300279435425734e-9
2.3930246760324323e-10
1.1764076407963244e-11
2.9042171922731873e-13
2.1205704782609543e-13
9.380223221551478e-11
1.2855142033781553e-10
1.5502277635806036e-11
7.606214508039536e-12
3.7186265783632427e-13
4.180527944977697e-14
2.622151510782719e-15
