1.86832354356552e-8
1.0338034484472348e-6
3.5745261515953222e-6
1.4247028090743843e-5
1.7492201470316958e-6
1.0073320981636366e-5
9.377309971206443e-6
5.2107586943539765e-5
0.0002206939393578256
3.792581014007432e-5
0.0001503089961913738
5.8720796005312256e-5
0.0002500228648208018
8.928961988555271e-5
0.0007421526291984774
0.0003745880208113167
0.00015574931154189458
0.0007806096639309956
2.02574493227111e-5
0.00020765761002672546
0.00025149580824197315
4.0960744862362654e-5
0.00013584318832827772
0.0007118922411685666
0.000339317713072965
0.0003171109432523841
0.0002482361397526131
0.0007277309264167547
0.0004907929702059909
0.0017769282447492767
0.001320370654856952
0.0010639040526811687
0.0023762630059629085
0.0003634250825900838
0.001023027499818825
0.0010212571872950313
0.00022834019691999382
0.00047123764077512345
0.000457892096959129
0.00240030514251826
0.0009340162127059807
0.0009105105766384853
0.003216001120986447
0.0004510643480525903
0.0035913570929712257
0.002979620663500518
0.0008846091486650922
0.000956675147141647
0.0035768502967976432
0.0006150023379328617
0.004052972482828639
0.0032939548370169965
0.00011480250812175016
0.0007849263554713396
0.0008920334635225981
0.0007609847885653785
9.038583711361585e-5
0.00033724189498875846
0.0009453160018836694
0.0012668721768598315
0.0005366730815617986
0.0004052980503382696
0.0013869254219854342
0.0021196783494657908
0.0016906073324843714
0.001733470085652393
0.0035351041943186465
0.003101933499253672
0.0023286012713643065
0.0024740249595483375
0.00091845695806737
0.00044893815853715787
0.0010427028460230502
0.00194610169149532
0.0029947447797376856
0.0021197605085132446
0.0034258006264498513
0.004835021342263931
0.0029917891498993953
0.005963489624946067
0.0035686393723477
0.00197571513918886
0.0029628317707086943
0.005493075918321285
0.003122005579041537
0.006473360075143849
0.00449722568886323
0.00186953815707903
0.0028359771284195263
0.002099227548491212
0.0009062491710470058
0.00019784768515051222
0.000592339504618694
0.001071971572935809
0.003354685530471407
0.0012241224940595962
0.0018034354493196838
0.005394499654623698
0.0024278086017041475
0.006014389446002189
0.0037437902086271927
0.001544193901423814
0.002476076722053509
0.006301932581589891
0.002834935657184655
0.01236681843216213
0.007827780956248918
0.0017318753056382902
0.006214951283239984
0.00453337734004535
0.003285195057133783
0.0007961713136026534
0.002065016428884719
0.006600609200338734
0.001655912692294414
0.006371534914212433
0.0036517394188006836
0.0008630949157451721
0.003706187809892533
0.003449357037267783
0.0029339284158549934
0.0003117093793744585
0.0007597839419667655
0.0009086222268621183
0.0009111521711715331
0.00023898786601412605
4.068597297628345e-5
0.0003069567016948007
0.0007390662577416852
0.0009867601784200204
0.00041894454072313075
0.00035293923758991777
0.0010359409701386053
0.0021537621856714904
0.001145485020295092
0.0019033642100514333
0.0026961772652098386
0.0024528589718230843
0.002248346703837411
0.003023257811438922
0.0007462500769335008
0.00037508237740231827
0.0013476079990637115
0.002606693065535325
0.0034682725805852094
0.002213177329834886
0.0039624977478303035
0.006151479225256131
0.003749233770054369
0.007906692462321868
0.0035974141866057206
0.0026496652984697353
0.0040451553203591055
0.006532766429845184
0.003922769627764754
0.00947909455257544
0.006030368338554406
0.0028841522158658487
0.004388627432045596
0.0029103674894209587
0.0007975420816428547
0.00027371930027875023
0.0009480387806625109
0.0019305083955030319
0.003978159239522631
0.0020871498819320664
0.004150064224057304
0.007250117209687892
0.004966990325537499
0.010947890652075201
0.006375824702638644
0.002234990482168126
0.005570976962190145
0.010710090290108942
0.007241211838086902
0.0324932296839472
0.012104672180300828
0.004493533143902784
0.009489789616327175
0.0067051082737904135
0.004061168442544521
0.0013990518557605613
0.004444140880925088
0.0075402973965670245
0.0049858548312106754
0.01116436495295971
0.006024345027791275
0.0035923427595209246
0.007967001456326579
0.005942388258452888
0.003514909744037739
0.00208857999001821
0.003047200567903595
0.002501765621169513
0.000993726066623907
0.00020282574150414399
6.206998243759744e-5
0.00035663600214013753
0.0009756245911337074
0.002614768570628583
0.0007180327718253445
0.0017784609603966168
0.005205396990905653
0.00263228325367255
0.007630691090331351
0.006547150946568627
0.0009500137901786356
0.0021318990199795844
0.005393826362461881
0.0033520621361241253
0.011141452783324655
0.006275544352588163
0.0025339895120546664
0.006618961631254531
0.005527859286274334
0.00362808888078585
0.0007181638451535056
0.0016666082535088506
0.0052621640542400835
0.0026854042215648547
0.007221396306006061
0.005446196574301958
0.0024067507057042694
0.006148870252377108
0.004824602630153989
0.00316744963555224
0.0010907331157773122
0.002509953599353903
0.003173364492110565
0.0024835666122320884
0.0007959976031129244
0.0001664367165880097
0.0008426099414428857
0.002708263595954002
0.0010498796873454096
0.003948093888379828
0.0033474245419404694
0.000802459356613173
0.0035225350410720293
0.0029362021340315846
0.0024288737226793073
0.0004114837080817579
0.0011427857206840126
0.0017272584047657168
0.0018564965001193147
0.0007665925928125369
6.965256585651428e-5
0.00042598017988150646
0.0005626154446853527
0.0003393818723910377
0.0001585988400564953
1.0336645172953426e-5
2.959974941981376e-6
5.385070390668691e-5
0.00012826651589310697
0.00023765266184512906
6.55879275383554e-5
0.00013713141170040456
0.0005828728517256215
0.0011908105971638505
0.00039107969877440863
0.0009563188383124985
0.0018637995639500147
0.0010384492779009656
0.0019574813336862137
0.0020980809921563866
0.00030377760915026026
0.0001429742856099619
0.0008317816787654847
0.0013985922196567428
0.0008098233233638043
0.001505900212893311
0.0025505306600544547
0.002402404366925581
0.0026860488783629396
0.0037408464811870775
0.0008613281072518844
0.0016283287031754127
0.003262474757405468
0.0024348624400559408
0.0037123432129829246
0.004627647862847332
0.0016940813414818578
0.004359409299240201
0.002876943181307362
0.0018850039492807021
0.00011464015899216446
0.00012362630128324903
0.00046998619685101556
0.0014393065611300593
0.0010643667604041977
0.0012448901197344066
0.0031281938608156796
0.0026124064632595924
0.003978729447204143
0.005036644848595592
0.001691820171307249
0.0016626646577914703
0.004074851480222225
0.003356527961245934
0.0033374137920321512
0.007448990524391577
0.0028230887891736523
0.0037167564939724353
0.003879731125530836
0.003119771239442913
0.0006227013007261442
0.0007829614254563475
0.0028093272699902553
0.002578943483017152
0.003807560839593042
0.0049663594197486925
0.0024128404684029604
0.002660549538110209
0.0038153523649290134
0.002991565544680811
0.0004327720027217209
0.0020036479638060726
0.0021916168737838703
0.00235087227706553
0.00036240040888234197
2.0166231746369026e-5
3.603387263474132e-5
0.00020477271843160475
0.0009046784730310168
0.0008491697885817496
0.0004034312451268971
0.002288476185281366
0.001715454851701743
0.002913699020293477
0.004446350647688645
0.002133152797376996
0.0007084529109332825
0.0032763633119830445
0.002094551980669517
0.004034746296224364
0.005591893094211894
0.0025492847516039325
0.0034031403265216754
0.004002987607296855
0.002913835759698346
0.0010062176834091904
0.0005620292350711116
0.0021868610433135984
0.0017581683944043116
0.0032404215296846684
0.003949413902348024
0.0017782457901144152
0.0025633193884456694
0.003937692237414087
0.00344893472605365
0.0009367922084045397
0.0018431488269541824
0.00263146566047316
0.0034877000415875228
0.0011522941027139173
0.0001594736580044728
0.00011166636375799634
0.0008627292191202611
0.0009468032406927124
0.0014471943619264946
0.001872006122499678
0.0010376546211285807
0.0014425930634626638
0.002617508071194245
0.0018958546756229246
0.0004485541373024947
0.001205052952148602
0.002187123563199425
0.0021806033598511026
0.0004986676605142909
9.650225022768515e-5
0.0002504144254131908
0.0009933684485736994
0.0012919427707561403
0.0003397823566887967
3.896706632364527e-5
1.787651282681644e-6
1.98498474153554e-6
3.066516634713688e-5
0.00012207763721882046
0.0001697492239180745
7.537052899119047e-5
0.0005953789468503688
0.0007296678593563702
0.0008349077709961236
0.0014401216726809818
0.0008005978401598882
8.093898164984337e-5
0.0007183746061219615
0.000966154428451801
0.0017607701166181078
0.002272046281892308
0.0016617592568096502
0.0017079796126312737
0.0027940810048863603
0.0021001647275215225
0.0009245232081845932
7.362084581026983e-5
0.0004025195873890283
0.0007117181178886047
0.0012858519352499755
0.002107368309804173
0.001294221667365659
0.0015051086693216782
0.0023241759231470665
0.0021838236532355304
0.0009665431299016836
0.0009869156053713315
0.002001572166819092
0.001771883591246867
0.0013848049490971228
0.00037355635366754
3.1030264714340684e-5
0.0002019765089766735
0.000334545273266476
0.0004671623430760055
0.0009056596204375265
0.0005864965875418645
0.0008529315715691368
0.0013532402917804602
0.001072361231237487
0.0004593530156405648
0.0005887646480957368
0.0010652024678061318
0.0014039354716595947
0.000727598858665284
0.00025116193682371833
0.00013531571654855446
0.0007694898719420982
0.0009787331758492606
0.0007277659927521817
0.00022239041187698262
1.3776431259870029e-5
2.0286710286533674e-6
3.565850831655676e-5
6.062960596704511e-5
0.00011782413879953244
0.00026522293459755626
0.0001876378064234291
0.00014212385007629418
0.00037018727700982476
0.00043149755665632214
0.00022791302589587442
0.00013774585937336806
0.000351307834355838
0.00040507259055848284
0.00023501689023939923
5.779367067725854e-5
5.277764784071335e-5
0.0002958932218138515
0.0003294699019010459
0.00013749600238655178
5.587401860632979e-5
3.731247415302728e-6
2.9140487943119653e-6
4.110963108707276e-5
9.398848697567115e-5
4.316384894837801e-5
9.939989755299672e-6
1.064219087151359e-6
1.879094562865397e-8
