3.79529328805297e-15
6.024607249517137e-14
3.944736387675057e-13
1.385954559827003e-10
9.986292194963365e-12
1.021877417748326e-10
1.6950366980031726e-13
7.202334262943971e-13
1.0856311718545292e-10
1.1440295557081296e-10
1.7780765295031364e-9
1.1454871409436723e-11
1.337575035520133e-10
1.7422924353359521e-9
1.0186552479372253e-8
7.359768489948088e-10
1.0082842049906965e-8
9.295882382585556e-8
3.029679048381625e-7
1.797239574674229e-6
4.123213465850395e-7
2.7970479254545463e-12
1.8353482240542772e-11
2.1908328886664526e-10
7.248722864912867e-10
2.473349388391305e-9
5.331504970039305e-10
1.4314602161623531e-9
2.1725897099681096e-8
6.447348056060364e-8
2.5327357022986324e-8
2.4385866669904014e-7
3.2877111514320857e-7
1.1983068653625685e-6
6.95180697972176e-6
4.841688467979413e-7
1.4636582191339806e-9
5.9309055288899405e-9
1.0637775856438727e-7
1.0025157410996875e-6
8.737780089397576e-8
1.5840141084992348e-6
3.799093629926331e-6
1.3334398604774292e-5
7.236058499338497e-5
1.4827955405714697e-5
8.842028267246405e-8
6.704435954988431e-7
8.677150061169628e-6
1.4619439585933917e-5
0.00019531080520838646
3.491040867015935e-5
8.110611463140744e-7
9.916601100514703e-6
6.948190261395046e-7
9.172639283184131e-8
2.2263317782142526e-11
2.3260713492294639e-10
2.1930434434861917e-9
1.097312340271538e-8
1.0999147727965971e-7
3.162274000804832e-9
1.7324196775926523e-8
2.3522897325320001e-7
5.06346661059481e-7
1.258172397442549e-7
2.2459115014887864e-6
5.459176113059169e-6
3.30454618393333e-6
6.700572378856474e-5
1.7312632008443675e-6
4.082972076609653e-8
4.117508813939037e-7
7.072159731528961e-6
8.755377320947117e-6
7.804157023104629e-6
0.00017989203415235243
6.293676149844584e-5
0.00013512864572302956
0.0011946035856472018
0.00012088472494795033
4.874265826380369e-6
2.576962282208685e-5
0.00033735926925491336
0.00013522697434639025
0.004052396650058051
0.00018586899070411562
3.989263456543992e-5
0.001081339837541154
3.6909714141384566e-5
6.566202653459179e-7
3.1736337712604014e-7
3.526264275435912e-7
2.1982146358301247e-6
7.141584502554594e-6
8.624804143767738e-7
3.563739267860753e-5
0.00034613426646964816
6.55149401525998e-5
0.0008914920074583599
7.862914022315594e-5
4.758424309236143e-6
0.00017120970107463971
0.001012425037714291
0.005687195352121647
0.032707423640417135
0.007591213946535963
0.0003321526415280085
0.0011555267686597682
0.00018015093735449813
3.6703546649321e-5
8.162334658552629e-7
1.1827148506247818e-5
5.619363777994467e-5
5.064447348274236e-5
0.0007282077125771237
7.579718380290125e-5
5.894279164525039e-5
0.0009425946961212365
0.00011163965966272481
1.3897377241573944e-5
1.500385341225067e-6
9.425224726130605e-6
1.4813106880869648e-6
4.824729314349636e-7
3.88944437073182e-7
2.0979713343015587e-10
3.844368526143803e-9
1.2117021571885763e-8
1.1708570537440895e-7
2.506018225084029e-6
4.44434871853552e-9
8.296740843311427e-8
4.1071729230636566e-7
7.265283071255064e-6
1.8492900879461214e-6
3.0606458388725625e-6
0.00010988074174336585
9.193555706781213e-6
0.00026398174118904123
1.0052791623328104e-5
1.030520386137376e-7
7.787572734636067e-7
6.339675671265552e-6
5.7353862455225785e-5
1.5198612920454378e-5
5.5018886458172696e-5
0.0012031509917229887
0.0003542718064898487
0.004073335216442035
0.0009670684197474506
1.1309408991644032e-5
0.00032561137656041345
0.0009268243495675755
0.000942195113800361
0.04444067967494781
0.0011815444369422156
4.7543404624712644e-5
0.0008130073782039162
0.0007851216090953864
8.04456143351041e-6
1.6410243856026888e-6
7.611067234371292e-6
0.0001145977539886472
0.00026308484165701076
5.578960636519602e-5
0.0007027239029927729
0.004487036634734347
0.0007811113846240534
0.04542393248378158
0.0007608432865289475
0.00025506793399819556
0.003822174714733846
0.04518383316102469
0.033362218229994606
0.4803108291683097
0.03562292054301245
0.003600286179641655
0.04469003731943051
0.0039723785802934335
0.00020639481036657548
5.4597983279607604e-5
0.0007988033508810398
0.004258848378463488
0.0007182219919539159
0.044186128470208835
0.0008963727723873867
0.0004429029024996203
0.0037846663686470355
0.0011017431027618644
8.277882635435773e-5
4.21547869645276e-5
0.0002655031226242333
5.250050099305837e-5
6.456521558753039e-6
1.889622491120753e-6
4.526432676325097e-7
4.591277698877432e-6
2.0045007997217775e-5
5.197381978836743e-5
9.371641824523771e-5
7.006954978564978e-5
0.0006432644597169405
5.768086090789867e-5
0.003847546492299121
5.2717280278666484e-5
1.8534684044306173e-5
0.0005411253236914348
0.00090619421525552
0.0012053901251440095
0.04435276265880627
0.0010453903606564832
5.7635589172538833e-5
0.0009343719964660513
0.0003775466795665116
9.673286977030825e-6
8.761598497188515e-6
8.249555341393061e-5
0.0005001335568606092
0.00043059410149195413
0.00376970974363334
0.000289502619384484
7.288410067993728e-5
0.0010233995465353547
6.019276832153323e-5
3.6521890840847805e-6
2.036597147039108e-5
0.00011020165843381116
5.351007788478944e-6
3.0413297677150546e-7
7.819487649246299e-8
1.653740364091507e-6
9.86243701012104e-6
4.774678189422177e-5
1.0840363289070106e-5
0.00026045804797975394
6.8526482013174596e-6
4.112936944183058e-5
6.209068436811274e-5
1.0663104230082049e-5
1.242076120673796e-6
5.342180996203559e-6
8.619486251961647e-6
6.035107095098324e-7
7.381297038597379e-8
9.88779114084725e-9
5.906349498070156e-7
3.0523544523086242e-6
1.5432950650466015e-7
3.190302228121476e-9
1.4653568339052941e-9
8.881581250754721e-11
6.390511463889024e-11
6.581663696296788e-10
3.660396452008439e-8
5.362846030912523e-8
3.6801880270422174e-7
1.8537755385156736e-9
3.0417992489050525e-8
1.8588945495648288e-7
3.3947182010825935e-6
9.784874476083045e-8
2.776033321689465e-6
2.9074850947373478e-5
3.041034185944424e-6
4.661315053822452e-5
1.5381011598909059e-6
2.9601108700771228e-8
6.620348670734802e-8
1.7812455084963275e-6
3.8672975070814853e-5
8.404035916872227e-7
1.2877502652254601e-5
7.694593764545214e-5
0.00013351733355663602
0.00040950195892416007
5.478712011540125e-5
3.871181895336514e-7
1.1987325139340428e-5
5.5509921115945725e-5
0.00021911201816144775
0.003271780542689163
0.0003591498331508425
5.999450571237113e-6
4.533825918334805e-5
3.0378872647534918e-5
7.909331389296096e-7
1.5390476957253197e-7
6.824000225455661e-7
5.779611632755545e-6
1.2699218407036729e-5
1.1902796216984307e-6
4.772859594914713e-5
0.000464726619662237
7.323162488055236e-5
0.0006936454016378362
4.9498340015850754e-5
8.699097112415022e-6
0.00023142278986377083
0.0011894745658305396
0.006631310449228441
0.03090352210883174
0.005706774230640947
0.00021415680045236318
0.0009237879860181312
0.0001329750241665471
1.5825359729121364e-5
1.2469049788280214e-6
1.425166726648238e-5
6.033326132320069e-5
7.507576977990479e-5
0.0007449787407014293
6.432169686747813e-5
0.00016082169115696677
0.0003217430488713862
0.0001202372585905267
1.4079292673154724e-5
3.927144892645858e-6
9.444634140028943e-6
3.340485168563754e-6
1.2905616298613343e-6
3.1462673953343486e-7
1.3446312137201985e-7
1.1556518818865327e-6
0.00010680705693269046
1.0069193095954394e-5
1.1991643059213394e-6
6.688619097631242e-5
8.315161407278134e-5
1.5086233818552338e-5
0.0007809666048243618
1.0579444203793269e-5
1.951939150610405e-6
4.631841089656529e-5
0.00047701191280814846
0.0002315025179877972
0.0034799486052896535
0.00016716127911742888
1.1456661771986064e-5
0.00028618367743907166
2.3197444361149166e-5
6.900918753072779e-7
2.54526157197433e-6
8.502759706420568e-5
6.250908071453103e-5
5.1913710268073823e-5
0.0006869387440842754
3.22782301676545e-5
1.5934105370884324e-5
5.478850866443811e-5
0.0001213759845445383
1.3941083522507918e-6
4.444006423218509e-6
3.851170336612951e-6
2.227923615891015e-6
1.9956265615349986e-7
9.991219066671573e-9
2.7824482981595415e-6
0.00012649906241977835
1.2397178373753656e-5
6.167595285859415e-6
0.00011955532443344347
2.379279628046781e-6
1.936803626744684e-6
6.414699311876977e-6
4.625945110565556e-6
9.063349839178074e-8
1.9456923949575935e-7
4.4978848418773624e-7
2.2785160827025942e-7
1.8583029282436685e-8
1.6450024755484786e-9
4.912385939111636e-8
1.0447918045435703e-7
1.052089149125828e-8
7.129821640887605e-10
8.983238371347165e-11
9.472912465505759e-12
8.133608769828323e-8
4.6293179256119693e-7
2.3656765363124794e-6
1.957377314353606e-6
3.768626717130894e-7
2.259318541150166e-6
1.1474716449028785e-5
1.1224433985907275e-6
4.594492243897572e-5
7.041764463425919e-7
9.353958278031376e-8
2.438160062159816e-6
1.4906558426880203e-5
8.92781308365524e-6
0.00025979588617958414
4.806198292927789e-6
3.9867931586508245e-7
1.13749539650624e-5
3.384884691512627e-6
8.449068666858483e-8
3.3757955980434113e-7
1.3386416643225884e-6
6.660305518037244e-5
1.1444415422638357e-6
5.171554860268537e-5
9.097522295270029e-7
9.172751939832061e-7
1.329490507965377e-5
5.789760726372793e-6
7.113451722137189e-8
1.1100751664326755e-7
1.7316602957854193e-6
1.0655150010500843e-7
2.592531305825678e-8
8.253589007814618e-10
5.015359778077777e-7
1.2495088816080165e-6
3.801346084751787e-6
9.942355708738953e-7
7.096294521948368e-6
3.4906461896456464e-7
9.004331959098283e-8
7.32638566991661e-7
3.3081653805019007e-7
6.518532837397489e-9
4.301426775406477e-8
9.060089281592615e-8
1.4835607205533766e-8
1.3476236959726465e-9
1.3585810014726046e-10
4.101764439266373e-8
1.3727470647415568e-8
3.2215503115524954e-9
2.5135848129819297e-10
1.198592440437272e-10
1.1446425344037916e-10
8.702766562750234e-8
1.1692308724573093e-7
4.506994165691668e-7
1.6359780685532605e-7
1.3221025813616413e-6
2.6172208926526107e-7
5.499335571869892e-8
9.391139387025451e-8
3.752583618021974e-8
1.9343837635333598e-9
3.0661877545789748e-9
4.748305290079216e-9
2.9482395611723456e-9
4.845733739947489e-10
1.028154432023442e-11
6.894374851857273e-10
3.6360645374066448e-9
2.369211861765288e-10
1.7031373157909877e-11
6.537094197135763e-13
3.527409697060861e-13
6.581694232948171e-11
2.017759079539932e-10
2.0015524860015305e-11
2.6488006762750813e-12
1.5833698429558938e-13
4.959291125667548e-14
2.4166927494896422e-15
