5.353422068363025e-16
4.945203932142786e-15
1.2139759836067353e-13
2.28281326012081e-12
1.137662358673706e-11
5.273558497975704e-9
3.025044388623017e-13
2.832175927813889e-13
3.827523222151233e-11
2.9019462190280985e-10
1.535900369063816e-7
1.4790838946913574e-12
1.612701991730844e-11
4.475245540548517e-10
9.091580362122905e-9
2.654226667460467e-10
6.2406396164178365e-9
2.883807491163551e-8
3.163399065694448e-7
4.32666530251882e-6
2.9726846672658704e-7
3.001696016429077e-11
3.3658082478518176e-11
1.0528290318095581e-10
2.4658820091111977e-10
9.325516688861768e-9
1.1059389700203248e-10
4.5009533725571567e-10
6.355196488306119e-9
1.235192322351693e-7
8.254680423021807e-9
1.1797432923798556e-7
2.6944146633968973e-7
1.7436127646050763e-6
7.4122573599485754e-6
4.951207322519258e-7
2.2145195557281974e-9
2.806194658314699e-9
7.376216927187952e-8
3.597760244508522e-7
4.0031923749882996e-8
1.4981595286072136e-6
2.5718015461511776e-6
0.00010726077881148781
0.0002377399833089809
2.8460941887898024e-5
3.5986784444702634e-8
4.379622701538376e-7
6.44129679771717e-6
1.2874245643681446e-5
0.00014915429679808627
2.4113920422967255e-5
8.968972938484313e-7
6.269660034742476e-6
3.957282255016165e-7
5.2779188136324e-8
3.9734380635861054e-10
3.1360282825279725e-9
5.182353357902779e-10
4.284523313777767e-9
1.3449168168198214e-7
2.115638078444649e-9
7.778759372924447e-9
6.37746856738932e-8
2.6627106826297956e-7
3.4051402327406544e-8
7.337986911976869e-7
4.789853021944673e-6
1.9983972446099183e-6
5.286444783700049e-5
1.20164175333195e-6
6.819994717768987e-8
2.5832554974413026e-7
1.976443878337424e-6
1.9141855934543175e-6
4.1630788624514726e-6
6.075762211598956e-5
4.630560472987317e-5
0.00010820129834888332
0.0009127227873964022
9.271526056317584e-5
1.7918431691862445e-6
1.774412395071063e-5
0.00038254276432102497
0.00012335319395594173
0.004159279552679406
0.00014348666062490224
2.6367431860024087e-5
0.0007644769753185146
2.3058490431259916e-5
4.0860083421135537e-7
1.2534132411466953e-6
2.8401564806716083e-7
1.8701367229141617e-6
4.8284428292791935e-6
5.431291221360861e-7
2.1920434671428422e-5
0.00029452154463290633
5.389940261972993e-5
0.0007215768061078983
5.871844339083311e-5
2.871444689946417e-6
0.00013961365904131124
0.0008595802917060289
0.005100070238016656
0.03212914699909004
0.006553830635335385
0.00021056311084816863
0.0009712112220375673
0.00013962137227927832
2.5048540961247512e-5
3.558312521836232e-7
6.738022013302679e-6
3.7488971927840846e-5
4.2693217556531796e-5
0.0006192407506241784
5.631220636492021e-5
4.997160070929491e-5
0.0006373364236084599
8.564830769871804e-5
3.6558004864359645e-5
1.0183358356658108e-6
5.824365984454916e-6
1.0803662051422196e-6
5.094112267223946e-7
2.602596405211572e-7
2.671857483823919e-9
5.431013824061942e-8
5.9189593068748596e-9
5.069160069637394e-8
3.185844017769416e-6
4.893949724420689e-9
5.8283054066549536e-8
2.624451456140488e-7
6.524004430095269e-6
3.1386646654534245e-7
2.448590421153789e-6
0.00016126160872472365
6.5340595513572355e-6
0.0002029092360079219
6.0122539909125e-6
1.08529468708033e-7
3.4268754832683624e-7
3.682870429723334e-6
4.308585209732367e-5
2.2620097978918808e-6
4.384821101984559e-5
0.0008389636785326634
0.00031614828932166443
0.0036610146581606143
0.0007293942817104546
7.803731027650643e-6
0.0003047479440867832
0.0008063051852516121
0.0008293613000807157
0.04341140523956683
0.0009756016173775762
3.281137903131209e-5
0.000672229809755484
0.0006517359523908198
6.179246823785348e-6
2.6752188076636655e-6
7.701640906058806e-6
0.0001046212976412926
0.00020722450391420235
4.703206617684865e-5
0.000996779732052276
0.00383615884720981
0.0007557077614372775
0.045847095333187364
0.0006051459558120874
0.00017742816595742452
0.003965174086090596
0.04225228151914614
0.03145258207689826
0.5022493878482963
0.032391461012207225
0.0027534467562989346
0.042277949425832316
0.003897693412597859
0.00015656917307509932
2.6749045455135652e-5
0.0005316624653537917
0.0033631648506983044
0.0006073146741779976
0.045136021437985833
0.0007266775230888215
0.0003914459875396301
0.0035453941963246196
0.0008004435583600411
0.0003648870775606898
3.442286938357807e-5
0.00020933587090432842
4.383571464497767e-5
6.822868160509874e-6
4.2697408991391304e-6
2.858020741946842e-7
4.202723086455911e-6
1.0286199395735218e-5
3.1195910111301665e-5
6.688888228691304e-6
6.59082095025468e-5
0.0005722158792037397
4.515219889865955e-5
0.0036001931865562485
4.00404525705815e-5
8.687438101327743e-6
0.00046564341499796114
0.0007020476965505477
0.0010045307321812041
0.04407508180829197
0.0009071540534034279
4.186088324691179e-5
0.0007676536448811352
0.0003429576422716348
7.415186161428623e-6
5.507140448014093e-6
8.353211089683733e-5
0.0006427994980983729
0.0004249389813243462
0.004142152549561119
0.0003221537216295586
7.576748066006966e-5
0.0008278400367136482
4.406320846857673e-5
3.265270380509145e-6
1.3750678486118226e-5
0.00020832475298440136
5.897857798295824e-6
2.7527838868928745e-7
2.7814973141164568e-8
1.0856319747331902e-6
5.462082438744931e-6
3.3376990606496944e-5
6.617186061289535e-6
0.00021547632786439618
5.085794601489777e-6
3.278800876106755e-6
4.4343353364917756e-5
1.8125955577978283e-6
4.6418031245864196e-7
4.177611652993273e-6
7.38768021283584e-6
2.91225438914873e-7
1.2375921860114525e-7
7.90275895460108e-9
3.899773394699194e-7
3.3499650935177684e-6
1.3197210313865484e-7
9.280762535868872e-9
1.544387449883622e-7
5.300988875521693e-9
3.414778258030477e-10
4.639647113863116e-9
4.360872713162483e-9
1.997146661887423e-8
4.086339032646573e-7
3.347372243034371e-9
9.098659292991323e-9
9.549948294761389e-8
4.5692844451567695e-6
3.692328421955203e-8
2.219624487691722e-6
1.2749970526164498e-5
2.213660083994857e-6
3.0163018995765633e-5
8.334648847207675e-7
1.4020984772873403e-8
3.2549247764880464e-8
4.5742973332244683e-7
2.8053677102855202e-6
3.321626694596969e-7
1.140015432842451e-5
7.13431938011427e-5
8.817999272588064e-5
0.00033052262930813705
4.108254122886103e-5
2.0853515049549812e-7
8.061798173726021e-6
3.8121496377261996e-5
0.0001816328146629837
0.0027159216862520253
0.0002102177321732552
3.998052710011932e-6
3.409434157820205e-5
2.2117068342470435e-5
8.242190073932038e-7
1.9153131830145713e-7
5.234557312058035e-7
3.05139225630277e-6
7.08021331413073e-6
9.065866032635407e-7
4.333830828166053e-5
0.0004667956970310462
6.386532841626497e-5
0.0006265399141261444
4.387877321128795e-5
5.228571782142865e-6
0.00020200038248087255
0.0009730638035710354
0.0072955222044023445
0.03163533055842875
0.005158461322049876
0.00018503473525712964
0.0008205169862472533
0.0001242810904719431
1.3271148142192385e-5
5.297415181359052e-7
9.388750733130117e-6
4.159675813898076e-5
6.260084959518572e-5
0.0007432563236632945
5.806064147207612e-5
0.00012949968498191666
0.0003040632571157182
0.00011948379148501938
0.00013359288058847364
2.9795908535963874e-6
6.556919145424166e-6
1.935767319816238e-6
1.9952020847616744e-6
3.2478860737514657e-7
2.4013735599854974e-7
5.724416259345045e-7
1.1945601149067821e-5
4.80767121664833e-6
1.633183565441783e-6
1.5895818442319406e-5
8.657819739276776e-5
8.707495611100225e-6
0.00061342825596996
6.437717614834747e-6
2.6146415465528487e-6
1.78057241595744e-5
0.0004484405305794522
0.00019872634610619083
0.0036027820783756928
0.00013370370561078965
7.944229372798547e-6
0.00026405359775011177
1.6634043575783027e-5
4.403771341984895e-7
2.105077419869856e-6
4.097616743186808e-5
6.660832293189116e-5
4.771815501221822e-5
0.0009033786712277998
2.5097274714723528e-5
1.0557467551624166e-5
4.289859434515582e-5
5.158056865806401e-5
1.7236212840414788e-6
2.1364986272198046e-6
2.3847679720785194e-6
6.504811848068817e-7
1.0482052276216014e-7
6.6964110387833006e-9
3.786987505913489e-6
3.1959631370770895e-5
1.0100184296009145e-5
3.363502254579068e-6
9.016791168602456e-5
1.689987077710171e-6
4.87171737874087e-7
3.433817000264552e-6
1.6578640046836849e-6
8.948567004432947e-8
1.0471809160598787e-7
2.6189049394549816e-7
6.601135287944908e-8
7.028636844467721e-9
4.62855689632779e-10
2.5001105198034504e-8
6.97558199116836e-8
5.64517961748062e-9
3.050217977969615e-10
2.9342652351316293e-10
1.1266699926004741e-11
3.3214538752872544e-8
1.3252602019058003e-7
2.8060248824501685e-6
9.593143346542071e-7
1.0307982870059393e-7
1.4407800983334579e-6
4.982668647613916e-6
5.771779927165086e-7
3.62370347987318e-5
4.4430083549205445e-7
4.946609415415123e-8
2.410025855607545e-6
8.550187424475025e-6
5.6061311561315674e-6
0.0002156894775706981
3.2175595020090177e-6
1.980320580873087e-7
7.073959690384898e-6
1.5679996929845532e-6
3.13773661416094e-8
1.0600396745777529e-7
1.4517872244113931e-6
7.704580002651709e-6
9.965369084105441e-7
4.364501432982134e-5
5.804586659356816e-7
3.1305716128866644e-7
2.2886501621880774e-6
3.89847509607799e-6
4.8657095452790426e-8
3.675206405385565e-8
3.412728011006548e-7
3.5147802073505335e-8
8.326672433031923e-9
3.1275040533648133e-10
1.9542674047046833e-7
7.357466743523023e-7
5.9346209957956874e-6
1.5361297138035233e-6
7.834797955543004e-6
2.397847962806291e-7
5.511518852831031e-8
3.4961504757569093e-7
2.413531794483783e-7
2.790272710699973e-9
1.2384002259208772e-8
7.897761637511932e-8
8.125547184673118e-9
4.512799563304782e-10
1.9748663934328423e-11
4.963561771883838e-9
6.337188365385864e-9
4.6097913549148897e-10
1.0081583587476716e-10
2.4683605459397613e-11
1.7697588205856905e-12
3.861977510873243e-8
2.0350499491902093e-7
3.188849840887136e-7
2.2949918304811032e-7
3.0045784957098403e-6
1.35088013323938e-6
1.7574762923298815e-8
1.2393881249722275e-7
6.801741825983731e-8
2.473782625865898e-9
5.449597505775407e-9
7.148385317097747e-9
2.272530589952944e-9
1.148656767833909e-10
1.4358086122002905e-12
7.271392882739112e-9
8.721123250494605e-8
5.01260783403641e-9
5.2288127527477036e-11
3.1689559419725265e-13
1.2450990213935587e-13
5.291330753827677e-10
4.273180178093101e-9
6.134401870706587e-10
4.6966209020536526e-11
4.610795199902613e-13
7.088774052000615e-15
7.547097940454539e-16
