1.6452752694702474e-20
1.007971450768315e-18
1.1420690608452705e-18
2.0392690069900093e-16
2.9388392162320527e-14
3.0068300768208103e-13
1.6353224360271198e-18
4.951060742386428e-17
1.9320732982020693e-15
6.855513030110415e-14
1.1738749970681684e-13
2.800361860971363e-16
6.948577438443358e-14
1.2226307081769065e-12
4.766959996906934e-12
7.91759449817219e-12
7.882719000563763e-11
1.1972001503200071e-10
3.3013885912758016e-9
2.0266453220822e-8
2.1124958310094504e-9
5.631224140306098e-17
1.726884718054252e-15
2.897753341381976e-14
2.1716235795396403e-12
3.7519476545385856e-12
1.8694298986122876e-14
2.0438539788937503e-12
3.592000748657408e-11
1.441067059633305e-10
1.275195074322196e-10
1.5266578070627606e-9
4.033661372050965e-9
1.6815415701143723e-8
2.3186965346280126e-7
1.016888756801929e-8
6.647712813430526e-13
1.125419210434161e-11
2.6012506243170377e-10
2.3313323213098947e-9
6.942523790899282e-10
2.6432785941526004e-8
1.1511522999990559e-7
6.02611412945348e-7
3.7770959878689175e-6
3.3916268078498525e-7
4.924356617425948e-10
5.543054733731611e-8
8.291948896728006e-7
5.54047841953868e-6
4.5681376827332743e-5
5.0380811260942235e-6
7.074402284217585e-8
1.6637992417417706e-6
4.250457414994554e-8
4.053963182095047e-9
4.863066062101598e-15
8.359726210215899e-15
3.7649168680284205e-13
6.21910281711494e-12
3.731444949347631e-10
6.016000186538706e-13
9.085941496055605e-12
3.630370391115612e-10
5.537475166811881e-9
1.1456068715040252e-10
6.8711810645211786e-9
1.9391060650038553e-7
9.345794289009686e-8
6.163370718607318e-6
1.367183260231946e-7
5.1286566766365887e-11
8.196759580192174e-10
2.36404898827417e-8
1.0367951573265256e-7
1.5179205821287327e-8
3.327814699252085e-7
5.264704206864487e-6
4.221971014333145e-6
0.0001445674463502948
1.3971550711599067e-5
4.031053010569236e-8
1.6600171497026727e-6
8.697538271752171e-5
3.7047836526395625e-5
0.0019711115630351205
3.5710972840418054e-5
2.611559345812702e-6
0.00028159309888154283
3.904861255265229e-6
4.292092591036586e-8
5.137212320032915e-10
3.780651390311135e-9
4.1682385664921535e-8
8.162154444514283e-7
4.8284166990188706e-8
2.8802374469387497e-6
6.985451298087064e-5
2.2725051725496113e-5
0.00023832336308385774
1.537630631606234e-5
4.2034844728869583e-7
5.653862019770955e-5
0.0003561450740686436
0.004998649951529653
0.026132570705432307
0.004092644959286947
6.936134326321035e-5
0.0003624076294340668
3.937344891279376e-5
5.561908439720289e-6
1.8628967498934057e-8
6.252856579576073e-7
8.13623321692103e-6
1.3111545706055602e-5
0.0002312385445867199
1.5856920637234316e-5
1.168875202672162e-5
0.00026041249912970806
1.0937486526000218e-5
3.683928629628012e-7
9.843679783249506e-8
1.6176965491232487e-6
1.0749162614607478e-7
8.09331884554859e-9
2.8137429777437452e-9
1.9375526480143156e-13
2.437216004471569e-13
8.032157424505848e-12
1.5570569466239507e-10
2.1612115359281785e-8
4.0514666234305516e-12
1.5096158552641794e-10
6.331806030663044e-9
2.3515494255001975e-7
2.2936721513525365e-9
1.163575792488283e-7
5.846282882878678e-6
9.951667658294952e-7
6.130748643450021e-5
1.8559567911831996e-6
4.4763208270303935e-10
6.025626168658251e-9
1.5710879830625317e-7
5.480709339179105e-6
1.2263359104200813e-7
6.199827209474088e-6
0.00016025755220861398
9.053143767174282e-5
0.0018778028729683359
0.0003867233143174048
7.387010840512181e-7
8.797421980910108e-5
0.0002958390758846148
0.00032952425158945867
0.033916037254244955
0.00035981040132789866
8.215084783516369e-6
0.0002498176570757708
0.00031714698530120697
1.7431591761752365e-6
3.0580600689743236e-8
2.594747068110403e-7
4.974014338856247e-6
5.951243201697318e-5
7.94398306353408e-6
0.0001852826150796701
0.0017940307557866649
0.00026522923349718195
0.03515459269892436
0.0002309749350508499
5.65113129720484e-5
0.0022280579159553184
0.033647872003308696
0.026384266709199092
0.6391945427768508
0.02678669268653776
0.0014456793844491703
0.03378347600210635
0.002165549147863472
5.2206241719501424e-5
3.3000660526636555e-6
9.408748811203188e-5
0.0018006088998616437
0.00023076338444452945
0.03532226916445669
0.0002538428570031969
9.105895785851933e-5
0.0024684492990300765
0.0001931926100800742
4.135244820970543e-6
2.8995455775728293e-6
5.869647262552921e-5
5.945214823669968e-6
2.053161517105776e-7
1.5396986632131372e-8
1.44950735242701e-8
3.335376652754256e-8
1.3354486495639263e-6
3.1389135600582265e-6
1.053476646644427e-7
8.73839537604993e-6
0.00013024004796233622
1.0959559616885375e-5
0.0017745453661289175
8.752279671419497e-6
1.8808898250718908e-6
0.00025077222436887105
0.0002463588521659369
0.000391910858810829
0.03360844275676814
0.0003593952490826735
7.286759246905397e-6
0.0002989544435904914
7.179861027611411e-5
8.5860632583746e-7
4.779153727359134e-7
1.8042610776011586e-5
0.00013722213114927267
0.00027937111637417624
0.0021962743765850242
9.05645023077692e-5
9.352564464574611e-6
0.00016402544176750896
4.567548823616362e-6
7.859871539877626e-8
9.661059619666523e-7
5.697217826944752e-6
1.6816340072056962e-7
3.7009164873965325e-9
1.053324298606851e-10
1.5335437685473342e-8
6.32785270749817e-7
3.1765653428138242e-6
1.9363288544827277e-6
5.734472174038926e-5
8.16327472391884e-7
1.2616702451501586e-7
5.696294125745053e-6
1.243807617685408e-7
2.2565554297467686e-9
8.354188062350338e-8
3.2033824734612563e-7
8.507729540426445e-9
1.616494222953282e-10
5.112823977632288e-12
7.057999644528366e-8
2.1868059560820458e-8
3.6971382298343033e-10
3.561438854209785e-12
1.4653185419997037e-13
1.7924682978229698e-13
9.217186266064727e-14
1.1156598518593476e-12
2.430965785002148e-10
3.8385434020114693e-10
7.965580416601253e-8
1.1351876009045264e-12
2.777794034348346e-10
3.3895222826462806e-9
9.081954672601035e-8
5.1692475910583564e-9
1.3532694710587033e-7
9.063002971863084e-7
1.616584898643099e-7
2.630155961547328e-6
9.657943192149251e-8
3.882190762399752e-11
1.0237783929862962e-9
1.0017383330353076e-8
1.0514049876619983e-7
5.7958057420122985e-9
1.6539492711221263e-6
8.166596321941978e-6
1.9211828496028977e-5
6.331193960563118e-5
1.2668810671296847e-5
8.54038288161176e-9
1.2379371737247338e-6
7.700880694804087e-6
5.04217745966488e-5
0.00127642812802099
6.86240846351796e-5
5.227472015289738e-7
6.666440477163998e-6
3.447251418439306e-6
6.14883354838969e-8
1.0790674432977684e-9
1.5221855478255987e-8
7.826502710548355e-8
1.8842591212174162e-6
5.56489429072992e-8
5.1776880436426205e-6
0.0002838851468663591
1.4411625041457094e-5
0.00022870686490854503
1.1914158390959712e-5
5.845160388977808e-7
5.062728974909801e-5
0.00038014596943171906
0.0037127911255865572
0.02407797324558461
0.004377760973095968
5.000890002321132e-5
0.00031933502684490365
3.484311089257051e-5
4.930904174869036e-6
2.0339589938110542e-8
7.728255011079316e-7
1.1242361703768252e-5
1.482956423065214e-5
0.0002617641761141798
2.210320518634038e-5
1.850219228594208e-5
9.649860046010564e-5
4.911704899825545e-6
5.398112316410179e-7
1.7286460157932468e-7
1.0353215467971206e-6
1.0242751114921021e-7
1.2653831996651356e-8
4.0989598009434884e-9
8.118763572819057e-10
4.4460970523060125e-9
1.0904388598688144e-7
6.44898858914709e-7
5.506972693485713e-8
1.9435435930136967e-6
1.6706987871112338e-5
8.105345204689341e-7
0.00012788513367922963
5.755343449772636e-7
1.2254232844000356e-7
2.281643269450514e-6
0.00017303895373930276
4.939578798270586e-5
0.0017283153277078231
4.714826145096329e-5
1.0011340179700641e-6
5.543988850530562e-5
1.4369494934600848e-6
4.7944709837102723e-8
3.2968339082414764e-8
3.0441904911423023e-6
8.14811928213292e-6
4.877484933064696e-6
0.00020074816619779272
2.8790140478305235e-6
1.1764002589466205e-6
5.2152608591116545e-6
3.3178638410850264e-7
2.6975133854904614e-8
8.358973914804353e-8
9.510439267626227e-8
6.093492752672731e-9
1.7567260338221085e-9
1.6227962994573547e-10
1.9688894121394437e-8
1.817309608862308e-7
9.870256621436997e-7
7.82429929181507e-8
6.061193831515421e-6
4.609605601408404e-8
8.866969636617502e-9
1.6722191461905614e-7
2.479046793663379e-8
2.567273403015581e-10
2.48154081474797e-9
6.468804800992921e-9
3.699874164224982e-10
3.907928262876302e-11
1.6543486090850272e-12
3.504182257623466e-10
1.49764646286774e-10
6.0070725767800786e-12
1.3765381679524469e-12
4.7317813434447766e-14
1.2527647002020682e-14
2.0627847873127072e-10
2.0083217056754006e-10
4.605194679493108e-8
1.680614180442931e-8
7.075449898775711e-10
3.643047089826649e-8
3.928925447280687e-7
1.9706840314355736e-8
3.3280781921890464e-6
2.161027021444338e-8
2.5213348081762915e-9
1.8962813809880312e-7
1.5355844598596048e-6
5.900872022663374e-7
5.727036523830332e-5
4.145961245420072e-7
8.144451975591503e-9
6.674974682572552e-7
3.957403548998381e-8
5.310319965287211e-10
6.70287780089807e-10
5.955154005026831e-8
9.578306864393732e-8
6.718191750184249e-8
8.910480107339526e-6
4.628602618074346e-8
5.368772368452673e-9
1.343031620724775e-7
1.5781706927646083e-8
9.174574476848661e-10
4.159546684692011e-9
1.98297010663256e-9
1.1803807984946643e-10
1.808509479941731e-10
6.026913850747023e-12
2.428782605562819e-10
5.816849229728912e-9
2.579354343457392e-8
2.2938970469154703e-8
2.612477893046656e-7
5.8787398334858964e-9
1.0684177756672176e-9
6.246197688690832e-9
7.254258897451631e-10
1.3147769101433498e-11
2.6943411746965675e-10
1.3726674290803612e-10
8.5908443373505e-12
2.509799777549154e-12
1.2853713059057793e-13
2.644875059648563e-10
7.87964399543073e-12
3.651238835135712e-13
3.26414139630483e-14
1.9279162281935904e-15
1.1900063432917906e-16
4.0245004662278886e-10
9.986747352607512e-10
1.2509935133586529e-8
9.63889345953186e-10
3.1382648219404665e-8
4.815997114825835e-10
3.14662665590512e-11
4.728262338665028e-10
4.726151748193732e-11
6.841686182323527e-13
1.0784267261207962e-12
4.0703393554806175e-12
5.645217405754933e-13
2.1570934008180505e-14
3.967927480788173e-16
1.3340039264338645e-12
1.9964768647184132e-13
7.662996900444741e-15
2.500043606575932e-15
7.242063245185933e-17
8.507035726845172e-19
1.2605698889508238e-13
2.486107587602149e-13
6.148448138268498e-15
7.480088421346819e-17
1.816100102554553e-18
1.0685491314483702e-18
1.7572744546410865e-20
