3.6710910957562395e-22
1.0941107085684756e-20
1.7057830423395796e-19
3.523907695836756e-17
6.245028914507994e-16
1.6715684109141655e-15
1.3599514829152374e-19
1.0042037793838918e-17
2.6246420792635652e-15
3.142682064505418e-14
1.7561108063890383e-14
1.7684704948574283e-16
6.878357267065883e-14
8.330241589246043e-13
1.0254130662645116e-12
5.437373335724938e-12
1.2055583030575225e-10
3.7311805209043514e-11
8.340016910480335e-10
6.138025205308427e-9
5.198654144080081e-10
6.163576799502732e-18
6.687749313185606e-16
1.7725972584891179e-13
1.5197389936513676e-12
1.0824344355057174e-12
3.152706638440366e-14
1.4382606407387348e-11
1.5154081122272733e-10
5.7326065160921714e-11
1.8410786412804441e-9
3.064993186659333e-8
3.0699021873766243e-9
1.0416788251358235e-8
1.991718904513736e-7
6.300994805643126e-9
1.8303871713391876e-13
5.294305243823257e-11
6.087790133856844e-10
7.521405572507374e-10
4.052062604782822e-9
9.984796289042511e-8
4.997753069231546e-8
1.886757671606439e-7
1.710872008641342e-6
1.3924755636734102e-7
3.2603373113673474e-10
3.6724413064607777e-8
5.543387398715487e-7
3.924680291755052e-6
3.9934613653714914e-5
3.4892062124689306e-6
4.5058730558503734e-8
1.3934369514101242e-6
2.636511607187471e-8
2.1712961092410858e-9
7.24312573817298e-17
2.2672849849261196e-15
3.811779281552894e-14
1.2412859175911013e-12
1.3466114468872711e-10
1.0237417154561627e-13
2.2354067774062093e-12
1.13143267473335e-10
3.155343133808674e-9
4.375957825485348e-11
2.583189008267989e-9
8.808844973291458e-8
5.088127787641835e-8
3.877187462126174e-6
6.428509273812168e-8
9.460947720774168e-12
1.5965176514531187e-10
3.6413373722614736e-9
8.51799550944056e-8
4.885568644634855e-9
1.3544027611111717e-7
3.48515275831925e-6
2.8171548059519856e-6
0.00012194431901687941
6.340485825612919e-6
2.1854122954993405e-8
1.1100717557866654e-6
7.991278735978755e-5
2.7289924824313386e-5
0.002437478975601372
2.9838974812775373e-5
5.6528449406278906e-6
0.0003179944677581516
3.1838693204009877e-6
2.3824785357177115e-8
2.4852312463716265e-10
2.604982661567852e-9
2.1038227168073557e-8
5.620961284444194e-7
2.6859833859504055e-8
1.7959050551822273e-6
6.920244788550049e-5
1.2407880416075144e-5
0.00019629099204918185
1.0290831069217582e-5
2.687708825850872e-7
3.8114496104943884e-5
0.0002868999920614069
0.0038708471778984626
0.025099824397987476
0.0032003763343332347
4.510830070250584e-5
0.0002681569010439361
2.7404635295623542e-5
3.61601755438134e-6
7.270066117166847e-9
4.749519221073107e-7
4.7657123212224004e-6
1.1953802321590549e-5
0.00020540168684340834
1.1596203315716572e-5
1.0192806042901544e-5
0.0002491531623319715
7.868861980860033e-6
1.5121020609217817e-7
6.62151946576302e-8
1.6442812570770922e-6
9.265900717433614e-8
6.722484810613216e-9
3.658922112003855e-10
5.531393591378568e-15
2.522494973056188e-14
1.1205042710604081e-12
4.02641317464015e-11
9.564634047934798e-9
1.1004914735334228e-12
5.388655902736096e-11
3.20758849635332e-9
1.9892605138973515e-7
8.278178231689354e-10
5.706507818498814e-8
2.146863494877202e-6
5.78270933972251e-7
4.079686366071915e-5
1.2476472634289296e-6
1.2867975634730812e-10
3.213100090628694e-9
1.0024985270677745e-7
5.388065418288471e-6
6.489024937832204e-8
3.382349463295317e-6
0.00014784680061616276
7.412159792699941e-5
0.0019099487267193924
0.000197266000818498
4.87995050585703e-7
6.042910886277814e-5
0.00023134041160922245
0.0002705673141524862
0.031529302812535555
0.0002716059864584433
4.360432517159425e-6
0.00019728068288713343
0.00023905878484246158
1.0264047405645236e-6
9.024943555922131e-9
1.6223240561125599e-7
2.2581818627745526e-6
4.4159145458441125e-5
4.613054540521541e-6
0.0001220778190714613
0.0018879562048486952
0.00017768805197521228
0.033126642230917554
0.00019065043289597736
4.234240118264731e-5
0.0016873854711217386
0.03167542987542592
0.024550747235480494
0.6660729564802174
0.024157497837028436
0.0009245056822058176
0.029470516547212156
0.0016713452081076512
3.6352049876491345e-5
1.597600680343079e-6
0.00010498522410458062
0.0012934838190264326
0.00018586574759834625
0.03549412997635496
0.00022170842221361356
6.8603947990696e-5
0.001955789204752219
0.00014220162668311464
1.792124710065254e-6
1.5421294653680372e-6
4.2712362754116994e-5
5.077506541768967e-6
2.3601385054755793e-7
6.966431123522471e-9
5.301640379646307e-10
8.837078393595415e-9
4.5296386912416794e-7
1.6346780964906758e-6
8.348912188661607e-8
5.1214119575195385e-6
0.00010174173741159522
6.130609744943295e-6
0.0011996896502223502
4.107982132124871e-6
1.3538136713949916e-6
0.00018271950197560903
0.00020754991456471277
0.0002870664284322915
0.03157578569326695
0.0002761950197718607
4.4864565023968825e-6
0.00021118939631145856
6.764930757598256e-5
5.455511296530589e-7
4.041642785313258e-7
1.0127177641846176e-5
9.586091156728832e-5
0.00011858096723616703
0.0018729782647320273
6.16401200797215e-5
4.289132306955424e-6
0.0001325728039844056
3.2111235579530174e-6
5.081158968266514e-8
4.93255404001863e-7
2.128061443809075e-6
8.378793104818843e-8
1.9763969954733432e-9
3.4118856950916395e-11
8.296479014982751e-9
3.14399979937578e-7
1.7335689362611392e-6
1.1444988877795872e-6
4.5815133895102993e-5
5.081181777098011e-7
7.731649845461358e-8
6.282779652508473e-6
7.700210013703367e-8
7.392224074425369e-10
5.394211388118485e-9
2.2773374748705573e-7
4.260380046095985e-9
6.320423360659876e-11
9.277407197885088e-13
6.11878854921577e-10
9.208303550202886e-9
1.277140106710634e-10
1.1021889038877238e-12
1.4868864902826823e-14
2.4935853698451833e-15
3.7868849930842846e-13
3.7155113124994877e-13
2.327120715199011e-12
9.38057197349654e-11
7.330346267092276e-10
4.1046217946205617e-13
2.3990596478195016e-11
6.935492060705874e-10
5.407028572109199e-9
1.5743514483284482e-10
5.101734117352482e-8
7.263076095999265e-7
9.40169895716761e-8
1.7661987912572315e-6
5.78978973515411e-8
8.970067612729157e-12
3.614458771008716e-10
5.35474686291485e-9
7.063596098747114e-8
2.3294412406479317e-9
7.701972754715921e-7
4.790425959343843e-6
9.835114441653379e-6
6.505001711505957e-5
7.591506038604844e-6
4.76090305196604e-9
7.307544359944015e-7
5.244387039102683e-6
3.61798772650768e-5
0.0011073519849108876
5.256916633839836e-5
2.980994987245573e-7
5.4914114933134985e-6
3.6642797784039787e-6
4.278532053243974e-8
2.926205768801045e-10
6.642398214146373e-9
4.053593295082922e-8
1.1950529356802725e-6
3.0084643542171506e-8
2.6629701275737716e-6
0.0001401242638431719
1.1082263684788663e-5
0.00017687188870259976
1.1964506208364787e-5
3.465594887514997e-7
3.9628831080965136e-5
0.00028175090768947875
0.0033842586223199814
0.023857443748853274
0.00397361215306579
3.602862099138851e-5
0.00025061600341818425
2.3729142346333294e-5
3.9429043628388094e-6
8.631966813838704e-9
6.562323919586854e-7
6.661529256737781e-6
1.1216491590541088e-5
0.00019092316817397538
1.2615815348337529e-5
1.1303084174436342e-5
6.705390881994662e-5
2.6113211260392774e-6
1.9063302456531558e-7
9.224401279641718e-8
5.938259395920212e-7
5.41578135464018e-8
1.7006908594458037e-8
9.91652515568356e-10
1.240579526859822e-10
2.7161607643850804e-9
1.7731549611635077e-7
3.6881305062918383e-7
1.2573864103502978e-8
8.855176238881991e-7
1.131006531089298e-5
4.894915835017174e-7
8.568781437863901e-5
3.861142507647522e-7
1.6274462672157716e-7
1.2136850168268714e-6
0.00021168206775557238
3.823318562277622e-5
0.0017970652338822211
3.656170476437734e-5
7.167116902019151e-7
6.741863345379674e-5
1.1792795119002565e-6
3.40447638361841e-8
2.074217576230616e-8
9.113322425190115e-7
5.2300010797110995e-6
2.222425263581424e-6
0.00010463075199474431
1.6624610373981806e-6
9.22979154334507e-7
3.071463603293985e-6
1.7619165637376074e-7
6.905862493484907e-8
6.777729782206163e-8
5.058391034743054e-8
2.3664538790008003e-9
8.724427232427543e-9
7.182214444168617e-11
1.5704104446757623e-9
1.4224205549686825e-7
3.4685984730542875e-7
3.711768030211729e-8
2.1174440779194445e-6
1.857649233449052e-8
5.727125520391575e-9
8.76362032676797e-8
3.9862296111038174e-9
4.704972579076618e-10
4.4473661228534783e-10
2.762552903840439e-9
1.372410178931419e-10
6.711133124161411e-11
5.293629902827863e-13
1.9860226965431716e-10
1.1827959307771902e-10
3.233456791753272e-12
5.601844124545669e-13
1.6648642572927435e-14
1.0175784182033107e-15
6.642937291322504e-12
7.347116397277407e-11
1.8729472669152167e-9
7.837723242225095e-9
3.438813485713075e-10
1.685412606170401e-8
3.475521017575356e-7
1.1190049063220791e-8
1.8919456245333052e-6
7.527426517155275e-9
2.673235308095787e-9
1.547425267833007e-7
1.6151394219034817e-6
3.3168460289322857e-7
3.9952598743059194e-5
2.6177459783604957e-7
4.440211757924201e-9
4.948672163423355e-7
1.978228377990096e-8
2.5480288198388175e-10
3.070833513816888e-10
1.3505204990676333e-8
9.039729069285816e-8
1.9237865916813086e-8
3.406995059944015e-6
1.8471609868139853e-8
2.655824979070813e-9
6.332258897612822e-8
4.752701607570869e-9
2.426824597518751e-9
1.9244767929776721e-10
8.578119424640867e-10
4.1270873459409246e-11
1.0540232351009848e-9
3.192292872380198e-12
7.178448929978097e-11
3.5283154573724737e-9
7.503119069691011e-9
4.110929940384137e-9
1.7992094520994476e-7
2.085326234433749e-9
3.7665866719175634e-10
3.1924430232296233e-9
1.6765810021979898e-10
3.199812870359546e-11
2.962578806302211e-11
5.817131892952813e-11
2.2098535656863328e-12
1.2161599565424812e-11
6.095085133407176e-14
3.2458746063295384e-12
1.3334031167225179e-12
4.096369901443304e-14
1.0325338299620599e-13
1.968721327897817e-15
3.0370799852383853e-17
8.186006904976445e-12
1.6821320183030574e-10
7.254305609701585e-10
2.2047074495524818e-10
1.028690318569118e-8
1.8879507090093565e-10
8.048378897238639e-12
1.3511314427705569e-10
8.301743760318028e-12
1.249169291533809e-13
4.866602678645637e-13
1.1201438468260984e-12
8.524794128659257e-14
2.929141817272828e-14
1.666854588474755e-16
4.2954941056224913e-13
3.9797819277979733e-14
3.4424394031454713e-15
5.392098331987933e-16
1.0585235665440496e-17
3.3036713340099776e-19
3.515342254078247e-13
5.392358463149022e-15
8.423813687084358e-17
3.50973278895405e-18
1.1899535290647653e-19
8.191088933194708e-21
3.2272387393299694e-22
