3.620320845774896e-19
3.31906124456526e-17
8.79435497915999e-17
6.303418572734206e-14
5.729114666247255e-14
1.6080462654233365e-12
1.8059642674274117e-15
2.8180435261448376e-15
2.369185414657797e-12
2.099413205160632e-13
1.030116383254561e-11
5.407909546004684e-15
5.166562177361414e-13
4.990266311123e-12
2.0391668911481736e-11
3.9283977753724254e-11
1.0638633070111691e-9
5.050231792009444e-10
2.794788360365585e-9
3.229005919724136e-8
1.8438346660331873e-9
1.192900097605798e-14
6.4351952847962145e-15
5.999573907457867e-13
1.5548547837349585e-12
1.9980572764387774e-11
5.695010712378234e-13
1.462949994121488e-11
1.2594146798027027e-10
1.0055135073651496e-9
1.2777832095126621e-9
4.282923502611777e-9
1.9057394906688174e-8
3.094465393280948e-8
4.7589856566973905e-7
1.737162961160668e-8
3.234256767811608e-11
6.554870668390775e-11
3.3242202649614205e-9
5.2379740016732064e-8
3.414720659589608e-9
7.035421164168968e-8
2.521272776968525e-7
6.061892187756193e-6
2.2161376456273574e-5
2.00583468531202e-6
1.7026987272119491e-9
9.13715943301754e-8
1.3171263639345792e-6
6.5485653814294465e-6
6.668107825986581e-5
7.217308421559418e-6
1.0753272786086993e-7
2.23733562353872e-6
6.64498423495241e-8
8.360806804553928e-9
7.498661489894009e-14
2.629865564276599e-13
6.280428612521448e-12
2.600951794732233e-11
1.135625430111374e-9
2.801486127573611e-12
4.750291744028731e-11
1.9023593464389997e-9
2.652322590605802e-8
4.6182705820461925e-10
1.69019717027195e-8
5.275529750782796e-7
2.1301397798822985e-7
1.0873889402868425e-5
2.1302302137511234e-7
1.6721612426485988e-10
4.815285898296905e-9
1.2601337193901993e-7
2.9079030338352907e-7
3.923804873929017e-8
9.832013777132456e-7
9.948204706570117e-6
8.770320498730297e-6
0.00025069525211712107
2.6365900292576592e-5
1.0293175804579802e-7
2.754029394352929e-6
0.00010592481165718882
4.607928414639371e-5
0.0023138370475686574
5.375100910198243e-5
5.919588064147819e-6
0.0004695043356709586
6.851023064095651e-6
7.140826375469404e-8
2.5303359749623134e-9
1.1277053182430824e-8
1.6029194125540996e-7
1.4848406453627248e-6
9.253077433517156e-8
5.6137166781372505e-6
0.00011658417371428849
2.9049539044533232e-5
0.0003377956115257185
2.1842577731496454e-5
7.880054434408277e-7
7.134522642720804e-5
0.0004741780205340596
0.0047825708142286505
0.02859695898124185
0.0043848542760462515
9.714087366061359e-5
0.00046415139415521513
5.5245399568863006e-5
8.249639520533935e-6
4.358948631326917e-8
2.2234226510291607e-6
1.122645552777864e-5
1.9656514594090677e-5
0.0003047873520632136
2.3062840446815722e-5
2.3207492584421464e-5
0.0003695208511536634
2.0456055123827143e-5
1.4431592057347851e-6
2.313224860931499e-7
2.0480751546408916e-6
1.895342972195541e-7
1.5884177120727115e-8
1.9004839786095106e-9
1.0926555195845036e-12
1.0950754101236062e-11
2.00972401063444e-11
4.135954355158371e-10
3.264575284035561e-8
1.605154655691136e-11
6.722234613928595e-10
2.144307547156236e-8
7.773066244660689e-7
1.2065419347661492e-8
3.073416520388364e-7
2.4583061551546823e-5
1.383661992730972e-6
7.442285808798738e-5
2.4072922288058155e-6
8.228445283935366e-10
1.714548025385255e-8
5.047227038962106e-7
1.2349452999721823e-5
2.5177855944898555e-7
9.915654253416598e-6
0.0003233991555543778
0.00012089685876756173
0.0023431341876113815
0.0005166264342091983
1.7729041637360786e-6
0.00010723737193499148
0.00037630063199448467
0.00042286307015256816
0.03463849666115801
0.00046285160367025085
1.0715279233607435e-5
0.0003457383865294243
0.00039830242434519484
1.9538635886093967e-6
2.6957497353259356e-8
4.360910619626968e-7
2.202900798513642e-5
8.197130820781664e-5
1.1026263499032914e-5
0.00021185247516052302
0.0022362807134135984
0.00032158312211149053
0.03915705423441387
0.0003009017328260561
8.346430310807516e-5
0.002147713062349435
0.03677215103949825
0.027141750095130462
0.6091805002243299
0.0278101506992933
0.001511441284498618
0.03580695109483979
0.0023559794181218837
6.950784472915541e-5
7.090635867431374e-6
0.00031754776528579513
0.0017597834978272232
0.00030816076355406126
0.03679616008829503
0.0003409576186608722
0.00019076795846931485
0.0026586655866862718
0.0002493611324870815
1.4591282106641729e-5
5.872178344448529e-6
8.355446207447258e-5
1.1226037323219453e-5
3.780104024620853e-7
3.60329052562048e-8
8.76344906891939e-9
1.004275985247687e-7
1.0804165657389112e-6
5.395235772357224e-6
2.2208462964197537e-7
1.3784566428490124e-5
0.00026578910526974144
1.2822872275971946e-5
0.0017726861625644217
1.0812965932577558e-5
3.43094099812995e-6
0.0003593144885185536
0.00034557867154749863
0.000487758082161673
0.03513318912442406
0.00044849699492466804
1.0818315443213629e-5
0.00036244974338150743
0.00011724840200475366
1.5149675391489503e-6
9.620201800471975e-7
2.624803098763896e-5
0.00023760289742994682
0.00024225765349882684
0.0022380537586703065
0.00010425887837952138
1.2470000180079329e-5
0.0002519504703289762
9.407960542726953e-6
2.806202991941403e-7
1.2630946107212875e-6
2.201583257531346e-5
4.469808581143343e-7
1.4854038341353317e-8
4.3432929775035796e-10
4.5492764418765426e-8
1.017936113663965e-6
5.793706626405515e-6
2.3392893123220648e-6
8.149494400904246e-5
1.5357040357195324e-6
2.038192349021813e-7
1.0424999180285852e-5
2.7692285342553325e-7
2.4812898574967486e-8
1.2021628493568492e-6
5.753171130835109e-7
2.0209808688958142e-8
8.101417595772518e-10
1.865079215804658e-11
3.236106984786259e-8
3.548765295292989e-8
1.0015040929713797e-9
1.660217985878298e-11
1.0245865093398067e-11
1.4154303863206002e-12
5.278416365888804e-13
6.46803572446893e-12
5.359576827891958e-11
7.74934543921194e-10
2.9790808049568593e-8
9.762918163710929e-12
2.4418870956219497e-10
3.2057722285514986e-8
1.0666177061463046e-6
8.082189294867794e-10
9.703509623683919e-8
1.4459313439502637e-6
4.386351825198846e-7
5.668440117432325e-6
2.0340440658958756e-7
3.135058194517069e-10
6.1576135602592065e-9
2.9454070420126607e-8
2.03476717778949e-7
1.0402716531840309e-8
1.393161645335745e-6
1.4230706256733485e-5
3.347833350300766e-5
0.00016490701944448438
2.073352417285613e-5
2.2143534631850576e-8
2.0159984271330796e-6
1.2901323943958708e-5
7.215027939983574e-5
0.0016815631604177766
0.00010203272411040457
8.779823527634909e-7
1.0891475660164662e-5
5.544798116357238e-6
1.254231895767476e-7
3.582842700689311e-9
1.226733646302579e-7
6.243724305665283e-7
2.994312453053556e-6
1.0814901323360768e-7
9.578188279147991e-6
0.00034792257233809485
2.235363574866718e-5
0.00032601714467026763
1.9299838262815077e-5
1.1771138902485804e-6
7.334976728485076e-5
0.0005170229807284631
0.004497166177280284
0.028134512959293603
0.004754876998447957
7.235926050607727e-5
0.0004268835927169036
4.720308595103563e-5
7.003311666949908e-6
6.630427142773318e-8
3.857241725894526e-6
1.2857400180731333e-5
2.2960968715246227e-5
0.0003510858960351379
2.8909881129063705e-5
4.876825086962803e-5
0.00011200355485914826
7.047796591494253e-6
4.6317739478717975e-6
4.96677797180858e-7
1.5480734930246596e-6
2.1711904536909014e-7
2.7537462343008992e-8
2.666030200921484e-9
8.382313533259539e-9
9.669462136347602e-8
2.1178276219834528e-5
1.2297659970995656e-6
7.345108291970438e-7
5.596244530816324e-5
2.7319263585493852e-5
3.1846082217068257e-6
0.0002308742067890361
1.969543473607586e-6
4.520730562507874e-7
6.640120071786254e-6
0.0003020394433089879
7.323887045504495e-5
0.0021349583177904495
7.421295924313631e-5
2.146742977286324e-6
0.00013070350897352814
3.2929002773652333e-6
1.0343661607994915e-7
2.6396411571322725e-7
5.2357813304862686e-5
1.2186245071815423e-5
7.978167159973093e-6
0.00029199892145696365
6.096838498189113e-6
2.5093533931373785e-6
1.029624490640865e-5
1.0717376778402315e-6
6.644282038821044e-8
2.2348615828112167e-7
2.9373623801375057e-7
1.5483537734811183e-8
4.022907345931855e-9
9.065307238504835e-10
1.3416508655402218e-7
6.861100284859261e-6
7.240481506023074e-7
3.741561622570519e-7
2.0428919600821017e-5
1.680667595023536e-7
3.58910102974695e-8
4.86287223722123e-7
1.3362152700724794e-7
2.682948929987945e-9
4.421673576436869e-8
2.152278508112407e-8
1.9239119299772264e-9
1.3580346692803418e-10
4.965196856107539e-12
9.938448971628448e-10
4.087759231272049e-10
2.6209719185839022e-11
1.5059008155598994e-12
1.4588421933514773e-13
4.718060995209176e-14
1.2587092947752266e-9
3.6076728659195573e-9
2.126576866551468e-7
4.495319217660659e-8
2.7006731130918542e-8
2.667065654572146e-7
1.0234896513698598e-6
5.705664948993149e-8
5.751543361931394e-6
3.911441640355292e-8
1.0306433484187816e-8
4.602563752364686e-7
3.223125682170084e-6
1.0748979758824862e-6
7.474990195568856e-5
7.722062681933978e-7
2.2857284173973932e-8
1.7249658601285428e-6
1.2133777713008074e-7
4.313984196708862e-9
3.502218268837535e-8
1.0063451898943386e-6
1.9829746176546857e-7
9.851021895745348e-8
1.081333057486333e-5
9.645261716052193e-8
1.4967730065368923e-8
2.604567884707478e-7
4.316572840651897e-8
4.778239177315257e-9
1.2111657654891416e-9
1.1013555432934448e-8
4.4404574820397037e-10
1.1227677672691046e-9
2.655797812655195e-11
3.920632799782995e-9
7.435329428823955e-8
7.864869658866766e-8
9.964937414374271e-8
3.9608278241356883e-7
1.0095659293384023e-8
5.066372523096322e-9
1.6051362392285524e-8
6.231413539259168e-9
8.033177146710824e-11
3.2748742880647133e-10
6.440304291462111e-10
5.497918968238671e-11
1.2898686464505127e-11
5.187150391101905e-13
5.5047831095700856e-11
2.4978622832680223e-11
4.196260063769381e-12
6.531629574071639e-13
3.0188575937015594e-12
8.141262738027216e-14
1.708772163303352e-9
7.604548425348976e-9
1.0471306843855593e-8
3.584771399965426e-9
2.3123104220764045e-8
2.7214739412851007e-9
3.29388688612895e-10
7.171038355247504e-10
1.6990097737763087e-10
2.5448037532471984e-11
1.0379525141869436e-11
1.4082014154957086e-11
2.8585848368781384e-12
4.704259486485894e-13
5.385946397087125e-15
1.3878664458759918e-11
1.2151906619970995e-11
2.869821853943252e-13
6.2165766813772505e-15
4.073612702247929e-15
1.2522211732413357e-16
6.966922166101767e-13
1.2989971868182927e-12
8.404688650553521e-14
1.2094105094734266e-14
1.939875885341536e-15
3.750274503828665e-17
4.64855407193802e-19
