8.725559427919163e-10
2.1832028718831886e-8
1.7141291358576834e-7
1.1868099263211979e-6
1.2172088587151806e-7
3.250806405765366e-6
2.6483475737571985e-7
9.247937810953388e-7
1.7649532661358126e-5
3.0596984884004388e-6
8.218613163833923e-6
3.8291170954195525e-6
1.709873844843672e-5
8.079298321296709e-6
0.00012166314292134767
7.393006867854148e-5
4.574893579048188e-5
0.00040044679825907727
5.237283107473512e-6
7.50341296860699e-5
3.937942524781025e-5
4.075774818314364e-6
4.408849024250304e-6
0.00011885628481206104
7.870921266104395e-5
3.233238629435583e-5
1.7545863885975402e-5
7.174018622554069e-5
8.992382269255751e-5
0.00016443788398515835
0.0004195201902132626
0.00039406475438988624
0.0007153006997443619
9.273103463205023e-5
0.00022201157789450833
7.233309092091178e-5
2.0878697881391872e-5
3.5086233809278676e-5
0.00015985566918435824
0.0004776989016519264
0.00014648703591496707
0.0002032666250484672
0.0007848025778211847
0.0003305490886502343
0.001345115758022434
0.0006158698009215925
0.0002925220012251575
0.0004592537762023378
0.0006672493605545351
0.0005498344453451178
0.00530146600300109
0.00213927655310633
5.6577539655526284e-5
0.00030178364473120497
0.0002901314403264248
9.303186759776227e-5
1.7605321550045323e-5
1.2660599559882943e-5
0.00010973856815042414
0.0004666666167744822
0.00016009267615398293
3.874359485416087e-5
0.00037712292662762795
0.00111838248768443
0.00023037164940122758
0.0005038530344769619
0.0006437462529877456
0.0013119568010730354
0.0005516899295278607
0.0014777307889203895
0.00019675070339099151
6.467857486369905e-5
0.0001378413774329811
0.0006704720826351078
0.0008721156750220876
0.000883783322718682
0.001659674550802839
0.0018698896326809432
0.001649227697283013
0.003940641468050191
0.001183049500786852
0.001154242360554622
0.001431460130109787
0.0021314059521719934
0.0020270454105254646
0.009629682460829356
0.002690206223615453
0.0013225433489752031
0.0021024322641255426
0.0018125209039608228
0.0002937825204961058
5.007624785606548e-5
6.635897971841472e-5
0.0005193138295517485
0.0010167033803303094
0.00032513110563573425
0.0010469058871684438
0.002170698101654076
0.001015748189393316
0.003863780283089881
0.0011592510291674083
0.0005684787982943559
0.0014206636254063096
0.004205358472809654
0.005284896945306009
0.02792098655627944
0.009727398650919039
0.0024432171682820525
0.0064445393402543134
0.0026667607053282934
0.002068472337274593
0.0005905274368347854
0.0005060035402261261
0.002061946750793239
0.0007507066358779967
0.004951070061749974
0.0011309523176838876
0.0003168202706526275
0.0022182498626459415
0.001242154051402
0.000608415253734977
0.00020254959913270967
0.0003223896532234442
0.00018422949596512178
7.158325050396797e-5
4.051939304960972e-5
1.1003740037448506e-5
1.5249769964714217e-5
0.00012148611538617953
0.00037502852639766305
0.00015641624766078732
3.152414465450507e-5
0.000204783845023939
0.0005719227416726057
0.000280283946987459
0.00042372182826135615
0.0010568255781849458
0.0014173811998560138
0.00062366726742163
0.0034025620418684887
0.0003409722955341074
8.2965267688344e-5
0.00023057526028425187
0.0008845036151426069
0.001482245755557732
0.0008559069972053775
0.0017833740169615523
0.0040523819069213105
0.001732884777851024
0.008196361985315327
0.0021318563338801433
0.0009398326649520634
0.002627757532762616
0.00425511196611847
0.003534691547105868
0.02989810531108247
0.006258536908008112
0.0016683612521298033
0.00389528553912245
0.0020986427891881527
0.000296419748664965
5.559544772881726e-5
0.00020169700098733782
0.002163132733574775
0.004033153763547783
0.0011370271213994895
0.004067449438765061
0.007859061147348108
0.004079334848456382
0.032909110341798976
0.004815184300903001
0.002596022551434337
0.006614947650917199
0.027573857915740244
0.020739634106153315
0.1375409703624944
0.027986286986838086
0.010361836435199754
0.030469439551520112
0.009594299137020049
0.005140641415064464
0.003090810226763309
0.0031799312288266625
0.011937713530924977
0.003891322634936561
0.032426878196862755
0.0036979567078944415
0.0033978282292164066
0.008234353333592598
0.004102622383304209
0.0013989875349052533
0.004071953972583854
0.003527788310944471
0.0014870987867638072
0.00021288827860898424
7.755963211843376e-5
6.23626888943462e-5
8.624661408947735e-5
0.0010445713423317775
0.004912557415227586
0.00031783718633228257
0.0015562703031769265
0.004441101478675773
0.001541804160147905
0.01207260936140949
0.002028682720924567
0.0008919970375416191
0.0017032866579218175
0.004289839355384716
0.00450360410472687
0.027768641092742172
0.004196108018673595
0.0017084617385857033
0.004303315144696238
0.0022095823794852647
0.0006350492637747349
0.0008447345375215321
0.0012375239780323794
0.004552773972971028
0.0015117394349063841
0.007967172282432
0.002294687665859732
0.001547907551725081
0.00412786776053909
0.0019674854504040905
0.000794133975518869
0.0009480617334651554
0.00153467676412703
0.0013788737037610437
0.0007183246862312683
0.0004422043201757677
0.0008708298993137161
0.0008231702584921481
0.004863691158256743
0.0007209102216839963
0.003991890364354704
0.0010961753353564353
0.0003164025730267857
0.0014877279006313448
0.0009254747456820234
0.00048640738842115457
0.0002674280819910025
0.0002728351176857039
0.0002458815264394486
0.00017619781982540126
0.0001332306391779174
7.520353865643641e-5
0.00014580574355526645
0.00014796463928520975
3.199763147014301e-5
8.534651031761507e-6
3.268638631928328e-6
2.3507873399678045e-6
1.3780509494099034e-5
0.0001441223187648629
0.0004158785248315284
7.455724975717532e-5
1.6699524319390992e-5
0.00017048543908113796
0.00045992663315046396
0.00028922324075446646
0.0004349838137152568
0.0011627046012004968
0.0009073286996136432
0.0006871887059210928
0.004184950091974768
0.00021375878657135352
2.9571824973508952e-5
0.00018827917869382533
0.000698226152311122
0.0003188311616277388
0.0006069482504529433
0.0013082846967493707
0.001549196511333522
0.0010703093908475921
0.0034460913829791806
0.00031280386771258116
0.0005862164608561088
0.0013201880184793495
0.0017353074855180606
0.002584197227416084
0.011011715977125155
0.0026065205314614705
0.000921608701034744
0.0016755314522124373
0.001376869745617105
5.875595896448823e-5
5.505706559467522e-5
0.00010299923985606495
0.0008311874577765231
0.0007527710912527567
0.00044381631872204906
0.0015240217703821534
0.0014962578049998634
0.001206296044017521
0.0038355558384488495
0.0007261360864213825
0.001396181067066881
0.0019979336812762515
0.004513279736394956
0.007036952597946337
0.021078085075699405
0.005533951055900894
0.0025324153359561168
0.003471373501706464
0.0019823603417905523
0.0005148569628605803
0.001310875911988366
0.0009356025840106865
0.0015268668301498685
0.0012098870077777181
0.004177032716531448
0.0010602717602508844
0.0011345620991342754
0.001758930636002114
0.0017246009215990624
0.00032510368457242797
0.0007170213024573189
0.0006412166288271997
0.0005608904262893708
8.550911459837193e-5
5.206445745861429e-6
3.8195608522919184e-5
7.142657417043088e-5
0.0009762555682698962
0.0007732261091011058
0.0001276319441765144
0.0012428098801412582
0.0011874270161966005
0.000983962014819179
0.003181635216814136
0.0005320563938945144
0.000501965171782957
0.001350887499105974
0.0017512322839944156
0.002009286230220095
0.006573063305702436
0.0014690774923959058
0.0013659116071612313
0.0026353686621092593
0.0014673244195551446
0.0004972208364753299
0.000933180702361138
0.0012255547940023784
0.0016703961793424732
0.0015730177819476337
0.004077599541878016
0.001089723369927979
0.0012919695207864038
0.0017652847584801
0.0017132111837795023
0.00021904181537440995
0.0010946890677365848
0.0011030099231698098
0.0006811936681809579
0.00040060039796080025
5.290756155593858e-5
0.000636495723536738
0.0010007682869719835
0.0010671008627647033
0.0008478911845189574
0.00221387794051181
0.0005554580060536248
0.0006964207486279478
0.0009331517694095903
0.000729093421147729
0.0002056059119297146
0.0004612242753790232
0.0005873622158865413
0.0013059596913687045
9.770802610295241e-5
7.887895223840604e-6
0.00044596208974454626
0.0004130598340413306
0.0005170032698834135
8.73422425706699e-5
3.181273619335619e-6
1.1824012980981499e-7
8.848978546514605e-6
3.593723063442961e-5
0.0006852225576589985
0.0008623375934759021
3.537634042818537e-5
0.0009684443291851594
0.0008945400114555532
0.0013275894675880504
0.003125087471318404
0.0006033440123651857
3.159203526007994e-5
0.0005473872378689904
0.0008706686735466996
0.0013159182241186242
0.0025067993567590738
0.0005716418197688687
0.0005780225401610527
0.0009553608037819121
0.0012401866065438446
0.0003173572429630816
3.590805781890865e-5
0.00013251363048027165
0.0003268315459014633
0.00044775449554170974
0.0011425528452341713
0.0003394175744575489
0.0005939693120325568
0.0008191965403548097
0.0008282121776170511
0.0001440906821767184
0.0004301046234904313
0.0004022837205526041
0.0005385966240102618
0.0003978276475342577
7.600831002262084e-5
3.682459953896933e-5
7.09063538033794e-5
8.622304645635638e-5
0.00010498876171171161
0.00020704521252813652
6.986384968564588e-5
0.0001978107819203072
0.00023277944343441927
0.0001479515999173733
3.8362477491595264e-5
0.00016687042846112086
0.00021099240357325347
0.00040189314936283564
6.81349067710941e-5
1.6554994338544487e-5
0.00016539084746040143
0.00012978305190421293
0.00010836724671035161
0.00012085435410773122
1.722228270529005e-5
1.1381050242604622e-6
8.608496413959717e-6
3.480056386605294e-5
6.593843465728005e-5
5.213786672052472e-5
5.695280970096475e-5
5.176285597410482e-5
3.0054743323464637e-5
8.407030733951137e-5
6.6047268074759e-5
2.2102688741330098e-5
1.636113524597727e-5
3.215927345216666e-5
4.102387406174915e-5
2.059800397974619e-5
3.868977673185583e-6
1.3276811470521903e-5
1.5630562684318415e-5
1.3281094172930813e-5
4.5949475187201665e-6
8.7601195555808e-7
1.4899086386637753e-7
2.4461486824421384e-6
1.0450306828618517e-5
1.6166260762887805e-5
4.0228081762572785e-6
2.588683138323266e-7
2.1392492126803233e-8
8.530679656126037e-10
