8.350701050267302e-18
2.2721114102043274e-16
8.075953970299776e-16
1.0936859161422761e-13
4.0655827800918265e-13
4.9306295079229775e-12
3.1178882813058722e-15
2.0492513063547768e-14
4.5013113941511456e-12
6.717595283670452e-12
4.434924571160394e-11
2.366018197390463e-13
5.721230326333669e-11
1.2726279877255074e-10
7.607860782212289e-10
2.011001183664139e-10
1.8095355783795163e-9
5.840177862079782e-9
9.935626411833568e-8
8.88046785761306e-7
9.449836786066683e-8
2.9632520514982866e-14
9.79206928982539e-13
1.8267070976603343e-11
5.80358991774629e-10
6.482128145893162e-10
9.001450144103622e-12
1.0299060199716397e-10
4.390496704251708e-9
1.2283572336385308e-8
5.396711586962324e-9
2.1581690365171343e-8
6.723016996970507e-8
1.1835370108582812e-7
1.7435947680282373e-6
8.490636154092247e-8
1.7395542288075828e-10
5.621563905692224e-10
5.779213600271797e-8
1.0240211783709754e-7
2.4672492977685383e-8
3.2785648459494046e-7
1.064495511429607e-6
9.173241971912938e-6
5.209119098215754e-5
7.0876363640830455e-6
1.3558988219987584e-8
2.23863627752113e-7
3.4816339451450553e-6
9.414832373424339e-6
0.00011165673785789103
1.5243060926714907e-5
3.2797646781449005e-7
5.434911911070912e-6
2.163839768381406e-7
2.4996993967024538e-8
4.646020203620004e-13
1.693342238387372e-11
1.1234767394243957e-10
8.419074032952362e-9
3.5149131601767005e-8
4.945222789410732e-10
6.046448918817258e-10
1.8702765274176806e-8
7.568698923109253e-8
5.652361147180448e-9
1.0170746409435702e-7
1.8661273052131961e-6
6.406913059082377e-7
2.5968489513899013e-5
5.681151466453865e-7
4.8482134747103474e-9
2.7193663099177384e-8
3.761470248019604e-7
1.1868206569231812e-6
6.43964558065334e-7
8.315303725638126e-6
2.7540393731913024e-5
2.6673681245791875e-5
0.0006286313053146213
3.922750393303422e-5
1.2465835242152974e-6
8.320075402800982e-6
0.00024050011955017438
8.157641253818507e-5
0.003468890361788211
8.90755164020281e-5
1.935113562727781e-5
0.0008662968393713868
2.1023359752300112e-5
2.220874311106864e-7
9.35363595190482e-8
4.4087513783645744e-8
1.3132498871577667e-6
5.3155305104024975e-6
3.0213097128527804e-7
1.3820918897542541e-5
0.00022079354320188687
3.877858853216077e-5
0.0005517230511285416
4.240800549876278e-5
1.9800951709563167e-6
0.00010322395779035031
0.0007175921266584488
0.004822444346456371
0.030512253382369788
0.005617446682576024
0.00018288278733347545
0.0007530226243283949
9.532253573717194e-5
1.5845702031857246e-5
1.9052434758344874e-7
3.86184374689703e-6
2.3333382595853282e-5
2.6393828453416386e-5
0.00045976976093513316
3.9657968282859685e-5
3.656444848155111e-5
0.0003974742033605019
4.00500527026047e-5
6.074077879250256e-6
4.645314625051701e-7
3.3374476215640637e-6
4.983409151948785e-7
7.140361037653031e-8
8.337359041765728e-8
4.402845572095171e-12
3.294883461782824e-11
8.38372067380328e-10
5.899300876118262e-9
6.372542070296817e-7
5.939688753516088e-10
7.222651693503796e-9
7.772875725461509e-8
1.5121426266799167e-6
6.2729155659603e-8
9.075855822484634e-7
6.23434078750135e-5
3.2390116677335347e-6
0.0001524977731597625
3.199024044380112e-6
3.8690200722642435e-8
6.142092454153168e-8
2.079504570021784e-6
2.094466522158622e-5
8.055416666638582e-7
2.9035377476399234e-5
0.0006238875295476216
0.00018636192492085316
0.0032282360140779265
0.0003622232983463863
4.097290423320009e-6
0.00024052907356161908
0.0005859985419704731
0.0006460834618228177
0.04079956082078547
0.000718222352561608
2.5693295467301507e-5
0.0005442214099644345
0.0007226276781610226
5.305768710603849e-6
6.550720542405065e-7
1.4918072335528137e-6
7.168781582373635e-5
0.0001629617948232498
2.8532178449124303e-5
0.0007762162121948866
0.003417287080175036
0.0005270435140888472
0.039796954428832916
0.00046918091768542177
0.00020621764936003424
0.003621765334923765
0.04078866846577482
0.029099120197844407
0.5490359173834618
0.030126180499819372
0.0027734093498113584
0.041353958488926465
0.00375305622928846
0.0001255744080029137
2.9306276164161618e-5
0.00042112699267883536
0.0024850332656731105
0.00046746553901528284
0.04052797527993657
0.0005512115519586356
0.0003475603291744818
0.003342442572932997
0.0006781371853635205
6.227296312444974e-5
1.6068274108896943e-5
0.00015607839552729384
2.6298909776543324e-5
1.4964572498057676e-6
8.382211298485148e-7
3.8009961074768947e-8
3.3346638563422486e-7
1.4172127871099034e-5
1.9662666255365805e-5
8.519584766680353e-7
3.7500918891407006e-5
0.00040009295487601425
2.7765004423531094e-5
0.002824639872624413
2.4490978196379865e-5
7.657809224848273e-6
0.0005910867500770236
0.0005524311774276713
0.0007766454994361137
0.03929653630265981
0.0006919644193069459
2.915727556288448e-5
0.0006165501447144532
0.0002188543610991072
3.7860279676517713e-6
4.49706648852448e-6
5.443212412342517e-5
0.0004429835124144061
0.0003242703940447724
0.0034364902248357567
0.00020930012842588298
3.2680612889835785e-5
0.0006899037121233857
2.7879048670005612e-5
1.366345884062511e-6
1.702227272385666e-5
5.1562561878911134e-5
1.8209974673766207e-6
7.439130379145997e-8
6.42002941856707e-9
3.7692861819434805e-7
3.679484288762027e-6
1.7378124551699716e-5
4.927071542832438e-6
0.0001499334477404105
4.100489271115218e-6
7.705922392928438e-7
2.6385592639195106e-5
9.795532641106595e-7
1.0513604131047847e-7
2.940709315722606e-7
1.3639914944145452e-6
7.129771890769573e-8
1.1148620222481273e-8
6.279241770016608e-10
7.905672526504152e-8
8.31751066233569e-7
4.041798469626147e-8
6.486230166131355e-10
4.845306554359568e-11
6.356397007925616e-12
2.3181537239050473e-11
3.507878632274551e-11
1.780041190059953e-9
3.6404729860516604e-9
6.752633963390842e-8
9.831783930593535e-11
1.899872059302302e-9
3.8308054919922725e-8
4.021267547637051e-7
9.477429831567944e-9
7.417413143443331e-7
1.635463854575776e-5
1.5659572550946315e-6
1.4797082191902433e-5
4.66042951662819e-7
2.4765744230723656e-9
1.02495141072933e-8
1.2813748027341035e-7
7.009701387612894e-7
6.454205373369188e-8
5.482175130431154e-6
3.4262495845141644e-5
0.00010236616708812855
0.0002465952676383347
3.4615257169188796e-5
8.691331401630084e-8
6.549089449982041e-6
2.504396638212696e-5
0.00012520589764983652
0.002407425780917264
0.0001540237471139469
2.3320278581416234e-6
2.170046440517221e-5
1.5713178160156428e-5
3.128378441925209e-7
4.2087049261382745e-8
5.705381662177737e-8
1.0759519321935283e-6
6.227328284366307e-6
4.415274606722524e-7
2.6333182973256575e-5
0.0004278679442379967
4.251722445522041e-5
0.0004803732539046316
2.654313065136179e-5
3.514201314359895e-6
0.00013664851430998808
0.0007543155916733634
0.005706906159473104
0.030094492724212607
0.004710924788967948
0.00013921909587805812
0.0006655279096338913
8.710532589335926e-5
8.998988181307082e-6
3.6293181882929916e-7
6.948267068265002e-6
2.6106125318696898e-5
4.4400829690043566e-5
0.0005278393357801248
3.640979388967233e-5
0.00012859527707548526
0.00021840939514698637
2.868231168102775e-5
1.0766297174347897e-5
1.9540509000355972e-6
3.2909023198286593e-6
5.973748760879833e-7
1.1754327452294936e-7
8.81546815145278e-8
6.958664028139531e-8
2.954568917500054e-7
3.4575704434475614e-6
3.592198635490867e-6
1.419074057455783e-6
3.804397641934828e-5
6.696105280662954e-5
7.560342361300984e-6
0.0005243180822260293
4.614145364551209e-6
2.4059948382160477e-6
1.541712614474581e-5
0.0007732569631052682
0.00013407908470377682
0.0029304842456136316
0.00010225095088533655
5.164374753726501e-6
0.0001995689359417731
6.884038919020862e-6
2.2149762587879674e-7
6.187031917715737e-7
3.7064355215448794e-5
4.054786157251319e-5
2.2910801125314507e-5
0.0006967981992957092
1.353463222305592e-5
5.907206453541361e-6
2.4838244759651954e-5
8.239471042299376e-6
3.2418979625487554e-7
9.724073585521552e-7
9.027700585024143e-7
1.0376799598869459e-7
2.4351605160701885e-8
1.7872803401313769e-9
9.836394522109306e-7
2.82780648914682e-6
1.444732052921001e-5
9.788807994538578e-7
7.426526636818366e-5
1.0234785080682713e-6
1.4098066343913275e-7
1.994562351717909e-6
3.531287095036606e-7
4.794963241997981e-8
3.604912027242732e-8
8.558189190450701e-8
1.9290895726293807e-8
3.779415567036541e-9
1.1178009462312815e-10
4.0381036373804816e-9
7.064718944877811e-9
4.683791766204727e-9
3.299813674290233e-10
4.49268266909204e-12
4.110260072910211e-13
1.0699307031497455e-8
3.619180378782017e-8
5.583418370204076e-7
3.8342378541585055e-7
3.0704266840401586e-8
7.532156746663754e-7
5.089409988327567e-6
4.0650852806785254e-7
3.045158269274174e-5
2.1184240516152679e-7
5.52819773099981e-8
1.946650811838828e-6
9.6441634355734e-6
3.700120140624106e-6
0.00019354236130115232
1.9851330127352506e-6
8.975860103220508e-8
3.908273511867436e-6
1.1193175440315733e-6
1.349809396067825e-8
2.9020416453790657e-8
1.4220565022088496e-6
1.1078068895080672e-6
4.0383601887431593e-7
2.4924081644707742e-5
2.636072372167654e-7
6.397459701408435e-8
9.461979293679198e-7
5.51522257576114e-7
2.3455330647539274e-8
1.090991622686796e-8
6.532263874851696e-8
5.241493093511258e-9
5.68520771605423e-9
2.5220067686837547e-10
2.4141466417986004e-8
2.4879317221467405e-7
2.914170974940911e-7
3.774066920585482e-7
1.4682183656457826e-6
4.260239718115844e-8
2.2928864029349896e-8
7.650998915870875e-8
2.771180630897306e-8
5.039204623311822e-10
2.2573908124349156e-9
6.985063204019653e-9
6.279704089830911e-10
1.0425110725082757e-10
5.82740264206094e-11
1.5856212101850458e-9
8.86345331231667e-10
1.0572364737472063e-10
1.8236938859616035e-11
4.308702542175651e-12
1.0513636433218934e-13
1.3634098796412175e-8
8.492983046983695e-8
4.189750566055886e-8
3.019331115050239e-8
7.827800945059291e-7
8.857890506469186e-8
1.6476449075711213e-9
3.694250388004726e-8
4.908575461704087e-9
1.8114721062730554e-10
1.0945771114877154e-10
5.373430801221473e-10
4.111598721715136e-10
8.072257115828743e-12
2.2827736082318893e-13
4.377988527590614e-11
4.3103076771514476e-11
1.2396779675966364e-11
6.394468997982004e-13
1.9065773191988434e-14
9.214096938800764e-16
2.6517772361858488e-11
6.023283376528152e-12
5.469434208000136e-13
2.9022991800509935e-14
3.651287359951364e-15
2.355261372121412e-16
8.138295038931768e-18
