5.37818531968075e-19
5.099597407826642e-18
8.555987627503571e-17
2.8364343617595207e-14
1.7472684941501688e-13
7.670000124546925e-12
9.021983435504879e-17
9.772376598489563e-16
2.8903327783146236e-13
3.8226626845788696e-12
2.2057014863921486e-10
6.651164947499151e-15
1.7569258373433148e-12
7.1358698734496086e-12
5.024702770524536e-11
2.2209837163266484e-10
6.631988578891709e-10
6.12264588130672e-10
5.873949145114858e-9
4.4634122345438466e-8
4.170927045001176e-9
2.5831006663075645e-15
3.893763662588299e-14
2.821425898402884e-12
1.0038989209084496e-11
6.085492221145182e-11
9.663320175171537e-13
1.6226586736101142e-10
8.540028660342846e-10
1.794653334443744e-9
1.605662279954408e-8
3.264659368116501e-8
1.973633652860176e-8
3.105621087753403e-8
5.824078302177772e-7
2.249767275785692e-8
1.0235151178427033e-11
5.548537649330034e-10
6.868924249860009e-9
2.5169150662221942e-8
4.0924756203837896e-8
1.7119128603794646e-7
4.051905027914481e-7
2.339260663306071e-6
1.6884757093406247e-5
1.676281226865318e-6
4.062715098903757e-9
1.2999585137577525e-7
1.8010157276005165e-6
7.627352937281787e-6
8.501077470746452e-5
1.1393699489421071e-5
1.501122445825342e-7
2.6907349859205627e-6
1.0261602436896262e-7
1.3432677675206239e-8
1.5515256796018259e-13
2.9071064765341164e-12
3.987682098608977e-12
5.98408435736551e-11
1.8468379546933384e-9
2.8236501723575776e-11
2.6892374900078324e-10
1.150619429169689e-8
3.0364549985712754e-8
1.0669728244942868e-9
2.2413544553298374e-8
5.860719563528518e-7
2.3198568365926704e-7
1.084867568028928e-5
2.1759737878867686e-7
7.055873098932152e-10
3.909500217803538e-8
1.6518669870651983e-6
4.389784420019901e-7
6.472692607808907e-8
1.2205334913297968e-6
1.1908950924354294e-5
9.964552792560861e-6
0.0003238097090472954
2.7977076979254886e-5
1.5709909090836235e-7
4.090220670599702e-6
0.00011824412041840154
5.3152801455427776e-5
0.0025287135578103016
6.741453437907655e-5
6.74749487873933e-6
0.0004704662548065248
7.772466729813739e-6
1.0218467528790585e-7
3.139585291869773e-9
1.755948127181952e-8
2.1926606711853604e-7
2.257401615512038e-6
1.1442608939000839e-7
6.700140603934756e-6
0.00014487332843571255
2.4288591134462874e-5
0.0004099246604560425
2.810972849094372e-5
1.0315451305760902e-6
7.340839660032868e-5
0.0005355424174173135
0.004119814586570206
0.030347818858648984
0.005101798706541493
9.889435551800674e-5
0.0005323106518314776
6.631151569066668e-5
1.0263680877919856e-5
5.532728231528639e-8
1.8638664127231302e-6
1.3397815516815908e-5
1.943133736385835e-5
0.00034212947992715167
2.7728375720061182e-5
2.966336580126466e-5
0.0006087927742725424
3.46810299044499e-5
2.562773364355502e-6
2.650420328315895e-7
2.994534160998652e-6
3.071534817143816e-7
2.7728853255491778e-8
4.04601179752827e-9
7.32696259572114e-12
2.425240875506906e-10
4.2726071030886424e-11
8.166578492459771e-10
5.632454988918416e-8
5.833097076263461e-11
1.123776061589795e-9
2.455573975324574e-8
5.665090273977379e-7
1.7043100426301043e-8
4.0659921874229274e-7
1.901516503027129e-5
1.6704295598838883e-6
9.44598238570809e-5
2.4522127962518566e-6
1.926649898918404e-9
2.4090651263712682e-8
6.444179159530113e-7
8.280953077486578e-6
3.6317409342210173e-7
1.271233960457814e-5
0.000282325186030618
0.0001361474568004858
0.002793629798133896
0.0004707396680807061
2.3517962837458475e-6
0.00017153289236332504
0.00043336962044347705
0.0004961242974105066
0.03745114197915573
0.0005282866951665766
1.3079996746504584e-5
0.00037699130701787523
0.00037597886724624185
2.1510020027159903e-6
6.834146284992842e-8
6.239523822982133e-7
2.0186766869715133e-5
9.119817646102972e-5
1.1826410081172241e-5
0.0002591002847194513
0.002413467251489292
0.00035849525974684633
0.03713941141069377
0.0003220896825462894
0.00010208634867815705
0.0024867835329750207
0.03775514204262593
0.028391389093063126
0.5914320621232835
0.029109844677745755
0.001747377636908736
0.037886557805698336
0.0025841753601125532
8.19823938616942e-5
7.702536770590585e-6
0.0002904870840336404
0.0018868899881340092
0.0003495074839890682
0.0376166943908914
0.00039400879200851227
0.0002282009679029483
0.0029005051465441248
0.0003001942452732794
1.7103180480230664e-5
7.745475828750531e-6
9.173644657370921e-5
1.7196418740978557e-5
8.094306578443442e-7
4.258709822898178e-8
1.657588569129283e-8
4.849553792967919e-7
1.987088199655552e-6
7.737128687730249e-6
3.52824197778316e-7
1.9540083470557695e-5
0.0003474574313896588
1.37804702946386e-5
0.0017269923234194712
1.233415210141568e-5
4.645561722313696e-6
0.0005401713393215979
0.0003744248161812189
0.0005506315602468194
0.03731393669664881
0.0005099976249887092
1.4954039753769512e-5
0.0004170787499798309
0.00012794007484497497
1.7560080742894365e-6
1.5116565387506435e-6
4.001006278431948e-5
0.0002712802164304968
0.000402866258711435
0.002394047704474068
0.00014334159174596894
1.8324517238597577e-5
0.00032037329960247406
1.3657076902735543e-5
3.615094813138665e-7
2.0661150770784212e-6
1.892636250893737e-5
6.337529533679186e-7
2.7295975827356256e-8
6.336414269950598e-10
8.370996596897281e-8
1.5738727865625337e-6
8.205331899025131e-6
3.621938350491272e-6
9.275698429149154e-5
2.2734653195825063e-6
2.5933016279807305e-7
1.6388039033161255e-5
5.151626762017284e-7
2.4367700856311357e-8
1.3651866547065482e-7
7.161567865397498e-7
3.533788809950344e-8
1.4769127815409242e-9
4.3100629278962164e-11
1.731041896625776e-8
4.506991994017082e-8
1.6163225012965742e-9
4.0067152266241904e-11
7.929419544584759e-11
3.5427091268481996e-12
6.589616811245683e-13
2.91737041657535e-12
1.018095703485345e-10
8.333901894552712e-10
1.673371307215019e-8
8.2146124671298e-12
4.0393865265862243e-10
1.4491081971173004e-8
3.225871103299362e-7
1.5440936112901198e-9
2.3655805842511447e-7
1.2916077386023552e-6
7.344962110236787e-7
7.243182367794579e-6
2.722366364434044e-7
1.3574039370149838e-10
9.910340109142703e-9
4.261951706123906e-8
2.4108606802586995e-7
2.0227959059944387e-8
2.829683979200118e-6
1.873587269877707e-5
5.43713635972743e-5
0.0002745346480974042
2.907241415490523e-5
3.5037636611985773e-8
2.9367220670180205e-6
1.4400326782493984e-5
8.309809223362399e-5
0.0016361494009607574
9.830591540271615e-5
1.0668977373791733e-6
1.2960208065338396e-5
6.124818726789373e-6
1.573084533042416e-7
3.737269217704708e-9
1.7099064210214968e-7
4.0609155790592137e-7
4.511671916722547e-6
1.728937472776196e-7
1.3205797515188964e-5
0.000532441282838759
2.594311378826304e-5
0.00034727004564070216
1.9733166770899657e-5
1.5535729273263603e-6
8.876509986384577e-5
0.000581350996745203
0.00498031031738685
0.02908835413135761
0.0047323600801659794
8.105053299283809e-5
0.0004857857618496165
6.072987303264955e-5
8.557593950977563e-6
1.039594618874802e-7
6.437688890717756e-6
1.5007131631109357e-5
2.6474635604911047e-5
0.0003795254182007981
2.580386701389682e-5
3.268173235890259e-5
0.00015540528576154746
1.1184653624819776e-5
3.9508448427940995e-6
5.140883050749535e-7
1.7843898863872393e-6
2.9422573286680326e-7
3.875359139135083e-8
6.2241440694728594e-9
6.307984097134773e-9
1.3229855681118097e-7
1.4136605683001032e-6
1.562032218874794e-6
1.6093990195755237e-6
6.837762480940461e-5
3.869865682001723e-5
7.439482396076621e-6
0.0003385395674037749
1.7250577650727502e-6
1.9359268287532167e-6
1.050915625900254e-5
0.0003948012150572643
8.627742836812027e-5
0.002198555910865074
7.468069708702609e-5
2.4563315050893073e-6
0.00010998668878950459
3.7617740933146804e-6
1.3320975727403488e-7
4.450087543393411e-6
7.509463513678616e-5
1.7331040062474277e-5
1.214905395250231e-5
0.00031211267863672025
7.309748310876721e-6
2.8206149766271507e-6
1.2691313575601596e-5
1.5104331673126059e-6
1.2967716288708742e-7
2.5523435589226897e-7
4.830665364990152e-7
2.569520225006628e-8
2.2314451130517016e-8
5.165855448773377e-10
8.807234344207827e-7
1.5171089423457708e-6
1.7171870325482614e-6
4.429088350415222e-7
2.4188240774810296e-5
2.1599618557024532e-7
4.027110630569354e-8
7.207466086533337e-7
2.0585719844862732e-6
8.239433873353044e-9
1.0282947861633138e-8
2.6106550932070885e-8
1.4202723570169153e-8
1.046608377711086e-9
7.731351413523708e-12
6.955900870672538e-10
7.095109115981087e-10
6.193985563855322e-11
9.027901905540193e-12
1.2802812277440295e-12
1.1647043791951997e-13
3.3814807814192657e-9
1.1803013493777828e-8
1.8573429358326325e-6
7.374154875466669e-8
3.23532214652106e-8
9.420517924668239e-6
1.616985201874015e-6
1.2779703713322178e-7
7.434020711991311e-6
4.7742215866441355e-8
2.8778012125317438e-8
3.807146045404359e-6
3.6244386816520993e-6
1.4334084910466953e-6
8.94290872805209e-5
9.065719692727447e-7
3.1526578690731115e-8
1.8415071159271883e-6
1.4740668876147616e-7
3.0896527049508604e-9
2.0749673831287044e-8
1.6737535069349716e-6
2.992471439416594e-7
1.5293893623884063e-7
1.3367971942936974e-5
1.2733350183482517e-7
2.215464412286389e-8
3.3137666285493207e-7
6.944365143309876e-8
3.198420070878674e-8
1.7278217100320077e-9
1.8451347175935065e-8
1.0328979734448473e-9
1.248316237856731e-8
1.80004815615711e-10
6.976364629242975e-9
1.1411133376730961e-7
3.100751842403281e-7
1.6223190241214837e-7
7.148455603777629e-7
2.0007664649540894e-8
8.242036680920097e-9
2.7107255147500343e-8
5.6563706228198784e-8
4.910269922883277e-10
3.2490045410887563e-10
1.7376081654076823e-9
3.61021252687837e-10
1.3178976059574603e-10
1.4614841592755e-12
1.0988920183677325e-10
5.7273160165515953e-11
4.592869633462086e-12
2.441645642061715e-12
2.536777436777889e-13
7.839938143732522e-14
1.5363047022401887e-9
7.171361105851092e-9
1.3843835763270394e-8
7.038067643813776e-9
8.102189135532337e-8
5.319161976487542e-9
2.9397824876001006e-10
2.3916471364282004e-9
9.3815242110717e-10
1.7680340896668876e-11
8.228919865786603e-12
4.88753457988454e-11
3.5138457198784577e-11
1.1478170869861885e-12
7.099439378341579e-15
2.0788826154276034e-12
7.649451575307569e-11
1.2073208316474706e-12
3.470160775938149e-14
9.230260399966912e-16
1.7920560740427487e-16
6.005475028055452e-13
3.0357726214389778e-12
1.0698115261465777e-13
2.357629695410716e-15
1.0946799745044971e-16
5.796153107784697e-18
1.0566463311149883e-18
