7.027822774729964e-14
7.418182775619718e-14
5.683673840358217e-13
8.446744931114253e-11
1.4497412326759101e-11
3.173174233701302e-10
6.631747877767403e-13
8.231482117156284e-12
2.7581754057470393e-10
1.9555560983221885e-10
1.5503081282109071e-9
9.717691808799623e-11
1.1086437596826644e-9
3.572608031800391e-9
6.053066421063723e-8
2.524957262884605e-9
2.5236412457641394e-8
2.446085492504855e-7
2.2686121144097507e-7
1.9063924865939642e-6
2.610668816735834e-7
1.5593645385829206e-11
1.9424295960706576e-10
3.5194815490970596e-9
3.885688734729609e-9
8.911635253351998e-9
4.66013465089225e-9
1.1815061741893538e-8
1.2593134363830727e-7
2.8114134377951843e-7
7.81641041969373e-8
6.507377685213011e-7
8.467182914692038e-7
1.6442093817210712e-6
1.2784770032649794e-5
6.075375977412407e-7
9.5720476682271e-9
2.0412751135179777e-8
3.579285134383908e-7
5.494782963464022e-6
4.6873852168547246e-7
4.384565661967388e-6
7.364915303658135e-6
3.958313331785532e-5
0.00016117014806021275
4.183784440315048e-5
2.9104824389222563e-7
1.2663375208534787e-6
1.3133106112341815e-5
2.4693311575539165e-5
0.0002876721322711933
5.8955539697746956e-5
3.645636897527586e-6
1.0332389929291377e-5
1.2674859948183293e-6
2.1114096388897272e-7
2.2822092565807506e-10
9.146013817773967e-10
2.407747597290889e-8
5.84869713793845e-8
1.4370317668253857e-7
1.7488118166413564e-8
8.188684175504222e-8
1.41975635122018e-6
1.4008545579561975e-6
4.3872542278194294e-7
4.971068985865751e-6
1.1326900769015414e-5
6.639698967086124e-6
6.582457211826234e-5
2.4659022285873517e-6
7.213035660146345e-8
1.4516171725389919e-6
1.3155930644009588e-5
8.840250642680449e-6
3.082632147047735e-5
0.0005729213902654678
9.205675716644958e-5
0.00031219217693502147
0.0008621136645709758
0.00013468866010806432
1.2602351149683082e-5
5.558305453358163e-5
0.0004588935228179798
0.00020094024138374465
0.0045293099702387075
0.00025131669684478074
4.134283010405704e-5
0.0008558524585124682
4.884838186824319e-5
1.2553996512770592e-6
3.242184536666899e-7
1.1657689748064588e-6
6.632122723189152e-6
1.1771693149038036e-5
1.462513966421305e-6
5.467404128410862e-5
0.000367871256181121
9.908009268146758e-5
0.0010504517505936575
0.00011074231516886248
8.527065016634015e-6
0.00023693761841447246
0.0013118476223022764
0.006468921758951225
0.03511554722220382
0.009027870429139934
0.0005265917314196126
0.0014454275467528663
0.0002664863447058504
5.512912007988531e-5
1.8879413553262364e-6
1.3189293432436093e-5
8.642419800432521e-5
6.741426917536901e-5
0.0009258717233989993
0.00010917521421369631
6.1005063184783966e-5
0.0006732376161160918
0.00012137059249813428
3.8902132538974134e-5
3.009378468686985e-6
1.0484018579855165e-5
2.2129238708538838e-6
5.860680304545254e-7
2.455877060448366e-7
8.614140547962997e-10
1.3173818311337407e-9
6.058283960887515e-8
3.506642231341788e-7
1.7108085207192997e-6
2.6058358055976618e-8
2.5134462517678316e-7
2.0242667138731195e-6
1.2532208394910686e-5
4.129455071885067e-6
8.890582797530578e-6
0.0002193109282505198
1.4382119789992521e-5
0.0003774734118586432
1.0880666629652618e-5
2.0800503020928087e-7
1.513350438452221e-6
1.509640207277892e-5
0.00010096884740100631
8.10240990599735e-6
8.098359281612569e-5
0.0014284493481777796
0.0003477301145975504
0.004068123293511332
0.0006492679469358035
1.7516924099443427e-5
0.0004237209126647042
0.0011760887697490074
0.0011887899211606256
0.04510843569749248
0.0014638225480945821
7.589354486836958e-5
0.00104880098597395
0.0008208912426848175
1.0288206699880025e-5
2.1656828520045193e-6
1.3617433596912944e-5
0.00028262392716527855
0.0004310990613929578
0.00010031733814697568
0.001593900968429844
0.004351728520070287
0.001147692713001042
0.04753378163288076
0.000929552155140578
0.000438102030033679
0.0042865640969841495
0.04496166070515426
0.03533972649791128
0.4408282855033728
0.03482692787899024
0.004696161040609526
0.045364336761588596
0.004835713370959623
0.00029078423054766515
0.0001515763033958786
0.0007900932375493404
0.005453779618469715
0.0008823504718007955
0.04593232240725407
0.001020759221995643
0.0004728650168857041
0.0042082072486688445
0.000857559795259177
0.00015488067333392996
0.00010071084560500689
0.0003682422253708298
6.289485279919018e-5
1.1692110570910711e-5
1.5450152977740074e-6
7.304484500520567e-7
3.045872610443181e-6
2.6222382009649876e-5
0.00016378657102636846
8.609006723214492e-6
9.368113516362038e-5
0.0007292118247377158
0.00010503209747285087
0.0053176009880707
8.66899028484595e-5
1.3676675453184706e-5
0.00041022483978624054
0.0009650265516824663
0.001550176393193716
0.045736321945554555
0.0013263073202289632
0.00010141568654913028
0.0011948565179791626
0.00047719171500635926
1.4051170999286482e-5
1.837372666200334e-5
9.418497200710361e-5
0.0006584102929342479
0.00042683610774020683
0.004466819236944519
0.00034203178811533544
0.00012277613725425931
0.001503319159456199
9.254594483168765e-5
8.387959484010968e-6
4.890790037891815e-5
0.0002469304568528817
1.1743658558234464e-5
8.573636208518842e-7
2.313066643461414e-7
5.346406281068596e-6
2.1068071390178283e-5
0.00020084128711551582
1.2338824813965506e-5
0.0004787666433987793
1.163737590276822e-5
1.1651058428312958e-5
0.00011324444556844443
9.425684095403079e-6
7.792486303259593e-6
3.7625488470910855e-6
1.421457639209055e-5
1.7099514578748429e-6
3.6812056143123995e-7
5.596175399375242e-8
7.283810745768853e-7
1.8515776932197498e-6
1.44622664877557e-7
9.67146111553825e-9
1.4843663306765096e-9
2.4631059524191276e-10
7.619088697272622e-10
1.9494249826727938e-9
5.337069716862038e-7
2.4478464289070253e-7
9.923856414873117e-7
9.684633713643816e-9
3.934726536614101e-7
1.6285110847158364e-6
3.118406175891641e-6
3.333205878795411e-7
5.607780999999263e-6
3.049609415260309e-5
8.164658706372986e-6
0.00010260530767667701
3.5163717057596434e-6
6.084051912090424e-8
3.6047240287958895e-7
2.2158679322733934e-6
1.1769787379298303e-5
2.6656071774021717e-6
2.3397063032235606e-5
0.00011284237752253111
0.00018155364526932838
0.0005029121603759597
6.956746486673427e-5
1.0157896660429995e-6
2.1748018937182123e-5
0.00010656251942076283
0.0003291306518303768
0.004756311956717765
0.0005630627220717603
1.124804629575062e-5
7.614864708463073e-5
3.8102484098899614e-5
4.24129824146303e-6
2.1431037039876314e-7
1.6998454554809265e-6
1.2835632131635466e-5
1.1989800479113372e-5
2.9293841855024324e-6
7.613962480722494e-5
0.00043100578633765074
9.880302865434147e-5
0.0008870622954609849
6.468684165717445e-5
1.8447733638996038e-5
0.000336290946434802
0.0015159548535009408
0.00795027221598671
0.033493301350816865
0.006153383894532039
0.00032246712496570364
0.0011382201080256894
0.00019752314138677743
2.279834883744976e-5
4.0532677593234915e-6
2.4869306554233267e-5
0.00010228067867601074
0.00010396128147099479
0.001151882514107893
9.577482360319103e-5
0.00018559892096703165
0.0003536739210576632
0.00035202829135793967
3.9817446124668113e-5
7.971776006205463e-6
1.2951844044251794e-5
7.0294737400885e-6
1.9419493632768354e-6
2.0304573178079138e-7
6.444492436820783e-7
1.8788209252111548e-6
0.0001553126239184404
1.8362399224380725e-5
3.3493802140669237e-6
0.0001859949984277128
9.760134006322257e-5
2.3436163041947606e-5
0.0007877370976612321
1.212131154713468e-5
1.3679314625913612e-5
0.00012268008146978254
0.00038170874691610294
0.00032844882960751117
0.003940335663566025
0.00022333522158318086
2.0140564485607753e-5
0.0003325248095625778
6.0199941565927254e-5
1.291004042554361e-6
3.0890991363694285e-5
0.00024081644395197412
0.00010820790089262132
8.881580708811923e-5
0.0018608551141791722
5.545527059915241e-5
2.7303634346309177e-5
9.197980031742288e-5
0.000654194628344282
4.801596420980089e-6
5.1625234413955304e-6
7.271099051592299e-6
5.207800677089185e-6
8.590199130000117e-7
2.8518124039247385e-8
1.842666249048254e-5
0.0001401108000431682
4.658076775364476e-5
1.3268038902217811e-5
0.00031409513122687753
6.692520759836583e-6
2.7029202128089347e-6
1.7647710038579926e-5
1.5238017949425158e-5
4.149340843150595e-7
1.7585213350412939e-6
2.1486849346206465e-6
1.4614449304305367e-6
1.2531055923954086e-7
3.3358925643678767e-9
3.299693159275517e-7
4.2200420446293855e-7
5.7706714867805686e-8
3.822506060753189e-9
2.0677529952691756e-10
9.852284579752968e-12
4.807216251102616e-7
5.216792657316833e-7
2.7934713243286068e-5
5.20435414519296e-6
6.282856346454761e-7
8.44229165497924e-5
2.189122412694893e-5
5.121338580197773e-6
0.00019231869862929246
2.5813986809643443e-6
2.873458382433964e-7
3.3144885558263296e-5
1.3057089812094821e-5
1.9071038963037912e-5
0.0004803724286056508
9.273929698314648e-6
9.646668350142396e-7
1.5836615990691075e-5
1.6599839824798603e-5
3.08822458268553e-7
3.7203602412825484e-7
4.72169044661135e-6
7.82482878788995e-6
3.0415523542139474e-6
0.00012758259012537687
1.8525430107991548e-6
2.4947328576928815e-6
8.526665011675306e-6
3.4888169244868285e-5
5.386692209441406e-7
3.3165506565161867e-7
5.35286284045391e-6
4.54497137073237e-7
7.750588890752131e-8
2.460906507321417e-9
5.417758231625971e-7
1.9363353859066445e-6
2.4421562417032153e-6
1.4116419635084392e-6
1.3286650001970344e-5
7.640793341786926e-7
3.0713324471957163e-7
1.394440571919722e-6
1.4777053693530505e-6
2.0825893641469347e-8
3.6032806716501867e-7
2.785638543361855e-7
9.098735336322517e-8
1.279731221554744e-8
1.1524849126331685e-9
4.1416100458103325e-7
6.607751798778714e-8
2.922560495414681e-8
4.026358578608926e-9
3.0928414481472695e-10
8.921546660813878e-11
5.521149663535115e-7
7.337089032309237e-7
6.728562804308632e-7
2.0730536933554573e-7
1.725745083983966e-6
2.1549589348000962e-7
5.8666068405412315e-8
2.231786956914714e-7
6.517426325078945e-8
8.717972579028771e-9
9.000319437554865e-9
2.5665015102139706e-8
1.4864364541125639e-8
4.197363657400175e-9
8.894763454278332e-11
1.6717031160635936e-9
1.4281594284625511e-9
8.718921527372359e-10
1.8711332052319028e-10
8.22420870964405e-12
5.759935871238008e-13
9.986329887816645e-10
1.174028903897586e-9
3.3533986687677703e-10
2.224791739839191e-11
9.181910854535874e-13
6.506214716717283e-14
6.396420348583128e-14
