1.7570818939882071e-12
8.171663282664588e-12
6.939083330921781e-11
4.03204308021602e-9
1.043474221424161e-9
1.7890534557052407e-8
2.2829759816669178e-10
9.019785724100401e-10
1.9980186032861057e-8
1.2573592843504322e-8
7.079203353646428e-8
1.8565515278731266e-8
1.9339660826513648e-8
1.0136842931709702e-7
5.122156732930164e-7
9.622923013526932e-8
2.7491255655576756e-7
3.73765993312108e-6
1.8874716493641157e-7
3.3054683717946013e-6
2.7299841920153323e-7
8.936157722211108e-9
2.653732934891095e-8
2.4333914738891754e-7
3.4877989665738986e-7
2.123477316075253e-7
9.698280601655299e-7
1.678053991749142e-7
1.755069025458745e-6
2.8107078826868743e-6
7.254607419580381e-7
2.9174826649733893e-6
9.004633037506697e-6
3.695899954893306e-6
5.652551061410472e-5
2.8844474638346237e-6
4.6277652941131954e-6
2.233603818210045e-7
1.6147342968068384e-5
4.978147601028408e-5
1.4081612237844209e-6
1.5184272275192712e-5
3.3024081261933584e-5
0.0002945787810194335
0.0006042259133895685
0.00019516706340973997
2.059225484218488e-6
7.247923262114081e-6
4.558947795720768e-5
4.407731228258224e-5
0.0006925386706105021
0.00015037096520758
6.191212877599402e-6
2.1831670465099738e-5
9.679623594201255e-6
1.254161668129184e-6
7.294760449510876e-8
9.980146381782768e-8
2.2566461400180386e-6
6.143622482804072e-6
2.2981510240042657e-6
1.477256074456781e-6
3.6846885202194526e-6
2.2253746294701098e-5
1.6342012969101308e-5
6.157049420611799e-6
2.1216048700340765e-5
6.881431836849247e-5
1.558796761458687e-5
0.00018043669138146094
6.051909121547872e-6
4.164213871925348e-6
7.60985619301738e-6
7.329921088459144e-5
6.226533840401987e-5
0.00010002896943462916
0.000369561319922255
0.00032257204565257116
0.0006148982221004782
0.0024799216491637093
0.0002963952229307726
9.581647120717124e-5
0.00014464500809684727
0.0009667348132542827
0.0003869647709831852
0.006315122162159109
0.000525453459131926
0.00012178514748088655
0.0008578524214703582
0.00010580982604498251
8.82994756911176e-6
2.3740318356377714e-6
2.482724018825366e-5
3.924352640953087e-5
6.889226963828349e-5
1.0186701928270913e-5
0.00016709250204562437
0.0007735418085409667
0.00014464305834562755
0.0015906906353843199
0.00020955157620640403
3.2027611545490385e-5
0.00042305229720389457
0.0019318682510304282
0.005623049962442079
0.03712695882344889
0.010068361711685172
0.0011259454086432778
0.0023972245080924478
0.0005626794204279984
0.00016154248412482403
1.1658911991160741e-5
4.850391698227261e-5
0.0001892829606870332
0.00011098774573356194
0.0014468830177877215
0.0001988847323034213
0.00010029927009388635
0.0006523100462467686
0.00026213168296332167
0.0001662509613144963
1.0904667905493488e-5
2.4178090435408227e-5
6.0545693235957736e-6
3.570341116931069e-6
3.082524742042219e-7
3.502712245274969e-8
8.647190673885098e-8
7.946008053783087e-7
5.271996753315443e-6
6.752292340323024e-6
1.1712013229897028e-6
2.699701117081048e-6
1.3039437514848308e-5
6.336257334227548e-5
3.712852849792039e-5
0.00011097496553541957
0.0011030288388635767
4.0268485141805934e-5
0.0009801387796187224
2.3020612864267802e-5
1.0666025722694024e-5
1.9046943285145673e-5
9.154898512321134e-5
0.00028064174543023554
8.181779057737905e-5
0.0003327352941785913
0.0034879332572415227
0.0010578616582544566
0.0065254542511754806
0.0007615679126355725
6.253179459643836e-5
0.0008823367092006712
0.001845356861032782
0.0017501057352802163
0.04751474985979791
0.002290062933088622
0.00017245514635410192
0.0014862944337975022
0.0008518891503943989
2.1042202225248692e-5
7.598108045315015e-6
5.505619797588402e-5
0.0009132130721941785
0.0009097818000430303
0.00021520729887777027
0.0036036595018270113
0.007885537322396738
0.0016667505770407516
0.04850960846828385
0.0014357234169559874
0.000863952058404915
0.007135613766484933
0.044056461148438544
0.03199958616944469
0.3444257682492735
0.03627747163701259
0.006308333834255609
0.04925396120315616
0.006870762956677536
0.0006838769309232644
0.0003749894536603959
0.002008729185647722
0.007426047580740873
0.0014738697565372851
0.04712340487971121
0.0015143010505773403
0.0010839046618207583
0.006221945282072215
0.002216266966196254
0.0005512307382307222
0.0003904764723055391
0.0010076188204182035
0.00017795707621286535
8.608677251169318e-5
5.0732552681086076e-6
2.572523721628077e-6
1.6680277039140617e-5
0.00030636288233205694
0.0003798075418663769
7.607629347180787e-5
0.0003685399104979004
0.0016059500684325097
0.0002388642332653212
0.007720542138649779
0.0002053340322622163
4.622574647520545e-5
0.0005337349711135589
0.0017132718360005487
0.0025103085890570095
0.044447784519629274
0.001939879556790922
0.00023892596674521846
0.0019016356098923836
0.001010710060071749
4.23997932434053e-5
0.00011654824422982302
0.0002889774586016009
0.0016021282407766967
0.0004990478047926573
0.0076393366611242465
0.0007567687358888637
0.00036623657113394296
0.0032878524102387913
0.00029448648120843687
3.2033856804320076e-5
0.0001429330745886883
0.000982020206097732
6.758856029242048e-5
9.13384142845779e-6
3.8344744247156554e-6
6.642574917828222e-5
0.00015210816477213447
0.0003768891164819162
4.7609098102713566e-5
0.0009458686197115288
6.674874306960357e-5
3.763176356077109e-5
0.00026451978238201893
6.366604677347205e-5
3.665743354000298e-5
2.827181395835999e-5
0.00010111532606146374
1.8445807583098306e-5
2.5062272804056357e-6
5.233537165101212e-7
6.758437627217021e-6
1.0896243996815183e-5
3.009313790598049e-6
2.8767872158489034e-7
7.263894412536155e-8
1.627865826226279e-8
3.251932717521633e-8
4.087659068357182e-8
6.265037850139645e-7
3.3543729797337782e-6
5.0154892292033e-6
6.651638419909174e-7
2.3804104048158953e-6
9.676521657483435e-6
1.866635332524519e-5
4.12587754610816e-6
4.862002789845907e-5
0.00017629104045153394
2.8050304346769006e-5
0.0003869080034752596
1.0446571915645006e-5
6.590361255434891e-6
2.1958225002208406e-6
1.5057933805484928e-5
3.281053073878187e-5
1.8152263164915815e-5
0.00011054058634460402
0.0003855579311519392
0.00041599995912639014
0.0010565138301979976
0.00010901295890479169
6.362354096348748e-6
6.482827666442861e-5
0.00022636282596061796
0.000604776789591371
0.0063326375217438126
0.0009166825744139326
4.485247106217701e-5
0.00017712434172406318
0.00011938637903985224
5.8980603789712626e-6
2.2531797169355826e-6
1.1898768505879148e-5
4.45767924636775e-5
4.1054630209467596e-5
8.630285776570382e-6
0.0002162975016501791
0.00043526695197210327
0.00021750516611127718
0.001538770273460558
0.00011157344460286766
6.247463549952301e-5
0.0006365500827310298
0.002494593829277988
0.009480043469329572
0.03450324637872823
0.005525306903621452
0.0006218382880200644
0.001737322156412706
0.0004041466507427234
4.278068580826763e-5
2.032082912850771e-5
8.316909754748158e-5
0.0002358919718901374
0.00021428240457897584
0.0016488365352609839
0.00014577404852012663
0.00036058794967274506
0.0010520742325024705
0.0006204023287158348
0.0002671802871482854
2.7854580513948657e-5
4.330391818311599e-5
1.604966872745624e-5
3.741221702537838e-6
1.5688826291346677e-7
8.022484079196418e-6
1.9363040341207823e-5
0.00018508916923415728
0.00011378924199723415
4.72053673050986e-6
0.00018281272522385801
0.00029397236782522756
8.200186195777637e-5
0.00219806057796009
5.109769099279048e-5
1.0528930285567115e-5
9.958307892798096e-5
0.0005586747434666724
0.0006171508957526614
0.007153613830427502
0.00040830383950506225
6.631028181468063e-5
0.00080897807997788
0.0001241838158623027
6.197305676692529e-6
4.487435723840479e-5
0.00023396423627765583
0.0003209343173909436
0.0002056445093465784
0.003857067766911658
0.0001610019729148784
9.311259611566251e-5
0.00030974441558044515
0.00036921268432582686
1.4192582528817429e-5
4.542153700277933e-5
0.000113047274759313
2.1449373867879124e-5
2.857435415430597e-6
2.6079541466652646e-7
1.8230482606057246e-5
0.0001556795641820105
0.00025213813172150854
4.0571773179387304e-5
0.0008701982525374168
3.6368704268144014e-5
1.2954367441788833e-5
8.184956217701926e-5
6.727166148203245e-5
1.4397237117531872e-5
9.585235752189648e-6
1.4197957215031744e-5
2.1268179271602185e-5
1.5546494171366932e-6
9.559348159701779e-8
3.050215485897066e-6
5.0177252698939115e-6
6.9974244905698505e-6
3.941108397948988e-7
1.0838922614424402e-8
9.073095864872936e-10
1.082072406159494e-5
1.722924034703158e-5
1.988028830185968e-5
6.164458378364867e-5
6.188117383372463e-6
4.3495223677643596e-5
0.00013583041146198865
2.0836161223999156e-5
0.00042166725622645816
1.2282330615108143e-5
1.0450803624189494e-6
1.0824370138138384e-5
4.9371550564774766e-5
6.159541913120126e-5
0.0009576403841008285
3.252263932969176e-5
6.265029129277305e-6
5.8402187086783214e-5
0.00011924552937020769
2.1145229661958767e-6
6.5250087528273155e-6
5.444380210761897e-6
6.766043814434374e-5
8.792460713745022e-6
0.00021581712532487828
9.114119412470114e-6
1.6541811451004656e-5
7.159259366220558e-5
0.00011174975645264486
1.4386275859468823e-6
3.8108830486915627e-6
3.914129053771922e-5
6.27965987958084e-6
7.019829980198136e-7
1.1166887416450613e-7
1.8938775963072874e-5
2.0248184200517767e-5
1.7508366812464093e-5
1.668626427369734e-5
5.664628493487545e-5
2.5095539065707304e-5
2.5633731551326746e-6
2.070829255169546e-5
8.300315130955294e-6
2.36651055026032e-7
2.671294698555355e-6
3.0407035728565695e-6
4.733968300049559e-6
1.91406556238745e-7
2.2032756208054772e-8
6.834092602191543e-7
8.653697087744392e-7
2.1095256216658534e-6
2.7319909240686775e-7
2.2580814978543867e-8
3.9392743772534666e-9
1.199794271313605e-5
8.292218212143707e-6
2.7985954895207506e-6
2.1098690104131525e-6
8.432049315743336e-6
2.684255368560914e-6
8.095169468190706e-6
1.2998720828395549e-5
5.382847533007999e-6
4.8771164742260855e-6
7.875855321426434e-7
1.328798528113345e-6
1.4081042614566486e-6
9.107966331203067e-7
1.6768140573654913e-8
4.937925466977755e-8
1.013641506552455e-7
1.0396371376985475e-7
2.4858891996897116e-8
8.00864725901833e-10
5.886763849813643e-11
4.169400215019512e-8
4.435128351024495e-8
8.239359774812983e-8
1.0187694553330781e-8
2.634331655734912e-10
8.39294446242324e-12
1.0842784708204618e-12
