2.565737232539662e-8
1.5759679826950699e-6
3.476630730522385e-6
1.1497188174689745e-5
1.437234922738865e-6
7.029101391883079e-6
1.61400582926415e-5
5.9843807331624746e-5
0.0002784392181238399
4.76259610581471e-5
0.00013063621221056181
7.418201442886803e-5
0.00020741797310243375
0.00010106441085340783
0.0005923587367396396
0.0002397809141358842
0.00013971682877033645
0.0007161858410412507
1.9402014366465545e-5
0.00015777385752205415
0.00029202134173961155
6.32916591180885e-5
0.0002114695958877897
0.0010387458303640234
0.0004399031675899076
0.00035426300243612526
0.0003259242560281885
0.0009918293550204807
0.0007290017846445876
0.0022766907546014604
0.0012226535922617548
0.0011490461038890073
0.0029317366704792723
0.00040525406013288654
0.001080615430980537
0.0011905591724364424
0.00020021851308518377
0.0007692355832030944
0.0005896313198161604
0.0024966865387374857
0.0012278979559093594
0.001058667315379366
0.0032826443599677613
0.0004839197249006029
0.002773151383358825
0.0028551900104515416
0.0008178545780980852
0.0010899490081124157
0.002813514584498262
0.0005855950996121962
0.0029839281451578435
0.0034750977957530606
0.00011017684614834107
0.0007938264560865456
0.0014240405300512968
0.0009505781786314268
0.00010583022381646442
0.0004156181407715216
0.0011477358865262066
0.001321527628088194
0.0004956844817233576
0.0005844181970598743
0.0016250729459766128
0.002417071934089654
0.00228660691897634
0.0021146129369051772
0.003285789632581657
0.0036773483029579296
0.0022462893505111104
0.002472196432947913
0.001125506536302427
0.0005166328702747408
0.0015575874042182821
0.002295416424171086
0.0032479967937392856
0.0026786902960474687
0.00443304121224512
0.0051481444136649845
0.0031535624631804384
0.006124660704932529
0.0039405072448240805
0.0016899045406736281
0.003591862060760658
0.0054338348576625905
0.0032240560409038605
0.006173017827015914
0.0064887605942842925
0.0018398833421567338
0.0029885227156640965
0.0030510088464085227
0.0014252632977509278
0.00016072575100415312
0.0006347537011105452
0.000943674553114872
0.0029534902155403235
0.0013819287696542443
0.002270476229722125
0.005669031380895141
0.0019651685655515897
0.006092046294818056
0.004474596783043923
0.0014383833037496217
0.0026144930792428816
0.006405747235032916
0.00286871737305069
0.010488202019594984
0.005970320743090719
0.0014839765079676527
0.005587094194740414
0.0065244204279423165
0.0034063221006193044
0.0007586143467428391
0.0017642267937218654
0.004812686726834412
0.0018892902009849447
0.005828927324825776
0.004597512321865274
0.0008673965786670561
0.00363255809358154
0.003926904606454915
0.0028712991152996946
0.00028740363552352073
0.0007205789978500861
0.0011187266483028905
0.0011426391349875116
0.00028157648716588653
3.594901192405663e-5
0.00029018263322405495
0.0005624697043469511
0.0008696232877486051
0.0003114950953662761
0.0005128739922617734
0.0013374596682007001
0.0021075033722013077
0.001203412339348565
0.0016049932420527727
0.002566645859125351
0.0022546967799010973
0.0025725439734693685
0.0026093459561598283
0.0007198099894842025
0.0005265062807268914
0.0018051773386312572
0.0026379557606041526
0.0031550072958379813
0.0023208301257321637
0.004199787982715612
0.0062697844339336594
0.0049958633362198026
0.006613165661663761
0.003659573003682738
0.002287804482481962
0.0042624772819934206
0.006492474562900252
0.004104629206736846
0.008919850933184316
0.005630490692738317
0.003456473323516867
0.004009690512810245
0.002997980143997016
0.0008140407256065059
0.0002730046008114155
0.00093907013042006
0.002101055154097048
0.0031712557705954516
0.0023107227410558337
0.005161397112232008
0.007031812880760529
0.004842414349045041
0.008716591234125293
0.005710351862256795
0.0026189504124597258
0.005298873876040489
0.009659305675337189
0.007718415238005213
0.03485833958566213
0.010502733109367007
0.0043696232770049255
0.008799503025061517
0.006169523545874605
0.003134111322246346
0.001122379510690339
0.003747621714341857
0.00704664816038411
0.004201477732703253
0.008636840444849431
0.006002904708406038
0.003640741477411634
0.0067056298301754105
0.006126215850873287
0.0027414415592253464
0.001490212576696807
0.002557106993073529
0.002466020720387465
0.0010744405894931924
0.0001569844420074667
3.7854500979129126e-5
0.0003079293012453377
0.0006621019776036372
0.0014506673056983886
0.0006624150795007535
0.002202768402167344
0.004300032522962667
0.0025033915886617775
0.006874389741734334
0.00481174126120283
0.0008905016700318685
0.002594393437679866
0.005325930132027366
0.0033912027143433547
0.009685347618848995
0.006382803817477815
0.0021506847962122445
0.006587944725022332
0.005369189785317088
0.002672239066933461
0.0006283659199821103
0.0018446032058562127
0.004421731436142582
0.002644959043248798
0.007197386888934232
0.005555517339356457
0.0018948942619225941
0.006285983484855204
0.005124317521111811
0.003299887902523522
0.0007720559608694645
0.0022516852663043378
0.0036446694274974516
0.0030151298640732115
0.0007224416776125632
9.968394220616731e-5
0.0007277709239959335
0.0014673514683136834
0.0010829463637416514
0.0032321369809411066
0.0029649214249041237
0.0008308404675695822
0.003149273440953935
0.003273156625308498
0.0025379101606438164
0.0004267459978024343
0.0011967925808241183
0.0022428444279651723
0.002268807223061016
0.0005951642531654477
4.285560185897141e-5
0.0003217877737525723
0.000507007292371207
0.0003599504465622634
0.00013350908023300348
7.236981601722023e-6
2.0265090552794395e-6
4.557016782644752e-5
8.447667021164726e-5
0.0001577335517292263
4.122446529755383e-5
0.00018816649445202644
0.0006139418181956243
0.0011395870146427753
0.0004203399638178414
0.0006922209823316158
0.001576822692336181
0.0007552773267474182
0.001568488377461938
0.0014874574164289525
0.00029098476603536485
0.0001864513520623747
0.0008688801975602384
0.00224129871118629
0.0008214202790748311
0.0018447305194702647
0.0029287087219043583
0.001906744020941637
0.003416148509069637
0.003723019760248471
0.0008932351389593248
0.0013543669422501098
0.003445123980562571
0.0021958833675603975
0.0040862990931679125
0.004531750149672073
0.0015198043741474709
0.0037913457883903654
0.0034063711349966675
0.0018296141705253443
0.00011101693748510071
0.0001166366172180289
0.0005465271841867325
0.0016627594833417648
0.001062459978627519
0.0012451009347398915
0.0037737388599808435
0.002670141509401886
0.0038016001816621107
0.00424012092267685
0.0018778777424296941
0.0016915139358923824
0.004090075474337214
0.0032438973403390247
0.0055955950727207
0.0075459809635406916
0.0028765075907510127
0.00412401861009982
0.003985057245843467
0.0032888323890056014
0.000586214787965839
0.0006998049773172608
0.003499177258497773
0.002621298597297505
0.003741904124389791
0.004695437110568831
0.0019420336415602827
0.003536182527194725
0.004892734731956171
0.0031826227936708096
0.000483263710454274
0.0016260488167845427
0.002652532072601151
0.002283651919500173
0.00039993881365679197
1.9359640203989274e-5
2.4823341217130342e-5
0.0002410731684254801
0.0007960063273554695
0.000721381901842228
0.0004932270771777029
0.002545492076119268
0.001898891230051971
0.0034731848110770925
0.0037582557599364582
0.001759175401486337
0.0007055271642878204
0.003032331424903266
0.0025944158938625427
0.004186946839039326
0.005417082625696798
0.002655795472747537
0.003491918571272562
0.004289108525686365
0.0035524915214340076
0.0010805495779089478
0.0004642685115912568
0.0024695876938583897
0.0021678000953404713
0.0037840057716681933
0.004996634372743977
0.002285838902781747
0.002960593601023877
0.004149997602023051
0.00443758539773989
0.001095534325850986
0.0016009900326906493
0.002571367700065459
0.0032805895835022907
0.0011538270622267503
0.0001468789814845347
8.064779028475845e-5
0.0008248890694488942
0.0007009076522789256
0.0016841245676208188
0.002050439294761732
0.0009206367650486101
0.0022875697866366032
0.0026216055503692458
0.0022269727835223857
0.0006072919861978462
0.0011512572902924844
0.00211142471061589
0.0023976684242948965
0.0007409374117033045
0.00010504029300904842
0.00016462401233739046
0.0008651484704059338
0.0013145701290907933
0.0004288928881966964
4.6077505851753544e-5
1.4003661222164452e-6
1.1190192589765163e-6
2.3871383381625253e-5
7.556067355965213e-5
9.612467262965578e-5
7.607186082134422e-5
0.00047694081155897424
0.000603728963278806
0.0006939813981061622
0.0011023786605230744
0.0007090978218112507
9.429802005848552e-5
0.0007241332638827176
0.0008984151096453237
0.0017450085412005932
0.002537021835639679
0.0013751659211491847
0.0013730131938322742
0.002176696454822039
0.0017051321244693062
0.0008150945796180974
7.467063320345138e-5
0.0004996189273400261
0.0006694657833820972
0.0012408184730071953
0.0023320256367749185
0.001379013355043319
0.0018354363699596085
0.0023700565598684395
0.0026538164448641727
0.0012767387457520553
0.0007154776309077833
0.0016441443109537037
0.0020278421370444268
0.001218987869885257
0.00024395906401741393
2.368814432810436e-5
0.00023482787501200703
0.0003062413083001737
0.0005485514086405768
0.0009640035323246337
0.0006367782836574708
0.0008807759806219398
0.0018154814828611164
0.001573157824642022
0.0007500166625594282
0.0006105524755652846
0.0013307632475363545
0.0015669332097989826
0.0009670020866223912
0.00020475165971726837
8.535017037816005e-5
0.0005850324745109399
0.0011120202831507945
0.000991811071901897
0.0002715152283989745
1.118558013664003e-5
1.101238437251793e-6
2.432338046259153e-5
3.7522350951590953e-5
0.00011616896939012182
0.00027881974175394746
0.0001649664284370759
0.00018348519655332838
0.0005451674112732523
0.0005325960522846788
0.0002043488340427117
0.00018788687443600408
0.0005192069313516977
0.0005857233392612371
0.0003331163939932135
7.85031948517813e-5
4.685591932932354e-5
0.00029471955858505097
0.0004136176399648336
0.0002122497089644135
6.203570067433241e-5
3.5317537871869647e-6
2.129392883620792e-6
3.6692104932153855e-5
0.0001092351229879404
6.392372607016702e-5
1.636151050768309e-5
1.5819340071847055e-6
2.5457971944168078e-8
