7.055374555460526e-9
9.55714514102225e-7
1.3351835366231856e-6
1.7078966251868956e-6
1.1132074758114278e-6
1.5967262923300724e-6
2.1227677741131576e-5
7.063043420118262e-5
8.324176736190958e-5
6.405572098124843e-5
7.651902214195277e-5
2.611845520958271e-5
8.539656477515135e-5
5.07688625317229e-5
9.066598560882132e-5
4.251292664595838e-5
7.028019894814111e-5
8.185692226330653e-5
1.994398019589313e-5
6.146691160831182e-5
3.1432628611697173e-5
7.873958295716399e-5
0.0005230900435940161
0.000513915618897822
0.0005172942552940803
0.00047949499015506375
0.0005407097818102344
0.0016640147467695604
0.0012120247177518763
0.0016282578821376701
0.0008710923951111247
0.0014481826673822238
0.001795701019476318
0.0005393116832694459
0.001423897688010478
0.0006808797770405533
9.955990016077539e-5
0.0005773029387793483
0.00041059628885133515
0.0006972415664882542
0.0006222162179252116
0.0011732234784913285
0.001478814994333888
0.00043324077677929534
0.0013633470478218957
0.0008288068714636223
0.00014560217114842957
0.0006214310488368742
0.0007809237813100014
0.00045065776312927503
0.0014683584852020024
0.0008772766325980661
0.00011283749435997467
0.0006520554650576701
0.000577582017391515
0.00019360497363163292
4.942227243736949e-5
0.0006891080414610285
0.0006550768007157067
0.0007585652528160576
0.0005489541106316159
0.0015224439296756072
0.004349104090539859
0.003665324551418951
0.0031767245458943112
0.002136202531249455
0.0038557181045086523
0.0033474674294185895
0.0016535808045428496
0.003286322358143781
0.001437853626695774
0.0006787727826077291
0.0035775123870708907
0.0028977032047780103
0.00316799797787165
0.004934404765839164
0.008944672408995753
0.0077730787343226835
0.0036412369786423702
0.0058053992271844945
0.003854528697691819
0.0008840094738701555
0.003944225836876133
0.004831642134673836
0.0038235536633160422
0.010853006762549402
0.005636267438098396
0.0008435378318424202
0.004585262566569449
0.004071832936496262
0.0005825850356308191
5.1027065078098365e-5
0.0006599216149745006
0.0006200474857064894
0.0007475033713166411
0.0013610158230527572
0.0031533560844380845
0.00450353781291994
0.0016930048442991236
0.0038571022238364948
0.0026022339864986356
0.0007009715357006623
0.003773253273831666
0.00457487436531164
0.0031915017787222063
0.010392134760242486
0.010473262424775302
0.0007484731913326774
0.004808918849900873
0.005667683921019629
0.0008807389142656849
8.262362226478709e-5
0.0009095949436544731
0.001054978709866771
0.0014658764143385074
0.0033288903740133157
0.002649558438775204
0.0006872302438191708
0.0032692402540626586
0.0038339007195616085
0.0008064711990850832
7.140436976240168e-5
0.000679310408321654
0.001464838889804081
0.0006828954132180207
3.147161125333521e-5
6.824083683298305e-6
0.0001842006217061032
0.00018753002186420396
0.00021529872236600504
0.00012702290727662554
0.000839496794496601
0.0027356698344196064
0.0021045697862870734
0.0016019618725395313
0.0010559587127412112
0.0019299477143187662
0.0014790192455796196
0.001038185863246776
0.0015062932555218577
0.0006726813453792384
0.00074702993574571
0.004820570286630411
0.0043214655680184726
0.00393489701754269
0.004656650784633355
0.010748042141158818
0.00727040949759761
0.005832609213671982
0.008976217452754703
0.003309886378909596
0.0008723029143181268
0.0052412212061095555
0.0042362171769977685
0.005873096338110489
0.012787104129549356
0.004874493642218443
0.0012019440011308271
0.004914178974379783
0.004520379027983306
0.0006431712218720369
0.00016351544696969496
0.001912397404536325
0.0020068356528243295
0.002016980478830801
0.003910712185655341
0.01222123570046723
0.008871572601977344
0.004970555664639883
0.009137273620837065
0.0034206880830240727
0.002267638165042711
0.010796151516354406
0.013106350597515535
0.009229095195322902
0.044117017295815845
0.01018820403318772
0.0027448874322591097
0.012530516664268741
0.010541802502140079
0.001443016993397082
0.00024919878987310844
0.002575258574750504
0.002672171677163633
0.0037191665238416613
0.008981237194870212
0.003861502073418462
0.0020926147886158315
0.008956410990873518
0.00608732761351805
0.0013758556395185447
0.00017187256143878503
0.0015232288752177706
0.003306154714046101
0.0014177357102771154
6.21020410614473e-5
6.674406881523071e-6
0.00016576136876731928
0.00021695233773707582
0.00023772276470739194
0.000779865984423475
0.002679930850600068
0.0029120286462300474
0.0011112011920187137
0.0025753896680422235
0.0011138685080937737
0.0007790689327567011
0.0048664897818618226
0.006448853236822201
0.004603050824189262
0.012774235240787038
0.004482119145995575
0.000812058210128546
0.00423210777338626
0.00485103898507813
0.0007861283021758992
0.00022293229464068746
0.002480780412218568
0.002887089794604683
0.0037203650650930015
0.008819021960887654
0.004569438642717081
0.002479512674225985
0.007306475975208449
0.007922082104951012
0.00151565113689312
0.00021358608945954254
0.0014736448985819802
0.0033529233765347897
0.0018444284446758794
8.33937604405983e-5
9.146120673655181e-6
0.00017866751530071624
0.00023217537978001274
0.0008412193916993803
0.0019672058837326752
0.0007631657740033167
0.0008666219850518509
0.0038769531989201996
0.003156782777815803
0.0007033241672616103
0.00016112709756372105
0.0015974433269911052
0.0031757634154158474
0.0016381380003870913
9.139804511049701e-5
5.765097524721794e-6
0.00012622763958739812
0.0005576031119666049
0.0004934004341405497
8.027799385768647e-5
1.6670508610843986e-6
1.7950094455505619e-7
8.667429798882748e-6
1.0112626362252913e-5
1.0263582333008318e-5
5.763528263935662e-6
8.011172895652999e-5
0.00028812056698089854
0.00023003478140436672
0.00015934469364672164
0.00010622589093969914
0.0002712238464792303
0.00021482230012760513
0.0001348784566666177
0.00017476248416407032
6.860967266381921e-5
0.0001563134427260169
0.0010811898402394227
0.0010806255126949655
0.000865358098497871
0.0009876934259460356
0.0028775672928549006
0.002503457103915183
0.0021208487270174096
0.002164337680669574
0.0006875329098528279
0.00020823645533058125
0.0012428197154087319
0.0007989419979357382
0.0017300576751857182
0.0027532271656156683
0.0007377643868967513
0.00042194335458888975
0.0011879945328280904
0.0008431194805497879
0.00011158148561442374
7.292193716075769e-5
0.0008743236744502353
0.00101875719505661
0.0008506989000408775
0.0016873006324639294
0.004979410759961928
0.0036877709527048373
0.0035909290025906843
0.0036925111602213057
0.0015101170551834453
0.0009728589708738498
0.0053604603106002695
0.004514192016907632
0.008269354345324904
0.00909142623341401
0.003203142497971873
0.0017273932436579287
0.005748069967702961
0.003830020244344918
0.0004448495168812004
9.838918527995664e-5
0.0011636937490774213
0.0011231113594760045
0.0034336206117795832
0.004905599976172028
0.0016475784023164159
0.002076411920141176
0.005722783992532003
0.00364576363899924
0.0004312957766293935
0.00013235865140559847
0.0010244416035649127
0.0016186299591780036
0.0005335016294967445
1.9938291064133002e-5
8.400716062338274e-6
0.00019628600546919714
0.00023434664528882335
0.0001818719035340774
0.0008035546991580135
0.002390030058273089
0.002478150891355117
0.0011973765099553082
0.0025152637972251043
0.0009425921328653512
0.0009273508289563558
0.005232578452435418
0.004906737844985015
0.005452245384721981
0.01057401325794391
0.0038248344150756636
0.001262231223437308
0.005156785120751667
0.003968102456365282
0.0006227961670983442
0.00024378810409228573
0.0023719958255898873
0.0027117774236586796
0.004963254976604669
0.012166416314598034
0.003203571809423837
0.0029066984879244887
0.010737270114610025
0.009163096154921826
0.0011841435906684333
0.00027263042523993647
0.001908198117485374
0.003918424297932543
0.0014927783668078314
7.377394325422508e-5
1.106401277236107e-5
0.00022671792066396152
0.00021204246198621834
0.0009662409436093283
0.001982711834644631
0.0006312353724966913
0.0010586622384183926
0.0042834417363782845
0.002894474084118753
0.0004050701716873333
0.00022771935757948998
0.0020989937093500066
0.003631125091628994
0.001221014848205056
5.142658824108929e-5
1.0243501946097491e-5
0.00021373522162115478
0.000756605130250043
0.0005300907321135872
6.457660876963007e-5
1.1079214163021866e-6
2.2544718736049774e-7
1.0928089265242666e-5
1.1094990129570878e-5
9.344397741444337e-6
9.649249076835081e-5
0.00024282621653960317
0.00022405820454730408
9.750224485984106e-5
0.0002467126812792829
8.248387399341342e-5
0.0001949752087195661
0.0009449643966728072
0.0007818919942558654
0.0010027450589536284
0.0022723375233820752
0.0007111788674650665
0.00020856476340422195
0.0008530650738048959
0.0009098318794219088
0.00014677471024820792
9.542347110017384e-5
0.0007950458098061732
0.0007603274636395372
0.0017132582027158203
0.003937889914752159
0.0013686419143214945
0.0009985355076234414
0.004798901777695696
0.005059840999891949
0.0006289395582487794
0.00010650579656304478
0.0010525647461501488
0.0021646565763408813
0.0008851057577723947
4.390080050321072e-5
1.0790943775215695e-5
0.00019466606478451951
0.0001611738611478618
0.0008807707258741104
0.001896826321748741
0.0006553980960617446
0.0011079066572444404
0.004983566270892835
0.00365885810231065
0.0005696658613658821
0.0002902744673245311
0.0027425774778196284
0.004442021697697801
0.0016978675855882763
8.675010285202183e-5
1.012860579628511e-5
0.00018944392232644883
0.0006796232095650955
0.0005267853965953035
8.456365647962073e-5
1.737995243869921e-6
2.2576866856409837e-7
8.431540807575667e-6
6.591700322840512e-6
7.32706807476731e-5
0.00016448375667061027
5.1799029041817355e-5
0.00015603600920090793
0.0007558324789118003
0.0006828125696203096
9.72849350425497e-5
8.0820843066467e-5
0.0008507894628508863
0.0015282524746386647
0.0005323329185022346
2.5827041134187357e-5
8.705681962388384e-6
0.00018512318044832345
0.000710429169771569
0.0005438314542198228
7.318386053987502e-5
1.3702959294050736e-6
1.815804111601451e-7
6.990107556078944e-6
5.227614578010174e-5
8.162046389827684e-5
2.157617980153214e-5
9.684425409207075e-7
7.169445159080555e-9
