1.1223588256266562e-8
3.530449217184522e-7
1.5307878957187291e-6
1.6243602291799374e-5
7.621476833733264e-7
5.140841636257447e-6
2.777218000446117e-6
1.6566240666341514e-5
0.00024426367395740235
1.762246071039332e-5
5.1150349856246787e-5
3.117143113218364e-5
0.00011605516497834175
3.0488204360538532e-5
0.0004073788943096519
0.0003327042962464964
0.00015613680675148416
0.0010111408998762562
1.2777665449781497e-5
0.00018498588370805322
0.00015111537606479877
1.866506056424222e-5
4.6002818678985793e-5
0.0004635057323143177
0.00025228085516811846
0.00012052926901677885
0.00013693526569800687
0.0003893417599840239
0.000301645880261331
0.0007957079759787531
0.0010864636429544342
0.0009888327423742767
0.001201021522031287
0.00018531598416283095
0.0004996739499565671
0.0002880306313380297
0.00015494387180178755
0.0002680628549909311
0.00040012043275455947
0.0014588613520425287
0.0006642602753209923
0.0006629799995349115
0.002208073487871907
0.0003893301155277354
0.002792622156665505
0.0019168605088008593
0.0007750091573842236
0.0009138197369911792
0.002131939615174604
0.0006848799473697186
0.004119809507606762
0.002189198234625368
9.407106363554767e-5
0.0004964143927757574
0.0002941790333092121
0.0002378489152406189
4.8284858650133506e-5
0.00010405704797451521
0.0006014820178259167
0.0010725720079482045
0.00025163828488053875
0.0001833502491609648
0.0009620257191654613
0.0024444847918263686
0.0008376411390982894
0.001473659225300799
0.0023582502488839526
0.0021261458234733827
0.0015357445168945863
0.002617482574938786
0.00042368251248058503
0.0002225118241907506
0.0006266931049220258
0.0015369588792332111
0.0023224950698410487
0.001911194934614078
0.003341732953193639
0.0032668813074630985
0.0025972570351135305
0.0056572922047462915
0.0025077744426446505
0.0017410344724999092
0.002356482223256793
0.004077258128148717
0.0029350063152768177
0.007443868921655724
0.003434957389646934
0.00201347723805322
0.0022316188664111202
0.001167416802467917
0.0002931230375732263
0.000191250524592859
0.00034418628694094265
0.0012200095388272452
0.0026215406139867984
0.0007927190327615409
0.001582785500716717
0.0031379349042360755
0.0021323857309241676
0.006169645320729975
0.0024450965274591353
0.001300923830446254
0.002246765649857344
0.005490473638633001
0.0036849763265764325
0.019584921957917185
0.007874617213682182
0.0019552467838418897
0.005496914481149381
0.003329539470246388
0.002101283935352456
0.0011815219999246182
0.001171358403172796
0.004188676728502566
0.0013356517437514968
0.0059880294441804665
0.002372619239448598
0.0005701695846307771
0.002900033800588975
0.002492469449393728
0.001852807761776148
0.0003224338690043677
0.00042142183487919627
0.0004394851820310377
0.00028047110181647557
0.00015244639617327673
2.3793604658378574e-5
8.796454633135064e-5
0.0005282830149781448
0.001512862272036273
0.0002769944971129449
0.00015009217489498798
0.0009773724531852903
0.001640517170698157
0.0007490682906101126
0.0015654221061200133
0.002266607987679314
0.001825533768013317
0.0013587835125692263
0.0035036564791864505
0.0004290995229220539
0.00020629296795296277
0.0008359680103263209
0.002178382121783669
0.0032027531331950787
0.001706428027571359
0.0032448121108717585
0.005312000911233344
0.00289918807591522
0.008231450483027454
0.0029473941702274453
0.0022316350883546552
0.003047329050221166
0.005159025633562772
0.0045850957005498455
0.016385236686894226
0.005595374913050279
0.0030050981050127787
0.004676925227423284
0.002318638369681609
0.0004920874670180126
0.0002023097684993303
0.0005551683818794558
0.0019922491354909303
0.004884639194470795
0.002144113164717904
0.004255672991914728
0.009431451199250889
0.0043841348801240305
0.017379145672629024
0.006208049539451733
0.003130394248660756
0.006883635909044391
0.01408534477748044
0.009231043014859294
0.05550243753793433
0.0199052167319129
0.0067627522330300826
0.016126422807322474
0.007374321851418284
0.0043662353005880635
0.002973594149713018
0.0038061189787412762
0.010174323137328729
0.004222834088587671
0.017127536418789308
0.006178638513938809
0.0035875341532172807
0.008185421730806008
0.00546116819819535
0.0026848601897484104
0.003897081556297255
0.003429168095929547
0.0026426984643892234
0.0004906260269002946
0.00018912969313170775
9.430134221561986e-5
0.0003100548455722343
0.0011190838915657985
0.007031051960187988
0.0005555755735676229
0.0018853082774641756
0.005406066359056304
0.0027269328544776354
0.010263860552046738
0.004191280915709438
0.0009256307479360776
0.002123166049935594
0.006397236250910599
0.003045591048733042
0.014126383949279486
0.005418395173359808
0.0027433329715225944
0.005211042436160548
0.004049241332675871
0.002145779962119007
0.0009704774307011652
0.0013052774593639439
0.005275679698603414
0.0020566854102158387
0.009515835193007853
0.003057867565090723
0.0019070793499872155
0.005196592622827064
0.00336407945409869
0.0022102643152546583
0.0013119398002436593
0.0017690512248499917
0.002188333733379974
0.0012029412544886317
0.0010385213696872816
0.0003341429591049533
0.0011589852526414598
0.006861017370140975
0.0010928365138747301
0.004692479515036932
0.0025317638786785264
0.0006140653435060398
0.0030900194509889227
0.0022242697521522073
0.0013298464459759192
0.00034076313658170634
0.0007402266366539097
0.0008275287802536466
0.0007521903937082545
0.0004145682388900812
8.575967020765988e-5
0.0002818759113891334
0.0002544929532007417
0.00012137803353407997
5.20360439787191e-5
5.095861948313722e-6
2.8813956883622867e-6
3.885032375439416e-5
0.00019054312071113474
0.0007044979788993866
8.910569945547806e-5
5.761812548996488e-5
0.0005530799766547054
0.001224892993074612
0.00034918534876494494
0.0011180036506491982
0.002297763763740423
0.0013098880946260595
0.0018953773048267328
0.0038059067626537626
0.0003200971984817208
7.682252668893292e-5
0.0005300797505980769
0.0014895450645823756
0.0006221068688489545
0.0012674822327369342
0.0020944308022757905
0.0018702688602886138
0.0019895376575664895
0.003673888848008805
0.0005932105240341003
0.0018692697721457668
0.0024381974235772974
0.0027211261200461015
0.0031999576590445214
0.006935655666768894
0.0020226042930308183
0.0023212158172988937
0.0029691079754366675
0.0020089348869437897
9.696052859946968e-5
0.00010259510976691083
0.0002994277066635526
0.0018253183801156929
0.001107359121755194
0.0010805781745846271
0.002676308016915156
0.0020926270866965697
0.0023410529438923186
0.004303821557523504
0.0013363018264796593
0.0016105254539036944
0.00327994880032309
0.0029986523866710533
0.004274627619363433
0.009259491029101785
0.0037764112917592846
0.003205867442619474
0.0045572815226952645
0.0030261645804091635
0.0007174015543820146
0.0022660155773051886
0.002776496938682202
0.0027406125988084697
0.002352655439929009
0.004560476562454513
0.002109996518140215
0.0019361616646982728
0.00296225905800625
0.002578242456697365
0.00037875985491124086
0.0019268903527150417
0.0013382546743284823
0.0015897763647306294
0.00018097392246927684
1.336476108672247e-5
4.763703044173535e-5
0.0001837164137629399
0.0011747375308530162
0.001204881171448348
0.0003019467677977237
0.0021111854925758115
0.0013550625440528917
0.002722286674459567
0.0039922121964462015
0.0011816016615992366
0.0007215673353428743
0.003287520929595095
0.002093520212810082
0.003193032406812978
0.006886624227731148
0.002310282857622954
0.0024611727450692096
0.003102898152047804
0.0024279830387698913
0.0009721139156827432
0.0009228652515551115
0.002148251209601858
0.0018589282840580361
0.0026754556721556005
0.004396009813917171
0.0016146579314593543
0.00212320670940204
0.003255307872916772
0.0033278808542562253
0.0006870194656968669
0.0023974844703585022
0.0021890554104635695
0.002298203557551053
0.0009462574312866797
0.000160852764961054
0.00023435472073482782
0.0011619393391157392
0.0011564682806895603
0.0017500366753090515
0.0019688326388149994
0.0012239830370963348
0.0014718337226300292
0.0021091616083700163
0.0015038822676688734
0.00042887485210324266
0.001190640682085137
0.001595650408130465
0.0023387963447895743
0.00029797174546316565
3.151460700353895e-5
0.0007351516572716183
0.0016202539724378962
0.001135297524431772
0.0002573772904948346
1.7768738696737138e-5
7.599476050840459e-7
3.918277764502128e-6
5.514880673308345e-5
0.00023399609242234404
0.00034663506965523696
9.158709892225423e-5
0.0009070019481468857
0.0009988399209985793
0.0021784913901314274
0.002922232317097613
0.0012412279466188117
6.871474232609894e-5
0.0007043351956814835
0.0009813205580092186
0.0015703940952975781
0.0030615223576755577
0.001347810802510289
0.0017959372801126614
0.0022949046986607906
0.0017691413293204233
0.000804255167658068
8.9243655338046e-5
0.00030381914457357196
0.0005852681197213703
0.001048174588400146
0.002149933381071967
0.0008246744530964614
0.001254712123026618
0.0017554058220000614
0.001855449459719177
0.0006782960470376638
0.0012258548047955778
0.0015419622477672642
0.0014973543436627773
0.0011492372456509534
0.0003562182505972042
5.4806342534008756e-5
0.00019180150312121718
0.00031359515240373076
0.00029744936861940435
0.0005626105366387702
0.0003571406561449339
0.0005308499212280695
0.0008528116194829389
0.0006465720356527451
0.0002864592480957835
0.0005566233498034726
0.0010196600117160677
0.0009592716121416142
0.0003960782834691504
0.00012634886584633422
0.0001875988303874099
0.0005509167081328478
0.0006135689911739344
0.0004748171214184779
0.0002651166752994664
1.7661533240812077e-5
3.8692780146978e-6
4.881328682723501e-5
9.712563870248504e-5
0.00010361021704149753
0.0002035204224510642
0.00019051809468780318
7.380600527151884e-5
0.0002051677886062682
0.00023720298201188974
0.00015568991660283452
5.592750990317235e-5
0.00015499493046599395
0.0001876195800019447
0.00014060754453126297
3.3099887790175836e-5
3.7852557231647736e-5
8.349791868174854e-5
0.00010094514063453808
4.5430369268375105e-5
1.7580464583934218e-5
1.6008832483381559e-6
2.815635471453957e-6
2.443428623367334e-5
4.906941574578043e-5
1.847288391838341e-5
2.8114984577190585e-6
3.546370783379199e-7
1.0900883657014534e-8
