5.660911259940229e-22
3.1920733153058906e-20
3.0688623688169285e-19
8.172297227085743e-17
5.3125228411016696e-15
1.7506851030458517e-14
2.7166354001509347e-19
7.508618875670603e-18
1.4546036881258459e-15
1.6663243285156375e-14
3.545002316505222e-14
1.3688570721043805e-16
3.645207874936326e-14
8.073513090056935e-13
2.194325909494766e-12
2.2529093584466793e-12
9.720435657966486e-11
5.2990644542989064e-11
3.2728275623208426e-9
8.05824216175078e-9
1.3048358932351775e-9
5.28516208949676e-18
4.48950847557804e-16
5.857337534781445e-14
4.945165338058318e-13
2.1641586371886735e-12
2.114226553339418e-14
5.819319538876117e-12
7.053913770480999e-11
9.475257947640977e-11
3.9742504911790604e-10
6.869591988786936e-9
3.3272592148018256e-9
1.0743331068420006e-8
1.608853472910753e-7
6.903261066583805e-9
1.502852095736922e-13
2.0879073883884016e-11
4.715567077970633e-10
1.256699006047908e-9
1.430557923146316e-9
7.457045192850222e-8
7.103621354844198e-8
3.3557685109243306e-7
2.6929297863586887e-6
2.623106099684921e-7
6.335221972424269e-10
4.433684932931844e-8
6.087410064360349e-7
4.810850748690064e-6
4.014856330074342e-5
4.237423319425746e-6
5.336443884651752e-8
1.2086845645440703e-6
3.018355005747346e-8
3.13697967012121e-9
4.4347299082922104e-16
4.75130962034409e-15
1.0072775755265478e-13
2.9964055974052274e-12
2.1764958604996848e-10
1.6630331795668218e-13
4.160210987312971e-12
2.892004136834312e-10
5.6343030332206975e-9
5.044892531058846e-11
3.641457768179203e-9
1.0932965626216158e-7
8.951864727526158e-8
5.631795697603072e-6
1.0371037424469788e-7
1.2073473576580942e-11
3.031004021641583e-10
8.26018616888898e-9
9.53464805877849e-8
7.048330636065252e-9
2.2400987670212054e-7
4.008861111593136e-6
4.11213170511819e-6
0.00015050306354847726
1.330029221306125e-5
2.7791171068913107e-8
1.1731711959557863e-6
7.168142714898839e-5
3.2039254809747855e-5
0.0020231187627442926
3.266768525772569e-5
2.857997923161442e-6
0.00021361876264582266
2.8816359933785446e-6
3.893787860045068e-8
1.9606559686338945e-10
2.6751384606690573e-9
2.5932478554995873e-8
6.348727922239257e-7
2.714535200892333e-8
2.1168634393592598e-6
6.938425098945735e-5
1.7497483872093837e-5
0.00022878142213750519
1.4670173071704448e-5
3.5368909158793036e-7
4.78276340373868e-5
0.0003210906826292187
0.004420841622720194
0.026569274002411155
0.003701315045454064
5.426231030206189e-5
0.00031314199422322736
3.3476083891899256e-5
4.705602384767289e-6
8.943346569996453e-9
4.6849536036782077e-7
5.436733044553927e-6
1.3684564144778758e-5
0.00019869304476560976
1.3917534710023016e-5
7.453530276087687e-6
0.00021346621287187024
7.671727513824774e-6
1.956578157451219e-7
7.588038791291704e-8
1.1666138981402354e-6
7.208321059643852e-8
4.558734144236479e-9
1.2747092702040335e-9
2.2465314313139493e-14
8.576230114542568e-14
6.4106609500936594e-12
7.775202451038111e-11
1.3057521223725614e-8
2.068550742517561e-12
8.690417061606513e-11
5.884719524279829e-9
2.1498388991067697e-7
1.3609100264332627e-9
6.309734341579108e-8
3.131580094103612e-6
8.030018890617297e-7
5.146974446430179e-5
1.7447168062713542e-6
1.9251203749636484e-10
3.956017602479068e-9
1.078553606102214e-7
5.61874644401937e-6
8.37385532091366e-8
4.231420632147759e-6
0.00014228125640153603
9.34928075799615e-5
0.0023975115062985406
0.0004023605887427177
6.63171609374754e-7
7.421429756940091e-5
0.0002278135385591553
0.000307856924862361
0.03412302013589468
0.0003356771340260947
4.8374583314536924e-6
0.00024088121914340462
0.0002557672594597977
2.0339424327925208e-6
1.2293323703070402e-8
1.5370630825909403e-7
2.7875689556448923e-6
5.169620201526861e-5
4.172081411948195e-6
0.00013820814463861084
0.0019874721252905805
0.00020512466165421923
0.03298691252853268
0.00020624487889917722
4.853233798925746e-5
0.002077654372187079
0.03233000372551674
0.02509638164863486
0.6494708154922686
0.027069547252217125
0.0009578925818264726
0.030412284286315153
0.0021475000045897063
4.4627241998075474e-5
2.459830611193698e-6
6.328863774556126e-5
0.0011813909464180488
0.00019733553004581744
0.03307375162443909
0.00022243641632772336
6.546080481500945e-5
0.001978084633648715
0.00014702415426729126
2.1353606978952664e-6
2.632450553381894e-6
4.892258415917998e-5
5.757238075859665e-6
1.536192259669215e-7
1.0399183846618285e-8
2.398713906761977e-9
3.074323717876121e-8
6.925369906457731e-7
2.695838160635054e-6
6.04943212846918e-8
6.536472808866014e-6
0.00011802970175808627
6.690398297008254e-6
0.001265748926962024
6.254059601480053e-6
1.3369946445742567e-6
0.0002119130475798971
0.00024910986249585573
0.0003375026588055211
0.03361975771570563
0.0003405158821830886
5.373657287302354e-6
0.00023289644427419793
7.91495374644695e-5
7.116207468845179e-7
4.844436684975103e-7
1.5863669421063833e-5
0.00011351614499653195
0.00030987265545559024
0.0019153942629647693
9.04739591489994e-5
7.972273161775295e-6
0.00013033428455940405
4.260897852512141e-6
7.88418478223898e-8
7.445705203875267e-7
3.2945933812836923e-6
1.1309566947408212e-7
4.48061758366178e-9
8.653542457913549e-11
1.3140803097362541e-8
3.7687856736515396e-7
3.0010843049232796e-6
1.902586137977152e-6
5.0634051391526854e-5
6.617076136120674e-7
6.760367689417821e-8
3.7991687021098337e-6
1.0289917603344613e-7
1.3723861491347228e-9
1.680576152204086e-8
2.0611119563585229e-7
5.3424537458714024e-9
9.969203204980805e-11
2.396685359339457e-12
2.7556661614136195e-9
1.0601421999417101e-8
1.905704628463338e-10
2.2134528885718933e-12
3.56861234853706e-14
1.7218110872968278e-14
7.575214843228798e-13
8.929561512813674e-13
5.062656563394938e-10
4.629700464258668e-10
2.896971402164799e-9
1.3978864089889666e-12
2.8195449701536524e-10
3.540326858573595e-9
1.6448865484640264e-8
5.255348252207155e-10
1.4463716104768512e-7
5.516607371306356e-7
2.1822248383337717e-7
1.8987986839300584e-6
7.633441664410136e-8
2.0422015160229792e-11
8.653045615839604e-10
1.0995716900167883e-8
7.222667776313712e-8
5.880145122199448e-9
1.9499996211705642e-6
6.269222920441371e-6
3.581184463462514e-5
8.070761450532863e-5
1.1750185942739205e-5
6.7237985248356006e-9
9.351019228208506e-7
5.840062254285695e-6
4.14541180261937e-5
0.00121822282255427
6.031829753057039e-5
3.767760527542307e-7
6.224229334120958e-6
3.1524150053844583e-6
6.734335184723322e-8
5.019618415591071e-10
6.670672212045771e-9
5.637490755947291e-8
1.5777717279525294e-6
2.9383649998925808e-8
3.4651371153693806e-6
0.00019157312425339948
1.4637998605447555e-5
0.00021811800407289166
1.6089484348170547e-5
4.249465418534408e-7
4.424913828208442e-5
0.0003253005668889823
0.0038999461506132047
0.027094694983874165
0.004442767030951723
4.21103975712942e-5
0.000303351794715419
3.2010804023332586e-5
5.090389316855388e-6
1.8434390256249582e-8
5.169777709339606e-7
6.282512833965636e-6
1.385833206746916e-5
0.00021686613956458934
1.7819334816001584e-5
2.575666227500497e-5
9.028900134565113e-5
3.7682443008664795e-6
2.9884816452942017e-7
2.2861584895863948e-7
8.594831145600402e-7
8.261035062238469e-8
1.183050666530056e-8
2.7011508241307053e-9
2.715384201669224e-9
2.8096945864454982e-9
1.542394427283768e-7
4.824535049239698e-7
3.0661482142612086e-8
1.9577208875748313e-6
1.4559438326514786e-5
7.166466197594799e-7
0.00011339614757893697
5.715666367925832e-7
1.1854329141062352e-7
2.238543769466308e-6
0.00023596426057943408
4.8549559340706814e-5
0.0018124320411550098
4.8907082648945045e-5
9.139523312264774e-7
5.6358620099557767e-5
1.4307409040115197e-6
5.1215331821927905e-8
2.0239017985459825e-8
9.635894709856553e-7
7.0144836145291e-6
4.39711895146044e-6
0.00016567751714457213
2.4380910439156843e-6
2.194952510570096e-6
3.880369593974565e-6
2.2622099403086938e-7
8.638330079110498e-8
1.6923660367188457e-7
6.601024468097885e-8
3.6436134751048007e-9
1.081591282157395e-8
9.700633741976743e-11
8.401228392894105e-9
1.5726611998512402e-7
6.326310569035878e-7
6.378226923148038e-8
3.0161333553411516e-6
2.7400485255101978e-8
1.0380840850220833e-8
1.2549594824287335e-7
8.096683823532468e-9
5.450810112624961e-10
3.1146621830127455e-9
4.043570963997691e-9
2.0264664209927287e-10
9.674668041182966e-11
9.09583958006065e-13
2.1599299262339075e-10
6.501043555634453e-11
2.8960778981279537e-12
5.643009892783646e-13
2.2060294933698674e-14
5.3599303615094185e-15
4.80511638013367e-11
6.183835870968755e-11
4.455999493423141e-9
1.3270666947735271e-8
2.931732099678524e-10
2.2387209093810303e-8
3.273732496508073e-7
1.661190283141931e-8
2.3849972100168812e-6
9.793609972066858e-9
2.049525019792924e-9
8.782173086078204e-8
1.5501085002079126e-6
4.839494158502981e-7
5.084989901826397e-5
3.769364020187629e-7
6.634142143203672e-9
5.98282324597624e-7
2.9908200111949244e-8
6.464224735758839e-10
3.3157696324560765e-10
1.952064653371944e-8
8.06160539400334e-8
4.392283575033414e-8
6.269207720411927e-6
3.683575104795195e-8
6.540414137190709e-9
9.728234166427721e-8
7.302815630318276e-9
2.3438155538960303e-9
5.841047928978498e-10
1.3969477175450086e-9
6.188491551308124e-11
3.7498406146302016e-10
2.269559885136332e-12
9.512926980980576e-11
3.250441518695133e-9
3.06459900631278e-8
2.0530734138768427e-8
2.1004173225142892e-7
4.505338801432587e-9
1.2382141513072238e-9
5.000030378836466e-9
3.335610504454907e-10
3.6177906926184055e-11
1.636720797379334e-10
9.051834005084927e-11
3.935046043060686e-12
7.999355000918827e-12
4.430938113354043e-14
2.0238311559026636e-10
3.6243505821870536e-12
8.776501054821746e-14
5.478726274584533e-14
1.8737099751734502e-15
8.169247167754979e-17
5.1274866611983565e-11
2.9999321480196956e-9
2.8851485204922855e-9
7.840617155048497e-10
1.1289176743007975e-8
3.55527443795926e-10
2.7022523512000636e-11
1.7413722301701956e-10
1.679257631422659e-11
2.7263469431517136e-13
1.32904658825815e-12
1.919136000730882e-12
2.088780018164315e-13
2.966438237719585e-14
1.6964401937652284e-16
3.588240706190152e-13
7.831783456000822e-14
4.737552595716633e-15
5.919046801168895e-16
1.0864049476310066e-17
2.8991606742723354e-19
3.043587421666817e-13
2.0148992942728575e-14
4.553993508738516e-16
6.084978473969758e-18
4.2558784495345347e-19
3.200249329140046e-20
4.775974921736126e-22
