1.0202881610163457e-9
2.0386556404425962e-8
1.7302055653179974e-7
1.330027865718479e-6
8.303931190921187e-8
2.102666766600372e-6
1.7214295617192035e-7
4.244503910935098e-7
9.218833153641005e-6
1.3285730713499626e-6
3.740688042542073e-6
1.8907273882391724e-6
7.640004849418496e-6
3.901085908852379e-6
5.1143494872442587e-5
3.3671407149625134e-5
3.98976954838017e-5
0.000489488689333091
3.7063093922511145e-6
4.640572731667471e-5
2.594458321765355e-5
1.7580783377824042e-6
2.2276710824457145e-6
6.021319000106866e-5
3.921746366322101e-5
1.6095324839169846e-5
7.105188088012277e-6
3.249315286228355e-5
4.991899069301755e-5
9.17417108438456e-5
0.00019720940805468222
0.00014217768873227445
0.0002898367301143984
6.399064164863485e-5
0.00015480715046067302
4.759234292692352e-5
1.1580772409274761e-5
1.7208665844397314e-5
7.271274560531478e-5
0.0002426444183004308
6.869410218747544e-5
0.00014199519555922177
0.0006188812520826031
0.0002623371886076356
0.0010537143303375092
0.0003518593755091734
0.0001698486501156013
0.00024352889246853206
0.0006376866182843825
0.0005280207306672185
0.005037394858900885
0.001985273556715173
4.44815514387694e-5
0.00021143338390669012
0.00014194202992436959
4.7932886224894266e-5
4.404067337187851e-6
1.052970168613235e-5
7.159046231931473e-5
0.0002971953361912979
8.133246249454544e-5
2.286027767950251e-5
0.00028240225358045813
0.0007955923768403662
0.00022426535188783397
0.0002846390860630891
0.00041391214065358416
0.0008546451930834204
0.0003867108468506055
0.0011826482083197103
0.0001290862462551239
3.3978104565365846e-5
6.934100345346027e-5
0.00045770498227653856
0.0007046053276121724
0.0006103336424606949
0.0013727950781645562
0.0015038110396152144
0.001943919815943653
0.004041537396402202
0.0007757578949678265
0.000677435362541667
0.0010698966451719645
0.002174569653508014
0.0016472275181469106
0.009840539511506017
0.002400789937851476
0.001181486858446426
0.0022147359436016315
0.0009905620739966753
0.00015037144320265893
2.2158689619064575e-5
4.7257768649485334e-5
0.0004721462385938292
0.0008118615302306039
0.00022334240195770138
0.0008801320178211708
0.0017515465761918539
0.0008999196193303998
0.00414052422783954
0.0009531094054825337
0.000514418931340173
0.001163402735140474
0.003982692257933411
0.005556875596185031
0.029173638025501727
0.011908084636751637
0.0026199808258223576
0.005798142306980671
0.0023312595700520394
0.002087847163416279
0.00043398834035665264
0.00038426102858130887
0.0017082567474454018
0.0005717429280059672
0.0044283514893113125
0.0009593472428635879
0.00025777867789443276
0.0016177542564730161
0.0007998579444935961
0.0003681814190981027
0.0001396035591554018
0.00019163527747001024
0.00012384820343831995
4.351180020324628e-5
2.139253068094565e-5
8.76782403700559e-6
7.135121285412068e-6
6.024862503483183e-5
0.00019135249961519976
5.655003828580319e-5
1.176344388229598e-5
0.00011309224835949799
0.0004503203782750856
0.0002421234826266828
0.0002848799113702685
0.0005745639767944233
0.0011531949642406127
0.0004646383800876696
0.003727830991967317
0.00019052841221390643
4.153790536926246e-5
0.0001201192109697817
0.0006613339322279107
0.0013944344754953334
0.0006126164141901391
0.0014202095557684148
0.004129739858426626
0.0016526314220094178
0.008629720191839928
0.0014981624957127733
0.0007186561328344218
0.00211074496949974
0.004215911331651175
0.0033587764286936756
0.03322359494288039
0.0061450555966607754
0.0012419397441737682
0.0036378477413614285
0.0022387588857455216
0.00021523804496253446
3.5665800981795374e-5
0.00015035292562247407
0.0013302689078650042
0.004313116414757604
0.0009639638050061125
0.0035099991699273215
0.007851059570393957
0.003792987909682337
0.03831695394095707
0.004305268683661211
0.002902288241738687
0.00672277458815486
0.030250957537229603
0.026008260105187118
0.16227468486702393
0.029557329345149496
0.011138355069789064
0.032712131578503854
0.009900588774869505
0.004967366006799792
0.0027435047080907687
0.003011191001067822
0.012723886691265047
0.0034584023653835795
0.03809315512494927
0.004226614125862561
0.00323021209080253
0.008851585624016455
0.0039288041495824395
0.0010245616595991776
0.0036200002806915043
0.0038626409023896887
0.0012343437676095301
0.00015561329372231234
4.759090162150168e-5
3.2604483317674234e-5
5.511067678760923e-5
0.001122101980536836
0.004208538561277041
0.0002104433019088882
0.0018784058215569747
0.003860636387852972
0.0012105609039318914
0.012638635965604154
0.001586750820720692
0.0005019862857275615
0.001529687829578834
0.004331595671408391
0.004350478542429305
0.02974572323143627
0.003927422331473006
0.0014426552247887587
0.003939557916755964
0.00210046392787403
0.0006312254885013108
0.0006066636354958902
0.0008054625941357126
0.003952003523550327
0.001007716021985899
0.007630991172852423
0.0017076582869100824
0.0011452523929920604
0.004202959339719642
0.0014647826915646595
0.0006308310949036929
0.000522519827874494
0.0011077437604249736
0.0008399829721908746
0.0002624445534659311
0.0005720119995472492
0.00046565472025365075
0.0006660684835945406
0.004348459282079394
0.00055951927375558
0.004676664445902024
0.0007801745461850447
0.0002510856115383374
0.0014274865802286377
0.0006422741397114881
0.00023800650460266065
0.00011749325593403409
0.00023792728427274402
0.0002256021838518749
8.953410783210574e-5
5.228303626873114e-5
3.8743011828062704e-5
5.60669510260723e-5
7.557122411035881e-5
1.5349821980224085e-5
3.6042497032418446e-6
2.103150372858337e-6
4.676843252989592e-6
5.984402909857173e-6
5.262487171181032e-5
0.0002027882514769478
4.0650988151015e-5
5.932335150447857e-6
5.932383160818648e-5
0.00034231048099768197
0.00011891393703034618
0.00022646635951416994
0.000641442500026659
0.0004972696647310549
0.0005259984403095143
0.0034159658005860787
0.0001391562889646881
1.2650555393320983e-5
4.955234961981557e-5
0.000503633956888244
0.00026425675257888553
0.0003201697178109743
0.0008642225147320595
0.0011185061975854452
0.0010234208505026958
0.0031772839824331972
0.00025939669054131397
0.00042662638736812574
0.0008206538026647955
0.0014360286203461518
0.002389593388475713
0.011490039954115428
0.0028331855315773904
0.0006715704281881432
0.0012979875950913386
0.0012863772409794831
4.570264005689653e-5
2.7107509026934827e-5
4.186842017100128e-5
0.0005555154877326421
0.0006115535578993488
0.0002792034363007771
0.0012013369115540051
0.0010344096370715392
0.0009422394452340321
0.0033461822976753957
0.0005589585417774025
0.0010598913948140695
0.0018376990838827557
0.00443529392863252
0.009350548784164607
0.025279817995801753
0.005415642463651201
0.0023595351406411206
0.0034397007941745716
0.0016611264039267273
0.00047746217337480144
0.000955351318660069
0.0008347977659872919
0.001264278882162691
0.0009042834633256156
0.0037066071185499956
0.0008873858193072522
0.001024047970093307
0.0016581472746025853
0.0018944877528586526
0.0002628587682868356
0.0005337749777294094
0.00048063953903234056
0.0003825841916388205
6.409319170882656e-5
3.6972411017572393e-6
2.0234618581267158e-5
4.3287841649698924e-5
0.0004471349600745206
0.0006772015481978881
0.00015194893694291922
0.0007683094185096614
0.000756888327495504
0.0008176449869430258
0.003001119898945746
0.00038775225741139385
0.0005277979499118197
0.0009337098538919547
0.0015471092458187827
0.00180482869739887
0.006662602750019535
0.0011925019971369378
0.0008270708882006849
0.0022359397405779025
0.0010469605863898022
0.00025284101713818905
0.000751686777780619
0.0007519160922210129
0.0019081136371629451
0.001134253427877627
0.0034906879849592965
0.0008551702563989089
0.0008187361195942462
0.001425985908440839
0.0012990283061447448
0.00013967766202525905
0.0006456006872973804
0.000585644353458504
0.00043732516957836466
0.00015211989157554406
4.3388716925899e-5
0.0004279423629889581
0.00045804213522892797
0.0012107405826354237
0.0005333580090730212
0.001379062903896916
0.0004581873269599719
0.000495048470661891
0.0006804767421751827
0.00046804494076889327
6.865003061615855e-5
0.00037412292361250425
0.0004946978656203707
0.0009492659677750854
5.5943674688305864e-5
4.195104499778282e-6
0.00021564865479823552
0.00019886549044947728
0.0003526377328344796
4.7351590749381326e-5
1.4679861373727931e-6
7.685053534037455e-8
4.7427621592042165e-6
2.1302139598303593e-5
0.0004649246615981224
0.000453023673579622
2.2405556390072158e-5
0.000712335931552928
0.0006189743213682534
0.0008851837826482469
0.002832166179116057
0.00043237141200533965
2.2309269431995082e-5
0.0005031812325801225
0.0005144241259016723
0.0009996611123897902
0.0031484145679304067
0.0005139415318610915
0.0004167066808131966
0.0006934432928839587
0.0006607096060941547
0.00016954366353075673
2.3534553875427705e-5
0.00014821648844652986
0.000218832296080658
0.00027702954395662245
0.0009978346392005432
0.0002131705847666014
0.0003189774295162721
0.0006265895830898605
0.0006222793419292416
6.831670626249083e-5
0.0002396598469108711
0.0002786228037370742
0.0002760410126883703
0.00017679676226829672
3.2681804665237505e-5
2.1815922710302635e-5
4.202030893448279e-5
5.3918510677292135e-5
4.001861024511621e-5
0.00015653925071483916
4.503589435292762e-5
4.8198728006570726e-5
0.00013051257468971625
6.786118783106017e-5
1.7484676840991197e-5
6.033421215114535e-5
0.00012235868492430665
0.0003454447209711268
3.445130571311574e-5
7.170484622495835e-6
5.054357406958558e-5
5.9631718733972266e-5
7.199622350802625e-5
6.861026577919749e-5
9.44816642244485e-6
1.157527693609646e-6
4.7586406483799634e-6
2.004238538861862e-5
3.159690913174678e-5
2.533207973010703e-5
3.404974748011694e-5
2.1352726783771035e-5
1.3013320829650523e-5
3.9558165552183686e-5
3.0105984883571925e-5
1.1724455618982224e-5
6.018269022143458e-6
1.1677201994662338e-5
2.1352463536230445e-5
7.098641836032876e-6
1.9657256781728848e-6
5.8073066062050784e-6
6.860892051248133e-6
1.0790431300657674e-5
2.266448352649713e-6
3.8904069813377444e-7
1.2301232599538103e-7
4.666518438967323e-6
8.945994234418114e-6
4.24567542395405e-6
1.7893549055326403e-6
1.828309496045443e-7
1.9517471220256528e-8
9.591816925074531e-10
