1.1207544197675518e-9
5.289339703961832e-8
3.5589763332971276e-7
7.129814395331968e-6
3.798177163605396e-7
8.3679451419765e-6
1.157361274006221e-6
1.5089054039464493e-6
3.217106969611043e-5
4.469478128573219e-6
1.235086161342126e-5
6.064633985656265e-6
4.653940959892613e-5
1.2980296002173482e-5
0.00014342419288537116
0.00014493619416412648
7.156105305993146e-5
0.0005102789741691914
8.137129965411122e-6
0.00012911328906230657
4.745713277490703e-5
1.0903932217504832e-5
7.204636686809091e-6
0.0001315438208224117
9.666200166293845e-5
4.525358527642943e-5
3.187287319610436e-5
8.937791554539489e-5
0.00014485386250267566
0.00024423756141685697
0.0003805723916171683
0.0003763187767491191
0.0006826862024488678
9.602631657910907e-5
0.00028561452906629295
8.156080834622486e-5
4.383191484658642e-5
5.504648663406174e-5
0.00021038110562512002
0.0006459778759870841
0.00017253826867141614
0.0002887671764402873
0.0010335117848081568
0.000331124954598492
0.0016516997080275044
0.0007800524215012731
0.0003568228519193003
0.0004985937063400536
0.0010191781460558277
0.0005945417915452001
0.006171745823267593
0.0025312035403625118
6.569556304584401e-5
0.00037576466258901756
0.0001781839328755591
8.870422512455657e-5
2.8609727396631728e-5
2.2610510651644663e-5
0.00022562057882558138
0.0006673101302865818
0.00011086506309603197
8.569898200145634e-5
0.0002756854164361495
0.0018256845069966694
0.00031158606000135245
0.0005486230804113803
0.000744775441642766
0.0016311161450691207
0.000739808053344009
0.0017194205145905131
0.00025257448353084545
0.00021052936527689956
0.00016649729168175908
0.0012491228286367155
0.0010118215618542536
0.001048552815505493
0.0018530094660273372
0.0021800051126891146
0.001921255428273368
0.00491060146078043
0.0015599924940188981
0.0012992956251266423
0.0016255077591908968
0.002869831687018996
0.002257686547714018
0.009927197863587731
0.0030131910275364507
0.001477224584599263
0.0020688474185193923
0.0007973441623371816
0.00017905498143129422
9.38687883281134e-5
0.00010252060115476925
0.0007623141950379584
0.0012401863087793431
0.00041896757643746456
0.0012700232376549841
0.002865483277348073
0.0012772268163032236
0.004238202224966352
0.0013220991718098593
0.0007070759267473012
0.0015689259441854229
0.004220111974907499
0.004806594205864152
0.02722774761628715
0.011324970788557808
0.0022519269753460995
0.006572130921755323
0.002829050244836456
0.002344116806396907
0.0008622752926700779
0.0007016257025319012
0.0025990703747858805
0.0008850580142836056
0.004859600498440177
0.001390097436523517
0.00035070623751496955
0.0019671763091288525
0.0015655295776544126
0.0008552679378825674
0.0002937021008776232
0.00039410748934786235
0.00025020784405634984
7.87124993253775e-5
4.31307717212605e-5
2.5954949947004728e-5
1.9900534416965677e-5
0.00020191825203670204
0.0005563728014742603
0.00010747211459604262
3.973421236806718e-5
0.00025385929905267487
0.0007738400286369814
0.0002669545326622492
0.0005793914325385988
0.0010948423765650066
0.0014907481656015263
0.0007628962693562297
0.0031624147446934615
0.0003944049280248539
8.512929646399003e-5
0.000306194198509595
0.0009833646078019978
0.001746420649897444
0.0009102049254521307
0.002072254604550604
0.004306201589016654
0.001893110193557391
0.008619727501093447
0.0020184217862858353
0.0009953518259091054
0.0027714165761440006
0.004464509813348906
0.003813168197508685
0.028217963592779987
0.007065992291726794
0.0017995019799255851
0.004422954504240631
0.002053542337916148
0.0003563574320735332
7.66606969388867e-5
0.0003020812929841858
0.0016728149576805157
0.004390669161341747
0.0012361433859748219
0.004052310265732171
0.008652795052083854
0.004005945298429494
0.029690463897079758
0.004622554752061661
0.0026674607450942367
0.006265643836010898
0.02499926256607545
0.017953280389200143
0.11203764874280234
0.02599649170331032
0.011280755007245447
0.027169768816633848
0.009377850858416848
0.0061356555012755075
0.0031959492109914075
0.0036940567136120894
0.011790659040196685
0.004550759235621769
0.030794847077959743
0.00429815526628413
0.003490631886506545
0.008870214365118973
0.005085911081286488
0.001678158177969868
0.004402112468520991
0.0031404590403634382
0.0017118946214387737
0.00028262594696551197
0.00012054853335936278
6.658416877934445e-5
0.00017880730788222054
0.0009796294121157288
0.0059084195117360605
0.00030938235408403523
0.0012921142462249445
0.00420011241864646
0.001998509989928901
0.01203024684766728
0.00254583255791625
0.0006180125434061777
0.0019045947995117135
0.005342217683487852
0.004868650438383144
0.026044017425036915
0.004326328668554382
0.0019075137589357651
0.0043346088625603706
0.002877815269438536
0.0009384609809472147
0.0007664397770380302
0.0011991291651077712
0.004300248056563461
0.0016539105889585228
0.008736382755296293
0.002831443205441532
0.0014533312706662353
0.004063834139400965
0.002291081767816556
0.0010961985635014832
0.0008029650403057115
0.0015181233734223093
0.0016022730912074806
0.0006656795169131163
0.00045849409501267
0.000704537285598252
0.0008156941119162205
0.006055978894187456
0.0008490023806347089
0.00433248136559071
0.001276558370560683
0.00038661506785383473
0.0017745217736697013
0.0011056437033566168
0.0006586756071531271
0.0001657489943040782
0.0002664177571778972
0.00031359533376315737
0.00024187797053882695
0.00013798106963387396
7.224491786742617e-5
0.00010975085973291542
0.0001131976235706979
4.737609122991291e-5
1.2123811324854268e-5
6.949752514947062e-6
3.125445069417182e-6
2.1180295378804268e-5
0.0001631706885175877
0.0006039086168448888
7.093217643727819e-5
4.415859803010498e-5
0.0002066819183859317
0.0006243275007090614
0.00016447397781724286
0.0004866552426092509
0.0010688954724259096
0.0008485252689229929
0.0008235704671009766
0.004475223182611849
0.00028621073732352777
5.425498925486787e-5
0.00021288961238530437
0.0006834252466798446
0.0003822020863087985
0.0006843857217975274
0.0013182272308364833
0.0014511154645692353
0.0012337481809012877
0.0034818541517982055
0.0003536897873799618
0.0007867751858629501
0.0014948080119159145
0.0019273932749098316
0.0029402071819871227
0.011457587597272128
0.00231513688202897
0.0009734620966809763
0.0017488094186815864
0.0015173332377055567
6.61759955833822e-5
6.955681324274601e-5
0.00011887799099960216
0.0008120451542602237
0.0008043402136073318
0.0006780150493834394
0.0014088878869957062
0.0016606194392467018
0.0015676730549101397
0.004570571528180284
0.0008959339023940205
0.001377508505758688
0.00243255722123426
0.004813983337074148
0.006465064869555251
0.01763426540179449
0.00489450138615554
0.0029842449636863994
0.003617295270809847
0.0023007830633790943
0.0005962839123418984
0.0019530248505899327
0.0012091274233814043
0.001947658957119691
0.0015822327177270772
0.004085694638577905
0.0013019731273887238
0.0012118737875509852
0.0019148378214191527
0.0019148960233750995
0.000329028070023383
0.0008676166268253752
0.0007423616696990172
0.0007440025673561991
9.877086978288171e-5
7.658884007656461e-6
4.6902569086145516e-5
0.00010872907447781814
0.0010314662857144163
0.000812357457154166
0.00015351397230849013
0.0014682964126711184
0.0012076808485116186
0.0012214686523963484
0.003583871439346826
0.0007053309232003256
0.00042959276431547806
0.0020395937508320724
0.001974801341826677
0.0025315622687666853
0.006286404765515053
0.001625166187691849
0.001554176231777489
0.002704467324462043
0.0016939735129269866
0.0005223944496400133
0.0006841799374286294
0.0015733084704277437
0.0013047146448663975
0.0014844731919003342
0.003997473396402472
0.0013208203060328242
0.001339709825401518
0.002078108860630766
0.0018794852138070712
0.00029679594496649447
0.0010779063755741091
0.0011055638323567284
0.0007539583699425469
0.0003320119424582578
6.70412959706477e-5
0.0006440744199998522
0.0010688252876385077
0.0009842272715550246
0.0008524887534210588
0.0016250989772393064
0.0007407154190371731
0.0007101387698318073
0.0009874277187219963
0.0012869865442855044
0.00020475834215497949
0.0006528813833787951
0.0007572039517729789
0.001725096221414176
0.00014059083694862608
1.476284755209943e-5
0.0005892193254807324
0.0005189343355870246
0.0006669393374346263
9.696722441049924e-5
4.432054724086333e-6
3.1321106000055583e-7
6.710943924099529e-6
3.7343260636907074e-5
0.000567332395535254
0.0006855868992261528
4.087349534475419e-5
0.0006728447376271188
0.0007251835016857306
0.0019867424130278932
0.003356086459322641
0.0008662107404960785
3.480441727371147e-5
0.0004377223865798802
0.0006229799660218661
0.0013304505527741415
0.0026739137892572004
0.0007005356116884388
0.0007451519533405103
0.0009720384763942141
0.001288261193956468
0.0003476645719102573
4.094118305728521e-5
0.0001557458141074563
0.0003059266190119721
0.000699334008729597
0.0012151074787498178
0.00041808855208120855
0.0006861788155255311
0.0009028689567071194
0.0010361541186580357
0.0001583834671966196
0.0004933419039909114
0.0005434213588417343
0.0005593707325499111
0.000356110594483907
0.0001379646523442193
3.865879631212563e-5
0.00010061650378289444
0.00016593728798672828
0.0001135494374055433
0.0002931684492656305
9.979667736093465e-5
0.0001999465238224569
0.00028925959054326304
0.0001607910387759937
5.175987683040765e-5
0.00020970188076846323
0.0002522676926091354
0.00026641473389144867
8.445439016051585e-5
4.244661484755591e-5
0.00016089547425191897
0.00019867493809204196
0.00022226617237501787
0.00012936934049237786
2.9537817712711384e-5
5.535038564316434e-6
7.083733657766524e-6
4.1425027102319755e-5
6.438079927693712e-5
6.160011810389185e-5
7.516308742747754e-5
8.62750868505729e-5
5.0909359762001734e-5
7.827163798188288e-5
0.00016964384941301906
4.0843326069238316e-5
4.0122550609934044e-5
3.6359696434956513e-5
7.131627399546506e-5
2.881095888871731e-5
6.5939506729314174e-6
1.9977442235594016e-5
1.919443712098676e-5
2.1614370015920844e-5
6.7009423179956844e-6
1.5070688246578142e-6
3.5526400926282676e-7
2.8930087969592367e-6
2.3880229006104148e-5
2.7362791685756028e-5
9.518787297619938e-6
9.626972506466714e-7
4.5825662147673565e-8
1.006556350699824e-9
