3.923115832238785e-17
4.799017881097677e-16
4.143163617906816e-15
6.267026165786689e-13
1.5787393974998814e-12
2.7353881143846527e-11
6.036708524576372e-15
1.6329901615880653e-13
2.6501862518407284e-11
5.42187584218417e-12
3.1319694925886796e-10
2.447237381222584e-13
1.3877315389372267e-11
2.1463770317818897e-10
1.8684978583040575e-9
2.3359088949491323e-10
6.897510340935297e-9
1.369197060839465e-8
3.5394276551050054e-7
1.9072240893355584e-6
1.9293870792829316e-7
1.7473914171064487e-13
1.2771637878173186e-12
4.8307352452486984e-11
2.0658148712326724e-10
1.1928481802063268e-9
1.5111870732403964e-11
1.208367151531426e-10
1.6549494895499045e-9
7.305145779806082e-9
6.055944514165979e-9
4.1800021545696444e-8
1.0370012291627461e-7
2.2116949737141586e-7
1.859208062288205e-6
1.2299493538907934e-7
4.41628728514453e-10
6.238934238356328e-10
2.5952013456165525e-8
1.1229527565551904e-7
2.0085131402755507e-8
6.911637952985384e-7
1.641489868518407e-6
2.6902945693915753e-5
5.2566368608990564e-5
1.3281230587480747e-5
1.894882573530796e-8
3.0444444885727647e-7
4.294955139150592e-6
1.085742794486845e-5
0.00014272670139122266
2.0919628539422482e-5
3.540744761773222e-7
4.546604233072421e-6
2.808524752750164e-7
3.431668870141416e-8
1.8479270808975907e-12
2.0675877916264017e-11
2.2322776195097903e-10
3.4212190547845636e-9
1.1033871875909503e-7
2.7794117945126705e-10
1.118147606376719e-9
1.811182726925917e-8
1.1891848754748282e-7
8.562900186301343e-9
2.1244533208779751e-7
2.824827743655616e-6
5.797147683722034e-7
1.5663426975295915e-5
4.870177316998827e-7
1.23604526679191e-8
3.847503138025043e-8
5.759686999032893e-7
1.2467254385007869e-6
8.62713584187439e-7
1.6700762747648434e-5
3.137457299579709e-5
3.656004591482858e-5
0.0004153467512813506
4.911077030222543e-5
9.260697400619318e-7
1.1011267949407332e-5
0.0002770703088887234
9.540562856146477e-5
0.0038208830471107963
0.00011698884438294956
1.195517018239326e-5
0.0005841895790703267
1.897469292047923e-5
2.793064295152977e-7
2.393912640896167e-7
7.406238616374617e-8
1.9308675246793818e-6
5.00205008726439e-6
4.118713001567355e-7
1.587333721281512e-5
0.00025107046293487993
4.555669459077887e-5
0.0005912228054219082
4.723902200214473e-5
2.709983518827489e-6
0.00011873201240643994
0.00075935532304656
0.0050424298749113736
0.03154789916011106
0.006166971057059152
0.00020041709221393155
0.000873472886716174
0.00012525896986571405
1.8932395883417862e-5
3.9552431673068394e-7
3.915405763936017e-6
3.090145504881775e-5
3.2050809688683234e-5
0.0005123583295890475
4.6353787195213774e-5
3.3962912242092736e-5
0.00040274524636683566
4.944421402658604e-5
1.573119240213582e-5
5.988111070207906e-7
4.0904991541342515e-6
6.17958128388081e-7
1.4319238016390255e-7
1.9170121659399678e-7
2.069285167344362e-11
2.9482662213204174e-10
2.0081354803182997e-9
1.7533376930047744e-8
2.712049429542824e-6
6.495749620623824e-10
1.0574411158539797e-8
1.0965215433265417e-7
2.4881563741339685e-6
1.0676003268675444e-7
1.6775918743325523e-6
9.987309583953643e-5
4.27517845919207e-6
0.00016824297093445727
3.895017729845129e-6
5.0720207231029484e-8
1.1348056274332727e-7
4.0014955988397206e-6
2.1481845148975563e-5
1.4109191988308138e-6
3.606836869281402e-5
0.0005063476662235142
0.0002395896468778003
0.003485915856413331
0.0004086583041654709
4.648523626359293e-6
0.00024920882033344966
0.0005891326514990626
0.0006553237976254136
0.0391312770613866
0.0008257380295755951
2.481416877899061e-5
0.0005674794232199945
0.0007150202915880663
4.881980373347961e-6
1.6458824683613607e-6
2.6900840784448506e-6
0.0001560424731424485
0.00017461510563785391
5.7701984573131454e-5
0.0009298557471087622
0.003666502609142668
0.000650419620157817
0.0434126868736991
0.0005176933982473567
0.00025230994473843385
0.003388081871978004
0.04019078439468878
0.02927057650416825
0.5315887181997974
0.032413885699750664
0.002839303170084875
0.04091403188279321
0.003995363244934789
0.00013309608247970568
5.1069932005014216e-5
0.0005885395876827288
0.002999637793816987
0.0005440048615454962
0.04214633448308911
0.0006022532958601456
0.00027830688159043615
0.003581861202978927
0.0004653477276861127
6.253538052850994e-5
1.740177668256414e-5
0.00016215982417533962
1.9391102028405982e-5
1.8784636342594683e-6
2.4476383330933605e-6
8.759364321896867e-8
4.7157767367489676e-7
7.82106121356716e-6
2.3765888154372503e-5
2.3599711025509096e-6
5.679383661024813e-5
0.0004927985160718816
3.4751407599581955e-5
0.0032590592108907414
3.132376522556272e-5
1.5267092944259336e-5
0.0011705191336064695
0.0005678597681608127
0.000857382662647414
0.039812928136300836
0.0007577589829293491
3.0583601458959455e-5
0.0006074435667905008
0.0002591306176755096
4.204912405339058e-6
7.796086488363522e-6
0.00010203211286877829
0.000573381343184406
0.0006310537963612838
0.0037952722485930083
0.0002540100972304132
4.548352853715905e-5
0.0005469707719326201
3.4332565673733884e-5
1.8041368873863545e-6
9.851825447618687e-6
0.00011189161858824251
3.2170071501177246e-6
1.3249314603591975e-7
1.4758315081331629e-8
9.395408645122357e-7
5.266494985502166e-6
2.2612175686698513e-5
8.29048576158312e-6
0.0001658347239290005
4.9515904149690975e-6
1.1168322810559717e-6
3.0126271773893e-5
1.329289596883433e-6
1.068221321207086e-7
7.076435402608453e-7
2.660722226230895e-6
1.2316584349823324e-7
9.313099714247758e-9
1.7904209780604107e-9
9.310744774207209e-8
1.6082035172060728e-6
5.6810728416875495e-8
7.107829506711195e-10
3.7645395075817575e-10
2.4013247524824343e-11
1.661240698682871e-11
8.077379986674169e-11
2.9723639273343275e-9
6.439568025204009e-9
2.0563496581944528e-7
5.479218133424074e-10
7.2788163645861625e-9
4.610868190582367e-8
7.444509853942439e-7
1.908328653407312e-8
1.3188119019132212e-6
9.084342735551777e-6
1.763931635281315e-6
2.0084390539393196e-5
7.332401190692807e-7
1.1044746549851122e-8
1.7704823270113468e-7
3.8319985183815343e-7
1.6753423176282716e-6
2.2675571741684196e-7
8.18590754221385e-6
4.483672892299352e-5
0.00015237329852256585
0.00044416027989125517
5.479877621799376e-5
1.3184798469400326e-7
7.4527052438009004e-6
3.104813032877455e-5
0.0001438372373092309
0.002662545601071547
0.0001831698492306212
2.672159575174794e-6
2.5653467231352603e-5
1.413432077189807e-5
3.679259683942778e-7
1.6083368747636715e-7
2.1588099181094425e-7
1.9840539309793083e-6
9.341166096139546e-6
8.057672417979881e-7
3.482361795835933e-5
0.0007170754934972097
4.963681197828445e-5
0.0005516642557015058
3.363766440108388e-5
5.015727360811712e-6
0.00016885883620005942
0.0008835519004669701
0.006317024021247888
0.03178068569548327
0.005458986881455373
0.00015891360106316335
0.0007093537507264168
9.818937849261509e-5
1.2647593340734854e-5
6.693965363731534e-7
7.558177546874404e-6
3.135353075663186e-5
5.006334640774539e-5
0.0006643215354527783
5.152802542728419e-5
7.711666279104024e-5
0.00027828873297738697
3.741538883772015e-5
2.5710303983230548e-5
1.4888697046691737e-6
5.045680684616257e-6
7.38746811797496e-7
2.2981055215932188e-7
4.063919851023553e-7
1.1208859794917351e-7
4.450232380760089e-7
1.0660260386820114e-5
6.548447481075834e-6
1.8515336805347696e-6
3.085282425153837e-5
9.392926745950294e-5
6.793924404940143e-6
0.0004705624613831363
4.230894822931725e-6
1.7161385574777943e-6
1.4301768175670008e-5
0.0009027444400808021
0.00016947333483847895
0.0032710010207914627
0.00012235432418284745
6.771118225828464e-6
0.00023325273894255798
1.1637130784287128e-5
3.155952042279693e-7
1.0319271127193621e-6
2.0204707701947976e-5
4.847965723050923e-5
3.76112264721101e-5
0.0009127562455857748
1.7837408854424074e-5
5.408821817410472e-6
3.2990985439981034e-5
1.6658584949851878e-5
6.488765759199134e-7
9.195943675162007e-7
1.5704028108052108e-6
2.1634252246920652e-7
4.28423913897314e-8
6.865321038173156e-9
8.11188766650751e-7
1.2924876715392546e-5
7.316326456138909e-6
2.0674563236569043e-6
0.00014569348838798719
1.8841253407893376e-6
2.123483188566763e-7
3.675602250058186e-6
5.732911305072841e-7
3.747934128391938e-8
4.21842273076933e-8
1.0107257201743276e-7
1.7244698109721484e-8
1.8932862508336217e-9
1.8395150010051385e-10
5.193055684468279e-9
1.2649297057952896e-8
3.8954937716541695e-9
2.509865188507193e-10
5.57703429144026e-12
1.7718934236548676e-12
1.5502716491552465e-8
3.292788044054705e-8
7.905228526253007e-7
7.365033075769172e-7
2.2298216922814193e-7
1.3595114566287222e-6
6.23046834476047e-6
7.206466409201605e-7
4.82588814617148e-5
4.241057491372618e-7
6.300044435930467e-8
2.075743403084715e-6
1.1792676832820679e-5
4.999323119514259e-6
0.00023405550777681785
2.6936217700128926e-6
1.2961107614221968e-7
4.541071500199819e-6
9.513075532570498e-7
1.6631479515764895e-8
1.7878342888955483e-7
1.5603320478472695e-6
2.764735316333924e-6
9.696046270663326e-7
6.416908992431965e-5
5.043348432016258e-7
1.6882970922701763e-7
1.5215679604896433e-6
9.686369043530522e-7
2.4962253295842486e-8
1.5562626137171184e-8
1.2226488846091426e-7
9.52623299358464e-9
4.550466485395601e-9
1.653904485586895e-10
4.4909851292869045e-8
4.468800029773852e-7
6.688853957610051e-7
2.957968032856233e-7
3.009155520079001e-6
1.0921637885483182e-7
2.1356575455478133e-7
1.2936842499660205e-7
5.001191916324729e-8
7.501438121209357e-10
7.809883488653527e-9
1.0628440421824958e-8
1.2664871928598605e-9
1.0638875079109881e-10
1.4384161129684583e-11
2.9175336719626253e-9
1.948140827547916e-9
2.1470512387505068e-10
4.899262644033192e-11
2.957055958577112e-11
7.299318172020208e-13
1.536287681940992e-8
1.8998059240460955e-7
1.0198118214511256e-7
2.3333653665782816e-7
1.6331236985192245e-6
3.5273171470461053e-7
1.4949124897239823e-8
5.278285442925482e-8
1.839820858380894e-8
6.129722259949916e-10
6.157372052780082e-10
6.913818910726639e-10
4.0340899141694954e-10
2.1277392251268674e-11
2.964169735665194e-13
7.544573111632281e-11
2.767220867605094e-10
2.1784763958797227e-11
1.4958425898766285e-12
1.9888102420212186e-13
5.111787565300222e-15
1.4818968184895058e-11
3.8719960616656554e-11
2.456791541981293e-12
1.6146186489914585e-13
5.837584680208271e-15
5.224113486715728e-16
2.2976370317535037e-17
