5.028740011710519e-13
3.951706789351832e-12
4.3913490231069116e-11
1.342671290906458e-9
4.143823175806953e-10
9.361895715671892e-9
2.7093526039282226e-11
3.850660151225395e-10
3.981679879773904e-9
2.0505526285794505e-9
1.6165477260598937e-8
3.7127448732087446e-9
3.959755879087876e-9
1.3981494015785674e-7
9.462975756119717e-7
1.7274356899595925e-8
1.321052239122301e-7
2.199886494123032e-6
1.6346110023925886e-7
2.143719970937448e-6
1.813434742352197e-7
8.51158314429181e-10
6.246228753587742e-9
5.735575049175894e-8
2.702932496626242e-8
9.863567609197277e-8
1.8855638924783998e-7
5.325253233245135e-8
4.407290465121289e-7
2.5839098326671274e-6
2.660834434312247e-7
1.839345153271603e-6
7.806297550123093e-6
3.582966662923922e-6
3.3291372640477696e-5
2.2188445062438855e-6
9.035907947433332e-7
1.047233591185481e-7
7.020057598786913e-6
2.4976766363810126e-5
5.898943595114275e-7
9.55456158947576e-6
1.9798520391527863e-5
0.00027798333514408424
0.0007132003378373605
0.0002826625287381543
1.4654013131459226e-6
3.6953968375791042e-6
3.51473635277616e-5
3.5612258335837094e-5
0.0006017468465291386
0.0001149866215359269
4.891931716740549e-6
1.8451493729690978e-5
5.589535812022564e-6
7.317293136751539e-7
1.032787530596811e-8
3.982056659706432e-8
6.60780899193077e-7
5.379229793211953e-7
8.927494055200908e-7
5.693469448019321e-7
6.911680263077039e-7
3.592421293695687e-6
7.617434043663732e-6
1.975864614616243e-6
8.408835347598768e-6
6.57971880094267e-5
1.2259830069544032e-5
0.00014839776292773226
5.006162897870007e-6
1.3876704001096089e-6
3.0246027625294594e-6
2.430345856267765e-5
3.7485822607558e-5
4.308427499458251e-5
0.0001817077634103794
0.00021466731363843148
0.00041699798219787377
0.001924169241114089
0.0002801025772682418
0.00010972250503042632
9.484513583793539e-5
0.0008934645690629856
0.00031691451257108216
0.0059743018133340394
0.0004726987088889048
0.00010235047662539804
0.000990955211407194
8.1000385020016e-5
5.361071022782926e-6
7.506287501577839e-7
6.583449833538514e-6
4.098732775778417e-5
4.9384240270762325e-5
6.147471618413162e-6
0.0001347496715469561
0.0007073212520826135
0.00012386312969574204
0.0014415445745458487
0.0001679417429392323
2.4803005826663794e-5
0.0003599071409142587
0.0018624757614155248
0.005776925950724454
0.03665873347200081
0.009977020816996668
0.0008382749474734508
0.002140088790546004
0.0004851018202579965
0.00012094062627953583
8.739676233201236e-6
3.486271760887029e-5
0.00017260646744874888
9.765236272330405e-5
0.0013602113824582982
0.00017197937762048282
8.615588485005423e-5
0.0007203123659787265
0.0003181202457462959
0.0002989364675528824
9.770429347785521e-6
2.2335974361689235e-5
5.590422652126801e-6
2.7730356898860885e-6
2.038724323754822e-7
1.1002498934530681e-8
1.6156628250231608e-7
5.063318699725051e-7
2.103656000613616e-6
4.662785089600085e-6
3.1935192013055196e-7
1.7072600114916355e-6
7.496373020137218e-6
4.994937265117019e-5
2.3359081050209138e-5
4.282635360128093e-5
0.001137921042018296
3.703505765177966e-5
0.0008816667460648538
1.9431884557932412e-5
2.1500683428249263e-6
7.289855011894439e-6
6.0397255049036406e-5
0.00024264625153691373
4.574696198369371e-5
0.00021092155012473392
0.002506933491322119
0.0008137666270571541
0.005998283731154192
0.0005970540697499176
4.542931248078123e-5
0.0007730295708921134
0.0015543386422819585
0.00162342871399986
0.04798570174532082
0.0020722885338576805
0.00015488177274537807
0.0013944398397115546
0.0008902215943524149
1.7552184730636e-5
3.1888801056577027e-6
2.9060949552068556e-5
0.0008433875017168531
0.0010203407268176896
0.00014158626228312393
0.002383663449208575
0.006764269846679667
0.001470441344755093
0.05082672508441373
0.0013479217947062084
0.0006389717127831112
0.0065510252734817965
0.04648887970803421
0.03374813502573254
0.3662984116140322
0.03525032223921755
0.005534796178706108
0.0475926894777491
0.006204336501090258
0.0006132896375912801
0.0002498548539819958
0.00133685754627806
0.006321870231690486
0.0013323851201415447
0.048795292143354534
0.0013631473150407592
0.0009829775165523886
0.006075020361410853
0.0018240455559411525
0.0007111668966975308
0.0004315605455332631
0.0010038506435599023
0.00017017796204132676
4.946737696170124e-5
2.9019216977688886e-6
1.786838449032448e-6
1.2951645122074408e-5
0.00018600216943688195
0.00039683355085128237
4.3274661236886575e-5
0.0002854565494117048
0.0011475035837282853
0.00018544394956041747
0.006908804156329805
0.00016581328781704074
3.581108030105479e-5
0.0005984919018490743
0.0015983330972683487
0.0022198052333974945
0.04666217465417449
0.0018500981401525932
0.00018206030908546466
0.0015759721827283083
0.0008630501081943597
3.3303656125016165e-5
5.570127660701246e-5
0.00020318611473363782
0.0012309479754323384
0.00040463479564393834
0.006653682637039642
0.0007072905924135441
0.00029152730772639626
0.0024146424963437585
0.00022164644647662418
2.1429643043162617e-5
0.00011036081085231027
0.0012832918775111347
7.296844955653779e-5
7.5180093367684595e-6
1.8172462102441327e-6
2.7400392960811557e-5
7.535279058684083e-5
0.00044303343457934274
2.968001290509104e-5
0.0010406268225405001
4.869122789199965e-5
2.213596015025299e-5
0.0002277123149003446
3.534533887368981e-5
2.0444461043257587e-5
1.467097909512049e-5
5.349309874837711e-5
7.924247234768191e-6
2.2863500655739434e-6
8.942089512444302e-7
4.019434641640573e-6
4.9493446492060686e-6
8.139794108447662e-7
9.248288732884184e-8
1.754963500235576e-8
7.890447409175122e-9
1.7527467914838642e-7
1.6801105857769156e-7
7.265236966096597e-7
1.9041718001140129e-6
3.916725156706114e-6
3.213167145889673e-7
4.471147744169767e-6
6.481397996244095e-6
1.4725868402522979e-5
1.3179903957859287e-6
2.4556455016631927e-5
9.442353433513145e-5
2.3126469465477427e-5
0.00035793366612990726
8.762569785990576e-6
4.071622502993995e-6
2.785346216186844e-6
8.912381400664888e-6
2.7687792713675315e-5
4.361885994564061e-6
6.588858722211549e-5
0.00029423502394434483
0.00027680072974441583
0.0009136189084244159
8.935195520225558e-5
4.020048252295749e-6
5.3890214240109825e-5
0.00018427879591932788
0.000536552402186475
0.005761214433440463
0.0008603996558454086
3.255500697681033e-5
0.00015980502224120742
9.614684921022263e-5
4.891793812859244e-6
1.377248497742935e-6
5.222267283304737e-6
2.979434204891925e-5
3.3342956637316035e-5
6.079054091112878e-6
0.0001646807822311553
0.000489886275338533
0.0001728038514996853
0.0013894153914363852
9.618092960926667e-5
4.305829252690349e-5
0.000520656967626165
0.0021342223618370185
0.0094185451837018
0.032642301191367504
0.005356201113971683
0.0005136141984736785
0.0016219809895327817
0.00031803785573848476
3.652931916977335e-5
1.5961648886749307e-5
6.957842339501695e-5
0.00018439169924505173
0.00017263727106597493
0.0014663197789818252
0.00011581820625167356
0.0002191303836586971
0.0007968343589791682
0.00042912037445371083
0.00025895055595104744
2.1129122696132314e-5
3.6847101876240545e-5
1.1174167303396257e-5
3.576115758023728e-6
1.5046139299042012e-7
2.0089264647038715e-6
3.9968657394943896e-6
0.0001121901918178431
6.928128370548538e-5
2.9650063453702106e-6
0.0001545390048781566
0.0002428343646997466
6.616954959608369e-5
0.0012992542755584351
3.3617208994827304e-5
9.242651176822756e-6
0.00015389521959298873
0.0005132641436668787
0.0005582513371771516
0.006501471268446246
0.0003525454080741549
5.103764539107264e-5
0.0006955747230972386
9.366236528750753e-5
4.032475897062797e-6
2.7952551466325065e-5
0.00015235734745384019
0.0003051601714438342
0.00016369325603035292
0.0025538844952537696
0.00013121508410531766
6.149664687543733e-5
0.0002203641425545369
0.00023857077522571838
9.619118285715914e-6
2.433163577604321e-5
5.291023293198717e-5
1.0165303226457774e-5
2.086597475637617e-6
1.3110500837460102e-7
1.4182043445108528e-5
9.312219233152047e-5
0.00023102041985946495
2.8877446521203857e-5
0.000903968486246536
4.301276873151414e-5
8.457344195565338e-6
5.565914695604337e-5
2.546393019006453e-5
6.039461036008223e-6
6.533928690695831e-6
9.064429542159818e-6
3.654137508866938e-6
3.7978871712663804e-7
1.3021797018386052e-7
2.6720272294016855e-6
2.416725236940125e-6
6.177264947470184e-7
2.9948120856854595e-8
1.8995413764387006e-9
3.738786350322662e-10
1.2323976444616346e-6
1.707869609026448e-6
1.58610283873481e-5
3.225399398732032e-5
1.0203440651497165e-6
2.906730638670416e-5
8.35863776663507e-5
1.5718273480587583e-5
0.0002582146108219476
8.321764959303899e-6
5.055673011939664e-7
9.754308351890388e-6
3.730657028137607e-5
4.601557445287781e-5
0.0006711202900471086
2.5698288942832897e-5
4.052918865280482e-6
4.680022119481633e-5
8.60255348469681e-5
1.3170945752419388e-6
8.282213856055496e-7
2.87885409208735e-6
4.559510338966522e-5
5.8393392135069805e-6
0.00013856809372013036
5.657700770402708e-6
3.735102646318153e-6
3.7051151293005726e-5
5.290675617471982e-5
6.548261063805409e-7
1.238427156639314e-6
2.190831215297178e-5
2.1254203224463015e-6
3.0977076762374916e-7
1.827044909472756e-8
1.3617719713308194e-6
3.255602197417118e-6
1.3321024921016038e-5
4.114120338759676e-6
2.9018092316733155e-5
6.686211023437304e-6
2.114612332555648e-6
6.840573861957832e-6
3.3578237336838405e-6
1.0074662271073144e-7
3.4151778321017015e-6
1.8911770572861433e-6
7.008050384055214e-7
4.968754458323831e-8
3.935648346184656e-9
5.910045778715222e-7
4.783182826143819e-7
6.449727399099557e-7
6.077950320340064e-8
4.19079306439635e-9
1.446946253516335e-9
1.093713453597942e-6
1.8122085939394634e-6
1.8071926180600162e-6
1.0963677833145547e-6
3.3606428061702025e-6
8.124079626479306e-7
3.4355659674480394e-6
2.247021039916004e-6
1.820536218019364e-6
7.311932535132418e-7
3.247797038880118e-7
3.191666015480557e-7
6.456335485129734e-7
1.2784968197297905e-7
2.5023279164985484e-9
2.9425684986443963e-7
2.7395598106958596e-7
5.107338510421225e-8
5.21297739344437e-9
3.4140192670963186e-10
4.4111058655583326e-11
3.0089986182370156e-7
9.302292382354994e-9
1.2282382343287473e-8
1.0224671853736936e-9
2.8865518179132932e-11
4.360287770738324e-12
5.319029340055466e-13
