2.5240746171481015e-10
6.11234512190691e-10
2.3521679636938637e-9
8.193771224488155e-9
3.6378790780577823e-9
8.833304532838222e-8
5.289457246139853e-8
1.9667439281093612e-8
8.348229442712972e-8
6.851648555522834e-8
3.526838672381893e-7
2.7057931306482436e-7
7.157249550653651e-8
2.3215975412733202e-7
3.2581844451599357e-6
8.127109353780715e-7
7.688768582941883e-7
4.136618988451484e-6
9.103570032073185e-7
2.125324880602167e-5
1.6281802002087363e-6
1.4373123148812651e-6
1.602502175836921e-6
9.784478394068484e-7
6.660213482388612e-7
6.164027417556098e-6
8.770207443602925e-6
2.102957127411803e-6
4.226687210480069e-6
6.9007158905146035e-6
2.870267474634317e-6
1.2944548673317e-5
2.795286228426599e-5
1.6923038583363474e-5
0.00025729831596399796
1.332826566226547e-5
9.036554689580423e-5
3.77119269825887e-6
5.810812314430042e-5
9.167781457112322e-5
3.797866510376069e-6
3.207759627017629e-5
9.908956936235017e-5
0.0004851645947064124
0.0010851804949260618
0.0002181987127017381
5.975346990344098e-6
2.0147924114741515e-5
8.039295319335712e-5
9.290398125721947e-5
0.001137088002826357
0.0002979340472067097
1.2420853464258567e-5
3.814428310302953e-5
3.1451519470323454e-5
4.40515340986079e-6
1.4539049620116005e-6
2.815901892669748e-5
4.922781136561951e-6
6.342692555993302e-6
8.116352954339051e-5
9.053744591161927e-6
4.888679843075994e-5
4.599648602420103e-5
4.899760963042225e-5
2.3358908767599518e-5
9.641483584007042e-5
0.0003357710122906693
6.71445186812204e-5
0.00040050749475728135
1.9351752110538544e-5
5.429186186306408e-5
4.0862475853089886e-5
0.00014207009742703072
0.000301960569548234
0.00015107572004808385
0.0008563901210761897
0.0005388503272429628
0.0024791874889191156
0.006628726929407561
0.0005279246791184046
0.00013761593401949098
0.0002892749972522288
0.0012422114868474938
0.000576015745429572
0.007464556529703407
0.0009193895093656051
0.00026520782479144656
0.0008217256272544836
0.00022500200169289344
3.280849334291606e-5
6.0544827438030136e-5
0.0002264102753848136
9.774795844540969e-5
0.00015922011674998634
4.4438844087885556e-5
0.0007126379650173501
0.00113649728053197
0.0003044183540959509
0.002089821470687609
0.0002890889988573899
7.734577721850574e-5
0.0005276335477545039
0.0023972871346407435
0.005386539575007904
0.03605873281337039
0.01138143291667106
0.0016968124354668614
0.0033399595343437676
0.0009112547261071637
0.0002802599879858971
3.070647271258139e-5
0.00010379644846105644
0.00032833362677213017
0.00014872583961888448
0.0018407430317622987
0.000311331884610693
0.00020379286020781479
0.0007289966912930643
0.0005574725199046813
0.0002245877647310839
1.9968362465882852e-5
4.962654136387155e-5
2.156306755687403e-5
1.5322278258901957e-5
1.8522309483894025e-6
6.692074065483275e-7
4.092814692582165e-6
2.0028265801184232e-6
1.1903699171086952e-5
4.5277253848648536e-5
6.671871662857857e-6
1.7505675932156153e-5
3.158486844057318e-5
0.0001634239198680756
0.0002514780938848022
9.351609650726904e-5
0.001980974081944049
7.68272092273525e-5
0.0011587444686144465
4.4902865369316534e-5
6.251929641713867e-5
6.72080259874859e-5
0.00018165145733054972
0.0004329944538539365
0.0006168449808806711
0.0006430283852680535
0.006295681283478477
0.0018996371939292637
0.008014424870962506
0.0007231220112519461
0.00021377673876451947
0.0009325837053063977
0.002269994415799684
0.0020578699321214654
0.04468636094770765
0.003343055730797276
0.00030815872241386283
0.0019213408846507993
0.0008505593905307552
3.687120446768039e-5
5.96827041370575e-5
0.0003367598761034316
0.0013478441431540359
0.001365030409457489
0.0007578684530514656
0.005309393149501073
0.008456111500605601
0.00196433565437698
0.04551139097295168
0.0018687247096812257
0.00126968291671259
0.00616649178925665
0.04502636668120563
0.027504387801101957
0.2859376844275147
0.037283708016488774
0.00703581068463226
0.04492524174749962
0.007577579463713095
0.0011576729566029902
0.0005639046710631991
0.0026782803590269565
0.008240074852612595
0.0016508206118662956
0.04529082279074212
0.0020954223059109316
0.0024262530264163884
0.008250800980186643
0.00703110220321001
0.0011614078304496
0.0006228905910126317
0.0012471907618633383
0.00043807069947665567
0.0002944615776926705
2.465651038274871e-5
2.8286132794860923e-5
0.0001254831531040964
0.00047895023992085425
0.0006118407134929228
0.00021440418777316455
0.000831854253843092
0.0027571820180870062
0.00037648536375132086
0.008533616121338086
0.0003257645842623046
9.142284772480018e-5
0.0005927880907462998
0.0020804241476112166
0.002911144163191304
0.04229340956045584
0.002405001629821307
0.0003717194184936869
0.0022685961527624376
0.001281245475624618
8.494713674871878e-5
0.0001627137340635751
0.00028084627641686614
0.0029170336593892818
0.0004925209376049892
0.00840356246273856
0.001217323608597953
0.0005357542764553523
0.006663587063288366
0.0005490420938400329
0.0001001894139290652
0.0002257698923554937
0.0018314734606140518
0.00033828823996383657
2.65266830710452e-5
4.0728899468942865e-6
0.0001266045108800799
0.00017196529817213325
0.0005847184570315948
7.483408276963656e-5
0.001369414959527887
0.00018034473559341423
0.00011844236548505155
0.00042090460716624365
0.0002756433837893979
0.0001077664419792366
6.159982711720172e-5
0.00015858720691632657
4.65101730829996e-5
7.073737006837373e-6
4.515473939704006e-6
1.875768368833027e-5
4.1027462266447836e-5
7.320531001088327e-5
5.709401209547725e-6
3.5758500830008277e-7
8.054970457329247e-8
2.9136424375055433e-7
3.021268340117898e-7
3.1855040314354932e-6
1.2768208152348867e-5
2.1249372886980133e-5
2.040002893037719e-6
4.06679474125644e-6
2.1281495721555732e-5
6.826327275253544e-5
9.965902728547622e-6
5.625194229197973e-5
0.00022611468729175448
5.255534269856319e-5
0.0005333772594093881
1.938620516306084e-5
3.633373730313803e-5
7.103805910976732e-6
9.069812349412307e-5
0.000118468630376485
2.311197731510576e-5
0.00021069791099371753
0.0005029706941120279
0.000810900274786023
0.002215280924578084
0.00018593819788689263
2.282782883522059e-5
0.00012838009654945464
0.0003832720379346449
0.0007837753923494402
0.007523564126222007
0.0015997362713101335
0.00010043861496472442
0.00032413797578148714
0.000255979455685887
1.2475321452584098e-5
0.00011529447269380315
5.736362738610978e-5
8.824259091477302e-5
7.606890427860414e-5
2.4545424334928357e-5
0.00040049937731763017
0.0004855659750658925
0.00026691114642566054
0.0016153371699803504
0.000147287968567153
0.00013139692760877537
0.0007280074689699892
0.0029529887146566088
0.007663705820606211
0.02713039112424698
0.005488485718201234
0.0007566117993586754
0.0020681625845801826
0.0005926086806289596
9.260460374831363e-5
5.481488759525069e-5
0.0002364261256684849
0.0003808463666380449
0.00027995990821142364
0.0020005731376801007
0.00030069873815635317
0.0009040683822525798
0.002036123277169341
0.002526171773905076
0.0005210273926879749
5.623354318024815e-5
8.043451501271735e-5
7.469909580629275e-5
1.827729913828225e-5
9.954254949572205e-7
6.504843100404356e-5
6.67131772301469e-5
0.0004121055703090849
0.00020568887927694028
1.3499989772422027e-5
0.00025805438266752464
0.00029700584538793135
0.0001811707579191896
0.002653741639075921
9.993141819854069e-5
3.054540099358165e-5
0.0004029341267673098
0.0006010572956017999
0.0007152136050537853
0.006024700404282147
0.0005069371796162126
0.0001305009620123031
0.0009441532163741706
0.000279756496055229
2.0369973152156664e-5
7.204021535334015e-5
0.00025421680551402525
0.00077929107276953
0.00039633528263826885
0.005414435406192161
0.0007403000469322834
0.00017457043506723523
0.0005957444235703436
0.0007273001166649566
3.161131967780993e-5
5.094329144984003e-5
8.660216732810925e-5
0.00011043555138595562
1.3391320873911764e-5
8.048429161320761e-7
6.049389963646576e-5
0.00033785577479707234
0.0004744673028574027
8.532482168357245e-5
0.001294582974632666
0.00010611753278255175
0.00010030123531107461
0.00018850029301898692
0.00015654785238295723
6.905122594315606e-5
2.323587806564995e-5
3.736604300207297e-5
5.0582143550405705e-5
4.934304286166353e-6
2.487910877416184e-7
1.2734233255865403e-5
1.1993007116487199e-5
5.711519008912701e-6
6.324824849422701e-7
6.325710396964844e-8
3.218541959731314e-9
3.647128862796907e-5
4.920800328492197e-5
7.185599828755329e-5
0.0001447464563802738
2.4122846427861808e-5
8.428214813519716e-5
0.00017592544583303245
5.539094965688099e-5
0.000599420426582583
3.112269165333202e-5
3.182894276440985e-6
3.4954554095549646e-5
9.530812959002892e-5
0.00012937990984860658
0.0012967823066493119
7.578811744053355e-5
2.4077433142492447e-5
0.00024259293834139826
0.00014572744616228963
6.349423315716868e-6
2.5151362526585913e-5
1.3708350292607505e-5
0.0002306941005363727
2.440037003255662e-5
0.0007087373841361107
4.421649271586597e-5
2.1154979036831712e-5
0.0005825623415508554
0.00015480643070638138
3.446706295169496e-6
8.641089458283836e-6
0.0002134878250473403
2.257014592687146e-5
2.8036333545174713e-6
6.824011476403038e-7
4.132027737048578e-5
5.697257688133779e-5
0.000176936255999471
6.534119024950256e-5
0.0004337003754382165
0.00026920366856746813
7.896681874936293e-6
7.511126992297043e-5
4.624174777118288e-5
4.283161725263891e-6
4.363134750929179e-6
1.6627580155007116e-5
5.429569567455012e-5
2.364114330789895e-6
7.121421854873546e-8
2.840165627090639e-6
2.0117145268746103e-6
4.702156331438365e-6
9.429135929050395e-7
8.516288059314581e-8
7.930628941698938e-9
4.1870543341424096e-5
6.435777140906252e-5
4.157823861880538e-5
9.954505360835389e-5
6.819398105276041e-5
6.438380374391311e-5
3.291210506151289e-5
6.935368251714905e-5
5.453514710752777e-5
9.502322442672441e-5
2.0625723728494996e-6
7.164290764843689e-6
9.2668590526822e-6
8.934547808447053e-6
2.6227495995701686e-7
3.363147933989129e-7
4.430737476400227e-6
3.135745139380683e-5
1.7654524285337994e-6
2.038385310625119e-8
2.9814867756782943e-9
3.2090888963870924e-7
7.294139115358531e-7
1.6055492968062657e-6
1.5910401586247227e-6
5.850362778806722e-8
7.163283915649568e-10
3.4031211683157324e-10
