3.959179843327965e-8
2.4977343920763707e-6
4.189765143335807e-6
8.916661595411845e-6
1.6372980364112625e-6
6.555395806255612e-6
2.571637728825445e-5
9.189780558670778e-5
0.00023851490927108155
5.614390736154532e-5
0.0001349894794292008
6.933875489832967e-5
0.00016383031262189694
8.027313925533797e-5
0.0002777563859699289
0.00017978639006941397
0.00015024073115983943
0.00046503692819373145
2.5834232685735914e-5
0.00018705499183906146
0.00021161006096955237
9.144212066900658e-5
0.0003176246023147325
0.0009960386424956937
0.000488613859156624
0.00041002246166165456
0.0004066545355209754
0.0011187504146554974
0.000909745940281297
0.0016642571205022587
0.0014302573608531855
0.0014713106248889325
0.002941985555574667
0.000482427575490531
0.0015712170298659935
0.0014121772573866729
0.00022006789793124924
0.0006782994599450559
0.0005523067442303742
0.001837410180582147
0.0009428397249923731
0.0011930386719851765
0.00332830947765004
0.0005004506056329394
0.002716716276394516
0.003039728599017292
0.000524644661221756
0.0010476346905603816
0.002770565103791865
0.0005260209953388842
0.002295589211713459
0.0027665944651868233
0.00010879748606504898
0.0007743506082470864
0.0013491197218468086
0.0006567462760823573
0.00010357219181354648
0.0004767229768261399
0.001148156474883116
0.0013236318422738575
0.0006570862868334583
0.0006752544460030199
0.0020242700707641015
0.00282533995647547
0.00235376804340086
0.002499170541431645
0.0033965962164150317
0.004233983452779362
0.0023355748093842484
0.0029767730055723506
0.0014962290603991934
0.0005198570988684127
0.0017371802641621816
0.0024658994697101303
0.004303470356714198
0.0028922684700580232
0.004548899321568433
0.006386031133030167
0.002882033683387678
0.006296167738031825
0.005064015187039122
0.0017687081387471543
0.004149216208766141
0.00589668573246978
0.0035051342704346877
0.006649904605220952
0.005927343358827697
0.001421621068007589
0.0034716021031811154
0.003562351198457211
0.001348855183864286
0.00013728576743898217
0.0006909197693010548
0.0010621142245519453
0.002778908539382172
0.0014135193372125324
0.002258454317170429
0.005978685309562913
0.0019177786186130332
0.005425157124014468
0.004816013328361053
0.00130991721948826
0.0027671006703736795
0.0056094461627050445
0.0029073641295470323
0.008393856588891156
0.008121976150871747
0.0011880460517185842
0.004865811509358376
0.005962056149370239
0.0027329219524188176
0.00041284434994190477
0.0014909319296202439
0.0036674976406864063
0.002090910985486676
0.005654524739725132
0.004550215592386702
0.0009327184346316306
0.003968950118985148
0.005109570447863998
0.0030185818933623912
0.0002118490869777087
0.0008428745148615122
0.0015232714781529082
0.0014207413413531065
0.0002163969679989021
2.4997597925129305e-5
0.00026175445082428627
0.0004962333376542509
0.0006638881069188485
0.00025379928254983474
0.0005705870543414712
0.0016213326678177849
0.002001497512849407
0.0013301258598963886
0.0015492352563282541
0.0033961853622215695
0.0029117612791491523
0.0023449362965930515
0.002390548978381696
0.0008399860843073717
0.0004986020463099321
0.0019795630334811225
0.0031541927465804807
0.003196271413223994
0.0029187512030571863
0.005140412326874951
0.006669128424007877
0.004632463210793743
0.006389288293864206
0.004003174506678954
0.0017022597308086005
0.0051943485570939635
0.0062388310286999055
0.0057749096927874515
0.00891585971794032
0.004707430132908878
0.003061568371677749
0.00475248130487468
0.003425040177502239
0.0008012768882782144
0.00022894641319920705
0.0012058488522607572
0.0020784285057484854
0.0027418217715280218
0.002269738842928024
0.00595807247026954
0.006925218372527813
0.005257295243704724
0.008971694274556425
0.005450759134694049
0.002261736145541402
0.0061621019291574234
0.009622401281190799
0.008073781621244665
0.02935818956406671
0.008301466131121439
0.004083279375964313
0.009068840193898342
0.006830214359297885
0.00235188101153551
0.0007471222668366186
0.0029454310790778745
0.005581707452162054
0.004910593528082094
0.0088690380315408
0.005408010658217882
0.003051642653203593
0.00642712849865829
0.006322659974621297
0.002680156011313322
0.0008261678048612257
0.002390437513325801
0.002908104902240076
0.0015665030496611648
0.00019320260560078757
2.317064646103541e-5
0.0003120166651512964
0.0005222746772489306
0.0010731460323604217
0.0007544815109262788
0.0019889772040811793
0.004304791905876322
0.0021988406669025194
0.0056078712289264
0.0036137052474547286
0.0010669936662146677
0.002836730781113843
0.005526957637265667
0.003552006393168651
0.009654066819804403
0.005782506209083469
0.0021313701161463894
0.006274588082502982
0.0059935811133986616
0.0028084643694095443
0.0005992004068901622
0.0021361626297746543
0.0043594175424030044
0.003204493769613238
0.006944827536151293
0.005971901121657357
0.0021109887809508347
0.006737305411583248
0.006451158410570222
0.003221667944924971
0.0005872197254587374
0.002917868528127003
0.004183849816531015
0.0030085362114041156
0.0004745395937796233
6.084812463000723e-5
0.0005589698843862112
0.0010928082399582848
0.0010829620166044407
0.0026762322639770396
0.0028470550560225796
0.0009612811274149892
0.0031931116791622627
0.004223583335613002
0.0018504014967481595
0.0003620652938600883
0.001323729854225975
0.0023731848785021638
0.0016648816199521278
0.0002823067076392648
2.362752945202001e-5
0.00025699699964748946
0.0006802513673412937
0.0004182015255676078
0.0001357249610608106
6.517140364196116e-6
1.1253434189341977e-6
2.8063418950090994e-5
4.5270354741829375e-5
9.025220897638439e-5
2.4137098944075243e-5
0.00012583681423371612
0.0004640264371088043
0.0010160877236274147
0.00037055513676258526
0.000377635914760576
0.0010792871401912865
0.0005910367600502534
0.0008806893647922845
0.000818033825356985
0.0002075534502903132
0.00019283657915653035
0.001003588029196217
0.002473603590829838
0.0009614314619592595
0.0017303874847073603
0.0028360822120777488
0.002112156565895069
0.0034468812372232837
0.003044033143135266
0.0009379666242494297
0.0007684331224216254
0.0026288820654413337
0.0021364642508730964
0.003874250592320804
0.00412191134082883
0.0011509928858407022
0.002142065636288112
0.0029685254614623523
0.0014236417339409332
0.00010833612925435757
0.00010981633337113227
0.0007141410347443228
0.001963955813344649
0.0010794783813088205
0.0015936189042587148
0.003987778025564846
0.0031995562484198347
0.004161297419839914
0.005004123531518003
0.0021107673556454436
0.0014459465050549345
0.00407777113717779
0.0035704434898927943
0.005017432088820171
0.008147892353494373
0.0028860057444749358
0.0041098724211615575
0.005618518027392176
0.0034771678155028664
0.000528346389502142
0.0004814595248574509
0.002759317807457193
0.002187987604396691
0.004073659972119591
0.00519132357034755
0.001895493281784329
0.0034819582297797524
0.004596698289760718
0.002931033382604057
0.0004989799748083033
0.0008763229658587237
0.002363434172138142
0.0023939906749452615
0.0004783050291694027
2.568019013418471e-5
2.0288082623136133e-5
0.00024359014877213444
0.0007222313157660775
0.0005624448978382028
0.0006110541011740258
0.0026832207484590856
0.0021382604463266925
0.002818044307633681
0.0029602063899746177
0.00150424093257654
0.000825359143057328
0.003683993753870308
0.002773416204490449
0.004108340736555814
0.006201855854895172
0.0027611371638522502
0.0026223495096591386
0.00525431902703655
0.004126973245044696
0.0010352067216325338
0.0004377359314605136
0.0026701077375556634
0.001956615386718303
0.003948231032067155
0.005946804449353138
0.0023633973395714167
0.0029229826159566904
0.005014243751751345
0.004528135986802509
0.0011944810769121258
0.0010880411063608438
0.003376688877596585
0.003412160104499951
0.0014431059305941459
0.00014631193965207177
4.6815493101464356e-5
0.0007048779207204135
0.0005185159093776337
0.0019374616146571278
0.002081802654119732
0.001060736689901475
0.0024800521228045534
0.0032100404648107137
0.0024943201654719868
0.0005377359391936495
0.0010179702457392336
0.0019727193286252806
0.0028099252698788623
0.0008975666356517557
7.789965015021817e-5
9.135824672450868e-5
0.0006640918832981835
0.0013455040839201562
0.0005027503982036961
5.537894269956632e-5
1.5725547067913103e-6
8.212581213478893e-7
1.898484885767572e-5
4.902592591590004e-5
6.097203663219453e-5
8.406948306010012e-5
0.00043100447904883155
0.0005926235519599686
0.00048596369748396263
0.0007609152435030238
0.0004084864342517272
0.000134896192032178
0.0008131634741667946
0.001054709657982541
0.0014447969720763352
0.0022848809432031774
0.0013160320444378266
0.0007815818034962451
0.0017562121576738716
0.0018208440729953037
0.0005272262900780842
9.035306100277981e-5
0.0006193439938706185
0.0007768841110243074
0.0015809115973391555
0.0023214135275238597
0.0014164356421252913
0.0017831688098696008
0.0028626822024375733
0.002894800012180379
0.0009171370210974681
0.00038411396472061215
0.0015839435199220132
0.0026054475256951167
0.0014014141977801388
0.0001855601936985217
1.9719693032983132e-5
0.00024549897859147963
0.00030868784836116065
0.0007096553450835819
0.0012290316722429263
0.0006968918787102797
0.0010252723155579624
0.0020013126719531866
0.0017676098806398432
0.0006816051847592674
0.00047848456734854206
0.0016297176597768427
0.0020641674734613747
0.0011065096959952836
0.000167821346510589
4.706182849564052e-5
0.0005250983145760099
0.001179706793675833
0.0010036457434695516
0.00024497238096296976
9.138080300096333e-6
8.514135683091003e-7
2.0526873928820173e-5
2.2545705660961087e-5
0.00010702230416845754
0.0002321520362714497
0.0001392908568687019
0.00019543087631877337
0.0004910803136051755
0.0005088146042134964
0.0002182543233768344
0.00012617027392206365
0.0005621391823189493
0.0006748894455818717
0.0004212375903958932
6.722798101554413e-5
2.775308441235086e-5
0.00025378440526518204
0.0004782780328625052
0.00032493571807668247
9.309213096819314e-5
4.235761366692576e-6
1.1218953571675997e-6
2.443493496870935e-5
0.00010441398010936765
9.399693727805855e-5
2.59661507524557e-5
2.4897976173951887e-6
3.9413135470409505e-8
