1.228602797379753e-8
4.323274919311792e-7
1.911322466772955e-6
1.0611361249169808e-5
7.764420592082629e-7
7.579240059403009e-6
3.1662365755256852e-6
1.789153416936078e-5
0.00019343080775885812
1.751501152385115e-5
6.184903075286306e-5
4.7655642487809323e-5
0.00021570607327114024
3.9882605516109376e-5
0.0003940823630629434
0.0006229104197393091
0.00023154615602945393
0.0009398908605832891
1.360752989615029e-5
0.00012492246359129607
0.00012420900951224973
1.943749609019942e-5
4.5646120148651556e-5
0.0005008357925007888
0.00023075292102515597
0.00012837114779374806
0.00015457210818491535
0.00043693964927746926
0.0003319071858380918
0.0007828875513272558
0.0013577188320954754
0.00101341881808431
0.001260231990170129
0.0002257178382416219
0.0005124948198752702
0.0003186101110796191
0.00014741807048821383
0.0002747196695809686
0.00043391324525734624
0.001604615396387419
0.0006210301702612679
0.0006399909025193593
0.0022799416711409624
0.0004042539826546574
0.0028028644428013455
0.0021509361146774294
0.0007491446630150648
0.0008896255794638579
0.0021202941456652854
0.0007115657455170913
0.004495672033057421
0.0023595998825260804
9.474108143705153e-5
0.000491593452438764
0.0003053597312241682
0.00023966690033299813
5.568856275254642e-5
0.00010340564706397711
0.0007158588772965135
0.0010088310088908906
0.0002678900548208999
0.0002086400092000946
0.0009542121663120857
0.002559445964350391
0.0008639032249434834
0.001777465033190128
0.0024348552090346157
0.002346683068715453
0.0019002817144396908
0.002597432403230469
0.0004530441850147085
0.0002824989389031209
0.0006324937870493343
0.001749748313245918
0.0022109487654680877
0.0016863928844562265
0.0035367040299366438
0.0036135914848590294
0.0027077738788147017
0.005466087084878389
0.0022322896284665
0.002063762477159844
0.002572111962158855
0.0037958751972656333
0.003275672844861556
0.007095506360027065
0.003925141860804206
0.0020118975236097275
0.002349246198024774
0.0011750738204670337
0.0003051241850227588
0.00016680395843697676
0.000317542710753941
0.0010979996494052894
0.0026383542803724977
0.000855054875132361
0.0014908790582538378
0.003494220887749563
0.002521907837064521
0.0058792578184780255
0.003123640621705168
0.0013024166172400768
0.0021711204503480526
0.005621070016149278
0.0034290659087252073
0.016170750730009655
0.008015416259167062
0.0021255201985671515
0.005785624652756361
0.003552098196513397
0.0022755158765706803
0.0012162034571807931
0.001247798623969888
0.004489363130123786
0.0014130663373876225
0.006400772830942731
0.003100109654422412
0.0005827818405945396
0.003082723736874238
0.0022830266841445826
0.0019415758949678625
0.0003454657405028467
0.00044470915687732596
0.0004464434576524832
0.00030629856184664607
0.00012125107887123746
3.5453764170718004e-5
8.189455805811023e-5
0.0005159247985165417
0.001352507579502307
0.00025291512279201856
0.0001609360874745199
0.000794359180350255
0.0016354998937139853
0.0008002156803183713
0.0016644530150868855
0.0022292299840729187
0.0019860152250206235
0.0015395375106440749
0.0032533107958213426
0.00045846423892365946
0.00023420076603722606
0.0007951591424522228
0.001957761649751654
0.0031487446487878665
0.0018070896663690591
0.003186056997443958
0.0051934546524858615
0.0030662540069358603
0.008155512539714667
0.0031671742936340034
0.0021538022044863708
0.0030674413813444497
0.006493126977808673
0.004605491433277016
0.016000304683844075
0.006109909088170054
0.0027834200553457297
0.004254844735721389
0.002327254187998677
0.0004875453118036048
0.00022721721632491763
0.0006179389085602461
0.002018497896723696
0.004865849000342962
0.0023281688181752283
0.004821344342437448
0.008684465105211429
0.004840063342464073
0.01603315818118158
0.006522188914934791
0.0030260961594821396
0.006088603847372506
0.013838439253455364
0.00964373910629886
0.05368901880012621
0.01635903942848741
0.006241215208432872
0.016228853562044097
0.006915299970044964
0.004196776229556203
0.0024571236824399273
0.004663622711976696
0.010169832658328912
0.004764202331650007
0.01594040724981016
0.006090862973101514
0.0034041943816424678
0.00817466960885284
0.005399741098694501
0.0028208997269386607
0.004175049691987491
0.0032902446777962105
0.002531051287107827
0.000502934070699106
0.0001265548069493499
7.793846706419952e-5
0.0003311977022037525
0.0010324440216063888
0.006046084861235873
0.0006221967478978668
0.0019245357848169712
0.005391991624762804
0.0029866362936876215
0.00990218075213787
0.004401807124991865
0.0009981696504570443
0.0022305462784075604
0.005181746830365037
0.0030907335144495516
0.013870079724390364
0.005332328636317177
0.002556755935472937
0.006104885089482627
0.0037362931508908015
0.001982788003263888
0.0010910328355742758
0.0015418764192945888
0.005580711787192996
0.0020902770994232407
0.008607043283537872
0.003397679032848703
0.0019695160943663114
0.005173762493162266
0.0035308675985241595
0.0022701794100707796
0.0012233939700759464
0.0019486358647976651
0.002268372521483738
0.0011975199412966044
0.0009180679192631781
0.0003711936016573831
0.0011326162918653974
0.0060751288677478345
0.0011885962765074481
0.005154402352029216
0.0026930070046898296
0.0006593764262309674
0.0032010620591790464
0.0022287638596597643
0.0016982340359102698
0.0003418975108707789
0.0008021417276339067
0.0008685758831068674
0.0008063366499495589
0.0004100749173391824
7.360535177481915e-5
0.00023805268293502121
0.00026199600798336377
0.00012855510820997153
6.206353419575106e-5
8.381850856359705e-6
3.317452221342745e-6
3.855575304717895e-5
0.0001843514997802209
0.0004383739177541267
7.543968800684489e-5
7.497688949973367e-5
0.0006308125811848176
0.0010863172078921823
0.00033181495772855504
0.0009630826272713328
0.00244275543794216
0.0013312125887345444
0.0019305080264294945
0.004070180191612987
0.00034407950762410997
7.615297540188808e-5
0.0006030207330458146
0.001389349593922858
0.000619586112891016
0.0011488930348667495
0.002205649999217464
0.0020629253197900917
0.002204759011268137
0.003237922293579188
0.0005764092968071329
0.0019169683384713794
0.002745134894115985
0.0027087405585669243
0.00348270107844236
0.0062609279111780465
0.0022548717106081815
0.0021809390071173074
0.0027869440921608362
0.0019749685464587018
9.435329143510493e-5
7.805864612693263e-5
0.00032368011516447124
0.0014719546012196705
0.0011247471203139033
0.0012424974924598467
0.00277446774339162
0.0021387121503488146
0.002520175746830606
0.004698351133204098
0.0014310917500557224
0.0018561233658432516
0.003827402560250407
0.00314202070752707
0.0043870827302573195
0.009518082043079351
0.0034185285779906823
0.003413991194423694
0.004621752476527328
0.003183690497896636
0.0006668209872089895
0.0020221966007701636
0.0027349049080757732
0.0031711946792001774
0.00261192960284935
0.0048882849782462875
0.002586580010075415
0.0022273724464978504
0.0030964410533825303
0.0027313723019609386
0.0004104284936020034
0.0019354338548277592
0.0016278467867351747
0.0018422925644793768
0.00022190058289227102
1.3935414727423022e-5
3.328877185230129e-5
0.000150563416265956
0.0010651658411330695
0.0010950830618417162
0.00030042781475937344
0.00221028612704345
0.0014800590107599003
0.0026357318238063266
0.004358044856342202
0.0012346186191319467
0.000731110287430927
0.003768972898008147
0.0022863884814442294
0.0037550253901861117
0.006002510072851621
0.002125433233027873
0.0028495277826870555
0.0030037543708453956
0.0023956004622792174
0.000891333234124565
0.0008840391102228729
0.002360866366168932
0.0020013054480916303
0.0028778068803437125
0.004835174698235784
0.0015144241620320253
0.0022637568025425828
0.0031847840659515857
0.0034385043252063117
0.0006476457894748298
0.0025748318865231267
0.0022359130998119967
0.0023615156132154604
0.0009440796776829049
0.00022593539467575242
0.00024019837620932067
0.0011435301230460651
0.001078031758856462
0.0015570850450770438
0.002117018125070884
0.001170397159970172
0.0014238702720678197
0.002037145847353683
0.00177968466670362
0.00042598701615950913
0.0011130727315784576
0.0016636791832028046
0.0025584214319064537
0.00033614293740331816
4.209715345444212e-5
0.0004376697089296389
0.0013785736817845105
0.0010483516267934085
0.00022591940498237822
1.7222925829510853e-5
8.069384578424898e-7
3.0155107315280596e-6
3.641215230533428e-5
0.00022237130684928883
0.00034699348230243717
7.936447523278195e-5
0.0008236400639513776
0.0010670310536838312
0.001973843101215398
0.0022959287273189937
0.001186987892541216
6.685125817558197e-5
0.0006794403246661215
0.0009880127761424838
0.0017151984573621614
0.0028338556068352267
0.0012244536975780267
0.001880737389117309
0.001971660923904647
0.0019418013499626545
0.0006879564105826001
8.79058953073105e-5
0.0003001445830997068
0.0006584581425140605
0.0012250186883119678
0.002201300981353494
0.000824777278380307
0.0011041529317537347
0.001738328106833403
0.00164304222392599
0.0005904250207490768
0.0009255934594892223
0.001544025411000421
0.001660501078197519
0.0012843897464847984
0.0006865452071197379
3.937418194352301e-5
0.00015908592656928118
0.0003549090096324391
0.00031789815748456494
0.0006186025996424114
0.0003348223709720167
0.0005386095031402083
0.0007749436942144343
0.0006330652034524132
0.0002754092251038766
0.0005575046780227827
0.0007541554065619293
0.0009426619858094063
0.00042335103206219327
0.0002268614261219171
0.00017386928018731318
0.000505906306007851
0.0007007326790187277
0.0004711559434408402
0.00018705244358865406
1.0854138671401513e-5
3.3665942517039065e-6
3.6932681500445105e-5
8.104513794195194e-5
8.292364576192392e-5
0.00024809606335332904
0.00018939747431502408
7.539553369753323e-5
0.0002314477670191607
0.0003014759157815989
0.00015032278505013443
7.556969273942745e-5
0.0001656556056774028
0.0002073280693674678
0.0001627616693819995
4.732972585649532e-5
3.834361698289989e-5
8.359607814579881e-5
0.00010753362417931806
4.724202295634234e-5
1.8682352170764093e-5
2.081244314483634e-6
3.31483322516726e-6
3.634847827044014e-5
5.783988130882096e-5
1.9894599248049816e-5
3.257251111319713e-6
4.603070387318999e-7
1.3108216485917306e-8
