4.634308650536071e-9
7.151723404778333e-7
6.845487182542527e-7
8.836112537936708e-7
5.214841635212629e-7
7.58862498798098e-7
1.8102781851878735e-5
4.488784624676971e-5
5.908925101029766e-5
3.100618038364746e-5
4.3598782956749177e-5
1.549474224305614e-5
4.0447929262723595e-5
2.5356315836824717e-5
4.164254951954808e-5
2.158356721299152e-5
2.9539083845777722e-5
4.854113034116821e-5
2.029862277802112e-5
4.924916594831779e-5
1.5222594705005269e-5
7.562744244088982e-5
0.0003861376388268941
0.0004236719210400764
0.00024852625279484284
0.00023472325669574628
0.0003743432945778146
0.0007684668085111174
0.0007436227767571939
0.000901411145170397
0.0004064467032777462
0.0006174263698728213
0.0012258895395837843
0.0006187402251042673
0.0014459875860521308
0.00045329503498539597
3.6425671105004526e-5
0.0003312434138528732
0.00037116365069793665
0.0006508877176990813
0.00035706530653590186
0.0009854082268671302
0.00035858100673729493
0.0004087698224670772
0.000962346555363685
0.0002955964059163063
4.922700119596949e-5
0.00035432804312962037
0.0004157443092293836
0.00043765144340769235
0.0014250879264775542
0.00043680419113890695
7.293480482631873e-5
0.0004876860312374293
0.0006539880521000157
6.417925398530323e-5
5.2451577349520314e-5
0.0006510871515060758
0.0004643530930046958
0.00044119545859038764
0.00032276660744147824
0.0012049736703263227
0.003108315354536685
0.0023739017616891626
0.0024545881887782527
0.0005089927277329682
0.0011982617807322926
0.002341123214796073
0.001723684841487125
0.003821942594981193
0.000878446198475318
0.0004722434692176902
0.004955018023748414
0.004918820552148643
0.0037619410875011495
0.003686107424668174
0.006951243227971195
0.007326883198966254
0.004612056631273873
0.00936104037242801
0.0015535262678364869
0.0005215856314603526
0.001734593665301428
0.0024974793648562836
0.002468269828455994
0.009427143204486392
0.005540286835292635
0.0007987758596610802
0.0026864650531940515
0.005615378386634047
0.0006525644375963883
2.736907959074214e-5
0.00042659826089871586
0.000433462751380786
0.0005780597203745918
0.0010875154299168307
0.0020251313249584854
0.0020049033759562494
0.0014069861931706785
0.0035795160077358437
0.0014860707559251126
0.0005213983671219881
0.001871217675637464
0.0032186628797022856
0.002534302347161153
0.006924678593613612
0.006118569526479501
0.00102648191535122
0.003571647654705074
0.005579304325533071
0.00044039955861673876
4.218955442168357e-5
0.0005661696502918964
0.0004544761167973144
0.00325113006870209
0.0035112419525180527
0.0014502440110395068
0.0014932518131521226
0.0030232551695286076
0.0015633575843664693
0.0002982639647457481
5.621876963805392e-5
0.00040482155810798694
0.0008674691226307962
0.000451555697536573
1.5161673162941492e-5
4.015135260449854e-6
8.923694233655368e-5
0.00014302953246139727
0.00010971700927352268
8.52230437050885e-5
0.0003761544339254107
0.002488348215790718
0.001449485109474902
0.0009092677161720055
0.0003879036745578395
0.0010522212660116163
0.0011870504775442433
0.0007373093522132919
0.0009757848601734592
0.0004023444513846872
0.0007019351573427738
0.005360961766559321
0.004389531543244039
0.0027731348591210204
0.002139526335017576
0.00736807697656584
0.010500349279307215
0.0070266757956725006
0.00978186394276608
0.0029808391113036077
0.0007095277329564488
0.0040966372172450555
0.0029407740120440586
0.0028742261509228824
0.013823502936290751
0.0035859190019031212
0.0006464599771661539
0.004862370927596675
0.0026998312920391374
0.0004872234005663469
0.00014451574589775562
0.0012293258357162905
0.0009405873352357134
0.0019447438772067984
0.002243861097918362
0.007366563554843471
0.009550492162879527
0.0031160148426082573
0.013114942877861033
0.003526845218022951
0.0012928910788115248
0.010644417337239266
0.013967567704469035
0.005483489958083002
0.08878911998177084
0.006901506890743202
0.0016442770402274858
0.013788839673703715
0.009394525437493285
0.001449785472781452
0.00012364562096968084
0.001976339000352804
0.0022316609678671878
0.00424862016824302
0.013114373964107943
0.003577264512867705
0.00252424766887032
0.00978310449471447
0.0093000188951188
0.00097098798603267
0.00011779143031518713
0.0009681901957019004
0.0037225586489940663
0.001437214227006487
4.895663190367495e-5
2.6918563778763696e-6
8.076063752065254e-5
8.546057347465912e-5
8.585275780777299e-5
0.0009933192836091116
0.0013468074759797892
0.0015919627188515021
0.0008494514166070506
0.0022169797423189585
0.0004441955093947457
0.001272951990511393
0.004994622978500882
0.0052307092358489255
0.003230685671665646
0.013972196360769724
0.0032183004099336616
0.0005273363786521629
0.002916869687415087
0.0025271970210344
0.00041452320791902225
0.00028168107841587475
0.00270348996986812
0.0016166752308460763
0.004980919035098836
0.009590247371520606
0.001994319551437613
0.0029974616886835523
0.010322282150737962
0.007254095069654349
0.0003521128905356969
0.00016851000016623275
0.0011884808897215224
0.002363007887198722
0.0012426312005711542
4.889701303819986e-5
6.911133152089676e-6
0.00012403750710501162
8.543630220746954e-5
0.0007053317111605381
0.0019343921223884469
0.000591655999723282
0.0006161278093025082
0.0027579157828915004
0.0037632046595159354
0.0006409487189332659
7.682334892230894e-5
0.0009074489851370773
0.0024801470822066805
0.0009243133049689381
4.161769263652026e-5
2.5472894074981637e-6
8.518732630595223e-5
0.0003214969186240003
0.0002361816932759781
4.294845940301862e-5
7.395875705042951e-7
6.198108199681268e-8
2.9768997236666964e-6
5.281049706765927e-6
4.2105125932587635e-6
2.5835365600569155e-6
3.4228341655177014e-5
0.00018447486095767262
0.00013740084416610378
7.895609989368498e-5
4.430548792338695e-5
0.00012287622377894842
0.00016851867676961056
0.00011028289103231735
0.00011587225497195188
5.386823281942309e-5
0.00012246662974302346
0.0009582481263943807
0.0006725843635795063
0.0006207608941958933
0.0011415689171578869
0.0030291148561925104
0.003006153039257786
0.0026689800345032523
0.0025208222395865934
0.0014474051515789787
0.00017723590018227346
0.0018627015174943011
0.0005263765083200246
0.002038231042994439
0.0016554809275755582
0.0010159360952356083
0.00017618283714655004
0.0006497850961562446
0.0007864518845355747
7.15908199622068e-5
6.492085702769673e-5
0.0011615996614356807
0.00036812316998039335
0.0007124595830228792
0.005219216995351251
0.010390095280618057
0.004950411797407629
0.005312596611331242
0.00424222356883823
0.0032287801319831728
0.001730229622600375
0.020789457162284742
0.0032344895342346107
0.019430819161767195
0.005468018481417433
0.002533190365041147
0.00201774560254395
0.0028608619878237084
0.002464326041716798
0.00043795390286167365
8.934820920669805e-5
0.0021625794691966464
0.0008546243433636743
0.005303572205576721
0.0031852846517850236
0.0014406373526056602
0.002648276858502987
0.006976698820578889
0.004630156594977243
0.0004071745295530732
0.00011077616675320801
0.0007430495519701355
0.0017311617384293291
0.0006166110168191361
2.0360952347634738e-5
5.019222798462038e-6
0.0001845335069638344
0.00015935051421910604
0.00012505186109116348
0.0017666691524008764
0.004432767207763483
0.002692962862050427
0.0021785860789979216
0.0019916925471382433
0.0005633832582281513
0.0017462366861940542
0.02011649918483331
0.00500628516906473
0.020783014275093742
0.010612138701901969
0.001871173992060452
0.0018407590042226049
0.0040704444583046385
0.0016945990430796546
0.00034975497657373537
0.0003321647829768313
0.004507728515411033
0.0013604748717250864
0.01049478732014865
0.007355915280563548
0.0020224802626025874
0.003034935934302343
0.007441540929031589
0.006888230569123203
0.0009649263724423777
0.00012216897704140774
0.001042446051728055
0.0011870012611955134
0.0006122708933153784
2.9358501972089488e-5
8.751910235660669e-6
0.00015949619454785625
8.422791029267528e-5
0.0003722109377896033
0.0009242795700209059
0.00043226000701959965
0.0006699492096580444
0.004399260399784701
0.004901280254353855
0.00037657819582063556
0.00013812480179851066
0.0014575148441651894
0.002348650079858935
0.0007634240403044624
2.6139162909496143e-5
4.221562707507117e-6
0.00010833850654017575
0.0004322258941911231
0.0002516671091633909
3.0957484796843785e-5
5.126181262816535e-7
7.263817331711802e-8
4.838663424759143e-6
8.677370418857461e-6
7.00999295112019e-6
8.651149057494994e-5
0.0003312164446412007
0.00028260128215510966
9.090150238863818e-5
0.0001253032338184523
4.43676286812123e-5
0.00023369212203500612
0.0017517133386097397
0.0012765905558184457
0.0017160978829369822
0.0012770548245529235
0.0005292831026896088
0.0001779568859745532
0.0007037189862718063
0.0005285644742281792
5.119177094041939e-5
8.679529065926521e-5
0.0017626986802338784
0.0009920594018582999
0.005165014724701589
0.0022623046680626713
0.0010997941772153158
0.001146998798100701
0.002154153133791936
0.0036544509841383963
0.000355347299268896
4.4039973610317946e-5
0.0003854635909934241
0.000514749282075216
0.0004073866179696301
2.177585386276601e-5
4.836421647141109e-6
0.00018171343095144257
8.012904979314855e-5
0.0011397101009821677
0.001240294007155693
0.00043562277824207455
0.0009400648632204018
0.005300572817218563
0.004956096394699332
0.00032737432076783863
0.00018426635145995843
0.002519377677757806
0.0031515818342220648
0.000765715988283511
3.940676230620597e-5
5.310416161531876e-6
0.00014374623249591487
0.00047120745274960887
0.0004306406835637237
5.954527039650586e-5
8.868018506666758e-7
7.199127619279201e-8
4.872630601705585e-6
2.6760257752490606e-6
6.277889120695524e-5
0.00014252283725153342
2.753788389612851e-5
0.00011854022813684409
0.0006846121914367347
0.0004665262770384404
3.6571470880932376e-5
3.3422160641250254e-5
0.0003685351719442402
0.0011858578491471855
0.00038342518824015405
1.5541457486030337e-5
2.922646769081779e-6
8.79076880351746e-5
0.0006404555738186196
0.0003871304634263938
4.449045984280974e-5
6.741306904949591e-7
6.130471869235041e-8
3.990125698749631e-6
5.21167774507135e-5
7.558026388475117e-5
1.8082152711871388e-5
7.153774070741096e-7
4.644733050228124e-9
