8.860042977239196e-14
2.037137126939491e-12
1.82258064474606e-12
6.521679615118877e-11
2.3208817849332324e-11
2.977688729874035e-10
7.522067057385672e-12
2.3059434859392423e-11
7.068422283257567e-10
4.016680818715605e-10
1.7865963630556903e-9
1.9761815801863203e-10
1.1426847361476994e-9
9.021830130757874e-9
1.0845636648016606e-7
6.419341202941085e-8
6.289846240241815e-8
6.891061761305707e-7
2.894291300201678e-7
2.799709968319703e-6
1.7501356808207096e-7
2.3809346404505724e-10
6.98690845181356e-10
6.796876058307366e-9
2.2932825996632185e-8
2.2001129388695853e-8
1.0375736872292811e-8
1.3284736050569437e-8
6.973865809977451e-7
7.739830860883083e-7
1.2798497282821677e-7
1.1813849592846672e-6
4.139793227245081e-6
4.07732806422682e-6
1.8639283608985274e-5
1.3388930382917797e-6
6.63826702007646e-8
6.729241671776655e-8
1.0663436353042848e-6
1.4140697190171568e-5
6.730862543507061e-7
5.7582418512545136e-6
1.4816328349190255e-5
0.00015280502471820705
0.0006734299400534767
0.00015334182253535936
8.477574584601786e-7
2.0493189492890128e-6
2.030826835760448e-5
2.723818343757717e-5
0.00037250458467491125
7.779344674894976e-5
2.6921808417864575e-6
1.334203661233314e-5
1.88051357471734e-6
3.035273500655528e-7
3.1080586755865667e-9
6.245568784457239e-9
5.3529619338587085e-8
3.2052980044600953e-7
2.8410770959928404e-7
5.849706299515882e-8
1.313754324913415e-7
1.0858309922282994e-5
1.8902977474863338e-6
1.2119346424274252e-6
4.5891459728165755e-6
3.695770725939586e-5
8.63986276121439e-6
0.00010810026171048501
3.3818716410535644e-6
1.551265611196948e-7
1.545787672328434e-6
1.8507922313941516e-5
1.2390692609880076e-5
2.5868009420085856e-5
0.00018929509318454962
0.00015347204425840376
0.00025364883901108417
0.001471054163209359
0.00016486608228874895
8.0344884016285e-5
6.524981644388504e-5
0.0006145549832945065
0.00024178972519180278
0.0051557899343211335
0.0003256321766017484
6.31995637860731e-5
0.0010249154050230521
6.26624219479552e-5
1.846776540270332e-6
6.817364187997282e-7
1.7797359143317738e-6
3.924484414986204e-5
1.7272075674546216e-5
2.611267601697005e-6
7.37373756860297e-5
0.00047228899800174956
0.00010959663557090125
0.001287384128153933
0.00013835245988111039
1.5046629879785253e-5
0.0002764247217086233
0.001626260289746038
0.005872438980242294
0.03709497571288424
0.009959216119583962
0.0005939393090675686
0.001797756047993851
0.00032401291495112006
7.340824930466982e-5
4.327674190295229e-6
1.8556845277887364e-5
0.0001169958237474952
7.246745254113285e-5
0.0011144325975066308
0.00013165552330183993
7.048338399164028e-5
0.0006206783413324273
0.00017800993452455165
0.00017307963951684218
4.99554416897086e-6
1.2817313370020809e-5
3.596769946890261e-6
1.5392428643852527e-6
2.6474879061648396e-7
2.8074688758151378e-9
5.833630003573785e-9
1.125995061907659e-7
4.929980614065009e-7
2.514384949244977e-6
5.2580270903826154e-8
1.3088651537367425e-6
6.5334170622273e-6
1.6520887333317267e-5
3.32812016346677e-5
1.6396222871281892e-5
0.000782009296808005
2.1188130888741436e-5
0.0005495166104351666
1.2963167114651897e-5
3.6565988135736346e-7
2.388668125477452e-6
9.487690505115416e-5
0.00010807195861402367
1.2473226254652289e-5
0.00014588859318152375
0.0018496986166385804
0.000480795833141578
0.004537283827675548
0.0006298872564997895
2.5183894164736102e-5
0.0006599890341103948
0.00139564274272958
0.0013180952606581672
0.04438879142312721
0.0017110689647520344
9.860911671409438e-5
0.0011778417838203953
0.0007508087668536096
1.1463619738337783e-5
2.1738028426587784e-6
2.1413983722622593e-5
0.0024865735034718755
0.0005031103289835603
0.00011378329463438421
0.0016650651541066977
0.005243888845407064
0.0012234647659287153
0.04535336311189074
0.001094747373421713
0.0005628650115849907
0.006218086546810945
0.04951697234318626
0.032253999914804585
0.40455601398018526
0.038835785073627484
0.004968706168721019
0.04586330397811155
0.0051680735597507315
0.0003729791627990034
0.00018880345133196998
0.0008647286307525055
0.0055338690140381485
0.0009845960696409652
0.045869635581800114
0.0012802720324108664
0.000625663678072803
0.004604779087099138
0.0017416308981288546
0.0007533250387719712
0.00017849047490894803
0.0005510875287080445
0.00011974947293174141
2.152820716956485e-5
2.916573565686822e-6
1.8151293737546322e-6
5.202364748157858e-6
7.558543167533037e-5
0.0001643034134702096
1.3446161107107027e-5
0.00016243179210261784
0.0008179886251486209
0.00013092979060478442
0.005943505080643268
0.00011802496751777173
2.2926298889262766e-5
0.0005525589088155572
0.0013543052159019832
0.00174879984054697
0.04779233976632782
0.0016540204941108809
0.00011885429520633259
0.0013470726397967316
0.0005424066758616058
2.067216678273641e-5
4.111628486450939e-5
0.00017589302612585576
0.0007734852679348668
0.0005709824935839956
0.005396070767671156
0.0004758130816174618
0.00027379965071738956
0.0019159385191819393
0.00015137383171677998
1.5400554081010475e-5
6.358332405997233e-5
0.0008699498495567654
4.07589642084521e-5
4.509763665506699e-6
6.149882277601025e-7
1.5546290534808437e-5
3.491605321617374e-5
0.00017348780551366413
2.3049945203263625e-5
0.0005488026416065904
1.7531534572939096e-5
1.802869063759502e-5
0.0001153839310161922
1.4006050224610765e-5
1.8043279097555217e-5
5.517037110881999e-6
2.3388332625799544e-5
2.487667153502376e-6
9.081566239745365e-7
1.265339262781235e-7
1.8752691922524358e-6
2.669890020678664e-6
3.056806771975977e-7
2.853512469064776e-8
2.321056312984716e-9
3.076627851037866e-10
2.0741834058060235e-9
3.9113894180911624e-9
4.1823761302769114e-7
2.9846421771356494e-7
1.8096802464267214e-6
2.4834563951258657e-8
2.2825199037653905e-6
2.3166653452434455e-6
3.951361757609573e-6
6.842889565197796e-7
1.0720726228532435e-5
6.617769740686526e-5
1.2556716663784166e-5
0.00017648932703601887
5.236264994500447e-6
8.490986678724702e-8
1.0395153497357329e-6
7.755403091894467e-6
1.654721201951581e-5
2.035733355579638e-6
7.111805330453606e-5
0.00026564326008705224
0.00022687970061896517
0.0007049134145237766
7.484911080924192e-5
1.5059858739546595e-6
3.466870071966937e-5
0.00011108450116967342
0.0003838079537908189
0.004739302574814346
0.0006215592988999608
1.740571516288033e-5
9.972448692182599e-5
5.4063240953135544e-5
2.863704533685996e-6
4.693892693500944e-7
1.364340238772098e-6
4.818832097670551e-5
2.08572402545898e-5
3.4616706208153437e-6
0.00010869267929729614
0.0005275549295001172
0.00011964211845909772
0.0010084295143215239
7.422121565284495e-5
2.7626054596476553e-5
0.00043072602164624516
0.00176164471641437
0.008157984919960726
0.033056027545713046
0.006066468635314042
0.0003907793659493557
0.0013525716710691964
0.00023235802153500826
2.586754103567779e-5
6.5400272639727635e-6
3.434887300127107e-5
0.00012795803227986163
0.000119019768267635
0.001222818811168888
0.0001078137954393785
0.00023114284213735496
0.0005040377827818435
0.00026033500750936075
0.00016458277123692093
1.2647381141101454e-5
2.1649882966759836e-5
8.894860354985398e-6
4.478519566349065e-6
3.945543296741905e-7
1.624406026822198e-6
2.27915328014685e-6
0.00019736457255010634
4.079484507817936e-5
3.337434098111007e-6
0.00022300629414093704
0.0001600468067175887
3.383637565000089e-5
0.000854127155472782
1.918123535810384e-5
7.559631073459363e-6
0.00022817206163857322
0.0005699724771254619
0.00041623461240663704
0.006286180643346963
0.0002959014287269533
3.382012886430683e-5
0.0006134202655900583
6.454469726819243e-5
2.07723685247223e-6
2.2222112845510495e-5
0.0002823334455955591
0.0001760597196011131
0.00011287564687317249
0.0019249917784389251
7.760647258463394e-5
7.334769040333242e-5
0.00014876232956806976
0.0002127124864064666
5.775340461860115e-6
1.3546854746443804e-5
1.9449703298347707e-5
5.162819897529501e-6
1.180622577373132e-6
6.265963139105857e-8
1.0724890502896931e-5
0.0001906575418759322
0.00010185023433845405
4.802422752726293e-5
0.0025373550236220607
3.716386803843031e-5
7.5688063772067286e-6
9.391960481549804e-5
1.8648736623913967e-5
1.2587103128547673e-6
3.172856604010031e-6
7.789067127496125e-6
1.5085500547904881e-5
9.649794907801116e-7
1.2147948475623726e-8
3.001042710786761e-7
5.212728780451802e-7
4.378363524518642e-7
3.1815269801041825e-8
5.131449853510286e-10
2.419221100182112e-11
1.007607743609764e-6
1.0567247256502195e-6
1.313559373625243e-5
1.3768162144561459e-5
3.8047662444483043e-7
2.793412104689609e-5
3.84819171029853e-5
5.914596926920514e-6
0.00016770458201271506
3.818201949779811e-6
1.477026799891224e-7
8.7125997344726e-6
2.286927184215279e-5
2.6178550381679348e-5
0.0005399227741648454
1.5333709093883228e-5
1.521428391461409e-6
2.7161142773358626e-5
0.00010384504937703108
9.716484904400843e-7
3.705114585557818e-7
4.358081801889512e-6
1.3028144711543487e-5
3.663367913872628e-6
0.00011489046403152201
2.714851699390082e-6
2.434896572115664e-6
1.3782710237526126e-5
2.879822677139008e-5
5.801796736953334e-7
7.870872697549837e-7
3.480148727997486e-5
1.3203369813705681e-6
1.4541268912681543e-7
1.2051247551823963e-7
1.0247341331439189e-6
2.878118086392854e-6
5.746026309254748e-6
1.9837192170096527e-6
2.4284243216668695e-5
2.395296214871846e-6
1.1597585106266228e-6
2.629369120110966e-6
1.7676254067570531e-6
7.466490065875631e-8
2.4815873727470644e-6
1.4471341021786044e-6
1.52776305389448e-7
1.4370349054045431e-8
1.6219204829610737e-9
4.6056916125048646e-7
1.1299899301239576e-7
6.192089232358936e-8
8.747498902808332e-9
7.476942496716356e-10
5.98967022713163e-11
8.0456982186294e-7
1.5591810361178382e-6
1.760667553768912e-6
4.6595850305694417e-7
2.6303558370147096e-6
6.782178395211488e-7
1.0290555494782566e-7
4.498259314867338e-7
1.661560491650895e-7
6.459418210198675e-8
2.558776022772116e-8
5.66730824864251e-8
5.096059538349256e-8
9.268734300134337e-9
1.8564043936218012e-10
3.943118024842841e-9
4.9697754197093586e-9
5.9661151283742014e-9
6.55784681161763e-10
2.1368145096412655e-11
1.5980963853596887e-12
2.464238233771369e-9
2.7691580192680538e-9
2.539632872407093e-9
2.0286304241959905e-10
7.216215798049094e-12
1.5198977490699187e-12
7.955536802421199e-14
