5.556434927538238e-22
1.1093478331323087e-20
9.067506648574257e-19
3.8185900773615875e-17
4.678487282868845e-16
3.2081855635584575e-15
1.2935251987389414e-19
9.751632995533193e-18
2.8873846982565144e-15
2.5123130903477718e-14
1.7239208589878067e-14
1.771586924411036e-16
6.75539239591693e-14
5.371370086074607e-13
1.4048582717743861e-12
5.971744089884417e-12
1.1358127212816699e-10
4.5056947051114675e-11
2.0732774439861125e-9
8.55077286811034e-9
6.416547732580468e-10
5.513930417337215e-18
7.751470402897211e-16
1.859062121044757e-13
1.4856446090337099e-12
8.542688231208687e-13
3.443350526975688e-14
1.823292902783831e-11
1.3829719751211978e-10
5.634617793933399e-11
2.0188063277570633e-9
2.273684034808704e-8
2.2894160410411585e-9
1.69685168635449e-8
1.859218588305899e-7
4.9638762304856985e-9
1.368692664418082e-13
2.3299692623347845e-11
5.118564675766723e-10
1.014965961684686e-9
1.782206565549006e-9
1.0617240485070743e-7
5.4074066881440993e-8
2.1736547512472009e-7
1.5272044203159567e-6
1.3856604128580373e-7
3.6726362322690646e-10
3.569392303643085e-8
5.751506766984224e-7
4.086317653625162e-6
3.66341505440641e-5
3.6770244992105404e-6
4.375614504423972e-8
1.5025271508939957e-6
2.6003641231775548e-8
2.1985316776541856e-9
8.107482794970014e-17
2.768839901640891e-15
5.333620198082056e-14
1.99744726662222e-12
8.354158416035111e-11
1.0040658049290981e-13
2.6172901213235607e-12
1.132868622160127e-10
3.8414171097815035e-9
5.4640608711487675e-11
3.06266449060709e-9
1.161497547472094e-7
4.89925648547073e-8
3.60875140574086e-6
7.10351090692432e-8
7.666787144412853e-12
1.9241224211739885e-10
3.928419991335024e-9
9.104139107263618e-8
5.89110318860969e-9
1.5840227565774394e-7
3.7925043736120196e-6
2.6402030554212912e-6
8.745347426466264e-5
6.377682751873621e-6
2.4555753325720775e-8
1.0606409657843226e-6
7.142331074350564e-5
2.575651765964855e-5
0.0019304819702264764
3.093806031398965e-5
3.3976076646661306e-6
0.0002576569679177492
2.974187739273409e-6
2.8174926508283453e-8
1.1962782836962542e-10
3.3657077992837187e-9
2.019848176500877e-8
5.294006100293884e-7
1.8607960726827078e-8
1.7876801057578147e-6
7.460736035936897e-5
1.2747503121379479e-5
0.00019054201616329353
1.1551959359275447e-5
2.7556120848416123e-7
3.535071922472471e-5
0.00027125675243704875
0.003364562353990562
0.02482089586553367
0.003534512914815587
4.4008320120095236e-5
0.00028763659674062677
2.8686142059466336e-5
3.932588959704548e-6
7.963901271686854e-9
4.95099774841012e-7
4.991953478952886e-6
1.0990770277117335e-5
0.00018507618929923715
1.2009801367614018e-5
7.642653850796423e-6
0.0002537129976740441
8.054118441911473e-6
1.5739406571324834e-7
4.1710716883543526e-8
1.5114131179680236e-6
8.845222696581983e-8
5.2606317168868144e-9
5.513755225269574e-10
6.095722910979633e-15
3.505609755158872e-14
1.1557124522763426e-12
6.225834351537092e-11
6.155703628006733e-9
1.122612191491022e-12
5.857965557630831e-11
2.665158826338447e-9
1.802843788926988e-7
7.498424012677245e-10
5.562711848488751e-8
1.9686814939693678e-6
5.877532527524028e-7
4.410658246272424e-5
1.5163992714634975e-6
1.140490688504083e-10
3.3093001483844056e-9
1.1100927711554495e-7
3.5044359375017066e-6
7.609673135369546e-8
3.134061456257984e-6
0.00010811537173624464
6.667008098637568e-5
0.0015888031483427363
0.0002055666701641305
4.971608857229876e-7
6.689857561852932e-5
0.00021461871979740129
0.0002676180231838316
0.03169848192552885
0.0002911813379281563
5.187624567836383e-6
0.00020779896586291008
0.00028747289849135487
1.3532528408479044e-6
7.906218052597733e-9
1.4793166127681348e-7
2.1714621707545938e-6
4.101641402531292e-5
4.06915995916492e-6
0.00013062776411266585
0.0019225095182006983
0.00017771900912764074
0.031620867748817075
0.00019478814574376593
4.2083934520406294e-5
0.0019720042590482523
0.02975205030308445
0.025816308893324837
0.6663546562368526
0.0262687547159521
0.0010762664786676248
0.03167853407307257
0.0018927653310170144
4.020707487340356e-5
1.8161440619031558e-6
0.00010155556286843654
0.001175021080957678
0.00018029385228087504
0.03011638425627515
0.00020169650387664209
5.739896008296841e-5
0.0021401221041905502
0.0001605670732734951
1.9232810818309145e-6
1.6073598570545682e-6
4.7428572074263924e-5
5.137720065751513e-6
2.1059898777223192e-7
6.706770611012129e-9
7.200385609760593e-10
6.8801162894269246e-9
6.545155074028866e-7
1.5482643658952027e-6
6.766508682068944e-8
4.344681834098255e-6
7.196906816225584e-5
6.492668925902249e-6
0.0012851521826522856
5.51884561213846e-6
9.412516864972175e-7
9.33667634064853e-5
0.0002124583272354882
0.0003134995838721704
0.03256553288790394
0.0002916885354975585
6.153290648005219e-6
0.00022486484902060533
5.353009702549868e-5
5.098679154580008e-7
2.714748149379592e-7
9.486545474283218e-6
0.00011230510346249618
0.00016590920958389874
0.0019125616459647334
6.151506492203182e-5
5.122187853081913e-6
0.00011168914098909649
3.5827529314744175e-6
6.436596293594194e-8
7.684627350061966e-7
2.0982648956755585e-6
1.0725510570270964e-7
2.7928328359826195e-9
3.6185618596043883e-11
7.333260885341354e-9
2.382616420077168e-7
1.6752686578344403e-6
1.4385998051935366e-6
4.0776145349521736e-5
5.468450994825983e-7
8.504934665780782e-8
3.5503750301954653e-6
8.756590503172806e-8
1.0009987637018022e-9
5.8635840554219946e-9
1.6397329696362237e-7
3.260377027443282e-9
5.696603226385606e-11
1.4766355187349782e-12
6.07249729327975e-10
9.612306143525895e-9
1.3501085336879065e-10
1.2451071784980754e-12
1.7549512083491818e-14
3.1661254390841207e-15
4.114713789155037e-13
4.5320895712860975e-13
4.767510745438259e-12
8.668066884526736e-11
7.951996354424831e-10
6.053802383571143e-13
3.374183653728185e-11
8.781640249501548e-10
7.462876023084499e-9
2.1925652116463787e-10
7.576449222351303e-8
1.0024619216114227e-6
1.1673922643571474e-7
1.5284016740998544e-6
4.589955359345225e-8
2.493482410026275e-11
8.132069424742108e-10
7.026123463446995e-9
8.924656657320505e-8
3.569021961054096e-9
1.1533491039532502e-6
5.86422464762727e-6
1.7315606217736094e-5
5.570893449288286e-5
7.327002142592073e-6
4.502836363362983e-9
7.205020510815361e-7
4.5133264310138756e-6
3.8113462315294255e-5
0.0010743473373358869
4.640891652090136e-5
3.209861491952369e-7
4.90439883128694e-6
3.980938460321104e-6
4.563976345405063e-8
7.151372195381972e-10
2.2039145652096205e-8
5.496636391172074e-8
1.3797212863337784e-6
2.866811617686893e-8
2.943412693908837e-6
0.00019803350675970749
1.1421166576831406e-5
0.00018352811450938057
1.3401886828970047e-5
3.2230267134551434e-7
3.669914154800159e-5
0.0002872494174235741
0.003438423408930514
0.02564221028010245
0.004039485461017092
3.939663528607412e-5
0.0002673244860373762
2.67100787975208e-5
4.3794418112201524e-6
9.84005953161726e-9
6.341347487582692e-7
5.844144700102472e-6
1.1652760567387634e-5
0.00018073198292869742
1.4886812872689346e-5
9.725983850786785e-6
7.448291895634915e-5
3.289500717492944e-6
2.258897075644601e-7
8.292230209282355e-8
5.607126480412608e-7
5.1649960430085826e-8
1.6470931519922488e-8
2.77199733446758e-9
1.6412359463044012e-10
4.704528397652656e-9
4.508640583385683e-7
2.295130864451895e-7
1.0220198549200415e-8
6.720515630985195e-7
1.0712912189347322e-5
6.602086894380826e-7
0.00012352724281274285
5.990189532246024e-7
1.3189522073472504e-7
1.1897856799082091e-6
0.00013622235005742033
4.10655360811858e-5
0.002164888968037576
4.164622188241592e-5
8.395861002301885e-7
6.770250604962635e-5
1.0311146528420606e-6
3.855828394397366e-8
1.3811846584555649e-8
8.669299372089839e-7
4.304942952080029e-6
2.6661884693483935e-6
0.0001152447340245732
1.7524684456785726e-6
1.1510984206403847e-6
3.572071641250825e-6
1.6642683406687316e-7
1.0893187873243347e-7
8.171562635797246e-8
5.0894967387899684e-8
2.897707977922859e-9
3.0501464894515614e-8
1.3934624782697317e-10
1.5972646738752612e-9
1.3349788543426824e-7
4.2180601518562265e-7
4.802515517502993e-8
2.1918713367404846e-6
2.0258873766335472e-8
6.182440438329074e-9
1.1315905532894211e-7
4.640198417220064e-9
5.559484341612389e-10
7.068623325869114e-10
4.0101956975928485e-9
1.6864024874525767e-10
1.6294260939402822e-10
6.752095175242721e-13
1.4232182162051837e-10
8.064967161016662e-11
2.277029240280812e-12
1.865952585462009e-12
2.7757631271928846e-14
4.60787997247925e-16
8.741545391729905e-12
5.312219767476832e-11
3.654390745135518e-9
7.403584803855993e-9
2.704984081308582e-10
2.0047117456703636e-8
3.7690668383564347e-7
1.4963448926787125e-8
2.5103702702217457e-6
1.0354152919035633e-8
2.5351230647279677e-9
1.0039115596652375e-7
1.32944795331784e-6
4.1388300768391595e-7
4.6192062970368334e-5
2.758379435402605e-7
5.234492294734843e-9
5.086416611994058e-7
2.1509399077770974e-8
3.897080675499185e-10
2.910114337340624e-10
1.206850507598111e-8
8.152674399690432e-8
2.1617565199405792e-8
2.8311829207858606e-6
1.5184873788715913e-8
3.207375728003194e-9
6.21620402236097e-8
4.212297887502311e-9
2.5224982486832742e-9
2.1778416336188004e-10
7.706439006485017e-10
4.511738935033318e-11
1.6182444016799663e-9
4.761623615103743e-12
7.816980339888501e-11
4.9454864159203475e-9
8.60480773699044e-9
8.35427691698758e-9
1.5287974496601683e-7
2.8777974338131666e-9
5.121994377118213e-10
2.837209534285849e-9
1.8719975965113167e-10
2.693818377182579e-11
3.350598780731116e-11
5.4241436099526016e-11
2.4804101362671697e-12
1.641165922483854e-11
5.711421842496133e-14
4.821392143713938e-12
1.526521452473717e-12
5.5046482604717715e-14
1.646356972215871e-13
2.7832570527718276e-15
4.004136522184706e-17
1.3943674911310075e-11
2.0357589021264433e-10
8.603347599940282e-10
1.0456519725440526e-9
8.486644267153342e-9
2.4304570591922813e-10
3.795313840263719e-11
1.1842604448489233e-10
9.133233150753334e-12
1.3650991723591215e-13
6.20366829588964e-13
1.1035353982711529e-12
9.67448130638432e-14
3.209612755507694e-14
1.672479683006947e-16
3.8117219229514767e-13
5.135249523075223e-14
4.388247498293355e-15
8.341631193905786e-16
1.1200168394634916e-17
1.085902783501928e-18
3.8259824344716274e-13
6.535383939035721e-15
1.0520056775061475e-16
7.298897408906887e-18
1.7162124631743262e-19
1.1401078685353223e-20
7.657313477460846e-22
