2.4529403479456204e-8
1.39386144139977e-6
3.534844557571128e-6
1.2109715519220122e-5
1.5901253640190071e-6
7.891247962062488e-6
1.3091739077907387e-5
5.7585682269353385e-5
0.0002810268143240038
4.3914360324152365e-5
0.00015619830739132582
7.233745102375674e-5
0.00022481363345733252
9.916054563930299e-5
0.0007973456771234587
0.0003476907073419515
0.00014425406283093245
0.0008047433602758675
1.7591293759270688e-5
0.00016587792959052187
0.00026837578506415757
5.2519500461590636e-5
0.00018082538052963733
0.0010754783827170798
0.00044635879090883967
0.00040366982421678694
0.00036223944830517937
0.0008631536424470689
0.0006664547358361423
0.001989030413992943
0.0013510948009708083
0.0011494931385492397
0.0033086866508963463
0.0003577193484791651
0.0010804526285328206
0.001158346101280221
0.00025087655587601663
0.0006626542972878816
0.0006042457977890943
0.0022502014618962216
0.0009765911286525354
0.0009671986982068363
0.003257704458242873
0.00047932153044637113
0.0026701165226705966
0.002597897256620966
0.0007554700807822636
0.0010139880583507125
0.0038872115968623345
0.0005580172534452234
0.003102519782955004
0.003724047935795328
0.00010946805606483407
0.0009559360463956754
0.0013714060184127031
0.0010050194713120914
9.254837395041434e-5
0.00034103380121450286
0.0013942348953547752
0.0015498450740126103
0.0005100483909557098
0.000528228184748249
0.0016401394636582393
0.0024746511868589094
0.002004568747689421
0.002360893747156701
0.003269405136799361
0.0033982601170816588
0.002016839534047583
0.002990603289805458
0.0011437496078334371
0.00048464578062226373
0.001340203917706092
0.0025696357641610433
0.0032270806139175446
0.002287681333605223
0.004136234137861293
0.004713149344020559
0.003370327538577359
0.005904816546726191
0.0043590750516249695
0.0019123885137755806
0.0033098238803484017
0.005642136897779565
0.0031279082610226275
0.006823642580535525
0.005445036753089458
0.001643226971580992
0.003233047112707518
0.0028371535922277836
0.0013825281093757923
0.00014316259206943047
0.000685341730918704
0.0010304377708054108
0.0030710586740027163
0.0013368695673561719
0.0019143287062110455
0.00504607978343848
0.0020963467595185737
0.005739704405016304
0.005244689241179379
0.0013984748107935745
0.0026589185596932463
0.006201793431929529
0.0024519205373137553
0.009904014095854815
0.006487395775433531
0.0014810232848565556
0.005135494645901322
0.005450886370711352
0.003836228185196299
0.0008821527889651541
0.0020418911995398674
0.005749588181268439
0.0019098226156720696
0.00620622083762746
0.005295636774318662
0.0008515011466781019
0.0037980772608132334
0.0043661674412884665
0.002635419536099412
0.0003046260699829574
0.0007830055733596155
0.001119590707553143
0.0011289204282716998
0.00026384799014584313
3.583884990298818e-5
0.00025750023503760795
0.0006563595079491463
0.000928021282597238
0.00034629683148942414
0.00041702951704214035
0.001310042346258996
0.0020301832709757163
0.0012347401202966893
0.0018475990988045525
0.003087037135215828
0.002073997259834409
0.002962934354073293
0.0035076624288820604
0.0007974146256563968
0.0004900742910382284
0.001757864436679795
0.0031718751313922306
0.0034516505068716303
0.002290967930531253
0.003964338234571871
0.006308193530080178
0.00414184268305289
0.006340803003305794
0.003724322020297785
0.002301808868621114
0.004269807389059764
0.0068704924463520705
0.004161750174425707
0.009280760163664064
0.005121624461921858
0.003209648765230183
0.004939276906388001
0.003197543457497787
0.0010062497137615686
0.0002574359886208756
0.0008408743713436108
0.002147985827271749
0.0033631844592746786
0.0020330683435860392
0.004593081336941601
0.006770628236179427
0.003975355140518209
0.008910165510637932
0.006095648808689341
0.002447018529893744
0.006430428244881496
0.009877746138644327
0.00758962710838044
0.028206451016601405
0.00977781156637953
0.003413655278295727
0.009007163181884506
0.006877236404830903
0.003148919745705084
0.0012310743071305217
0.003972114708129013
0.0072143915591396665
0.005052092958641757
0.009024299434801151
0.005813432137423349
0.003349329531758408
0.006318473857841773
0.005942891193538313
0.002681172281263391
0.0012082945544341092
0.003446789712512056
0.002996919221967703
0.0010639629780594608
0.0001645022370609589
3.680959574067263e-5
0.00032280244044049036
0.0006759620268026339
0.0017938036691789437
0.0006636832221474696
0.001786705558713996
0.005247287196591784
0.00245480778925568
0.007041373512738028
0.005547093498481284
0.0010406063655085797
0.002541435031656441
0.005867910928167764
0.0033313149501459343
0.010200676543021231
0.005988749584267441
0.002640618998633074
0.006690391525047635
0.0054647506317059185
0.0037303747258315223
0.0006819331660326236
0.0017756699275855547
0.005222527885718639
0.0026517237539043195
0.006852257756039478
0.0050940313679072235
0.002048961980710379
0.006208727071523924
0.004615615695632871
0.0032402250011569103
0.0009362336212750901
0.0019679039990159117
0.0034180901321641376
0.003369631738605345
0.0008064548023924087
0.00010842182245654182
0.0006549926220383894
0.0017665615208571372
0.0010406937973463514
0.00330283665121089
0.0031341235577851097
0.0008147966031218937
0.003439904547111261
0.0032824742609291425
0.0022283438616548935
0.00047286422801126176
0.001217853274713926
0.002120085039033703
0.002023997061712362
0.0007934505292621744
5.547246868961982e-5
0.0003562701251570597
0.000515020939477732
0.00040102756722723066
0.00015667533625766174
7.98396968159032e-6
2.4682826887453776e-6
4.6081464327093866e-5
9.54411788078925e-5
0.00019532258006555903
5.323842254569432e-5
0.00014240039510700288
0.0006228235893737952
0.0013473908623339809
0.0004762389108612984
0.0007617900868422015
0.0018023652177200607
0.0009076902098839997
0.0019318308049938585
0.0012863822762851545
0.00029329739573655164
0.00013886201343808654
0.000744948096081731
0.0021195710693172774
0.0008178039578933289
0.0013934209937323566
0.0026028268763391015
0.00204917367228604
0.003806258677584012
0.0034459466292728383
0.0008558417557844272
0.00114069702813724
0.003957534406532944
0.002572759495519173
0.003577212014770723
0.0033864683867473704
0.0014636712027081506
0.004275634964825205
0.0032107504848010024
0.001669321725042975
0.00010903200965796479
0.00010532079594470988
0.0004927478456859046
0.001634527054186938
0.0010561791911964835
0.0013713786026834577
0.0036315050146619597
0.0026137693287631276
0.003967410355158238
0.005029895822750676
0.001903880648585693
0.0019503232227828958
0.004072763679852005
0.0032871705104535825
0.004531028057075663
0.007588929944209502
0.0024840899994014636
0.003597202160268794
0.004194506357126675
0.0031720171722144884
0.0005474553162090521
0.000727176470367698
0.0030345950587337325
0.0024251953927573247
0.004102589311231118
0.003934041969370498
0.002130981436371689
0.0038178238116933555
0.004070453140187722
0.0033474818718049076
0.0004939301757742543
0.0019431649195301615
0.0030050943647240984
0.001974630646237675
0.0003562502100173073
1.7777796051678395e-5
2.80987239693829e-5
0.00023049016206731662
0.0007646670785039858
0.0006770182337479645
0.000485401028524919
0.002399251857905396
0.0017752432784697496
0.003054985205778388
0.004013040187357476
0.0020236454548156558
0.0007624630824557067
0.003629468287627754
0.002556589531171108
0.004096358755204968
0.006382977363337726
0.002658067446052968
0.0040358558395070104
0.0043544866783975095
0.003313274549099428
0.000977127971529076
0.0005274168749596534
0.0024308559932718333
0.0018664077901893806
0.0036360797943600803
0.004552463803799432
0.0018941262355911832
0.0026070989221409556
0.003848677183842888
0.004172581024796423
0.0009719063432312661
0.0019379257210535696
0.00309237883267028
0.0032749078342872427
0.0011399571569543632
0.00014406509323056514
8.63514784599167e-5
0.0007579885572543157
0.0006805252702334507
0.0017088705859048688
0.002146151720435933
0.0010297416936667619
0.0020463150010390815
0.003063292972941394
0.00247255253965086
0.000606993095548011
0.0013259969569902057
0.0021311763246114955
0.0024858128923199167
0.0006527870858087638
9.792390183072726e-5
0.00020038102156985212
0.0009194244682236477
0.0015751326475280131
0.0004480244354031698
4.3837366737086026e-5
1.6186732411184786e-6
1.249115167366802e-6
2.563089888028634e-5
8.237676016289186e-5
0.0001120556263993645
7.795347750312176e-5
0.0005072526750178589
0.0006665816224476713
0.000730377734938461
0.0012178362896199052
0.0008533229053162042
9.780373388099852e-5
0.0007683275881608069
0.0010175780036627115
0.001984588012639619
0.0024216556195094307
0.0013629997792738871
0.001172041860579927
0.0023441104950099245
0.0018776803776013708
0.0007307974795990735
8.22861426647803e-5
0.0004982005652832166
0.0006578607049343952
0.0014509790001388048
0.002061937238044587
0.0012679664966789724
0.0014139643599004267
0.0023498280827520452
0.0022125784245189714
0.0009925247966882066
0.0007722096917001256
0.0018281967646390938
0.0024332436802324475
0.00128235240212989
0.00034784495322984216
2.6762816246338046e-5
0.00023432783333523837
0.000314252243486154
0.0005034244422933008
0.000833154484323488
0.0007103405155592982
0.0007381646975869164
0.0017104509996087127
0.001319679405038935
0.0006432644994310303
0.0006097158389847406
0.0012921110716228846
0.00165871079799792
0.0008563300960755502
0.0002279121653810821
9.463891155157008e-5
0.0006438246251759685
0.0013841589364341756
0.0010499714213242468
0.00028463581304160565
1.2663945989037334e-5
1.3086353948719903e-6
2.924562722047992e-5
3.595801353243336e-5
0.00010803182208469185
0.0002652640493347255
0.00014440213501136086
0.00013960090657034416
0.0004945484922065101
0.00048451402300867907
0.00025081756147335286
0.0001367795887888344
0.0004123236270441657
0.0005364311124551282
0.00036671720019097536
7.294555647645727e-5
4.570287808095259e-5
0.0002556398912372037
0.00033755265856810844
0.00018409103020499475
5.900984232363384e-5
3.6581711330797907e-6
2.5292721064147072e-6
3.705174665952939e-5
9.147140170233255e-5
5.469263977283971e-5
1.4155936116871673e-5
1.5102298244341609e-6
2.6471457524815932e-8
