3.3163494466165557e-9
7.901211719736815e-8
2.4027073733676124e-7
1.2024925897854348e-6
1.0198971621459518e-7
2.1948894706590764e-6
3.016823748851458e-7
1.2018265278229095e-6
1.24386494895035e-5
1.803402633356895e-6
5.790368855854e-6
3.437131227702103e-6
1.0065179768649525e-5
5.312941997042446e-6
8.597886728473908e-5
5.048925451934754e-5
4.2511719486056745e-5
0.000533919544399393
4.794778124245808e-6
6.713542888367142e-5
2.651211153640312e-5
2.437794601999182e-6
3.017249537594004e-6
7.146175525337725e-5
5.1562969145739556e-5
2.1603732587086148e-5
1.1810801582504526e-5
4.628604034823803e-5
6.0794274907368565e-5
0.00011325362315943688
0.0003221836976256929
0.00022597696049639433
0.0004312427144593267
8.313893142691547e-5
0.0002118130319057373
5.1295949584709424e-5
1.8262880553027065e-5
2.440778607355696e-5
9.269799347020214e-5
0.0003533635699888113
0.00010082614138518847
0.00016258999802309156
0.0007503386489733037
0.0002506417198597609
0.0011337339959075013
0.000452214057322885
0.00022194035573797869
0.00030459453551068277
0.0006644986880972288
0.00045068492743093383
0.005500329488541807
0.002236016087618645
5.029354728611923e-5
0.00025550537475252827
0.00031902468431025354
7.497675826787122e-5
9.952558235577649e-6
1.5384806351893324e-5
8.687150814401779e-5
0.0003988596513988738
8.903389041617456e-5
4.5886244264824724e-5
0.00021387439955123297
0.000855114262981998
0.00016976457224129703
0.000387203467553893
0.0005202436122337435
0.000994116574219608
0.0004509977099164241
0.0013160991197517925
0.00014101068961990174
7.570241031022003e-5
8.700144025735031e-5
0.0005485628590055858
0.0007853209667309411
0.0006997292278011829
0.001408628318419058
0.0017584543187688948
0.0017109426345995433
0.00404148715965131
0.0009593261424896868
0.000847438261540976
0.0012916498471333775
0.002324771143499533
0.001786373715944278
0.009979639342144622
0.0025086027515252647
0.0013771936692925206
0.002063024234923744
0.0024999380797861705
0.00032660354811550596
2.9735686923369975e-5
5.3601755635574956e-5
0.0004567732940905219
0.0009368728243241534
0.0002772971080260237
0.0010062482696402719
0.0019096729506551308
0.0009742219671505283
0.003899455670320252
0.0010236427196363164
0.0005148160454594478
0.0013256685446285223
0.0040251407417434175
0.005348761486018489
0.028177344205195597
0.01004101505878261
0.0025126867207148937
0.006496686826047637
0.0026135227543882355
0.002327001850952399
0.00047717517765606215
0.0004941834869175126
0.0019971816031230864
0.0006408833552893545
0.0046488035350495584
0.0010159362476403065
0.00029227118108992114
0.001720659844385256
0.0009337643424673904
0.00043770757782444407
0.00017769064021705004
0.0002525575529459754
0.0001411127107458566
4.987395393772883e-5
2.427716238446527e-5
1.031018824344759e-5
1.2648430560284164e-5
9.916434123068108e-5
0.0002837075098002871
8.082870851130127e-5
2.4330995457082656e-5
0.00013509412993796085
0.0005423974912587903
0.0002363078000621905
0.0003643728199192729
0.00082784049873117
0.0013056118477843231
0.0005510708337653372
0.003244627498906508
0.0002364081474468929
5.53296005010475e-5
0.00016659716831785235
0.0007742795358840622
0.0014554975405625418
0.0008047337360270007
0.001598930047122623
0.00399107795804319
0.0017099677079674114
0.007797144189003172
0.0016494500330444316
0.0007308070841854285
0.0022812028660831015
0.004116874743640976
0.003513323534623983
0.030869027638467366
0.006072415414603391
0.0014863494345719805
0.0037022976178094514
0.0020198683968789956
0.00026137574516953474
7.178541353892116e-5
0.0001659930543728833
0.001770663435730788
0.004452176035229173
0.0010705811777865029
0.003476910606512351
0.00787860658986631
0.003900486311926632
0.0338413819201608
0.0046858964318512416
0.0029161009379857442
0.006154845952209151
0.029498210801352107
0.022341378980923084
0.1534871133844615
0.027879914406048797
0.01133976671954173
0.030942144682413086
0.009581383509157448
0.005870085472265571
0.0029674067987678454
0.003288733817115055
0.01315272548726948
0.004150403689250095
0.033473766826105866
0.003922622535467968
0.0032528793513429796
0.007838464949002671
0.004004562328150253
0.0011551163661339874
0.003623701028253815
0.0033526046487554148
0.0013001450397743142
0.00020980176940086395
6.664454059015537e-5
4.215766025426032e-5
7.115871297880116e-5
0.0011828966299542384
0.004713406012014463
0.0003248032111656229
0.00185176452509637
0.004031321630480204
0.0014435498650864533
0.013134818258575707
0.0018915878393570816
0.0009110513699985022
0.0015164770767409589
0.004585885575154093
0.004542845666615863
0.02987126434402248
0.003909887192504782
0.0015188673247595167
0.0042313856967451866
0.0022500450507269014
0.0006503360900120588
0.0008274571456739158
0.0009559087252083513
0.0041024885681995365
0.001213780064445342
0.007738970633395347
0.001958627214838146
0.0012163155986850281
0.0039057516726681073
0.0016624983267793246
0.0007580044053684541
0.0006979276108578667
0.0012783127881020116
0.0009983256748951855
0.00044116845878594156
0.0005462950194106513
0.0005660339000024995
0.0009408423086687766
0.004946937064574501
0.0007732015654236087
0.004633724325842266
0.0009739315255307368
0.00028038588291376014
0.0014888244446904235
0.0007811137142191803
0.00035378890681771695
0.0001402991756810278
0.0002343474028897361
0.00017887835945507678
0.0001275485994512587
0.00010048885048769912
4.212628327806249e-5
8.129892485376559e-5
8.337614122526316e-5
2.12970832466972e-5
6.222070520961918e-6
2.2706241098414815e-6
5.3806248051026315e-6
1.1861119880665953e-5
6.907777473569747e-5
0.00028692407354441625
4.3007052187218045e-5
1.1782667855025797e-5
9.472071003556288e-5
0.0004010328098056002
0.0001551679860470902
0.0003563957528768853
0.0008018148042628016
0.0007042825939711645
0.0005970287267956637
0.003687388445850341
0.00017372434210988653
2.2216447782454652e-5
8.260613978357896e-5
0.0005638927887952618
0.0002773423509628314
0.00041448274461295846
0.001205571471676226
0.0012552788775603558
0.0010276213772049934
0.0031976014416423898
0.0002865281250886278
0.0003979891957405002
0.0009360922595951477
0.0015448759764762042
0.0027974926631092866
0.011508301137413943
0.002722748290097691
0.0007394144630289182
0.001444156800969504
0.0013117748745698845
5.05048844893574e-5
4.5386604492772524e-5
7.778442838825827e-5
0.0008133463376923413
0.0007657866551928676
0.00030761450721749516
0.00130834109111471
0.001216986337277923
0.0010899489008788842
0.004224066964594415
0.0006927752226847988
0.0009900841912171008
0.0019700713080947627
0.00439326616326267
0.008258731363524867
0.023247040734891773
0.005451319375783395
0.002618930311164817
0.0035740713170209462
0.001771431386502156
0.0004573112157153756
0.0009765676021069477
0.0008983031160434454
0.0014460977986452453
0.0011171512399318117
0.0038711657319846497
0.001014319150255221
0.001068517812216421
0.0017794024611895137
0.0017073154684478311
0.00025775041752651814
0.000604828192817373
0.0005614622702339788
0.000453749586191715
8.59941263965362e-5
5.024377555210287e-6
2.0477981645478602e-5
7.5044666062571e-5
0.0007516049864574454
0.0009939659046374373
0.00011979832408959485
0.0009660972035175183
0.0009449656429243076
0.0008894855026964946
0.003301851536947767
0.0005174739655640334
0.00048774284050550997
0.0012542774933616222
0.001562435011814395
0.00205394829795565
0.006544238855279585
0.0013716346332630107
0.0009350784174395378
0.002419029053593266
0.0012739879132986607
0.000313873913776423
0.000899559283906797
0.001031729273146217
0.001905356674098189
0.0013982941722811
0.003526963466983201
0.0010302138777432217
0.0012085150741334974
0.0016075904813033122
0.0013550782210992479
0.00017242169927874986
0.0007993317698431839
0.0008466555219659899
0.0005279107585030804
0.0002281123831212712
5.0381483533812515e-5
0.0006597630966102583
0.000795336876187636
0.0011946940796472739
0.0008638488748023991
0.0018865139640391305
0.0004780693487798362
0.0006122045454937617
0.0007707367610828342
0.0005377711317706446
9.36470700741999e-5
0.0004118631774985531
0.0005349434444144691
0.0008670602721065688
6.0881188091987944e-5
5.385427804301235e-6
0.0002966717852409811
0.00032003906791358805
0.0004110297476942569
5.364835081592655e-5
1.8540252630413852e-6
1.1006954477537637e-7
6.137768059527462e-6
2.852924572531193e-5
0.0005793568881776001
0.0005598707985742101
3.083974580200408e-5
0.0008675744746266956
0.0008567686398945204
0.0009545844647835348
0.0029487391177250317
0.0005143810028019847
2.3814565864046585e-5
0.00045812471508888694
0.0009693480517410221
0.0009491571003318976
0.002930339134333474
0.0005541528272014141
0.000390908203081461
0.0008207742312606774
0.0008733871596737211
0.0002131907360618787
3.1164669365180324e-5
0.00011872167885164488
0.00035901534424588496
0.0003054267921919432
0.0011762142442915508
0.0003202732996739883
0.00039235595703933607
0.000837260499965165
0.0007312456362064168
9.815252234753275e-5
0.0003263268672499793
0.00039258950721641345
0.0003925099406039559
0.0003151593234173886
5.07673282163405e-5
2.9244710992253882e-5
7.579044386319237e-5
7.242263379412499e-5
7.718629539391648e-5
0.00017255213810374252
5.56047503487869e-5
9.008507416302852e-5
0.00016640974992566571
8.819048904967318e-5
2.4716792652275314e-5
9.412812381701104e-5
0.00014023319062997437
0.00020382549809199666
4.369429702561666e-5
1.0634025868786644e-5
6.665884541968487e-5
9.263879654218206e-5
8.852971495572237e-5
7.166303132667329e-5
1.1997778430678488e-5
1.1789146965939069e-6
6.033156714706775e-6
2.22864903823901e-5
4.183309592939354e-5
4.705956619380038e-5
6.694654308644144e-5
2.9484808160768068e-5
2.1176695320189377e-5
5.71942196610346e-5
7.243129265363994e-5
1.731429379822156e-5
1.2678196217676789e-5
2.38457274552159e-5
4.333971012868039e-5
1.18613503216708e-5
3.3187975231703547e-6
1.2517434989998993e-5
1.3043525088564506e-5
1.6186553360219355e-5
3.0723423161241606e-6
1.1821410372725222e-6
2.3432513119948992e-7
5.766610037896934e-6
1.210349193383282e-5
1.2046622695873497e-5
2.806153917300029e-6
3.0929067675264304e-7
7.911731100032354e-8
3.3492837550205564e-9
