7.956932362760687e-17
1.9026638108147377e-15
8.587395416100417e-16
1.164014699273859e-13
1.5873488401620712e-12
1.7405704560275226e-11
4.899086789407498e-15
2.155738375266339e-14
5.4756009092671e-12
3.933345160093394e-12
3.843101409617196e-11
1.7356080786678424e-13
3.4884142670653005e-11
9.080955023965167e-11
6.377380023466344e-10
1.8276161619855217e-10
1.5143994293554255e-9
4.7522877812632185e-9
7.471792452201317e-8
5.076577047215943e-7
9.285917923241526e-8
3.9060757876568994e-14
1.314075320991306e-12
5.101330933647754e-11
2.5278850469385396e-10
3.7265585530522145e-10
1.0494081741074432e-11
8.310360806463287e-11
3.2567095301573353e-9
1.2326990135109402e-8
4.841503770307401e-9
2.045717006299618e-8
8.171554818677434e-8
8.914641762012156e-8
1.4128384461312301e-6
7.103298946034077e-8
1.2121849135338038e-10
4.133151821572064e-10
3.901147725261845e-8
7.924312624613603e-8
1.7497613474460884e-8
3.411541867067733e-7
1.1030134987269016e-6
8.060898953508232e-6
3.703267848340087e-5
6.633326466975638e-6
1.023042532618334e-8
2.2570795641503947e-7
3.484172851149692e-6
9.638011770661079e-6
0.00011265531573966968
1.4897862909910291e-5
3.211195483373865e-7
5.355866733855147e-6
2.1626830655957716e-7
2.4123670499497015e-8
8.95944402961669e-13
2.8607481990875748e-11
1.1282175765382617e-10
3.7266353237390765e-9
2.2844671531931594e-8
3.884350853188516e-10
6.201320122297939e-10
2.3657668807144616e-8
6.723359054966574e-8
4.103789856832322e-9
8.215653228100699e-8
1.6390171842720591e-6
5.65823915616117e-7
2.033815959850052e-5
4.934645390223619e-7
5.9215578456308185e-9
2.939286876285336e-8
4.5447351800501795e-7
1.12288574101346e-6
3.6256793794877127e-7
5.850535012125939e-6
2.4316168951129758e-5
3.060285356163158e-5
0.0005792111422249215
5.287506690150784e-5
5.962045960977247e-7
6.9064351157851945e-6
0.0002125087635231977
8.567646881864367e-5
0.0029184518737725676
9.633168392920205e-5
1.6936055842226593e-5
0.0008617688699504674
2.0301404076075345e-5
2.1467433838760788e-7
1.140033660742539e-7
4.629181842018549e-8
1.0902944800235713e-6
5.113030678711023e-6
2.254002733741546e-7
1.2691936252499124e-5
0.0002345064733751613
3.852229876859762e-5
0.0005605619978753356
4.3578416422526434e-5
1.8778856852097886e-6
0.00010646733992759217
0.0006763620145596265
0.0050800847306928685
0.03112409474810367
0.0059214326014517
0.0001564470831159102
0.0007119290154129566
0.00010620190099070707
1.611605750616281e-5
1.6018295250538598e-7
3.619339708830142e-6
2.4100625909224518e-5
2.847535769597736e-5
0.00046508999804998507
4.193167402465137e-5
3.31316561191159e-5
0.00048294324629159617
4.1602024226985455e-5
4.48312655673914e-6
4.3480249915825457e-7
3.414829163286567e-6
4.525513668910824e-7
5.7076615303131865e-8
1.0884974432345104e-7
9.193959397139208e-12
2.6935548691261808e-11
8.550713006897865e-10
5.32304778546099e-9
6.513032270502063e-7
4.3218935832586753e-10
7.794824541315303e-9
8.337152252101488e-8
1.2899082126184366e-6
6.733094149292648e-8
1.0987179359488295e-6
5.0632219118901496e-5
3.293955751129168e-6
0.00013957748842607923
4.440619649444793e-6
2.692447072146549e-8
6.146808300818382e-8
1.9595474886461607e-6
2.5215270745636785e-5
7.914963544976673e-7
2.6293099472320277e-5
0.0006271903215396295
0.0002411846670728272
0.0032969537212151857
0.0006231482032161386
3.2939392741288632e-6
0.00018078418633864183
0.0006008061412752357
0.0006154767069281651
0.03904350567524905
0.00074449057263206
2.316788412661192e-5
0.0005148154047005148
0.0008066403941764407
4.825280839743861e-6
6.247266980752948e-7
1.40795793638213e-6
6.803946394157734e-5
0.00015708363849720858
2.2985265913369463e-5
0.000588340430018512
0.0038598252676642205
0.0005168140528597665
0.041776120806214685
0.00046113078528784606
0.00017277256138888969
0.002894649133040937
0.03981408268247185
0.030775342559880715
0.551230889314555
0.031212369000857203
0.0026224371575338623
0.038500131510625396
0.003469304019713674
0.00011645352474456097
2.075465187107544e-5
0.0003599797363868093
0.002810296900461936
0.00045748541534248083
0.040496513972936556
0.0005084577651121955
0.00032844692372328474
0.0030782400298894883
0.0003562737215331228
3.174520956209515e-5
1.4870129678165318e-5
0.00013134133418345715
2.0720159828852283e-5
1.432972920171818e-6
5.278994293345383e-7
3.692642201412421e-8
3.445232960713849e-7
1.8095471156405583e-5
1.7641278211446603e-5
8.280292725624717e-7
3.730625661071408e-5
0.0003545257409589258
2.535923019170404e-5
0.002567508493033605
2.3374879101036853e-5
7.481435541220231e-6
0.0006254100478275767
0.0005547305784788655
0.0007732597576763633
0.03967449642842056
0.0006941997635556255
2.7000296482382026e-5
0.0005837655639855902
0.00023664782789685308
3.405862518471396e-6
3.3475458442652327e-6
5.6026780060210946e-5
0.0004467279825601839
0.00042137581535810643
0.003088329902320551
0.00019472917882860222
3.002639809475907e-5
0.0006649916307255711
2.5578825317554934e-5
9.90467583607158e-7
1.5547045555243665e-5
6.352255760715785e-5
1.6731138071071202e-6
6.473530784773407e-8
4.3316632795363885e-9
2.4914695667136027e-7
2.7911868360148232e-6
1.8149320097519324e-5
5.3457750032994285e-6
0.0001383096740403806
4.803991260745489e-6
8.710254740769615e-7
2.3322276736309054e-5
8.220972115374013e-7
6.955846657328874e-8
3.5553141247907977e-7
1.446370081097743e-6
6.743429938024771e-8
9.172608050140067e-9
6.619077640240337e-10
5.210551696490884e-8
6.213585456196003e-7
2.4203959275576617e-8
3.6725168103521223e-10
3.668492851604115e-11
1.6621260214881542e-11
2.4022181464148465e-11
4.237221519862432e-11
1.7525858446640994e-9
2.580689660712668e-9
5.5503464191916443e-8
1.3145882934728921e-10
3.388392025469578e-9
2.7398133979846172e-8
4.610042836529439e-7
8.009894473837207e-9
4.846105136996058e-7
1.6249196734083085e-5
2.432331389365564e-6
1.560764050989283e-5
6.160205128078887e-7
2.8300209075492494e-9
1.5751361684098565e-8
1.6518655795249704e-7
7.728233491796312e-7
5.6430700131981916e-8
4.9956373838404e-6
3.211393402552101e-5
0.00017905016858224657
0.00035335056535242676
5.825411540929112e-5
7.728139872738662e-8
4.98711999765681e-6
2.8423507266288323e-5
0.00014404361583568605
0.0027422123731945937
0.0001724315825445216
2.356086473907704e-6
2.5178966726196183e-5
1.6094273280145077e-5
3.030100862381651e-7
5.1554241868186424e-8
1.7205646646267622e-7
9.629135141281097e-7
5.405428280187714e-6
3.222560893922641e-7
2.2431353108772144e-5
0.0003774578616429766
4.34124773378361e-5
0.0004741378550617118
2.8332940595185905e-5
3.1332494183097797e-6
0.0001368819478456663
0.0007675772736395256
0.005764864853475935
0.02913583043317419
0.0047345145627373
0.00012699362569018556
0.0005963335785715376
8.206529576082701e-5
9.571649666036093e-6
2.4551822219871213e-7
5.218951555507413e-6
2.533496454610506e-5
4.292461700411778e-5
0.0004991830285849815
3.239380972772126e-5
0.0001836047273551496
0.00022530141223232883
2.3302324421488258e-5
6.597204166815001e-6
2.1502540190500255e-6
2.9639779932645928e-6
5.056520422957445e-7
7.682592219488953e-8
1.1090825592066036e-7
8.30685978082065e-8
2.8899921284041233e-7
2.344129008754035e-6
3.0655740575076867e-6
2.06775970577055e-6
1.3627262965094956e-5
5.8333919198405216e-5
6.206964563404508e-6
0.0004868391819763822
4.195834634449051e-6
1.7934413000677694e-6
9.773398095455158e-6
0.0006751295687390829
0.000134405558446045
0.0032642471548590822
0.0001047506311930068
4.895249831479483e-6
0.0002160300899027594
8.338579748480179e-6
2.2912888653803186e-7
6.67113838184464e-7
1.7417709229229557e-5
3.792025487637871e-5
1.935541649501068e-5
0.00042438243703722065
1.0855867659548486e-5
6.94552476759781e-6
2.4774915232133326e-5
5.128164707881839e-6
3.123120991045028e-7
9.356918147479948e-7
1.3266418229223408e-6
8.306970083414064e-8
2.2010535363090994e-8
1.819337752186517e-9
1.7098815399407669e-6
2.490464096568226e-6
2.139483724700062e-5
1.045440665051218e-6
6.66373974471126e-5
1.0774018437702029e-6
1.8815488762392843e-7
1.7252487829588112e-6
3.939536175068194e-7
2.030847724293231e-8
2.9319229759431665e-8
8.057228929565885e-8
2.180577044853048e-8
2.7441445614416476e-9
1.0233395058119624e-10
3.0554359403944163e-9
5.430301007048807e-9
4.0568744711237444e-9
2.8325667353707705e-10
4.208702385448947e-12
1.273749047646772e-12
1.14854808116892e-8
3.08488331273507e-8
1.7637040603671567e-6
3.6451264230113067e-7
3.01562691152112e-8
7.049635207246285e-7
4.5897107122152465e-6
2.482731118845593e-7
1.983807318692031e-5
1.5030849665253494e-7
3.9098634967048424e-8
1.95747852409096e-6
8.030217961695414e-6
2.9461383150637767e-6
0.00015703957782359893
1.7869454989208117e-6
7.696295203229088e-8
3.722695264154466e-6
9.44673040212408e-7
1.173394414516107e-8
3.3146006120415646e-8
2.1664411482494913e-6
9.935556632439604e-7
3.025480347735502e-7
1.8849850439243775e-5
2.1714716520655274e-7
5.6049480661564603e-8
8.238844548485725e-7
3.52531383385264e-7
1.8765371750773577e-8
9.335044252829675e-9
7.638134358071569e-8
4.180961071692992e-9
5.867119079623705e-9
1.776160889857424e-10
2.821552394910829e-8
2.9949512766731813e-7
4.566435900797643e-7
5.496499461960102e-7
1.2919817225843403e-6
4.013288208240316e-8
3.171789817452747e-8
6.223726248626536e-8
2.436215466773743e-8
4.020261428077479e-10
4.314849998135142e-9
1.0088714379467723e-8
5.665899853424827e-10
8.116285561336316e-11
1.9471592779869717e-11
1.3335314738604798e-9
6.546482583048516e-10
8.724664092074034e-11
3.81417282585412e-11
4.270520376712691e-12
9.276227933584007e-14
9.988948440979185e-9
7.754063151395055e-8
3.757116472190239e-8
3.5464956710586646e-8
6.180457645757788e-7
8.590654590996353e-8
1.8211281525650202e-9
2.691316568886377e-8
4.585435870671783e-9
2.1033262287653932e-10
1.1644370084354072e-10
4.5297242056251685e-10
3.7621333610292696e-10
1.1358069350939272e-11
1.5012456923199685e-13
3.8430415273859206e-11
2.964017549873518e-11
2.698017355124357e-11
1.2194762727749926e-12
1.951536207170265e-14
7.404049209237154e-16
1.538511932493122e-11
9.50980309649644e-12
9.601800243840847e-13
4.0586314834782936e-14
4.8795210202907606e-15
2.90748949820173e-15
1.2305471015032079e-16
