6.127142261965149e-19
2.474398484504262e-17
3.0066741653040114e-16
3.483942112652423e-14
8.724049476610728e-14
1.9400393913406e-12
4.741654134289078e-16
5.204198680221738e-15
9.18780386359605e-13
8.739604809757741e-13
7.748804280399616e-12
8.641214884673541e-14
4.737530209522383e-12
2.7051968629511893e-11
1.973420398958634e-10
4.4471440688045707e-10
2.5902822140759453e-9
1.361652456643162e-9
1.9202490732742057e-8
1.4130557163880733e-7
1.01437886987092e-8
1.0445808292254461e-14
1.7944969457802275e-13
6.884067580621031e-12
2.3472751106482895e-11
1.3748671538216197e-10
6.128932323310945e-12
2.714321612100832e-10
1.1273292182182568e-9
8.742478560214317e-9
3.209229446075299e-8
5.53803933957839e-8
3.3012881242930046e-8
6.573216700920974e-8
7.697642236299522e-7
3.3979600821504256e-8
3.493044940135649e-11
1.0035036904323443e-9
1.8707809931416993e-8
2.7791045984609708e-8
8.748329244038575e-8
2.482836869265444e-7
5.554762817832272e-7
3.55803529755564e-6
2.0209357639206115e-5
2.377200852453358e-6
8.568565803151933e-9
1.900773395467285e-7
2.358110189480453e-6
6.625856919949382e-6
8.592823491453185e-5
1.1476670120770169e-5
1.6575358530095038e-7
3.567969038334989e-6
1.2673095426346369e-7
1.656973381683628e-8
1.7946874852038848e-13
7.461215989306806e-13
1.6723003153084022e-11
1.4481035708643108e-10
6.859240463459806e-9
2.912467560171277e-11
2.583017571074936e-10
5.191015418546733e-9
4.412300161690583e-8
1.885623123617599e-9
3.450212678812339e-8
9.121548518692602e-7
3.775367239131308e-7
1.5957592013817807e-5
3.1692872340936403e-7
9.27008155765852e-10
1.9503095890130083e-8
3.9285814637915634e-7
6.246177960984839e-7
1.4586167866158907e-7
2.143735099285947e-6
1.7660540000414064e-5
1.368941343654955e-5
0.00031374079746912287
2.770162026275479e-5
6.080384652121315e-7
5.524325471541984e-6
0.00013268934690980027
5.827882096227284e-5
0.00272621535444123
7.494591914047952e-5
9.327364376199175e-6
0.0006189146294709001
1.1410802396167551e-5
1.324245887101833e-7
1.139707551116311e-8
3.267666682889179e-8
3.660526815902469e-7
2.2472922572763994e-6
1.6787936297386259e-7
8.57726814025997e-6
0.0001612932418548146
2.9194510785458684e-5
0.0004195968892444054
3.060241589119885e-5
1.2492785757989087e-6
9.031975622399358e-5
0.0005662840401264025
0.004263618945362509
0.028162596287171802
0.00509954984949605
0.00011934100805515673
0.0005852899736554053
7.107310649087372e-5
1.225265186811268e-5
8.087983450771833e-8
2.2930258433255268e-6
1.584402109506219e-5
2.381866062373351e-5
0.000380325136473425
3.0214284929437224e-5
2.8760724372055457e-5
0.000348253532481103
2.7000145062561934e-5
2.804047351038038e-6
3.3681559730127007e-7
2.596484587854603e-6
3.6027112758420524e-7
3.874685319230475e-8
2.26749723608369e-8
1.7831056820570062e-12
7.330953846326562e-12
2.8386792626951496e-10
2.140059988398449e-9
3.094557006431118e-7
1.529974040587887e-10
9.442236284792647e-9
3.824682874133468e-8
9.754559459289901e-7
3.196853303622682e-8
6.165304159428855e-7
2.86134864932831e-5
2.0002306365293156e-6
0.00010396998138054522
2.4329293861070363e-6
7.382555221773641e-9
4.388521903482931e-8
9.069020883070395e-7
1.774634484471198e-5
5.143778175258986e-7
1.6402291670494607e-5
0.0004719070577435084
0.00013639361394368428
0.002441719103540177
0.0003599277308713727
2.549880321186321e-6
0.00016351054691781647
0.0004997749383066621
0.0005297282601551871
0.03820260945571248
0.0006069225510411621
1.629772353961208e-5
0.00045776076382331046
0.000592153522325944
3.21604138305996e-6
3.5211659321078365e-7
1.1869366227545421e-6
2.9773993220727554e-5
0.00011870456141349811
1.976092865191058e-5
0.00035524577538151476
0.002866852646548303
0.00041344911044497904
0.0400662377549481
0.000416044963918267
0.00011242090824044905
0.0026947006372345394
0.03857344928340138
0.02895785007251925
0.5791191959148474
0.030646895241754832
0.0022454594669275153
0.03948491446627947
0.002614956511644065
9.686326169555093e-5
9.550411716614552e-6
0.00021045495487432547
0.0021293510622283586
0.00037350970074140815
0.03947358784457718
0.000451953607866411
0.00022145767625107924
0.0024536756582750666
0.00035975406522346085
2.076764357345194e-5
1.1310436009483331e-5
0.0001084762883362012
2.295735122985415e-5
1.3522895945768192e-6
1.5558519054855762e-7
1.852530016667374e-8
2.167099312408959e-7
3.0999929800084647e-6
1.0838492740915648e-5
5.685937013221217e-7
2.4354721962560025e-5
0.00036466670235141876
1.8680506872958757e-5
0.002345457295232109
1.8720455116831266e-5
5.870441528599146e-6
0.0006081468373934969
0.0004281637494150196
0.0006096203547875502
0.03709161028977782
0.0005765041410519856
1.9767059003223076e-5
0.00047271583952634223
0.00015422133557148202
2.2016379399729426e-6
2.2832615686154903e-6
5.411166508399831e-5
0.0003284199123578711
0.0006082474157058316
0.0028039845381227445
0.00015896311542514544
2.5753511550194964e-5
0.000398243864229908
1.7106666612007427e-5
5.690530862650492e-7
3.142255290304121e-6
2.8881215941319517e-5
1.0046393980402515e-6
4.294873394426368e-8
1.4793584964040303e-9
1.2850939653140238e-7
1.7953303559136067e-6
9.244036106636181e-6
5.226149262396189e-6
0.00010546742935630379
2.3992392878189387e-6
3.333654779645019e-7
1.968296470108768e-5
6.664212728340228e-7
2.522174668162779e-8
1.6070998315845785e-7
1.0864382723809874e-6
4.739061699137081e-8
8.265560490747993e-9
2.6044767002850886e-10
2.054348192870718e-8
4.1378687589278294e-7
8.708695121907769e-9
1.5158818229383884e-10
8.591231056732114e-12
2.437758493462587e-12
1.4964414337117152e-12
3.0182090139955488e-12
4.71490052124203e-10
1.1113313123455637e-9
2.988813503478381e-8
1.799551581525654e-11
1.3033590440460588e-9
1.5020994557676057e-8
2.849984478966163e-7
2.732625230138441e-9
3.1079861462771833e-7
4.08758896109008e-6
9.939666463514766e-7
9.386406457326815e-6
3.099996296838524e-7
6.759300029055189e-10
3.7031283892714605e-9
6.73483688313881e-8
3.34039796491035e-7
2.8626225380937606e-8
2.9222032453952755e-6
2.4583577926960243e-5
9.323183253046865e-5
0.00020540996067704964
2.601263813684391e-5
4.174913287029048e-8
3.180388775216686e-6
1.9567013232808652e-5
0.00010102514599745695
0.002054318942777226
0.00012615118226275702
1.4919322684841056e-6
1.6240930797541274e-5
1.0296235814966344e-5
1.9250814482390502e-7
1.5244748792828147e-8
4.5948482627365756e-8
5.552558376029503e-7
4.405509663803254e-6
2.3428663091714601e-7
1.5632213198064785e-5
0.0004735877549114832
3.142387479058503e-5
0.00038328571026783215
2.3924546203393658e-5
1.8232967863772369e-6
9.805394370539137e-5
0.0006397131467523241
0.0051382611997359846
0.028313208705007434
0.004595319280458516
0.000102807415084828
0.0005373021438327438
5.98057469967188e-5
8.386052287058457e-6
1.1545030185671826e-7
3.490051422944234e-6
1.8833377601800116e-5
3.093940869782888e-5
0.00042215426444156294
3.36206395810751e-5
8.065974895151474e-5
0.0001575569176270059
1.567875927615446e-5
3.3023071542254027e-6
1.0778299532946567e-6
2.3266717347583175e-6
5.270253011577439e-7
8.011026282896831e-8
7.251730605932195e-8
1.6176444416280274e-7
9.403116608724922e-8
1.1587660036801885e-6
1.7946918245349516e-6
9.336334837378964e-7
3.046754762284874e-5
5.191539005419175e-5
4.703903033233836e-6
0.00022457234281562664
2.2591141936284945e-6
1.220019042103655e-6
8.889441419716098e-6
0.0005891882815331455
0.00010476504377048496
0.002791739809847306
9.180612034193262e-5
3.5412061203978804e-6
0.00016557169654719153
5.28107415826955e-6
2.0782001576541965e-7
2.0403626445376107e-7
1.9870620228076385e-5
2.3869720701949228e-5
1.8701594019832457e-5
0.00040530803525930844
8.772329813306677e-6
4.03213541984037e-6
1.5610636793906473e-5
2.3627448888577657e-6
2.774855081242798e-7
4.769856102555274e-7
5.809712879085301e-7
3.8840311538185325e-8
5.331621306973018e-8
4.113450707449418e-9
5.199872974612906e-8
9.3238021501647e-7
3.1984139753127827e-6
5.911723289072414e-7
3.323190395055557e-5
4.325516540183485e-7
5.770455711521271e-8
9.6849314711678e-7
3.301943364282571e-7
1.7816823727466147e-8
1.3167820972591183e-8
4.226023813395851e-8
4.863401336253005e-9
1.5407047358440679e-9
4.4428709304505346e-11
1.2932163764999606e-9
2.898874597662296e-9
1.903399695379737e-10
2.6016958456017104e-11
9.987328437163852e-13
8.648508867100218e-14
5.626792316737544e-9
2.45668712129413e-8
5.125243244891987e-8
1.0728198411388737e-7
7.930860323620037e-9
2.3814481498722948e-7
2.0608271132940308e-6
1.2333931215745523e-7
9.402650784341258e-6
7.594148810104734e-8
2.0972431909670692e-8
1.1126499327964623e-6
6.125191093076119e-6
1.8263880604795054e-6
0.00010434250875593136
1.2199062284176312e-6
4.4283382716192327e-8
2.754242078681512e-6
4.3750569399583736e-7
7.357449111497251e-9
6.656912091612187e-9
4.816021536942647e-7
5.330461853974155e-7
2.2401784468650594e-7
1.500916099157643e-5
1.313971695639967e-7
2.887769458097073e-8
4.338552825502715e-7
1.1570051454185548e-7
9.920004647662998e-8
3.2117473051874967e-9
2.9451472689134857e-8
1.6239867921119977e-9
3.283565499099755e-8
5.697591310355529e-10
2.9966366959434976e-8
8.715908256190231e-8
2.914427998025531e-7
9.190921025949078e-8
9.036046103501192e-7
3.6601527769917146e-8
6.593193930241177e-9
3.860018533893986e-8
1.2337934780371103e-8
1.094135109626738e-9
2.6543632264237004e-9
1.9370076100532102e-8
2.971804776674806e-10
3.3307229777737394e-10
5.561859771268894e-12
7.488149949026606e-10
5.322945270643703e-10
3.6221352818174073e-11
6.441873830086065e-12
7.113211688104648e-13
2.6250915097496646e-14
7.217491086271513e-9
4.7334097797954416e-8
2.1134090766527175e-8
1.1985909806735828e-8
3.636440647423453e-7
1.621771937633859e-8
5.690331927769693e-10
7.623801121046256e-9
1.0266947224873191e-9
3.3375783350050267e-11
2.024408726019212e-11
2.456658570248951e-10
2.4212597772849683e-11
1.2380318826651987e-11
1.8112611485079384e-13
4.6604936242622605e-12
7.84627241929475e-12
1.5509784860099016e-12
3.6377790891550495e-13
8.914799603149442e-15
1.654128749286623e-16
2.598689638906208e-12
2.436079570946512e-12
2.1404027573746385e-13
1.1039807275519664e-14
4.83359775537356e-16
2.5106728038711932e-17
5.915042270938775e-19
