7.169726260375895e-19
1.3392496906687819e-16
3.9695090219152233e-17
2.0863542462549515e-14
7.995133759276824e-14
1.2113275987320027e-12
9.01401498399841e-15
9.574708066222516e-16
7.390816978517756e-13
2.1635847178851553e-13
1.5329897825513368e-11
3.684119023210693e-15
3.0410557269031516e-13
3.3003809510508424e-12
2.163518189007074e-11
3.1158731362954655e-11
5.261694837838581e-10
7.739369099720351e-10
3.892236133817894e-9
2.531362708413741e-8
2.995452787847975e-9
5.970517788422486e-14
6.4892488764665095e-15
3.9779213912742347e-13
1.8522688754700994e-12
1.8584604401304662e-11
4.101450276010789e-13
1.2221331479552414e-11
1.5829178043973043e-10
6.951324726204743e-10
1.2229660108718378e-9
4.456294321894101e-9
1.6634070737520737e-8
3.058474442638653e-8
4.936622533327674e-7
2.4662321957025065e-8
2.0709338818482868e-11
8.094062488165226e-11
2.437963051817526e-9
1.5903651098272064e-8
5.150821316588192e-9
8.146458763164751e-8
3.376041531509731e-7
6.947191921914301e-6
1.2309052852748415e-5
1.346036113400697e-6
2.957434237658622e-9
9.29220247602796e-8
1.3823345071535675e-6
6.132558808304198e-6
7.18185589437685e-5
9.740936041017246e-6
1.1440147011674002e-7
1.931715386934382e-6
8.330875733493234e-8
9.61362305638202e-9
1.6887838881506537e-13
3.327202653323382e-13
4.412570020458019e-12
3.0284119310988346e-11
8.871173698428535e-10
3.686432464630729e-12
5.598875595672881e-11
2.5496873035320084e-9
2.2476298426432075e-8
5.100174625468372e-10
1.6577674633297663e-8
4.510638291720896e-7
2.237722993702764e-7
1.3602945944219808e-5
2.768718923368206e-7
1.2927141053465218e-10
5.009445439127886e-9
2.1100587756987147e-7
2.821248192200034e-7
3.623474204877612e-8
1.0233995464582034e-6
9.651978220974933e-6
8.931662139474822e-6
0.0002392185380962253
1.9327551806775576e-5
1.0738258468819881e-7
3.0248304007022996e-6
9.943258942210873e-5
4.5001096497010454e-5
0.002101671011131984
5.544127855111101e-5
5.069475054943314e-6
0.00031198091396683413
5.874882929627795e-6
7.872891658011231e-8
1.7830935332424203e-9
1.329118290660688e-8
1.7360612462001406e-7
1.475177130403413e-6
8.276232315700546e-8
6.167317267139011e-6
0.00011062143976146601
2.945271135282657e-5
0.00032652000388321836
2.4743063313693054e-5
8.469760009666397e-7
7.253696011637392e-5
0.0004768019497928906
0.004627972549945333
0.029337048515863468
0.005104385839221812
0.00010164539298453828
0.0005047934248690137
6.735621732624273e-5
9.357831696137177e-6
3.644336894864022e-8
1.709987735299733e-6
1.1968404373305826e-5
2.0736711106807017e-5
0.0003105095272800566
2.54592542732459e-5
2.0954732099235702e-5
0.00029121421628459167
1.830967933249835e-5
1.7565807675270924e-6
2.0920828205034551e-7
1.9670297001084208e-6
1.9638221470157283e-7
1.5981745216652216e-8
2.288114174086607e-9
1.7838952042045317e-12
1.300049406152751e-11
2.407931321681939e-11
5.836309861001698e-10
3.128105786461708e-8
1.491773773762885e-11
6.994904731659958e-10
1.9441923587777244e-8
6.242990597144742e-7
1.2710732485776336e-8
2.539799178479455e-7
1.893413597007054e-5
1.6303138678751721e-6
8.928960637225944e-5
2.1315221030016607e-6
6.542316712763887e-10
2.000664586910101e-8
5.082386421232835e-7
1.3549383652502913e-5
2.7206120528019346e-7
9.594822885185432e-6
0.0003346357512285908
0.0001349681414200929
0.0024890451299152258
0.00032497693915802195
2.016018726791983e-6
0.00012118291829308943
0.0004053144373565251
0.0004406773797739418
0.036188879754580044
0.000512366388795748
1.0366334353021622e-5
0.00035499933471554016
0.00033602129448132153
1.993653884049003e-6
1.910662492051542e-8
4.1350766924341214e-7
2.0478275044326544e-5
7.969249913857705e-5
9.027283788155791e-6
0.00022287727432133771
0.0023034864310860687
0.0003243885312702888
0.037025701395492015
0.000312526098651678
8.285811873530098e-5
0.0020982026604973608
0.036678674660469895
0.02852879803626323
0.6011951283011642
0.029659248129266354
0.0016121542265860186
0.03658029213115679
0.0028955534839653413
7.50298027163499e-5
5.873545843718986e-6
0.00023401129255845045
0.0018824906604542769
0.0003250549465536293
0.03771957101276136
0.0003448490433558924
0.0001949856784721761
0.002557558401000869
0.0002723550920969591
1.6560777033910066e-5
5.977009421699035e-6
8.749653078232482e-5
1.2300579845132381e-5
4.1300239192696956e-7
3.224610856594343e-8
1.067584514842041e-8
1.5724455662609929e-7
1.4485215433430031e-6
5.684248608021704e-6
2.1261709150284743e-7
1.6763404726790617e-5
0.0001812318562701355
1.250389169107988e-5
0.0017174682955808573
1.1397397742396018e-5
4.680105106985722e-6
0.0006065455645368683
0.0003714964648764854
0.0005093950816265006
0.03586578697251829
0.0004770680088674738
1.2547594963359126e-5
0.00038438788193312097
0.00014329878450823453
1.5926167438350005e-6
1.240741859090254e-6
4.044781181856299e-5
0.00025845661015688027
0.0004761557070857172
0.0024151967951706634
0.00013127140972051812
1.6652943998934935e-5
0.0003327512115418476
1.0504816605261882e-5
2.6851296270796074e-7
1.800384443386627e-6
2.1027391440952552e-5
5.064366053940269e-7
1.8101729303451706e-8
5.755861494416567e-10
5.00442027538899e-8
1.491011775127284e-6
5.638267060004012e-6
3.692146062502833e-6
8.582133660608796e-5
1.9098268183869894e-6
2.3437393882189882e-7
1.3011973117691133e-5
2.992478829016698e-7
2.572808598334434e-8
3.186506887663064e-7
4.5981529744101843e-7
1.744266304167433e-8
8.516419129489454e-10
2.3387992913236154e-11
1.766225703893417e-8
2.8595372735250213e-8
8.519272850278775e-10
1.793474805295669e-11
1.5333200348672706e-11
8.548703579116582e-13
8.604100969149503e-13
3.0690469039222053e-12
9.218276321810096e-11
6.861911792728093e-10
1.9550056052790436e-8
9.078956390697465e-12
3.0473093270339907e-10
2.539070415381649e-8
6.920071624746501e-7
1.4809271202366795e-9
2.5634029548305377e-7
1.5371614131284875e-6
5.462819786902853e-7
5.786768457447642e-6
1.8113284656833304e-7
2.399192696892202e-10
9.839270282104864e-9
3.4026178155310936e-8
1.93949001272424e-7
1.502507830121403e-8
2.662411101314528e-6
1.6529264759420812e-5
5.328812963476636e-5
0.0001763679747433925
1.773877573744555e-5
2.395798118771561e-8
2.1134635340861698e-6
1.2174628153920495e-5
7.081042274122937e-5
0.0015621143042513106
0.00010188952093092341
8.762004777628756e-7
1.0794625751624979e-5
5.995939669055393e-6
1.2831787755797504e-7
3.161808405382646e-9
1.7646263851349958e-7
4.213970084545492e-7
3.713241601973555e-6
1.223265144649653e-7
1.1416542551309525e-5
0.0004863734562214804
2.3418214705818854e-5
0.0003257598973659937
2.0472020543018143e-5
1.1471027986436578e-6
7.439479557580461e-5
0.0005030843607151007
0.00453820032118502
0.028089772627989024
0.005016076616785448
6.904284201631565e-5
0.0004308972953941481
5.1772575074925226e-5
6.805349168050935e-6
6.416091687985136e-8
5.353888973846358e-6
1.277868582484726e-5
2.4203500192081336e-5
0.00035066200515705286
2.833523803065537e-5
6.265798428358378e-5
0.0001072483244477808
8.213970565993534e-6
9.795456468901467e-6
6.206081307279347e-7
1.5323760112619304e-6
1.7187523449875166e-7
3.8670543172263e-8
2.877966461897669e-9
5.99294757740286e-9
1.2236266337701645e-7
1.0757236967073655e-5
1.1128546713383037e-6
1.9329245180197333e-6
0.00010420729135178753
3.76449119894749e-5
6.370909749978088e-6
0.00033855516935791743
2.1302728507474512e-6
6.530033232438091e-7
1.3488285924632634e-5
0.0004825226246633282
7.407940390906531e-5
0.0020892137337094083
7.140418220366655e-5
2.183489274728156e-6
0.00011595826574369561
3.109868615619537e-6
1.0029313515581549e-7
3.9321235244450343e-7
8.996293570674835e-5
1.575751457408406e-5
1.024365949750552e-5
0.00022501678570155823
5.155530730774651e-6
3.194447025676787e-6
9.578610609228257e-6
9.806617496998873e-7
1.0085060901888508e-7
3.185002350822497e-7
2.437914213234825e-7
1.5031957649612154e-8
4.930568771389245e-9
7.655966453549715e-10
1.2437502620062943e-7
1.137058664769893e-5
8.26301882818476e-7
3.3027233842590433e-7
1.587372977554332e-5
1.6035434432300798e-7
3.2651002121769105e-8
4.436812526585593e-7
2.1648034557644808e-7
3.2834499063800803e-9
1.1383221946018436e-8
1.3534685683356306e-8
2.0991469047190906e-9
1.704507838138296e-10
4.373985246791497e-12
4.4312272647079745e-10
6.198029925261684e-10
2.5911566240388037e-11
1.6392416061756237e-12
3.163548348092636e-13
5.2083844174694553e-14
1.1159259784510282e-9
4.341193547590657e-9
1.0265068551311765e-7
4.80014825495928e-8
3.5230550749846917e-8
4.307935256042205e-7
1.5244199041721933e-6
7.0360356334258e-8
5.935362365756764e-6
3.912549519298522e-8
1.1109665377393479e-8
6.303453287618613e-7
4.458027991835234e-6
1.1063326457927028e-6
7.546298158263023e-5
7.698933112987073e-7
2.6799549831247926e-8
2.2936420020940372e-6
1.1301718902758147e-7
3.1681686495364383e-9
1.7998270349757354e-8
1.1192109081819698e-6
2.3272876797000034e-7
9.826517068659185e-8
8.162373700595145e-6
7.508029941146349e-8
1.7022581466069237e-8
2.3862454705694923e-7
3.395388744072465e-8
5.366731279036102e-9
1.5491394973211104e-9
1.2555919712154662e-8
4.555697580069617e-10
1.1903957315984533e-9
3.550453684805545e-11
3.718658123548261e-9
9.493419562796196e-8
1.1351895627830011e-7
1.423803116993074e-7
3.7043991906139967e-7
1.1149578937221313e-8
8.140643886396775e-9
1.9949997450482845e-8
4.451745952023929e-9
9.300848885075101e-11
2.8028834397303546e-10
8.761279097812278e-10
5.593309644890861e-11
1.3668094990649237e-11
3.9860250520679466e-13
5.95163168488645e-11
3.057407375770843e-11
3.757674653245315e-12
3.523290263614408e-13
4.613918829051769e-13
1.4868460304570493e-14
1.4701382597122708e-9
1.003360424232788e-8
1.2552994805458217e-8
4.101083386322572e-9
3.899550887514821e-8
3.1037182203615077e-9
4.346189199316557e-10
1.2796010745246432e-9
1.8254017649601807e-10
3.210797890981727e-11
1.1813451546689403e-11
2.0919133245818928e-11
3.753133437059766e-12
5.708590164676461e-13
5.0032802923056845e-15
2.4892496798864826e-12
1.1292366195008834e-11
2.795011510091201e-13
6.4146840927043655e-15
7.29102423389395e-16
2.911815985825118e-17
7.703214150762404e-13
1.7075533646708503e-12
1.577799607217893e-13
5.726884045082415e-14
8.656864005542053e-15
1.282943232655531e-16
5.7734497560516e-19
