2.050172301523993e-8
1.9708298162369723e-7
8.19466629440085e-7
5.603889676384597e-6
9.793277599072232e-7
1.8562338619148844e-5
2.075663019979117e-6
5.3951029742191675e-6
8.035600990426549e-5
7.240999319911663e-6
5.0453193371274416e-5
1.631197241827319e-5
7.386321340202578e-5
2.2645766610043374e-5
0.0002784787687264315
0.00032327149690667106
0.0001081581427635182
0.0007483602735570627
1.2394325471457706e-5
0.00013334526664626273
8.463827548542393e-5
1.2219435861789184e-5
1.663812368744671e-5
0.0003708225390008988
0.00012552698574694616
6.815137525639392e-5
5.982532653256017e-5
0.00027671196327805906
0.0002365361439441601
0.0005141329190479542
0.0007980007451854653
0.000580310349715141
0.0008892706240962431
0.00014783383551273925
0.0004356288516968467
0.00012873267123641744
7.3509531024046e-5
0.00011585473822907019
0.0003187096071169136
0.0011083777013208482
0.00034638915697559036
0.0004550633337001734
0.0015745866820541415
0.00033997084146563826
0.0019021941321763635
0.001151240599262304
0.0005795982107758502
0.0008608292260806041
0.0012512298731518791
0.0006811479276629907
0.005171565161046445
0.0020448848425293382
7.864706699893393e-5
0.00043907124667169926
0.00020923696351165134
0.00013800749845574678
2.417743183069336e-5
4.1075493426864094e-5
0.00038855390192432194
0.0007473511341702917
0.00015005591455367627
9.744230716589097e-5
0.0007559832759187899
0.001959255462336996
0.000458742329079265
0.0007262445583786526
0.0011992390997918316
0.0018108392496378107
0.0010330559428006906
0.0023720542241287093
0.000303176371807781
0.00021816983693416565
0.0002906637540900258
0.0013056332923998741
0.001453171772040597
0.0014149988460911117
0.00282694036381011
0.002483187499504822
0.001994686362516142
0.005331516941749777
0.001635620565413454
0.0015311671580988222
0.0020440223730959673
0.0028793450040802983
0.002902760159037048
0.009290920580676088
0.0027865709673453453
0.0015924880671180767
0.0020100852105888072
0.000823877760193022
0.0002107716800234896
0.00013733002875016695
0.0001917937486499685
0.000811171424817926
0.001848532103234377
0.0006415265545059642
0.001321931101354729
0.003270584658823849
0.0015494236729041695
0.0049764564969684
0.0017811277678583233
0.0010870399334590595
0.001980374767521938
0.004938990550958308
0.004207697330891601
0.023474586544972212
0.009366377299461362
0.0024224389052358284
0.006941961354406767
0.0028247018179449693
0.002102892964846674
0.0011565587553620566
0.0009074104009729807
0.0035184176720265653
0.0012734388222545468
0.00620980069057983
0.001735526233885248
0.00044678676305898683
0.002118371749219746
0.0016496681978132501
0.0011284889235739042
0.000331390316838161
0.00039923940691737845
0.00029951025403443933
0.0001316266836208684
8.138689131875391e-5
1.5595855339413984e-5
4.5777324046478546e-5
0.0004100935040516871
0.0010271746264823997
0.0001551540356722777
5.580727776978758e-5
0.0004153863780565983
0.0010974771592896354
0.0004722007069233576
0.00117812471572508
0.0018583592772418848
0.0020299988291957696
0.000980300272874043
0.0035997507981569226
0.00040599786429618064
0.00015319738135295078
0.000523394131574759
0.0013673853372653273
0.002259322426226801
0.0013706670017863108
0.0025900212417526414
0.004903746351057642
0.002087994140013993
0.008668364663311865
0.0021868578099935726
0.0013309904066285071
0.0024790941196445233
0.005067322543612073
0.004055611615410115
0.024367927945968718
0.0066817621506537195
0.002435157523809869
0.004160171190793067
0.0019581232402501613
0.00045743710586203256
0.00022318391523064865
0.000484218161167076
0.0016198656951953887
0.004037196512955074
0.0018150890897252725
0.004313611952025092
0.009479667774385851
0.004513566595153738
0.02328910559729551
0.006245605645144945
0.002781039543965792
0.006715249143862281
0.020371663404434474
0.0138277638769559
0.08720215583523751
0.02316834756266093
0.009552303074301265
0.025446990057827797
0.009626327682910671
0.005117980543320182
0.0034871777217424463
0.0037928355216659097
0.010481075563055867
0.004688367555105805
0.023196044440604663
0.0049126060760339265
0.003414527151462298
0.00868689414850186
0.005293717379278203
0.0017674752114370704
0.005496419159907487
0.0036076704775616923
0.002336298489343818
0.00041962744260597986
0.0001363719205168403
8.142601560103638e-5
0.00022849600280616016
0.0013329746479421676
0.006430887400395985
0.000444910965442456
0.0016053547057616232
0.004630415381240902
0.0022786473343331184
0.010564149751550355
0.00357091169062546
0.0008164558089403775
0.0019961355985323153
0.005745673623537976
0.003862341301022796
0.020436046746475214
0.0049180198423948475
0.002429856347692423
0.005192030823243668
0.002859310356983068
0.0012206102479659312
0.0008732549726188448
0.001407654861180368
0.00457155817329642
0.00203851450869102
0.009306960459565685
0.0030021185052274465
0.0016398201678598698
0.004889823966897775
0.0025210568970550937
0.0015935081679651943
0.0010470658502700005
0.0019856267193563686
0.0017425413346165931
0.000912900077314158
0.0007591398591943327
0.0006503536919346988
0.0011032593657537787
0.006560889792684771
0.0008908142147401825
0.0041471307869548535
0.0017554963436519503
0.0004807178564289039
0.0021975328494509955
0.00141133664553371
0.0010356696206431796
0.00021410577649345552
0.0004797822539457494
0.0004494443262409456
0.00048039915452468597
0.00025284813014046965
7.038668527530104e-5
0.0001563331097265799
0.00014722581927802188
7.162586541694177e-5
5.21303492992275e-5
1.586478854767535e-5
4.12889922695268e-6
4.1110663663253847e-5
0.00021562121839469639
0.0006740945889630845
6.905973433624023e-5
4.735719267320152e-5
0.00042669032595997496
0.0007716352096497433
0.0002192806555189642
0.0008835216606893506
0.0020081898240622495
0.0010554739766584571
0.0014001215489706615
0.005420662416268405
0.00032442195605722674
8.598124576881539e-5
0.00035678063218845307
0.0009564205359924706
0.0004734439671705932
0.0010239565323790659
0.001650639426665722
0.001653282575802283
0.0013005611206166707
0.003356846570992587
0.0004480374008998939
0.001234529821470467
0.0017952784189986532
0.002422293331975934
0.0028959895817449047
0.009227463264906397
0.002320934709515971
0.0016004362760895935
0.002434282731136361
0.0015286881384742911
7.899100375801346e-5
0.00013387909321657663
0.0001732681869995486
0.0011079722226913784
0.0008836826494728711
0.0008927399800288728
0.0018920526955647735
0.0019162071620303688
0.0016075446702627225
0.004608789037468389
0.0012841620478207124
0.0014777086830862626
0.002382054442008188
0.0038695060838946412
0.003963328468739212
0.013768944420231665
0.004003092501598437
0.002920895878824999
0.004233387240175146
0.0029474288025455125
0.0006933142757775861
0.0018999205638324252
0.001691927539538355
0.002235852187216095
0.001619023778925155
0.004344013263146148
0.0015567317029924583
0.0012961648293516974
0.0021259338020410815
0.0020547783239683076
0.00033417502396992726
0.001359188168941258
0.0009779245207621858
0.001040226030255983
0.000147673022688701
1.2504661912385231e-5
5.6923558852482435e-5
0.00010485185159153006
0.0010729906407245357
0.001040209039650269
0.00018909440119175753
0.0016721435613730221
0.0013220348805630328
0.0017181765048198735
0.003717236774044466
0.0009501158348245262
0.0004896744791669459
0.002089400678402287
0.0019614586236137033
0.002365919293506908
0.006635200036300159
0.002007362806704646
0.001871913903393347
0.002567007267202695
0.0020121046936752277
0.00087475528420558
0.0006913559367784659
0.00166147535618747
0.0016042485573371766
0.0018703352073667302
0.004284228552194183
0.0012876075517966182
0.001657991220646523
0.002551157783907055
0.0029359233881143887
0.00046096713664521804
0.0019680646232738703
0.0018568300437835378
0.0012138357516997954
0.0005930176427632064
0.00011869384273821653
0.0003331630182411302
0.001068892888663895
0.0012720098030584005
0.0011239213014555736
0.0016359370919385807
0.0007999256416212004
0.0009993886060386738
0.0013623283360395268
0.0013000443823644233
0.0002898641296454009
0.0008124272550743103
0.0010715568672418178
0.0019644772906585103
0.00022898219556681532
2.2520242709070958e-5
0.0006514909853657338
0.0009717220304375457
0.0007154629663043477
0.00012605154888587045
7.782163115912055e-6
9.293869573330253e-7
5.027970752295189e-6
4.886475131568553e-5
0.000342888738658145
0.0006325188016948689
8.279241723281524e-5
0.0006486285862834864
0.0008396994549766933
0.0019233676368551518
0.003462310440953009
0.0011254612069110347
5.583314954641708e-5
0.00048716994482790317
0.0007817841885837468
0.001497269731645151
0.0027284635664238306
0.0011319214326944045
0.0012630889660289438
0.001324598564026756
0.0015142553853620536
0.0005557566603398159
7.742101136128068e-5
0.0001835721714627154
0.00043847644578567794
0.0008697697536661904
0.001800818490413863
0.0006575465443981286
0.001011602019251617
0.001403758839391625
0.0013848972644910954
0.00036108775843140384
0.0009028149456509932
0.001101347520474779
0.0007194991957059678
0.0007894273625057455
0.00030852438647258404
4.662705426396263e-5
0.00010456013161740277
0.0002232891281154626
0.00017015260030030227
0.00047113362591585126
0.0001909255018694576
0.00036771609439599875
0.0005189160843158414
0.00029014765482619423
0.00011320303717040447
0.0004095061303514721
0.00041596545536889783
0.0007999280044072891
0.0002881142781105232
8.117320688654752e-5
0.0002041744516092044
0.0004352998831496408
0.0004039550594542485
0.00039989417880273675
8.666686416223873e-5
5.570474007027991e-6
5.04303067749589e-6
5.5264504891988005e-5
8.018973459730038e-5
0.00012528983398387198
0.0002097442947026818
0.0001394927844866879
8.323749791866216e-5
0.00014610813181055595
0.00021481407384029252
7.33779977865092e-5
4.6153798477020014e-5
5.530256245519479e-5
0.00010002487694369751
6.052808190190999e-5
1.5920229424762916e-5
4.106913985270626e-5
4.540826695317568e-5
4.2943996070611767e-5
1.7137995086921366e-5
5.354049909945983e-6
7.558667757139184e-7
4.113852310720281e-6
1.5895635082727482e-5
2.4662885870059002e-5
1.3462879411699063e-5
2.414289262591707e-6
2.0456278022015937e-7
2.1095319936054585e-8
