2.6179856745048255e-12
9.67232012068135e-12
2.7273739330361128e-11
1.2680441197359977e-9
5.744894439581349e-10
6.887150469657826e-9
4.3187495489017426e-11
6.437348247640655e-10
2.029714463158009e-8
6.12670310601205e-9
1.710421330485866e-8
1.037576615364472e-8
1.0484902982396637e-8
7.199022556336101e-8
4.4042391250855813e-7
2.8879045484834173e-8
1.1846231600649145e-7
1.50573266721639e-6
1.5079567688610624e-7
2.7834394243234177e-6
2.1455740971956225e-7
1.103152281017794e-9
1.786350157479918e-8
2.2279640511657992e-7
7.573003591949775e-8
1.2372605209398266e-7
5.50251214354542e-7
1.0533262679153937e-7
1.5645621018005743e-6
2.3490095701499554e-6
4.242823306618051e-7
2.1042876219634833e-6
7.0530542354024325e-6
3.967297520209974e-6
4.736600565684657e-5
2.7677180919369098e-6
1.6160866697180524e-6
1.8949877148612567e-7
1.636437086401865e-5
4.127395596450191e-5
1.4168346028943527e-6
1.1199563070875608e-5
2.4203486972547876e-5
0.0003052316243935492
0.0006294040698810485
0.0002440159697219833
1.8087972661694885e-6
4.967545613134602e-6
4.309766439227443e-5
3.848827384634289e-5
0.0006530948008619427
0.00012906704471739785
5.544729912580333e-6
1.974639047624048e-5
7.016223444465202e-6
8.112353117199974e-7
9.875816662424138e-9
7.836173994020303e-8
2.2863427328913675e-6
1.2691700269499802e-6
1.2857620317244629e-6
1.3929287205615623e-6
1.8052739614742226e-6
1.1046584412503825e-5
1.0594917849013838e-5
3.749938636844379e-6
1.5685307286953363e-5
6.569683729515101e-5
1.374122737384482e-5
0.00016699764213705355
5.7924779795039286e-6
2.194254857893631e-6
4.628409234348913e-6
3.160831394752474e-5
6.236409007338544e-5
8.015983566541866e-5
0.00022405497080021827
0.00023972932003653598
0.0005633654051098498
0.002179218643841872
0.00028849330390484375
0.00013228480068423618
0.00010818933569769503
0.00102003717634616
0.0003466891029303122
0.006578477417494893
0.0005237327079723929
0.00012194605107346264
0.000941772392188706
9.797749187971971e-5
7.856488161716612e-6
9.106783479710897e-7
1.1073773183742807e-5
3.666138759183762e-5
5.395089256912669e-5
6.752548713184059e-6
0.00015928453166585044
0.0007520442543322933
0.00014659236009219214
0.00159764079189345
0.00019254140702204108
2.8724088260110607e-5
0.00038484854154357433
0.00192755423571343
0.0054948908962681965
0.03609615783379689
0.01008850073295841
0.0009443954651444747
0.002304179600073063
0.0004985655694108189
0.00013333934842669657
9.579819464077298e-6
4.024429862257863e-5
0.00018554711479232584
9.749970330683836e-5
0.0014152768450710238
0.00019436973879571353
0.00010545444737189037
0.0007769154213732444
0.00029782791799937174
0.0002496438764397271
1.4176892350341697e-5
2.5826063556432144e-5
5.9664611323421196e-6
3.5949236556859116e-6
2.5541676255020497e-7
1.52628088121742e-8
5.437464356256049e-8
5.720250843073253e-7
2.706292827145748e-6
5.389719413441617e-6
8.112975249096797e-7
2.4470331968961767e-6
2.5769935290480013e-5
5.9906463235548355e-5
3.214637038334992e-5
0.0001053366565679445
0.0010386693696601596
3.379525374583661e-5
0.0009051866412641359
2.3196014449348845e-5
4.832369157250045e-6
1.033334753606313e-5
7.417065765089131e-5
0.00026253859410244
5.678949099652046e-5
0.00026028827993313734
0.002714844538799781
0.0008675172111599416
0.006150411515082759
0.0007129216997208546
4.5176470131493484e-5
0.0007955775472090749
0.0015910537601161526
0.0017459555826522867
0.048814241131435517
0.0023531391647020807
0.00016599012111011272
0.001441856001830125
0.0007755256106653196
1.885366518676475e-5
4.1173912018471205e-6
3.690726610108472e-5
0.0007925271658017757
0.0008916380154382105
0.00016253337350177445
0.0027579344812452863
0.00710723922849985
0.0014935863350905997
0.05159897427942076
0.0014738708287111383
0.0007284262167640926
0.007203365447299806
0.04479784366425429
0.03371782919111113
0.35485608891159
0.03649242862073007
0.006090266738759819
0.04646646857384781
0.0062782223425404855
0.0006758803775019449
0.00026348877895450743
0.0014023157998387203
0.0071120499156291025
0.001336125622749722
0.04852221949397068
0.0014607075821753564
0.0009492558984641968
0.006234594393156372
0.0021010277849568266
0.0006196176236848595
0.000359013440254687
0.000971774994351017
0.00017578107245288334
6.014980569301989e-5
3.324785449450901e-6
2.315844306028833e-6
1.687290841677248e-5
0.00017888132321414732
0.0003589681196560808
8.284354813188193e-5
0.00034008860560635646
0.0013164366800860249
0.00021375472370599937
0.006874408968355115
0.00019072244450530672
4.567924550551355e-5
0.0005432506260880323
0.0016004460303225406
0.002385555845214774
0.04566121279602213
0.0019711701867496157
0.00021219760178870683
0.001660905149234877
0.0009396295187696688
4.4012805053281876e-5
9.925328894572682e-5
0.00024393789087365152
0.0012850142635477345
0.0004385703530227746
0.007363703302719044
0.0006985888279534968
0.0002609029428521315
0.00271780420022236
0.00023314441576506275
2.3935100296865455e-5
0.00010915654688974711
0.0009463781295804937
6.116773455956466e-5
7.540799583530137e-6
1.4898572885108915e-6
4.505849061309304e-5
8.658839732787665e-5
0.000373960229136575
3.6792474443886064e-5
0.0009397701900035371
5.459861220837613e-5
3.4037762437779394e-5
0.0002766751362166254
6.498271505788516e-5
3.977949573833779e-5
2.1558336363541528e-5
7.649808099753074e-5
1.2026173941801243e-5
2.5977687998881305e-6
4.866806907035093e-7
4.649416616129693e-6
6.428347169708362e-6
1.0717983067202663e-6
1.1504818774916557e-7
1.5844648232517023e-8
5.181419658245516e-9
2.559567231679649e-8
4.939793475273543e-8
8.184329203234877e-7
2.4387180525864868e-6
4.9538098003111515e-6
6.1164507074258e-7
3.7307059911355824e-6
1.0669492806357861e-5
1.838176412417142e-5
2.344486447884873e-6
3.982023606198581e-5
0.00013011733271301785
2.6015682282590747e-5
0.0003577433273713358
1.2046290922823002e-5
9.052674998596504e-6
2.458849872430876e-6
1.1324541256563558e-5
3.8498782146295386e-5
7.220767936403627e-6
7.067827630210026e-5
0.0003015595748800927
0.0003849531079831498
0.0009869373132504987
9.728104433492651e-5
4.723424729528491e-6
6.380362718129744e-5
0.00021710092845561766
0.0006028792176628012
0.006225883879566138
0.0009347920238233965
3.6318836079134074e-5
0.000170419667472171
0.00010650129758248552
5.940776022456203e-6
1.1205196911689575e-6
9.787987411581693e-6
3.076236203951041e-5
3.925904537275446e-5
6.758939852631154e-6
0.00019492206859956222
0.0004999014153143963
0.00020136166206321683
0.0013837155290950406
0.0001038076068274861
5.2613176602066974e-5
0.000603625380789465
0.002351417578744496
0.009770398564230273
0.033502089969935867
0.0056875010135920044
0.0006113925015595197
0.0016829417471446854
0.0003426778144031352
3.979601118268836e-5
1.6438449994314395e-5
6.371541777201851e-5
0.00022470906842854714
0.00020224321794568405
0.0015466404398124173
0.00014534191476558558
0.0003647130130594389
0.0008942698816392464
0.000587908366933214
0.00027213331209926476
2.5553422509094996e-5
3.450229910882619e-5
1.3446776305193571e-5
3.665151982854155e-6
1.317106396029956e-7
1.7207947348432777e-6
5.084905694856647e-6
6.043564729560817e-5
8.431117150000942e-5
2.8710215556899317e-6
9.661718371166077e-5
0.00021589024248470432
5.768086577878362e-5
0.0014145189893934726
3.860001685029603e-5
9.326679814281408e-6
8.874124644229189e-5
0.0005914095732978865
0.0006060631410295837
0.006914888846894766
0.0003785614403322741
6.487229089799775e-5
0.0008933441781920847
0.00010358393627519863
5.056246869777738e-6
2.982159886733726e-5
0.00010424460631029526
0.0003837430267492836
0.0001942965942556775
0.002884907374012014
0.00015470581914151717
7.817391690504723e-5
0.00028273072897176373
0.00022359380826368375
1.0771174885203311e-5
3.521677596373777e-5
8.227526257106496e-5
1.4535951897290594e-5
2.186347938052035e-6
1.2085347579858553e-7
1.3274721327355197e-5
5.365850369244822e-5
0.00024329978474272137
2.8622654836540476e-5
0.0007065493812483183
3.650481095824886e-5
1.1326180167207401e-5
7.232751642825537e-5
3.264307369788395e-5
1.3475632024186226e-5
1.1787310248137921e-5
2.890447666716507e-5
1.271162445425856e-5
1.5370551038834053e-6
9.535085604418959e-8
2.5905771243882755e-6
3.1845256975294245e-6
1.250070728756355e-6
7.273423476115571e-8
6.1130726482471496e-9
5.725411851751391e-10
1.6832428437851059e-6
2.5793159062818455e-6
1.163970276129392e-5
4.109528010769424e-5
2.113007096388728e-6
2.6127537117571217e-5
8.237033037910378e-5
1.651220164899995e-5
0.0003256155205745125
1.0035135662096987e-5
9.535844247501739e-7
8.715622962477843e-6
4.627318823127349e-5
5.2930294722702436e-5
0.0008037126729096734
2.9511654165172534e-5
4.931668563970319e-6
4.946212295817529e-5
0.00011711577655274338
1.6618141639934434e-6
2.996278396541329e-6
3.0490340511465963e-6
8.149261004169037e-5
6.95589099164292e-6
0.00019547061671104223
7.296232333321979e-6
6.855601081256132e-6
6.481057829061145e-5
9.028050104731534e-5
1.5299596610647068e-6
2.285733275563523e-6
3.3066221501733315e-5
3.6332425913199983e-6
4.471020538236879e-7
2.581284192690388e-8
3.747540213975971e-6
6.377437895114907e-6
2.1710565553946326e-5
1.0340643137879569e-5
5.328173054344231e-5
1.7501498724126576e-5
2.256771989022579e-6
1.3784563533036233e-5
5.778711841489763e-6
1.7256424657472176e-7
2.8127566391501865e-6
2.4161046912904194e-6
1.945365036140695e-6
1.1295675406182207e-7
1.1237934044358267e-8
7.0876337541732e-7
6.236109834930914e-7
2.2163174847846834e-6
2.025887634111664e-7
1.4555282204384472e-8
1.879432459972771e-9
2.077366721479711e-6
2.312459961401984e-6
2.905775942149911e-6
1.4051654187803133e-6
5.854078849083338e-6
9.715798151174569e-7
8.884451034829558e-6
5.313947957379006e-6
2.3657704306591182e-6
1.6510102396774954e-6
6.21609485086569e-7
9.852264534027799e-7
1.4512515517449791e-6
5.407172234525973e-7
1.0131795412176536e-8
4.2718778777566494e-8
6.076677897589042e-8
8.271792241510484e-8
1.765003657125209e-8
6.18538563541759e-10
3.39734488091199e-11
2.080489427351371e-8
1.4495980792270616e-8
8.781716945879877e-9
1.0048765843783456e-9
4.0984710237691934e-11
9.464824884731639e-12
2.3123423289066645e-12
