2.244641226322962e-15
4.471121884310825e-14
7.462206619119983e-13
2.7814308732496453e-10
2.2838180730765502e-11
3.9789702032722676e-10
2.6702053977720936e-13
1.3536938636092763e-12
2.7269664474780617e-10
4.765506768412837e-10
8.859591551275189e-9
1.7994745440950096e-11
1.2699505465332971e-10
1.6063843901790717e-9
1.298574607911387e-8
9.793988480986238e-10
1.3245505149031583e-8
8.52630289763217e-8
4.2164224488547193e-7
3.0901179040261136e-6
3.793904155527985e-7
1.9913950841180484e-12
2.991359144587515e-11
3.853075687140411e-10
1.1784338134251711e-9
3.766426430427978e-9
8.869741934484991e-10
1.483483549869417e-9
1.341364254940676e-8
1.0508168523591258e-7
2.5487194158266102e-8
2.3267154854680366e-7
3.2858783043511947e-7
1.2520386103248654e-6
6.246287841692908e-6
4.713191410480019e-7
2.453172326539388e-9
8.698964127112472e-9
1.1108236284929276e-7
1.60607533138161e-6
7.481917712697557e-8
1.3685471070580442e-6
4.200836329690577e-6
1.667717198315637e-5
8.653484709617734e-5
1.4321249967465267e-5
9.589304432131275e-8
6.529010436524831e-7
1.1198864684011342e-5
1.477602175195095e-5
0.0001988483688137854
3.626036982459567e-5
8.657801202633139e-7
9.183000028568073e-6
8.040200036201553e-7
1.0127093404792682e-7
1.3194692565750594e-11
3.015705267885492e-10
4.250552839670223e-9
8.433577831342971e-9
1.4177720226018476e-7
4.477703568823307e-9
1.2803651391376036e-8
1.7289709486579432e-7
7.69338562170402e-7
1.0863610965033331e-7
2.6827585737701223e-6
5.785409122980547e-6
3.3364703436015317e-6
5.6127561724259236e-5
1.4607462726623408e-6
4.439624948979535e-8
2.946161270235302e-7
2.6483097620752383e-6
1.4993810696780018e-5
4.421307997297788e-6
7.614590303211475e-5
6.67401030096738e-5
0.0001296481285812439
0.001000003968354219
8.5472979846483e-5
3.068249711923126e-6
1.935463087002689e-5
0.0003544344399677654
0.0001373777152735277
0.003744140036168539
0.00018941645913011677
3.358326950781519e-5
0.0009462411634015053
4.7670041506796944e-5
8.150916374820009e-7
3.339124739405761e-7
4.11128765566175e-7
2.687569040636006e-6
7.403897242879185e-6
8.054742667372728e-7
3.726742409909799e-5
0.00033415030671890957
6.769037092269775e-5
0.0009216426825744857
7.700658366255796e-5
4.9907180072177e-6
0.00017559886949096377
0.001099625655333625
0.0056311732053788525
0.03404431519696985
0.007017785753286014
0.00032699868656162483
0.0012490716981754918
0.0001804523676764954
3.6908137588879756e-5
7.571945417735116e-7
1.0537433807845592e-5
5.90545305477071e-5
5.008705938650879e-5
0.0007794641991583875
8.269660867679038e-5
6.203125914662814e-5
0.0007155258962115609
9.863329975353923e-5
1.5048776030981216e-5
1.7327488739776847e-6
8.594969288718351e-6
1.4743158069874892e-6
4.977764379381709e-7
4.046514966846793e-7
2.0708165308771063e-10
4.176548717247062e-9
1.2318877751480982e-8
7.306793938333316e-8
2.3477092211533196e-6
6.222557690833152e-9
8.853143914254505e-8
4.6575352890690043e-7
8.187819986075757e-6
1.6064501075415873e-6
3.731359331171234e-6
0.0001182140461531606
9.739009248464451e-6
0.0002598484638081031
8.727216998691971e-6
8.464145116266898e-8
7.669585273542973e-7
6.8489021465334755e-6
6.399059546808726e-5
1.0223977232631556e-5
5.460398753075151e-5
0.0010412060133892784
0.00031468127690775777
0.003755654237865184
0.0006584260474277591
1.1582104488567921e-5
0.00026429820579355407
0.0010036246189539901
0.0009733859048421096
0.04458614802555963
0.001279671908067426
4.931162358722527e-5
0.0008200795321174684
0.001037439085924581
9.461925357908315e-6
1.0602856218444096e-6
6.965176489904445e-6
0.00012921918271050926
0.00027069441813997564
4.5914605223455304e-5
0.0007041463078792255
0.004092381282217977
0.0007397160618392659
0.04533804955788825
0.0007576376022776868
0.0002517773434297282
0.0035709839420576773
0.04463789182761477
0.0323013738048464
0.47457197761097775
0.033572603475362
0.0036906467378578487
0.044223916912114206
0.0039032509790991755
0.00020696373240608153
5.483774029576869e-5
0.0008468548174295674
0.004022627030413002
0.0007368098948890669
0.046472621125044286
0.0009666728159578305
0.00045343520767206826
0.0041533571694021935
0.0010934995489136753
8.337663262642323e-5
5.2210789177886414e-5
0.00026447407121266034
5.598405261778248e-5
8.85848484974699e-6
2.721450361364964e-6
4.3351081823004443e-7
2.6021400469554945e-6
1.689894794665627e-5
4.791672102879803e-5
5.2352542742263996e-5
6.342258379505672e-5
0.0005536311194387865
6.138894007405113e-5
0.004021178928658876
5.556102886063081e-5
1.1867952266910023e-5
0.0003742383032721506
0.0009340714932677481
0.001315251937059945
0.04624730944831396
0.0010864257768839123
6.224302461849773e-5
0.0009349336926141635
0.00037297811446705264
1.039364885948785e-5
1.1079294315572217e-5
7.443504184164145e-5
0.0008062002454012597
0.00046666911996768305
0.004010845566890748
0.0003146345871917345
7.842131985303829e-5
0.0009432664197288678
6.39346257325245e-5
3.998485325348129e-6
2.5372932951447247e-5
0.00012457001633128955
5.939542021869189e-6
3.7454728665575833e-7
8.63010510501032e-8
2.6675264333466223e-6
1.060637914613775e-5
7.490241832813833e-5
1.0067683535189925e-5
0.0002989112808102642
7.506041593473176e-6
3.9551480246300966e-5
5.768920721986911e-5
1.1500132796535904e-5
1.4586033013898203e-6
3.0101096913754023e-6
7.987292063506241e-6
7.137934179940205e-7
1.2720381112773461e-7
1.5955918075796056e-8
4.450832276578187e-7
2.1405082248154724e-6
1.164466845378673e-7
3.7176648022064555e-9
1.0109092462265588e-8
4.50699947907292e-10
4.096218400169071e-11
5.238958207771036e-10
5.1441172485965644e-8
5.288388725470263e-8
5.574478726794991e-7
2.889236235705799e-9
4.405416386966736e-8
2.6353890570144407e-7
2.8866385475519044e-6
9.520532524464469e-8
3.451509794156102e-6
2.8730880274711763e-5
5.750387939123326e-6
4.972058775849538e-5
1.5366686955305241e-6
5.1439592456555885e-8
7.085240842726828e-8
2.5032585260489292e-6
5.783735398845216e-5
7.052039365688122e-7
1.5278538387828428e-5
8.090424153968849e-5
0.00018692495514964242
0.00045470955576141765
5.775408648991788e-5
4.0867502527522984e-7
1.1470329523407291e-5
5.8567678175429154e-5
0.00022309910532788876
0.003257729500009235
0.000326776269695895
6.512134222215207e-6
4.8323432242146946e-5
3.6552783027051116e-5
8.369465833558839e-7
1.9661791068631799e-7
5.475260126597386e-7
8.229509903457923e-6
1.231567950322632e-5
1.2181523887728256e-6
5.9710394348631524e-5
0.0005022145896021349
8.081757182508144e-5
0.0007637128346171377
5.103400176792758e-5
9.374040103081389e-6
0.0002605130356523495
0.0012902734606203628
0.007710789967276409
0.03401420756820375
0.005679548153300953
0.00025577221726761734
0.00103734207255506
0.00013828161358381367
1.4320769365923976e-5
1.3651967110820717e-6
1.931096428034512e-5
6.19857359730507e-5
8.084338851513793e-5
0.0007743584518547775
6.939445453759754e-5
0.00017696758364806433
0.0003467155908329633
0.00012766801297730843
1.3550553856888884e-5
5.563338595625604e-6
1.0671031581300517e-5
3.5705236333975367e-6
1.4910951063520447e-6
4.510018702937643e-7
1.0645195144115768e-7
1.1355235689362625e-6
0.00016733738022255333
1.549429717167226e-5
2.128952749934694e-6
0.00019507778351308489
8.262152460681515e-5
1.8633134485831413e-5
0.0007954154023174394
1.1373487472206965e-5
2.1472649698719396e-6
9.959936461355583e-5
0.00043102978923880905
0.00026252551938799854
0.004048309968187207
0.00018054927957990668
1.3069428538211012e-5
0.0003051859019759618
1.9748535671816062e-5
6.415586033848989e-7
3.0538910715718624e-6
0.00017130632540144958
6.834114119222457e-5
5.6830476761654776e-5
0.0007017668329957332
3.468543466252247e-5
1.4192955806135249e-5
5.540308614966109e-5
7.859724348455169e-5
1.2870378634493596e-6
4.15079821942275e-6
5.2620776133718085e-6
3.1949676733531766e-6
2.5525135585751176e-7
1.328557179700491e-8
2.5300426675989647e-6
0.0001425818628229776
1.747848194803132e-5
7.660745934277469e-6
0.00012118064935368562
2.624272637976461e-6
2.0538209201492546e-6
6.7690213174404775e-6
2.963426456227881e-6
1.0758033958942381e-7
2.4222694296227675e-7
5.542402805813743e-7
2.0363520634089033e-7
1.5968564402256607e-8
1.8404073806187766e-9
6.90557921232776e-8
9.772792396641001e-8
1.0340044325292976e-8
1.1986003893000708e-9
5.948983895856812e-10
2.6950151552127024e-11
4.806980539976041e-8
2.6674557931861815e-7
2.537269766723307e-6
2.4233105068287086e-6
2.4270020073102465e-7
3.2996532382632065e-6
1.0258609690703857e-5
1.3657137884861638e-6
5.6757815461771715e-5
8.274320184906001e-7
6.06852831899101e-8
2.0409546104646394e-6
1.4482008692669658e-5
9.988254365439243e-6
0.0002776448600028626
5.229998379843412e-6
4.418520108561677e-7
1.2776819890683845e-5
6.120287922225374e-6
1.0939470474429629e-7
2.6684937470312236e-7
2.047726217166985e-6
6.85782855408622e-5
1.3477651134404012e-6
5.3520748506220366e-5
9.273919779061007e-7
9.942954861007832e-7
1.391032812816008e-5
4.366726190754276e-6
7.985483702997941e-8
1.2091376237478283e-7
1.79549716503268e-6
1.19522841785497e-7
2.3449767700897744e-8
9.099789013764115e-10
3.246190947736344e-7
1.0445674261990427e-6
3.6981044468600875e-6
5.235279840403328e-7
8.193666483084797e-6
4.2272127427580216e-7
7.063559047075707e-8
9.325484983126532e-7
3.2045784391900926e-7
8.226911992767707e-9
5.256894335545024e-8
9.623234899083135e-8
1.5323858243415286e-8
1.702653074194287e-9
1.4109390731031395e-10
7.686885476574787e-8
1.672411343094956e-8
4.2470296832982964e-9
5.231425943198703e-10
4.3761183836216717e-10
1.7067686014860584e-10
6.599251146726165e-8
9.91750430950754e-8
3.812212749617938e-7
1.4432694900251047e-7
1.008798061759436e-6
2.2610515490460276e-7
3.129665467553588e-8
7.038353662026017e-8
3.2353874029351855e-8
1.7908413090898052e-9
2.193266925220282e-9
5.880184465114609e-9
4.823135252319044e-9
7.74990533144739e-10
1.5859568297598065e-11
6.784631807517073e-10
4.692453284387983e-9
3.663544884840781e-10
3.0246062142963674e-11
1.6478280458649602e-12
4.807941221633008e-13
5.4922883032649923e-11
2.4139249253783645e-10
1.453777002513525e-11
1.9893115339613054e-12
2.324236342943357e-13
3.59798705340693e-14
1.8207581657466434e-15
