4.835885200415132e-11
4.0330607530126343e-10
2.779827369629801e-9
1.7445387067501057e-7
6.870714548181647e-9
1.2689900264328196e-7
5.732668299026051e-9
1.4890277380047681e-8
3.450326143226288e-7
7.036654959216185e-8
4.38295563555974e-7
3.9416685994280795e-7
1.617013987633767e-7
4.2980188658527934e-7
8.177537020747939e-6
1.2863475014715118e-6
2.8200001814458796e-6
1.4217484802437407e-5
1.902036628277844e-6
9.88071398074748e-5
3.242665542093585e-6
1.2154673203691825e-7
2.9672915779208856e-7
1.6949547801939906e-6
1.107919370996749e-6
2.3009678975864325e-5
1.238874233959553e-5
2.480966675182986e-6
6.80484831667689e-6
1.0807931763692757e-5
4.887799109179537e-6
1.8195047053658168e-5
3.1678990493207375e-5
2.3805437282914865e-5
0.000887198106608975
2.3452619701998398e-5
0.00010870700924611753
9.488709596129338e-6
5.613379242059632e-5
7.89936738864769e-5
9.1069823709463e-6
8.778941150803298e-5
0.00012029362742892378
0.0003980151383518353
0.0009100755321677297
0.0003007435694117548
1.2124087928621548e-5
5.9945154779262936e-5
0.0001105968730780442
0.0001273685692581328
0.0013893169576326772
0.000558961358114437
1.6460230241338434e-5
4.937371581714486e-5
3.039160409850175e-5
9.818967348258708e-6
3.2988103169504545e-7
1.751344120331496e-6
5.662555863593869e-6
9.87831923752597e-6
0.0003669114642995686
1.5086971930689455e-5
2.578974065272673e-5
3.586956364457216e-5
4.8076231158689614e-5
2.721174632506049e-5
8.816713587790578e-5
0.0003302160517893824
6.785463918831097e-5
0.0005812777461356764
2.1120685932263647e-5
9.11621825144421e-5
3.314267771635028e-5
0.00018104797005839994
0.0003027542633521603
0.00026438824449348465
0.0014777688842475111
0.0006475380266153849
0.0016677743695017963
0.00502643042289214
0.00042392456062378004
0.00022523425595460833
0.00041248048300028295
0.0014781592706145188
0.0006945204936883262
0.007889745846549332
0.0010169260598936723
0.0004933520461347856
0.0009787947299722992
0.00015904647290874147
2.8546006101468412e-5
5.714974926681364e-5
0.00015641785166527338
0.00011560342600877151
0.00017701059514513718
5.500627284886984e-5
0.0005226369021377604
0.0010330799982173461
0.0003006926417487616
0.0023144075876718032
0.0003640969397270035
9.005993136549731e-5
0.000573301443973594
0.0025979364180906336
0.00567176731513357
0.0371743114965773
0.012282331098041534
0.001737502597124243
0.0039019082643851274
0.0009916878407126544
0.0006494511694394179
5.186806120724181e-5
0.0001255930261326169
0.0004052229958970376
0.00020010461077966124
0.0021343851843157917
0.000350883330370641
0.00017046746751533018
0.000605745791924394
0.0003978582667077515
0.00026113849850020325
2.5665311813991337e-5
4.920205403062825e-5
1.97098268700098e-5
2.617131101370127e-5
3.701380134612516e-6
1.3230579226971065e-7
5.907774386915479e-7
4.141984391109022e-6
1.6357269414271765e-5
2.502348930833519e-5
8.181567872406342e-6
1.146781364053556e-5
3.759876298627999e-5
0.0005133287656973501
0.00011555809797394916
0.00011697125776139163
0.0014132570679480261
9.033255395510615e-5
0.0014341846833679577
4.877880887697219e-5
8.076143354843497e-5
4.6978702266473675e-5
0.0001494096903958051
0.00042032531556709517
0.0004250938570955305
0.000604898255609029
0.00460205922555699
0.0013007361392900262
0.006812114123485214
0.0006388918282722382
0.00023745024935867157
0.0009647282980678269
0.0026931164088853164
0.002225612077708588
0.04567133432611253
0.004156293861006315
0.00043459588587317047
0.002192684387199015
0.0008817488702895294
4.951334471272055e-5
2.581777776949271e-5
0.0001314199151802622
0.0006533038940572711
0.001538808050133817
0.0006695251848968532
0.004312211625620346
0.007047895782431681
0.002559547916927035
0.04578219320817974
0.002107860789248239
0.001818951820062542
0.0065236868207784295
0.04262140173211859
0.02720684183118854
0.2762119790608897
0.03587153585707713
0.0077244172379312345
0.04367534381127205
0.007447362234249235
0.001420068380040878
0.0010502629252876136
0.0033544761988613648
0.009584262789505473
0.002058524348090649
0.046818100231877983
0.002306087036264765
0.002057248150226103
0.00672035089425712
0.004960268645863489
0.0009128558822586895
0.0007396929616001033
0.001443879341169121
0.0005355109178743588
0.0011548137180659246
0.0001299399306045021
2.0989577558561217e-5
5.281655134083889e-5
0.00038012462893860337
0.0008438903016527312
0.00025145913387053666
0.0007018214936252988
0.002779375023164327
0.00044086325191700743
0.008903050467927552
0.0003930861641953161
0.00010347207853758404
0.0007420060347314376
0.002418504473906439
0.0033033612125352415
0.04346848250302813
0.0026665111494365706
0.0004689711555800561
0.00260851506312852
0.0014756561403332163
0.00011473687240411169
0.0001944433039506286
0.000380460864983572
0.0026089950041310837
0.0005245247915803208
0.00714252018399069
0.0009669988985739242
0.0006160623147567582
0.0045195708372527425
0.0006257676995467449
0.00011244223378216354
0.00039538774322058585
0.001298581933599569
0.00027316082731939566
3.305198141934079e-5
1.3488731824563936e-5
0.0002497892362763956
0.00023659690436672617
0.0007656118693752018
8.644362552468191e-5
0.0014202326682615188
0.0001606739095596448
0.0001445464706489258
0.00040513107010162327
0.0002886714406602873
8.114546970732909e-5
0.00010739944571737403
0.00043306797764899874
4.1367417964447644e-5
1.073307880916351e-5
8.78131226967161e-6
2.38089839320276e-5
1.923693634047606e-5
0.00031400272455798866
1.9559131143583254e-5
3.8032826850973986e-7
9.216034265773912e-8
1.1632827084298393e-7
2.466986297858048e-7
3.838360956671339e-6
1.704129538577723e-5
2.7355290230319786e-5
2.5150024602280624e-6
5.831760733042285e-6
2.6739524944624186e-5
0.00013068112108620148
1.3909080075838144e-5
0.00014538405240763225
0.00040019676116997646
6.566278575465173e-5
0.0007215124019019743
2.5798790787319497e-5
2.5578973677342388e-5
6.150787768066912e-6
0.00013396688090083804
0.0001629415868112542
2.9851505446080405e-5
0.00028683347817797623
0.0005785273817957387
0.0006328874711217882
0.0021627995938959146
0.00017273780066794916
3.213735459470343e-5
0.00017860289071912203
0.00045460121888528745
0.0009965105493176182
0.007923563763740999
0.001603355118890018
0.00017936733604740084
0.0004329024802448152
0.0005571019234879688
1.5568512242811167e-5
3.152390592519299e-5
2.768712947606943e-5
0.00012786186068332645
0.00010123745002638364
3.700451984813828e-5
0.00036523746859952515
0.000478419160118727
0.0003219621193745778
0.00208133411958181
0.00020555337177710672
0.00020450803841260196
0.0009682644466988145
0.003293208873306303
0.008915539789599757
0.029040425799832636
0.0059386241891381366
0.0009836274617889096
0.0022180427741240317
0.0006824242011800257
0.00013047631569977936
9.994300002260831e-5
0.00024927828422195047
0.00046519312641299637
0.0003235420556281101
0.002513112253323406
0.0003014677586691431
0.0007063470737721019
0.0012589238100421474
0.001727634808562504
0.00043413459628508595
7.179293154416862e-5
9.939855968638986e-5
7.150979660599938e-5
3.057186533436172e-5
2.5480628911333615e-6
1.2190602116394547e-5
5.559442693948617e-5
0.0006552240168842638
0.00024116275218019146
2.8671203238633504e-5
0.00039235148990572583
0.0003412813586100504
0.0002498122904793058
0.003166500509415504
0.00011620551522171955
0.00010243762940989883
0.0005250169223632744
0.0007143545098793366
0.0009399273771940089
0.006671357106365068
0.0005608527555564603
0.0001743847915514573
0.000997150156476731
0.0004514962879035147
6.000336862275656e-5
0.00013344499148537186
0.00041876968718875494
0.0008934503985652363
0.0003683532247341986
0.004061887960959832
0.00047502387221385787
0.00028825736934702
0.0006473749803358443
0.0017704551879882987
0.0001071412950116577
0.00013611880061524604
0.00012301834980771293
9.517055615827271e-5
2.0334052585777714e-5
3.1091270411152636e-6
0.00015794733522055427
0.0006417405877108973
0.0006111760401779154
0.00013238586180115765
0.0006578993973431199
0.00012514767866544045
0.00016166125321629934
0.00014670198248164056
0.00020408216207163824
5.3700565931451113e-5
2.8073555932196054e-5
3.548848162783097e-5
4.1692231206979275e-5
7.269430343722219e-6
4.811553606136582e-7
1.895580318695257e-5
1.6860756945399374e-5
9.830083172273978e-6
1.2005743668517522e-6
8.18811815000496e-8
6.344207078567809e-9
4.85273832102184e-5
1.506068353020694e-5
0.00012764426563578935
0.00024658496863139595
9.641531138453045e-6
0.00012222323936117105
0.00017233043202028185
9.316302230462629e-5
0.0009179994391032558
4.724893530679783e-5
3.510506514436304e-6
7.607745550053885e-5
0.00011229065865528285
0.00018992767655017344
0.001667378117978028
8.578927804211626e-5
3.140668260989837e-5
0.0002441568875831163
0.0002509692919453261
1.2375564969892183e-5
9.366965414774825e-6
2.5904891597423754e-5
0.0002623382174250155
3.558584979559584e-5
0.0006953899008339703
5.5861090416670623e-5
2.8004387501703503e-5
0.0004925991975844289
0.0002907636544358393
8.966498782234572e-6
1.3204490055733866e-5
0.00011994502147684167
2.589730452281344e-5
4.876080661032542e-6
1.1962325422728778e-6
1.553541342629628e-5
4.6948043823307815e-5
5.474304754254745e-5
2.9327971608057484e-5
0.00012419159596606621
0.00016062280891521044
6.255091596239672e-6
5.168084952150178e-5
3.3056384210011215e-5
1.1268355971607838e-5
5.114906824804143e-6
1.110938963708553e-5
2.8592249331577716e-5
2.9273622012128536e-6
1.8105833062691445e-7
3.7741076610855467e-6
3.827353498577721e-6
6.1454544191765545e-6
1.7521986893258321e-6
4.0949749087189544e-7
1.4109744733667613e-7
3.956685741118088e-5
1.173048572192924e-5
2.0963547372827927e-5
2.8875397603080763e-5
2.239286731585311e-5
5.145431340741943e-5
2.737689330720945e-5
7.727309257118075e-5
9.335121508633817e-5
0.0001315391154738288
2.6876251086518434e-6
8.597686316377206e-6
1.4541025577035858e-5
1.4829480929848007e-5
4.768402550980892e-7
2.2439290924930885e-7
5.964545936770879e-7
1.7039373466921003e-6
3.3348024493099517e-7
1.760177829164808e-8
2.682294719807621e-9
1.1834166252700885e-7
1.330498817461162e-7
2.760411194499933e-7
1.1707437997447824e-7
6.3007031274642345e-9
4.3253661049581235e-10
5.100784006137801e-11
