2.670829630459107e-8
1.9295490892307157e-6
3.1915535743259565e-6
5.321951696199169e-6
1.6340301346517904e-6
5.374349863336651e-6
2.4290862496370405e-5
9.033373096982859e-5
0.0001803010472047082
5.691356734284688e-5
0.00014427546216164394
5.674355792785618e-5
0.00017255726628540724
7.113156282651703e-5
0.0002884862411082579
0.00013806644946974178
0.00010805300752428846
0.00033571493461720956
2.3770993997063008e-5
0.00019614809674402083
0.0001931029502870329
8.691946979627857e-5
0.00038460643710606777
0.00086405949029962
0.0004200382531774721
0.0004921030149691246
0.00045445881154853863
0.0013311161369732555
0.0009256120207570931
0.0019414151320807863
0.0010960417143064678
0.0014029285609542018
0.002642417999512613
0.0005154279228975684
0.0017430413304325735
0.001352566624591817
0.00017315591968377237
0.0006656988280467145
0.0006403599418482467
0.001752268975081184
0.0010177852845152215
0.0012150136412751207
0.0035849661027854635
0.0004956345459264536
0.002516864440063902
0.0025360939212822485
0.0004448781962082998
0.0010339425829776832
0.003015538149303501
0.0005278387799085179
0.002520481241869373
0.0027567857735906086
0.00011523553587985169
0.0007765680128583684
0.001400595320096276
0.0005750346138169543
8.35801528621759e-5
0.0005490818990424592
0.0011599586259742026
0.001093174962253167
0.0006456507257761398
0.0007622810314361336
0.002916501933400553
0.0026181672232594593
0.002386303452028361
0.002211087495691015
0.003652054692311854
0.003968740494844196
0.002221689386702586
0.002839227286118251
0.0015024995814072644
0.0005540216183852108
0.0021901785351474707
0.0025829727574940347
0.004275072260214768
0.002784927080660112
0.005450753174088626
0.007139814567303506
0.0032837834040650004
0.006613175165993227
0.004737743667742362
0.001557404388583271
0.00532218635831449
0.006379636352443234
0.003335029901071623
0.007568956449111147
0.0065238103269655515
0.00158162265991311
0.004002079614233625
0.004488555278446323
0.0013539762340807984
0.0001098199321210668
0.0007427619406316084
0.0008659609076197951
0.001980833338116395
0.0014829711865378395
0.002520873391953721
0.0053559511898418075
0.0020369159381073195
0.004815047284579641
0.0057030396579834655
0.0011484443860322391
0.002760872744809511
0.006957897106230338
0.0027646321643464856
0.010331954005958604
0.007386622232558682
0.0010749752461777415
0.0042835581293512795
0.0064220397376754034
0.0027277974293528962
0.00033006334303526373
0.0016179492319964813
0.002626095960678828
0.0022901023954439454
0.00544131280937064
0.005700887337308757
0.0009684870970846914
0.0033783877001841356
0.004576582064605469
0.0025620944097562836
0.00015500743569738212
0.0008061762482738061
0.0014808917700087324
0.001359762473684238
0.00020106793122750942
1.865150148330364e-5
0.00024508436027815373
0.0004935361792740167
0.0006414614208526441
0.00022875142139062952
0.00045021963284206843
0.0018372699373479901
0.0023024001691188158
0.0014124198209434428
0.001849419777057125
0.0037654955177801935
0.00253446450195355
0.0026314739323365396
0.00229114542582181
0.0007918981556004121
0.000505196698803003
0.0023606194742755203
0.00342808639668674
0.003186469883621214
0.0034187466284287815
0.005634863984364767
0.006805918135600438
0.0046934661809252785
0.0057725467175982585
0.0034230163832542964
0.001473519626189002
0.005513898090616386
0.0046916340776370176
0.0057355324677342175
0.008272919121670625
0.004315719223413203
0.0033993519805756863
0.005028391437984838
0.004027178034725143
0.0007964278718138628
0.00019639197408412987
0.0011859192030394268
0.001917314828717976
0.0025571260477307055
0.0025661495247494685
0.00556276827911938
0.007016748509277165
0.004311151531332452
0.009174218348650372
0.005395929814453275
0.002082142403928906
0.006136665922551608
0.010020765059503214
0.007917838129240375
0.034561054621016794
0.010473903776879342
0.003671184991312929
0.008346540102366682
0.007491951628571822
0.0024815103437594715
0.0006642138030251415
0.002941876103520126
0.00420828616491335
0.0046958543697434
0.009334115120963873
0.004876414778724125
0.00256625466055495
0.005822816432799845
0.006406011047169566
0.0024959041983062457
0.0007100327561830249
0.0023142992582988486
0.002802546018218153
0.0016174658292129624
0.00018308944910662542
1.7042368206829525e-5
0.0002765926900593437
0.00040907370496789193
0.0006578917110721432
0.0007543842674172528
0.00247065937642442
0.0035201643131213124
0.0020119264496313706
0.004173720325230334
0.002547539072025639
0.0008558543242835618
0.0030022884656262013
0.0049730778488843224
0.0037722880271625916
0.010025893659557947
0.007276515659430792
0.001737588597391382
0.004670490815660094
0.006203572890720015
0.0028279144800331477
0.00041468967377982955
0.0018423812873529075
0.0036270688831775283
0.003243694428647131
0.006912715362383623
0.005379147530690772
0.0020880996535199156
0.006748551548971426
0.007325149270030809
0.003669597565435952
0.00047655461894910173
0.0025675642229933174
0.003900052947965084
0.0025140974112509286
0.00031681292210713455
4.509922495204103e-5
0.0004595426522639121
0.0006745436164840411
0.00107291372963936
0.0026184434972011577
0.0019597628305901074
0.0009277503178061126
0.003176992691679359
0.004173387746625931
0.0017778534258882782
0.0003199947310687056
0.0014272759376539408
0.0024221812436585138
0.0019656535760770527
0.0002903704678527696
1.878362014404083e-5
0.0002339608418571213
0.0006574789296950396
0.0004967875109952076
0.00014153301754160177
5.1116456282041165e-6
8.897813958916013e-7
2.8282138945756723e-5
3.5230815817300365e-5
5.698444753218183e-5
1.8587630829896753e-5
0.00014141383636305033
0.00035801029419137246
0.0007506324552928311
0.0003142196167685272
0.00036884224420180616
0.0009900255111255497
0.0004588134387323249
0.0008921324168139818
0.0007023189934755728
0.00014978786363111413
0.0002082648474944415
0.0009211011644173225
0.002216370245730219
0.0009241270672766746
0.001709521356673882
0.0028466137295760133
0.002019606451630397
0.003629998407499273
0.0025662798357948312
0.0009752782278925916
0.0006239092090011142
0.0029238211100524646
0.0016947405050859144
0.003150969591767016
0.003717358812966051
0.001077697981233724
0.002415662346366688
0.0035098904638810047
0.0015859897460532148
0.00011622944892800098
0.0001054974606876875
0.0006402165066140467
0.001989105131978867
0.0010806215008513722
0.0015861638902111889
0.0036284321509191747
0.0032556730877782367
0.0037070241800018096
0.004832956269954109
0.0022813889173483766
0.001111257558940689
0.00442436018822893
0.003715172571045184
0.007767577653270149
0.007834614221915172
0.0027342982628901437
0.003355820637058914
0.005719780494145053
0.003338871935720574
0.0005304848985610179
0.00031303119750912865
0.0027012506588129244
0.001950159769462517
0.0037863601631275053
0.004335079766584746
0.002052155837830501
0.0036483253452723454
0.00464539072963818
0.0032176443671508366
0.0004976824128917608
0.0009210060254804061
0.002636352469711771
0.0021285420976318594
0.000505703669109357
2.328745118886011e-5
1.8416000213288423e-5
0.00024414541971717733
0.0005154609811271654
0.00045853574061776995
0.0006411785323874514
0.001972543913105602
0.0018227539115645709
0.0027744416808179865
0.0030014214250175327
0.0015472854241349928
0.000827817154909627
0.0036359116475825405
0.0029073937631380895
0.004525190827230038
0.0061406295375607475
0.00280643095011786
0.0029407770133144666
0.005374015113009936
0.005259260083391167
0.0010167063905388658
0.0003861892019431564
0.0019977327205191893
0.002394235456581437
0.0036231202268036857
0.005453329366673673
0.0025203835218791945
0.002816694502406302
0.005619746536022858
0.005501103944977154
0.0012151343531860816
0.0009776183218935756
0.003764241229742833
0.003763263312663955
0.0014085245451815535
0.00010433650665147076
3.932919517854578e-5
0.0005181974297483811
0.0004228658095764422
0.0019209174974642409
0.0018722966511562358
0.0008833621030178455
0.0021900584318795685
0.003424825955645068
0.002621346653918692
0.0006614082793621117
0.0007517049818295457
0.00225027902311179
0.0026395666732016315
0.0009305028335481263
7.204680070177816e-5
5.854835257675758e-5
0.0006760261783198549
0.0011238488821174381
0.0004284411423681302
5.491412008710345e-5
1.4990285374732848e-6
6.338754828348123e-7
1.790108487905684e-5
3.925468395878144e-5
4.482423161782162e-5
8.690771917638287e-5
0.00037022087721999113
0.00042188697289784595
0.00030140573335973945
0.0006645245464215685
0.00032671261469770165
0.00013068780797590002
0.0008103417952661781
0.0008665745868425571
0.001156462075594811
0.0020247947757291137
0.00113031980140613
0.0006374955454146033
0.0014352283197715974
0.0014882666150995017
0.00042716448215045466
8.604239001272486e-5
0.0006391071778804584
0.0007495533724715446
0.0016266800993441765
0.002458216000824837
0.0014975698090247958
0.0017222316708674025
0.0033923670181077482
0.0026933782293260032
0.000990448327958803
0.0003712028580110316
0.0018170704934774397
0.0022759434727141047
0.00108998804961472
0.00013780891420167747
1.7945640085209718e-5
0.00024679933612511366
0.0002780372202047047
0.0006479270242038706
0.0011642059848523305
0.0007656565092076578
0.0009508013610876837
0.002352050834359383
0.0021924390130731793
0.0006672448452503226
0.0003739066753548081
0.0018675519368603793
0.0029012323316049663
0.001301261780495061
0.00017290896790938862
3.6063484488371544e-5
0.0005037263814624666
0.001161386255098502
0.0008438350401333332
0.0001772772592729865
5.294856449873855e-6
6.49985566773516e-7
1.871852576834271e-5
1.7215167385318483e-5
0.00010573816603571477
0.0002012992977489575
0.00011890092526211835
0.00020691934940686964
0.0004954751274241244
0.0005538357107523381
0.00017124722821634117
0.00013870828754463372
0.000453876201828211
0.0007445686948142683
0.00043567760547377017
5.6761040893447964e-5
2.8774532612434007e-5
0.00025331908618925273
0.0005508380680779411
0.00038300413881696475
9.148453721378189e-5
3.2301739922439287e-6
9.266056054111678e-7
1.9218005093342392e-5
8.425653822284456e-5
8.64096419558995e-5
2.3295851029747453e-5
1.7672163089905308e-6
2.3883788388894395e-8
