6.716038471249309e-15
3.073538869701081e-14
7.071766256843473e-14
1.340777286099223e-12
3.6740874315570755e-12
7.498616224707374e-11
1.2571916172374407e-13
4.576439560359626e-13
1.8164233069475684e-11
3.9921273703964546e-11
8.087041899824756e-10
5.715111607209091e-12
3.99458268980401e-11
9.224274222102448e-10
1.7151642345454674e-8
5.111249703221239e-10
7.866686399004504e-9
5.192285395742238e-8
2.971694730364664e-7
2.4394164511604504e-6
2.9200121149670305e-7
1.6177485435144993e-12
1.149809503669233e-11
8.417083535748527e-11
1.1123426965988094e-9
1.4731421233904997e-9
5.368264298504536e-10
1.7369949777082358e-9
9.418901935556144e-9
2.7221142360213524e-8
2.88450613817055e-8
1.7840792573074894e-7
2.3454645913041794e-7
1.5364880737050207e-6
6.391808955369173e-6
4.7625156892148234e-7
7.659213975618514e-9
4.9806010015796456e-9
5.97798111748044e-8
3.874595283302111e-7
1.1700719558692996e-7
1.5112106945919086e-6
3.86727087995038e-6
1.2584858507296815e-5
6.269622231017688e-5
1.1570485493001154e-5
5.571822120837622e-8
5.670338052536081e-7
7.857325667672596e-6
1.5164761776356997e-5
0.0001793623184183515
3.13307377655119e-5
6.894984254791713e-7
7.999356544317881e-6
5.400316148156138e-7
6.746898551047743e-8
1.2132175384742836e-11
1.0718902282235912e-10
1.1449270566848723e-9
8.997002747642113e-9
7.18493466320958e-8
3.222284171440307e-9
2.2046379152623058e-8
1.2517314178098787e-7
3.6890296030160113e-7
1.0665915363610379e-7
1.582405331794643e-6
4.210094501717331e-6
2.2667884466076185e-6
4.33345428458854e-5
1.1622127908715786e-6
6.967209806327848e-8
7.98081339764039e-7
3.5642873341552526e-6
2.7217144681898295e-6
1.5962859398482276e-5
0.00018821532807867153
5.080391269505327e-5
8.537994251553788e-5
0.0007120962556025159
8.869908311613366e-5
3.067195117875615e-6
2.0718938361746257e-5
0.0002865015050872501
0.0001142568951813583
0.0038084669551820207
0.0001498797972824577
2.660158514785374e-5
0.0009933836191807059
3.672644336017641e-5
5.357293348282675e-7
2.202857227938358e-7
2.630669683670504e-7
1.988081827078825e-6
5.713333172838321e-6
8.670327253802848e-7
3.0695822723181516e-5
0.00028453025344046584
6.632878596744455e-5
0.0008410188943499726
6.617164285536172e-5
3.843703572890737e-6
0.00016298692290676086
0.000995448612014145
0.005703003156488823
0.033452445598213455
0.007583992102386743
0.00026643911066385654
0.001073672709424613
0.0001810067721761164
3.354214819855974e-5
5.466021175671065e-7
7.668302619956472e-6
4.2735964490783846e-5
4.697957796703177e-5
0.0006854144574603317
6.277811169294896e-5
5.7019114144586074e-5
0.0009842846221908416
0.00011310524861374515
1.1738095970713898e-5
1.1988611136030414e-6
7.801534468213451e-6
1.3484922942839575e-6
4.2243654906231356e-7
2.3466689355404886e-7
1.0273977290130929e-10
7.284017332856534e-10
1.3014266109712841e-8
4.3686623856280246e-8
1.6815839003012451e-6
6.0848458233787786e-9
3.29934784188127e-8
2.73693188191396e-7
7.271458318030258e-6
4.0233233540898946e-7
3.45431035575785e-6
9.086596092836512e-5
8.40018064642633e-6
0.0002328969481013746
7.098616695487035e-6
1.6758152622967317e-7
3.1783255253064383e-7
4.2193858439538686e-6
4.57676062644412e-5
3.541507719879952e-6
6.251245514408216e-5
0.0008598413031545932
0.00039598241463503563
0.004038618523904904
0.0007522205729664415
9.254331298893763e-6
0.0003286611350146968
0.0008582447786911143
0.0009022837602397131
0.044028345865350246
0.0011029336334823464
3.9653345054638286e-5
0.0007856931023996635
0.0015615993961223137
9.960247257203926e-6
1.5533296047008762e-6
5.825236505280814e-6
8.247549921669886e-5
0.0002453472444201321
4.8455121054738597e-5
0.001105606987262826
0.0037781528167172315
0.0007761231647206357
0.04493978922532568
0.0006679826895676217
0.00022283703001143684
0.003991452800180348
0.04211470947280192
0.032368172520245125
0.4931392046219106
0.032474642339727446
0.0028920502573810524
0.04112859606402491
0.004255974214420498
0.00018263702369188882
4.067995697338512e-5
0.0006347522699363316
0.0033109497755160985
0.0006866165252816327
0.04584881179030935
0.0007728435107647567
0.00047333625692597966
0.004192280923080444
0.0009125153190600807
5.74930824127444e-5
4.13365055551085e-5
0.00021329535529547691
4.554980260954926e-5
5.895165962010082e-6
3.1535292044764743e-6
2.042677083733837e-7
1.5914929312664014e-6
1.1337162619811033e-5
4.2567494401810975e-5
1.2455706601081818e-5
6.267544454595928e-5
0.0005671291580478068
4.724024388712386e-5
0.00323705780152026
4.078093785260918e-5
1.2306567283638957e-5
0.0005832645079702551
0.0007249842387361459
0.0011419300441358853
0.04321401793923047
0.0009684161546075227
4.625921787075174e-5
0.0008700082724501595
0.00037021034940208533
7.264043923217117e-6
8.04224146133553e-6
9.182543134643898e-5
0.0005631260234671652
0.0006136477739524958
0.004152113374434215
0.0003184450588280471
6.85529385196582e-5
0.0010614763145950863
5.1879553026675895e-5
3.6545964409919128e-6
1.2337093176050924e-5
8.995619507865377e-5
3.80753270701212e-6
2.5805580213603666e-7
6.983603943242387e-8
1.2885174991912874e-6
7.748241365008867e-6
4.066291797134045e-5
1.1017714492882175e-5
0.00023846017254680144
5.6588980238627194e-6
9.658112779617281e-6
5.264808394335876e-5
3.46623233573034e-6
3.453147988295724e-7
1.3082828586012758e-6
8.140937633694294e-6
4.176458520451665e-7
3.46563560311919e-8
1.8449830909999522e-8
2.5973228734487915e-7
1.7732984075127794e-6
7.872638972746269e-8
1.6515190113718847e-9
9.729972839008654e-10
8.095613299829474e-11
5.868531432649945e-11
3.9889490211560604e-10
1.0472889311889773e-8
3.3912528347791506e-8
2.668234362753211e-7
1.8916645877980023e-8
2.5270106544650998e-8
1.3012940008442407e-7
1.3946793090073526e-6
5.419203992803949e-8
2.330037206957327e-6
1.537538896713651e-5
3.0611671665559252e-6
3.58848581491719e-5
1.2925614931921391e-6
4.396318554201416e-7
5.125021585505714e-8
1.0427708061611325e-6
9.121827799660241e-6
4.5007407671453224e-7
1.315347836491959e-5
7.052896511373959e-5
0.00015838116276536816
0.0005265164176748992
5.835765291005566e-5
2.7566052326109845e-7
1.1361763443695865e-5
4.813442600555349e-5
0.00021569208414089962
0.0031532207954250062
0.0002657954297220803
4.6881510817105854e-6
4.2050223541212585e-5
4.722190650810278e-5
7.500680987146695e-7
1.4446471976744126e-7
8.524393698130903e-7
3.5568605290501398e-6
1.1010775623318525e-5
8.507205031369736e-7
5.414656320269375e-5
0.0006363616084431917
6.961202463469385e-5
0.0006713669888946062
4.9299605116171584e-5
6.831408071259714e-6
0.00022769056086658382
0.001108431051822847
0.007238969779888173
0.03289314467534589
0.005443111153539676
0.00020352775234426166
0.0008534275388222686
0.00012848710460599787
1.4304326623168645e-5
7.681344805869502e-7
1.0514253686131079e-5
4.641283060032106e-5
6.978450710648345e-5
0.000737583109244605
6.39155089332383e-5
0.00014566831054157678
0.0003449249960620666
8.068884973444497e-5
1.1322006683654546e-5
2.891918293238268e-6
7.797587116304186e-6
2.0709326011035916e-6
1.5560449556813285e-6
3.1697691589555454e-7
1.360047764609443e-7
1.0230133385117359e-6
2.973558992762383e-5
7.335888990203892e-6
1.0739572424048071e-6
5.038330030212126e-5
9.30627421846204e-5
1.0851971325289064e-5
0.000474324588885544
6.358068145384045e-6
2.2395098516447506e-6
2.285531164522978e-5
0.0005502709593677446
0.00022955706657159359
0.003478935416392765
0.00015765857513805998
1.0273633071196665e-5
0.0002473286846771243
2.3560854422554154e-5
5.729842052411445e-7
1.9152950510687567e-6
2.7228543611135074e-5
5.886034089016938e-5
4.920960725808014e-5
0.0008633206895661338
2.8518981978062138e-5
1.3230349617978416e-5
4.6892482434181326e-5
0.00016944079659086714
1.4451960099654551e-6
3.147945121970485e-6
3.1346104579320693e-6
1.5272382207991655e-6
1.5712084810882166e-7
8.293190841213243e-9
2.617026008642608e-6
3.801667854141391e-5
9.290745090681352e-6
3.5325191538368562e-6
8.348650487492189e-5
1.7815979566450031e-6
8.813387844862979e-7
4.198945422939174e-6
4.375054442185245e-6
4.734580277620932e-8
1.0198807431339482e-7
2.8354591981664896e-7
1.1895590643156159e-7
9.63430763925903e-9
9.598771758496604e-10
3.170135040291386e-8
3.806729415689971e-8
8.313753668181833e-9
1.3721235016432213e-9
4.792239257369004e-11
3.0395541614062858e-12
4.6918077481531367e-8
2.0769204270214783e-7
2.3868870276914085e-6
1.1494570234634069e-6
1.5858482403263733e-7
1.936851547971152e-6
7.054605277574653e-6
8.088610832034755e-7
3.6186290293371585e-5
4.889667585870063e-7
6.609633252667272e-8
2.07301490287055e-6
1.1816696900340882e-5
7.297664090668233e-6
0.00021101910087142176
3.722782524948597e-6
2.801294459744538e-7
8.598450453356305e-6
4.059447318525843e-6
6.166832536035147e-8
1.378496608101162e-7
8.297404006903635e-7
1.3315163126473803e-5
9.906665885644283e-7
4.867574563164388e-5
8.385829546993164e-7
4.2607996426979084e-7
3.7774193509369935e-6
1.862493930514317e-5
1.2358751638377e-7
5.197960865631916e-8
4.454254799350933e-7
1.2366693529244095e-7
3.210651145448161e-8
6.41563206723362e-10
2.1376082298440916e-7
9.944196329101429e-7
1.5076290511021554e-6
9.20453885024467e-7
6.014430896369184e-6
2.6178532543301923e-7
5.957296697241145e-8
3.370984600069583e-7
8.719708122493302e-7
5.048847098481503e-9
2.956632730935832e-8
3.3608030009325146e-8
2.550229151249163e-8
1.893176938982474e-9
4.456823281312969e-11
1.4239859825702666e-8
1.3810934937188731e-8
1.2665168373746676e-9
1.1208692756948861e-10
2.0576974643880125e-11
1.4080069810872767e-12
5.0079515248580695e-8
1.40496902008063e-7
2.3133104858130745e-7
1.3012568837352185e-7
1.6839489733295646e-6
1.8814107500509884e-7
3.3489169499562043e-7
1.407028913866449e-7
5.65528055256412e-8
5.739347666181508e-9
1.452295125068366e-8
4.955265407334754e-9
2.5975437307624533e-9
4.154158395451561e-10
4.73551880781712e-12
3.2851407617538047e-10
6.310197539765669e-10
9.304591469326622e-11
1.0013877038500926e-11
4.0874619279581513e-13
8.199970611140226e-14
4.8595622814010913e-11
8.766997877695606e-11
1.0127059081371814e-11
1.6931895173478205e-12
1.404999225668137e-13
2.3108762714678307e-14
2.0481417505973277e-15
