4.172542569084525e-19
4.9667648171727e-17
3.6887517930187035e-16
3.4560856694804536e-13
9.507569821698499e-14
2.3528060402938927e-12
2.5758208939686424e-15
1.3307433067629227e-14
1.3251291362998678e-11
1.9472437667107016e-13
9.849514010715967e-12
7.026719228566494e-15
1.068238106824249e-12
6.9815717697669775e-12
1.412218325177571e-11
3.8324500673413595e-11
2.1794258675802173e-9
5.051653238957087e-10
2.0616004909386886e-9
1.7609054678454455e-8
1.5488942848896861e-9
2.6290528141719742e-14
7.49364192325494e-15
1.878964469152213e-12
1.4465363458909853e-12
1.3933727501950874e-11
5.238890956495447e-13
9.605306347946871e-12
1.4634651444159658e-10
6.094571056967276e-10
8.604722879501005e-10
4.179861536005221e-9
1.849854544227764e-8
1.6080178209893546e-8
3.5599686262935084e-7
1.582133436213731e-8
3.252992936569868e-11
5.5293485147626174e-11
2.3246798121108876e-9
2.1856826028909707e-8
3.827631083840075e-9
5.977107011049664e-8
2.507257309773489e-7
3.1426228234644503e-6
1.2266590018267461e-5
1.5544132894654913e-6
2.7233626120178048e-9
9.317002308223456e-8
1.6784933083059203e-6
5.522158243260822e-6
6.923663139145549e-5
8.76087020041802e-6
9.918930666463817e-8
2.0395496672201383e-6
7.311243501821387e-8
8.050793312906397e-9
9.649105181948924e-14
1.4256617246268222e-13
1.3357711157079857e-11
2.3837909203676757e-11
1.0002201223356096e-9
2.7071393665203605e-12
3.7195166545133834e-11
1.90966523501862e-9
1.6253082304196742e-8
5.135501409450248e-10
1.4654592078437655e-8
6.016367449381737e-7
1.6779109065672548e-7
1.0343677853407e-5
1.886756861469342e-7
1.097981620801367e-10
3.4619167175257115e-9
2.251774471146109e-7
2.5927477381348644e-7
3.641109237136657e-8
1.1732788904541917e-6
9.477902712721814e-6
7.266940202046763e-6
0.00027757404904671173
1.5893127208950078e-5
9.927819350460206e-8
3.521145801506378e-6
0.00012623353450825128
4.428994949617009e-5
0.002491348902278613
5.415592853729562e-5
6.931259374186241e-6
0.00035488324062076616
5.267826697235374e-6
7.472912281410846e-8
2.251824037677341e-9
9.151591873962792e-9
1.5703099958255696e-7
1.3118337933600904e-6
7.639741247290452e-8
5.77075168281209e-6
0.0001092521700801826
2.72632787145358e-5
0.0003341666191548054
2.4252213585765943e-5
8.024236515605411e-7
7.830705457337042e-5
0.0004609263265412866
0.004503677705373479
0.028516644559617246
0.005033831824623353
9.001134364888596e-5
0.0004826096289577166
5.5783930356627585e-5
9.256069917205012e-6
3.8811954584585674e-8
1.837275329023967e-6
1.154805839286015e-5
1.8223769644035103e-5
0.000302457592828118
2.354037698506762e-5
2.3834257982144462e-5
0.0003322914589084098
1.873179599396755e-5
2.5556943074859108e-6
2.0625026553883518e-7
1.8328139628874812e-6
1.8344539540100598e-7
1.7415218847827568e-8
1.9526219617640332e-9
1.2327394872909319e-12
4.90452936824787e-12
2.7481479515669165e-11
4.4090915627674215e-10
3.507958801968176e-8
1.3141036357655912e-11
6.468151774762667e-10
1.1093702592545765e-8
5.398483874284603e-7
1.830561535234152e-8
3.091526199255784e-7
3.801854339938159e-5
1.4216379292435151e-6
8.181283674686137e-5
1.763626107524472e-6
5.863247122746463e-10
1.3249623509435544e-8
3.696577864225642e-7
1.2345722627857708e-5
2.3595000221944408e-7
9.264242473310002e-6
0.0003376753708569983
0.00010427286948926294
0.0022610638705990635
0.00029148885631692894
2.070849659441551e-6
0.00014195113566050233
0.0003643331263014489
0.00041235913904101573
0.03639620872626042
0.0004698363085323506
1.0768529252818838e-5
0.00034795230536121364
0.0002713465561879638
1.785973410130881e-6
1.6917633266581983e-8
2.782276032710761e-7
1.6189667024246296e-5
7.821361789544403e-5
9.210019372694675e-6
0.0002914570724828582
0.0024240210232674892
0.00031259160908879186
0.03779182157407645
0.0003110284907452388
8.025056929023763e-5
0.0025131714605546546
0.03557012197556921
0.0266197483832736
0.6095980118994473
0.028117997721923423
0.0016632429369193174
0.03520890017663106
0.002293812693548559
6.73468853814981e-5
5.73371411840956e-6
0.00023601445190694122
0.0018709373023277555
0.00030293110138793504
0.03624023812989345
0.0003299511555205343
0.00025464398438512504
0.002678306684565443
0.00027228503565976283
3.4052038395227615e-5
5.591071811490161e-6
7.926921801995837e-5
9.528161931233561e-6
4.2803382923319084e-7
2.031053475634443e-8
8.977919721291841e-9
9.293493379554224e-8
1.553748008183742e-6
5.158532207883866e-6
2.95429958202033e-7
1.9085834632881313e-5
0.0002513433573058385
1.2510287806667642e-5
0.0017134095723863358
1.0361891056612653e-5
5.4157948997943315e-6
0.0006781212857793625
0.00035077430403723504
0.0004890188437401452
0.03622134234424699
0.00044855061099149577
1.118450930248288e-5
0.0003537008000075099
0.00011118102583850482
1.586276954241955e-6
9.113842579704029e-7
3.891673783554293e-5
0.00019953883662874705
0.000364083945030756
0.002405691832056419
0.00011885897336723007
1.4692889380938687e-5
0.00023314123222009767
9.391341815180609e-6
3.2474403292453196e-7
1.3097426365334173e-6
2.9330750963603848e-5
5.641382590528834e-7
1.9498268067744586e-8
4.782446842060242e-10
3.790802510780623e-8
1.0381580689918682e-6
5.277620275651846e-6
3.3738065656237985e-6
8.244730511196352e-5
1.8357242435201248e-6
2.354178980841e-7
9.106926527593731e-6
2.864967832358636e-7
5.268989271959869e-8
4.6376327133897763e-7
4.632604168253426e-7
1.513635755181539e-8
9.388457486541794e-10
2.044686920292085e-11
1.6265496541223643e-8
3.600307622639045e-8
1.15928151876386e-9
1.745471562150572e-11
1.1000415980802213e-11
3.1068945138249007e-12
3.536714038389801e-13
1.932058096325465e-12
4.520447184390299e-11
1.1965481466833929e-9
2.172431984958599e-8
8.168798676109134e-12
2.3345634750204397e-10
1.3369007054400254e-8
6.474534534482226e-7
1.1903809929751435e-9
2.2660305525697918e-7
1.0703650875532597e-6
4.350151825557868e-7
4.8114267141919024e-6
1.8545913750472045e-7
2.604347629742003e-10
9.953970455375586e-9
2.7168821233650504e-8
2.200138059751229e-7
1.2645211434317783e-8
2.4011070943348904e-6
1.4143966711256779e-5
4.6781382821220326e-5
0.0001746989772232498
2.397287507463041e-5
2.3534312291001717e-8
2.2408362202924422e-6
1.1704759084860153e-5
6.977406290938632e-5
0.0014971489853518336
8.769808759281963e-5
7.764531628097417e-7
9.623777520657432e-6
4.101328278903472e-6
9.479159740953502e-8
3.6446957887326155e-9
1.8688013383150003e-7
3.0234756134408257e-7
3.3075066750469e-6
1.147816193873712e-7
9.784696795248806e-6
0.0003845017763642123
2.157855924400579e-5
0.00030182263610140076
1.963421798272024e-5
1.1154588701410317e-6
7.579203466932607e-5
0.0005061023219273016
0.004574706262864387
0.027963599948535738
0.004442304797849565
6.63523231149118e-5
0.0004186317703626564
4.75098626406086e-5
5.924147938145852e-6
5.656897593413089e-8
3.333901129832323e-6
1.3418107317206419e-5
2.298554087044138e-5
0.00034077021731375494
2.6390160377606367e-5
5.201116460234663e-5
0.00011639093516472477
7.281120797301312e-6
7.331587277702744e-6
4.949811034546278e-7
1.4411433161018386e-6
1.5411385626315668e-7
3.233928630005654e-8
3.1326478732310185e-9
9.367946122016068e-9
7.571398557274229e-8
1.9263762811147905e-6
1.1128686154854805e-6
1.4957581334743262e-6
8.06053325387635e-5
2.974527428067359e-5
3.299692243629474e-6
0.00018399803246056564
1.5366932421125227e-6
4.2573435075147513e-7
8.73616875427302e-6
0.0004025635222356723
6.88888815506006e-5
0.0020907535700553223
6.515009404033998e-5
1.9780970200463157e-6
0.00010220775818596867
2.5213661007909263e-6
8.726203775935158e-8
2.2663097605597697e-7
4.2519176012203934e-5
1.4064766929361654e-5
9.318120699681516e-6
0.0003076681046500395
5.371431411788775e-6
2.066066080322741e-6
9.263978585412652e-6
1.2336427479302087e-6
7.373302744236798e-8
1.5110122477901685e-7
2.866073840841128e-7
1.3500803128564904e-8
4.4272526738553595e-9
2.4067457998315406e-9
1.6565197218133788e-7
1.1106520806166527e-6
1.2802177336504598e-6
4.4257757763833926e-7
2.6734681575558716e-5
1.928819939048803e-7
3.1982202494791404e-8
5.042307945471881e-7
1.8637973579743805e-7
4.248371281715457e-9
1.593677683418626e-8
1.4562677569774173e-8
1.7355525359308424e-9
1.5345237419526564e-10
6.222235723493695e-12
5.471187015709954e-10
3.59672929833133e-10
1.9774815541089248e-11
1.3750315507938936e-12
2.1677411023121907e-13
1.0070771437163856e-13
1.050870333487273e-9
3.2120800694767297e-9
1.1250391527859883e-7
4.695569509741685e-8
1.3586619752426513e-8
3.5440928695754487e-7
1.2036525914110396e-6
4.937808300409266e-8
5.141920659705615e-6
3.5624123920450135e-8
9.815179823570515e-9
6.395106921251905e-7
3.5186237503941584e-6
9.561970930064938e-7
7.348467555034276e-5
6.779603968087145e-7
2.0776448367287555e-8
1.616028607273512e-6
9.10542003470899e-8
2.422240118722912e-9
1.0054518045862869e-8
6.774518659568791e-7
2.166357545812843e-7
1.3613297740400982e-7
1.1884087112745028e-5
7.444543227633543e-8
1.3419777810125452e-8
2.264975592651318e-7
4.1056627219935055e-8
2.7928778731637415e-9
1.013855502816034e-9
1.0385172267516484e-8
4.1143673653899157e-10
7.158072629354087e-10
2.953483699768914e-11
2.971108411202625e-9
5.0199464240189236e-8
6.234737166897571e-8
1.295629483019693e-7
3.4424532258100573e-7
8.057988646062275e-9
6.699612397118193e-9
1.2380389519648741e-8
3.5739545152936036e-9
5.1855816141797276e-11
1.9147476425563908e-10
6.07025513118553e-10
3.626450448482433e-11
7.512466764148012e-12
9.57057155761833e-13
4.443141302265702e-11
2.3673401868058595e-11
7.26688195546598e-12
1.5632594129840095e-12
1.1840687161555696e-11
3.093591511292007e-13
9.473527189541651e-10
9.45585425230525e-9
7.758436707986397e-9
4.063183291183246e-9
2.630084516060778e-8
3.449516391462627e-9
3.6804700811284937e-10
8.343173280004846e-10
1.642256768865852e-10
5.1894437079475736e-11
1.0015978162822777e-11
1.3978943259670855e-11
3.1335645858288828e-12
7.799097120355408e-13
8.389382465818864e-15
2.341284506688369e-12
5.468407928354674e-12
1.4142120071450144e-13
7.55378849403677e-15
1.1887343571133365e-14
3.3705402348074313e-16
4.729998442233809e-13
1.5127962253357863e-12
1.1215769991471834e-13
2.4541421046048217e-14
2.3826467724967566e-15
4.6956537054630873e-17
4.472172837433285e-19
