1.5536501812502923e-8
1.034157825124673e-6
3.763627971799608e-6
1.4897967355677446e-5
1.6800840946022264e-6
1.0872750803439855e-5
1.195980745807263e-5
6.001639275096043e-5
0.00031662759150794716
4.20070008346931e-5
0.00017299144257336578
5.7264404836517024e-5
0.000262418004444227
8.910204701765691e-5
0.0007956794937711793
0.0002948635872200436
0.00015259164972522579
0.0009881344163874795
1.861814429220784e-5
0.00020925149725493108
0.00030545693479396214
5.5784385267457944e-5
0.00016537736599056302
0.0009751167084102242
0.0003728146940750569
0.0004183360700921288
0.0002444337972009346
0.0008363268677870159
0.0005774286326778381
0.002075663838087937
0.0011004925468441607
0.0010828026895145766
0.0028611934805011638
0.00038646849987362464
0.001075048071860352
0.001059391633327207
0.00019735197060789664
0.0006287402607592421
0.0005738685482781968
0.002723039000668627
0.001087539868823517
0.0010591698508254901
0.003546779913281383
0.0004936935966888215
0.003082403625881605
0.0026992312152559626
0.0007159235218152214
0.000960047103921725
0.0033918739735023643
0.0006189403253884042
0.003091236404349667
0.003209381019861392
0.00012020072781341389
0.0008285083008347423
0.0010961404191392463
0.0007447431692233169
8.924623334249153e-5
0.0003189809800017793
0.0013043563858376555
0.0013378032030161697
0.0005693065722904832
0.00043810196063331084
0.0016774803687375204
0.002298871037946587
0.0020028908216422774
0.001952448741838101
0.00335067773238135
0.003274612978111693
0.002307774885161131
0.0027813775321142505
0.0010170733179619832
0.0004553464617868204
0.0012222584454468026
0.002316925821685293
0.0028746984314619766
0.0024052059200412694
0.003955431996493285
0.0049570344109343524
0.0034895238218512
0.006107418292220455
0.0038932141109338306
0.0018717299892989096
0.0034211902371828395
0.005258865792418284
0.0034141321086967203
0.0056808218181972105
0.005360580360341253
0.0019261611093731835
0.002913806868132053
0.0024462750168986434
0.0011246517576850841
0.00017192041119550537
0.0006659533700038185
0.0010342602521994423
0.0036137516672989484
0.0013152571226382529
0.002033734985568083
0.0048179585011029966
0.0020799306341288556
0.006038321749525336
0.0046274765318263114
0.001358833607667451
0.002677837949696177
0.005704500600927648
0.002802920547333921
0.01004767441031885
0.005653213990212591
0.0016353073730116816
0.0064011035137988125
0.00524101201664118
0.0032484212034625945
0.0009201431696356483
0.0022720608816792307
0.0057821078806923444
0.0020493191800982583
0.006443813576871228
0.004596411014575429
0.0008800322672449356
0.0036215682087894956
0.003932842160301063
0.002765471699138501
0.0002812946887722538
0.0007229294969133299
0.0010354426088054294
0.0010489430143262694
0.0003231951691552783
4.430496402363299e-5
0.00027101246016730053
0.0006938759932787176
0.0010428169503638634
0.00039181309587766103
0.0004018088106103973
0.0011957264933599855
0.0020770524020229733
0.0013639965174682424
0.0020437315718960744
0.003204114278091568
0.001989447636419892
0.003410662465604815
0.002935392690803303
0.0007362780074851013
0.0004149037878521884
0.0015362411007233668
0.0031304268545104454
0.0033441363457117007
0.0024483071526787575
0.003992542065599165
0.006134028920183616
0.003744487582301722
0.005825117261995678
0.0036838245790797156
0.002102852982681056
0.004906447791509161
0.00688615203989696
0.004298373014984169
0.008593670512962915
0.006154174454726403
0.0037737762181692886
0.0044463425954356876
0.0029024517765477275
0.0008637587229864626
0.0002709509472224469
0.0008926480790830743
0.002210239792232996
0.0032182208715244263
0.0020736889768147994
0.004912025355738448
0.006893860353909204
0.004872392111994053
0.009837734769448324
0.0065513800166792325
0.002249004705860206
0.0065281019782231055
0.00956627431607886
0.00731082474427601
0.029807148261676467
0.010277586196865338
0.004567604870680223
0.008798441182846112
0.005552125438656536
0.0031723992245578122
0.0010221809336042518
0.00479933043686648
0.0079277884629919
0.004338478581277855
0.009377979610730563
0.005968897614950154
0.003731497709613048
0.005916579611432958
0.0060865600696458815
0.002905333010177289
0.0014604511753468555
0.002984030066533326
0.0027812959577881817
0.0010777374969617249
0.00020698394441080666
4.040150978398229e-5
0.00031270694275233805
0.0007890966416498001
0.0021213880396953205
0.0006751784146519575
0.0019418664553012051
0.004875406135493533
0.002498468929487666
0.008112080812311878
0.005913375163333227
0.0008334695846009716
0.002292247271566663
0.005064921314996407
0.003012485576557092
0.0094111412716184
0.005729472054428376
0.0024686481181518823
0.006846580442407895
0.005482045291090073
0.003352441909738474
0.0006919684217836979
0.0019192218368648166
0.004804285009788413
0.0025966020180382796
0.00699228355706393
0.004933888968126486
0.0020278567238575544
0.006153782186187723
0.005108816567064232
0.0035972444747761215
0.0009105485988200304
0.002013320682581003
0.003200599516623503
0.002931269808664495
0.0010353648451021677
0.00012541287969494757
0.0006719815574429532
0.002116617637950353
0.0011698446180879879
0.003200153766544651
0.0036505698971149004
0.0008390273167943914
0.0033582933499533224
0.0028254381812416783
0.0026069416440828003
0.0005044219640361534
0.001341522595931369
0.001961977235739883
0.0019629715507547044
0.0007751558488626384
5.854357133344196e-5
0.00038227125526149364
0.0005519061311992711
0.0004282049362353107
0.00017646867092459381
1.1202253070225619e-5
3.044369537213234e-6
4.688240028143677e-5
0.00010671583704514308
0.00022079649459404152
5.5811563263315104e-5
0.00012977913853136065
0.0005768502491342104
0.0014429816447959773
0.00047727029166089104
0.0007652240885538949
0.0016668304384597433
0.0009170505100385052
0.001586681885118405
0.0014731718917776811
0.0002834455535935627
0.00015547520304576436
0.0008109067862683529
0.0016730532841586479
0.0008246055900180576
0.0016158794951048419
0.002688569287954922
0.002056306736456384
0.003048374563360877
0.0036247503364854427
0.0008766107429748391
0.0013176322153242638
0.0037838892179420597
0.002457187547265792
0.004334302839981776
0.00459771828466065
0.0016293557470215497
0.004445161620515362
0.003800912604822795
0.001935736380592118
0.0001192406508711346
0.00010685496890467562
0.00046654040420318003
0.00163923670810659
0.0011968981093539138
0.0014878248509707203
0.0030867967648703586
0.0026289392985017236
0.0035879339467201564
0.00427041925892686
0.002063703093086887
0.0020439380083354117
0.004112647421251061
0.0030065783039668692
0.004382718117998258
0.007191622440506921
0.002819628323245872
0.004393447229131275
0.0042377484816460784
0.0034397889367347497
0.000616022668517589
0.0007790755148070215
0.0031398746618848832
0.0025442722261150384
0.003672656320261487
0.0048311144413998005
0.002127280615679579
0.0031004743466597597
0.003729019715890869
0.003584624455344667
0.0004818814403646938
0.0016627756274324665
0.0033894230089645296
0.0023217765196150452
0.0003846442974090764
1.8442203072118407e-5
2.685433979547265e-5
0.00019534945395747013
0.0007353934288956576
0.0006828352273854792
0.00046157905626831644
0.002428293487665906
0.0019273570892031407
0.003149952525249457
0.0047940245023989185
0.0023336208493148322
0.0007852998582269324
0.0037990045557392865
0.002343946999736267
0.0041354294802450784
0.006397156687936901
0.0026745273550389755
0.0036822576728352983
0.004935120739052222
0.0033972645174534907
0.0009586857767259692
0.000563365650418219
0.002419121061531422
0.0019658486840328795
0.003041578178074487
0.004786143626890529
0.0020540956835414835
0.0026012378855429052
0.004020571709496561
0.004073374696463245
0.0010620651070377637
0.0016635135094099824
0.0033377082437610305
0.0033612437251482534
0.0010938508867650543
0.00015585140201345446
9.56257428047404e-5
0.0007429514154411403
0.0007660239962792545
0.001677508242730277
0.0022120098470142465
0.0010378870682764185
0.0017283395330265241
0.0030161702752655533
0.002212813554899697
0.000541498846076261
0.0014684115026224027
0.0020032096444667536
0.0022701507384317483
0.0005625507491903699
8.350855336185506e-5
0.00020613505199417256
0.001008453647740424
0.001326812894198564
0.00036994140057780166
4.271746728451471e-5
1.7152295504132472e-6
1.2811677628533553e-6
2.4170387145358527e-5
9.495802710905007e-5
0.00013037169661600252
7.85085339726692e-5
0.0005313262226047818
0.0007086222324788737
0.0007888141277966089
0.0010190569627259972
0.0009331791570878112
0.00010150577364524763
0.0007570732154988754
0.0008690283796573506
0.0019129105407234006
0.0022155436675804544
0.0013684948905115975
0.0013749143364671207
0.0021294105389672315
0.0018995677699791306
0.0007069877108031848
7.852585604331781e-5
0.0004516997878694831
0.0006706449833753449
0.0014224795655813154
0.002069176621779262
0.0013251474727801096
0.0015961214149700046
0.002424400127331173
0.0024961220257962258
0.0010906813727492733
0.0007838907052567309
0.0020207174211491824
0.0020464555273549474
0.0011724073667605639
0.0003087858654507938
2.3752441453703134e-5
0.00019508330270065298
0.00030437362487301925
0.000462996149743037
0.0009342146051060568
0.0006522075264442445
0.000782208813561431
0.001552461770570378
0.001210745955917669
0.0006446736972093661
0.000566133356473859
0.001187413359756369
0.0016806298804620961
0.0008339933229692294
0.000264683851596524
0.00010735995617240844
0.0006648783431347946
0.0012601605822788117
0.0009679460654729647
0.00032942968428985233
1.5449289448421757e-5
1.2856070124222947e-6
2.687405981158809e-5
3.674552529279271e-5
0.00010567811189204286
0.000257568310449074
0.00016012153196145868
0.00015758371760454947
0.00042003189618539
0.00043700569867116375
0.00018772632017626133
0.00013536390718640689
0.0004106647091744801
0.0004322822553755572
0.00023668241339758948
5.5196408182753105e-5
4.7069027445250695e-5
0.000261937523763
0.0002981032904160506
0.00015766324568913218
5.92860659136464e-5
3.7607083217196623e-6
2.6767258035967057e-6
3.627187706277728e-5
8.136903062088464e-5
5.427346242177567e-5
1.182158554126257e-5
1.0490478724936746e-6
1.5862647061653577e-8
