8.065582784984664e-11
1.2821901690740538e-9
4.600535856020472e-9
9.945958620664742e-8
1.6096244367968648e-8
1.8763533884080274e-7
4.072527219124441e-8
2.4430314225390073e-8
1.484791757694492e-6
3.570212297334696e-7
6.305495980127613e-7
3.1672203771895915e-7
4.987816385067678e-7
8.841113215568736e-7
1.6763462907188643e-5
3.2046528209533067e-6
1.4846920909257976e-5
0.0001436946613800085
1.435665362274182e-6
5.3165383399545635e-5
5.597824340664288e-6
3.048095259214113e-7
1.7135237020449215e-7
3.942835942063878e-6
5.473959178169698e-6
3.542906498985698e-6
3.1900038073751423e-6
4.137126734211297e-6
6.840249931891724e-6
3.777032446183065e-5
1.05410983113829e-5
2.86572028898859e-5
4.349400289744316e-5
1.6335012916388996e-5
0.0003329379009592284
1.6195415168748674e-5
8.957501291924957e-6
3.165866054058945e-6
2.5835763336599926e-5
4.7556820704268065e-5
1.1491226359438554e-5
7.509206865277993e-5
0.00017397358900610253
0.0002713972251424935
0.0006101208135222271
0.00014745879260806772
2.7196809868991404e-5
5.9609172481451984e-5
0.00019858831258372727
0.00022676220694215854
0.002586198350613864
0.0009466919792086988
3.1954804537489295e-5
7.918405897555237e-5
2.934485131764497e-5
1.553415103087259e-5
8.277227335397125e-7
7.083096302422128e-7
9.184607880086839e-6
2.4598088333629596e-5
1.9124406874973965e-5
5.6363842393988585e-6
2.049120081752866e-5
6.202987045090936e-5
3.679256482308629e-5
3.98809846303454e-5
0.0001248086997048106
0.00021561245621543564
8.63138172846325e-5
0.0004503058427015084
3.1289681669562754e-5
1.8932532787932016e-5
2.8519320836753082e-5
0.00020716394863811257
0.00022111565547745695
0.0003233042998238565
0.0009418736565693335
0.0006962437842383867
0.0011495294390839743
0.004048245262889746
0.00038651020350846167
0.0005090367959828378
0.000493107162394118
0.0015590374384216435
0.0009200259317848778
0.00815866385704529
0.0012655324348734254
0.001053976795620957
0.001393844205134963
0.00023890650726733493
2.7303429118305484e-5
1.7481727114159173e-5
2.8934061642291692e-5
0.00014627747245372908
0.00028015105447923343
5.0832448272534005e-5
0.0003942348689025834
0.0009170952603800688
0.0003928442994221665
0.0030166901064626593
0.0004915263365978147
0.00013954902041126693
0.0007454725379419544
0.003041899663743855
0.006053986273180573
0.03819381833545971
0.013024869164105968
0.0020191957409987677
0.004940619829105891
0.0011810009952513247
0.0008707293371540049
8.57977219391075e-5
0.00017926451255110258
0.000645849073456204
0.00024784619764387113
0.0026101022908940753
0.0004906695729423922
0.00023851025279374348
0.0013339656162391366
0.0004002957444318553
0.00016158177592748258
4.3214997996851416e-5
7.519472979827944e-5
3.216599050068517e-5
1.4129864719677247e-5
5.236677201092695e-6
6.081323147101818e-7
8.628326018487731e-7
1.128689296067701e-5
4.8695996156653273e-5
1.049982362161956e-5
5.439060880489809e-6
2.7489176671517846e-5
7.946954885292622e-5
5.7782204276777985e-5
7.949129283304326e-5
0.00016248047359372224
0.0007396651553736549
0.00014901925661877993
0.001982349295415202
7.626883245808014e-5
2.0017173517993534e-5
4.3145380667293376e-5
0.0001727259785441247
0.0004268489050064229
0.00029858263237598386
0.000881632276267811
0.003599865779522791
0.0011098320089077737
0.006954572162807082
0.001264123730355375
0.0003308161061924394
0.0012157235940322658
0.002715990616178632
0.0026480396313036726
0.04192886319513746
0.005248083018238308
0.0006192551989085234
0.0026386877986058397
0.0013034250371838977
7.590998336642425e-5
3.059179149473684e-5
7.062155415289003e-5
0.000558535293170741
0.001939155476631943
0.0005117790075752273
0.004363082964825632
0.007149847370982675
0.002866957054638089
0.04388963287509958
0.002739915312632635
0.0018081416634505559
0.007504096264172779
0.03902128540697117
0.030543805095179562
0.2554818592530434
0.03749850332076184
0.008464775610830078
0.04242916427342762
0.00790620269842527
0.002399763244937847
0.0011394002312758301
0.004021992775312502
0.011119742978890039
0.0025238393434301423
0.04237776469672612
0.0028465965074232513
0.002715874133126093
0.00705447776651462
0.003944793857386814
0.0006076716065940298
0.0010919050856903916
0.0018468426612218024
0.0004324918068432746
0.00024758271563133803
3.9989057525884216e-5
2.0991202820508787e-5
4.434402074707029e-5
0.0006821701333248198
0.0011329673359964246
0.00019499754165751133
0.0009377520327685476
0.0035978591493818998
0.0006512893018577168
0.0106909736730655
0.0006685951167451136
0.00015250050549172315
0.0010033105648470763
0.002757771848904339
0.0038424112536813797
0.03824726019069968
0.0030006748117027086
0.0006611640889201379
0.002640566549890932
0.0015456512883622498
0.00018240330049395042
0.0002390541922076059
0.00038509896350849093
0.003856809808704129
0.0005579189175633977
0.006962258453607796
0.0008773608529403916
0.0005984262246306124
0.0035673281458289546
0.0007125378493576492
0.00018066438193413732
0.0002697601123899464
0.0007317469918315482
0.00023698969539764689
3.9057758795505394e-5
0.00011614743200013457
0.00031802779371120296
0.00021514879499856483
0.0010905816489973081
0.0001289329130456374
0.0018578048294476829
0.000266956009671896
0.00014784435545215594
0.00042165099582887577
0.00023153173390039
5.4195680843341454e-5
2.8848494250576944e-5
5.451264070361418e-5
3.824778133701126e-5
3.6857656632715e-5
1.754319342785096e-5
1.4739658876713697e-5
1.0589190926703516e-5
2.060074559181877e-5
3.6674578780375324e-6
6.236494319915571e-7
2.0417500133412042e-7
3.197202670521678e-7
1.118304997753733e-6
2.8250688469780804e-5
6.824096541388829e-5
1.7079121308263555e-5
3.4092819749751735e-6
2.508618229264861e-5
5.3334672234764586e-5
2.9428584802335792e-5
3.610974522898089e-5
0.00015290539310276993
0.00028825960420306585
0.00011815412978896685
0.0011488105314607776
4.342116405621818e-5
2.243169455398795e-5
1.40610606998434e-5
0.00015032977836087422
0.00014312395867524552
7.155648542571436e-5
0.00045140672724007725
0.0006036066234130105
0.000952918377507485
0.002598181281119884
0.00022558062433421423
7.553175599970635e-5
0.00024341588697680247
0.0006703892416536416
0.0013135808371936395
0.008408646837512591
0.0020727368818347284
0.00025308783018087276
0.0006132546894589083
0.0010937200680143561
3.238053580152073e-5
2.9185763586836714e-5
2.0850420122896692e-5
0.00015144785402111197
0.00012619605004006264
5.3961079828396904e-5
0.0005514960820116848
0.0005225004364417559
0.00038998146536276115
0.0026052951522866057
0.00024471796086996447
0.0003123940310206998
0.0011676488601936662
0.0040179273077504555
0.008815108396698615
0.030131025150586674
0.006113286487752789
0.0012767356637336774
0.0026500265722045327
0.0009022279721418819
0.00020481117022434347
0.0001618598477444636
0.00026705908050567596
0.0006557384656566083
0.0003827698826852099
0.0028326624408371933
0.0003944115459415254
0.0010023101071065838
0.001153227255387297
0.0012312052564022822
0.0003120438319674157
0.00011102496537884263
0.00013708770982196174
8.041629874296568e-5
1.4816953414475602e-5
1.2017286446168647e-6
1.7618128851736182e-5
2.8270122280075936e-5
0.0005423144212151713
0.00021706320478052086
3.48162379385571e-5
0.0007315471555589221
0.00039394995640348787
0.00026524626343473145
0.003858615054063641
0.00017726331375796537
0.00021492919837507636
0.0010873347025570428
0.0010134475056588564
0.0011728826678917257
0.007493672156203275
0.0007678293436022897
0.00024717284784876877
0.0012516862907117885
0.0004558380722652918
5.509935958874837e-5
0.0005031778672708304
0.0006866262602718415
0.0009699404690948706
0.0005708768899849407
0.004213448055466714
0.00037981673335191516
0.0004802558471475954
0.0009241703025395714
0.0008852645404491896
7.23539077368608e-5
0.00015075101352553762
0.0001649105008779358
0.00010046871906233596
2.524651619505033e-5
1.3685014480511991e-5
0.00036445949248554494
0.000391627715751964
0.0006604649046068775
0.0001494261308722824
0.0005607809566364012
0.0001462759813553455
0.0001647033750030158
0.00017548052152719488
0.0002229061684393594
2.6541916738146856e-5
5.5472546909804845e-5
8.892340867086801e-5
6.636657409568167e-5
7.15938659062666e-6
8.626401662318595e-7
6.267212811035812e-5
4.787401211309601e-5
2.385538594441701e-5
6.082100941507592e-6
3.8860817392801996e-7
1.681770332804845e-8
1.0733704404374902e-5
2.5234105172858713e-5
0.0003469040010920842
0.00031659030045879993
1.5521250002348677e-5
0.00048091915108604505
0.0002160044394244995
0.00015897407046845053
0.0011297788821530153
8.782320082514098e-5
7.432625534074332e-6
0.00021024244701889835
0.00014919325360850474
0.00032803388678786697
0.0019355976021105043
0.00014441778058401614
7.233586602943515e-5
0.0003254308539499151
0.0004791127200587252
2.5513261004943764e-5
1.6875307193319637e-5
3.549961352879114e-5
0.00020103243307680223
5.2652844817617586e-5
0.0005109610325222145
5.5094383121813827e-5
6.95980463967832e-5
0.0002973498017761682
0.0003013581834823048
1.1294597361273811e-5
3.400103301006916e-5
8.280955546722583e-5
4.02210642663861e-5
1.0242844103358138e-5
3.1525497142023884e-6
2.7988257183410206e-5
2.9862910511595556e-5
4.465740802107385e-5
2.091369619999395e-5
7.241650295368348e-5
2.7509152840496688e-5
1.7259077740237694e-5
4.323101074036023e-5
2.8159495909315974e-5
3.622223436989129e-6
3.3004791926723726e-5
3.0489308109345484e-5
2.225334254403e-5
4.52014874058119e-6
5.485989888580439e-7
3.7254214379832164e-5
1.2000086630120063e-5
9.264106375455904e-6
3.6096470239882098e-6
1.4280201078122962e-6
9.43375001446696e-8
1.2127411951380324e-5
1.7718844969053814e-5
2.2054567747667123e-5
3.4630089397999303e-5
3.1423208545438534e-5
1.6173044504821404e-5
2.3774286782820784e-5
2.0321372093866102e-5
1.8579492600323687e-5
8.679373151142394e-6
3.515013115841573e-6
5.571543780693328e-6
5.777695797740431e-6
3.1512012577935998e-6
3.436683995578577e-7
1.1095619153673986e-6
8.660390312261816e-7
6.914583093765737e-7
1.6736752338963003e-7
2.4539693793483175e-8
4.220505366314875e-9
3.1886688275638127e-7
5.559932867114528e-7
8.562820480732628e-7
3.215969742977373e-7
4.2652950324550853e-8
1.2911429118584284e-9
8.252166170655973e-11
