9.273744832507123e-9
1.1184038526263795e-6
1.6733808820266259e-6
2.6811379262724077e-6
1.2100383613767276e-6
2.0193289238819365e-6
2.2851826797435036e-5
7.836147497598731e-5
0.00012233960000810056
6.482473827482986e-5
8.567008375077542e-5
2.8796252084981195e-5
0.0001084760284455403
5.4714346939214464e-5
9.995449339549629e-5
5.4240835635384655e-5
7.798498754282642e-5
0.0001173223990938757
2.1841227700476265e-5
8.653188815156799e-5
6.785107204036682e-5
8.962057107292002e-5
0.0005535327274418606
0.0007656417129472245
0.000468176793205131
0.0004744772021072874
0.0004958220702362427
0.0015754016338265756
0.0010972790652702489
0.001373958611335083
0.000954688563556481
0.0015025089125173623
0.001495765140747464
0.0005550444273566146
0.0013183752059686225
0.0009769750372566788
0.00011842317452358142
0.0005524814589338531
0.0005193456972614568
0.0006743577825751762
0.0007017393777415752
0.0011043449141007085
0.0013880870643241633
0.00042912961165749174
0.001450194596569371
0.0013147064629743439
0.00020576966500605257
0.0007167390243130519
0.0009718686043468012
0.000543214699161431
0.0016953973594131331
0.0012675590966224823
0.00011085852927069644
0.0006760124846126132
0.0006903106158395998
0.0003046403994300597
6.616311652617017e-5
0.0007701760524877839
0.0009580585634327805
0.0006941902414513889
0.0006302489712538409
0.0012968447006640718
0.003792983991511962
0.002979391004104422
0.0034589943288468
0.0023033594305919584
0.004369181874930834
0.0031557422991420818
0.0022708516454672577
0.0034528603513165803
0.001760231406902594
0.0006491222690635497
0.003282027236065987
0.003015473641159107
0.0038978197221713655
0.004189875104443811
0.0067730355283085065
0.0068370419181217335
0.003431090237874184
0.005793356549889538
0.004642742486534222
0.0010123229430643755
0.003972378281178897
0.0040844563731863145
0.004009452801899685
0.00752726814911022
0.005997093052801663
0.0010990586621770554
0.0032567659664105696
0.003926492945168528
0.0006971835703166981
6.912282175801537e-5
0.0008172149347264933
0.0007785402712691414
0.000860793680749853
0.0015831139819240147
0.003202645042976435
0.004022503601471607
0.0014960320894035343
0.003942681700779598
0.002996298821616014
0.0009289284979153617
0.0031941075501192647
0.004210458070913861
0.0027920380427370675
0.009764510842219718
0.009977575970241568
0.000746127899177334
0.003908047314480175
0.00604859150273171
0.0012501850974131134
0.00012061491139352512
0.0009484817400768818
0.0014632949628237907
0.001478559519012864
0.004627792889789926
0.0030246617096922872
0.0008416780587764669
0.003848536842547101
0.004647642007079602
0.0013160363652056745
6.69281789439882e-5
0.0006788320115679531
0.0017554767429114183
0.0009818760902158177
6.669230457562762e-5
1.0038029358083499e-5
0.00023297456133533476
0.00026479753799384006
0.00021172535960419908
0.0001485123685582022
0.0008587954856271501
0.0020234212791901953
0.0019852372528155987
0.0015944252102017096
0.0015088172538878471
0.0024166818116140554
0.0015715266289149437
0.0015760475219907197
0.0020097119245141774
0.0006801498826120656
0.0006703559584850216
0.003308643509270037
0.004542516173582403
0.0036827245488977945
0.005336402038014984
0.009421442382984396
0.006758403710515921
0.004987939886923463
0.0077926936454179975
0.0038004397823107232
0.0013316759547449335
0.004850534825160944
0.003948984593620124
0.00645724329045696
0.01212936717998033
0.0038387971069583876
0.001772190891280634
0.004494883446571925
0.003243831438383279
0.0007033042497072502
0.00019132712793820317
0.0018390049624482294
0.001737071974226206
0.001716271859540904
0.004215407710978337
0.008407106601105276
0.009766019577404451
0.003569856325785203
0.009597598269954426
0.004670598207734219
0.0022981680247659395
0.010958371654848816
0.014279190140608232
0.011261628288904316
0.06764121635618923
0.009696651247571268
0.002798012482939786
0.01230197690729322
0.007528156409625211
0.0017163174752001984
0.00032122037095691746
0.0027426861907144016
0.0026651071722089497
0.004553291015161641
0.009572007593072394
0.003937597940007615
0.0028952729119329137
0.007698009002239989
0.0058273085531251835
0.0014262921869225293
0.0003004375094172017
0.0020420698169041646
0.003449712898139915
0.0013020264442187956
8.50605186661906e-5
9.687996859365766e-6
0.00018623999564232061
0.00018139900188480666
0.00025188273726610037
0.0007020291979428463
0.0017778246677380284
0.003137399547706099
0.001120253969316121
0.002691755277195365
0.0014829594642129542
0.0007428541672549118
0.003758888472735692
0.007097280713807105
0.003972663506853353
0.01422386782405195
0.004213581550162207
0.0010203500287376001
0.0038676999727926655
0.004004484714823127
0.0009911532020349752
0.00023682613228885295
0.0020178129459349752
0.00309681131950623
0.0035005030141235078
0.009943840309144263
0.004065412500267027
0.002038455193734887
0.006736627295807917
0.0069998619135226035
0.0014089345289811683
0.00022627635500170344
0.0015699081960034752
0.003153288607201413
0.0015186448739062117
0.00011729253806816202
1.3619796452614175e-5
0.00023617181649696883
0.0002464899143020776
0.0008231067854664652
0.0017314805553629647
0.0008379258497431976
0.0008383391047286788
0.0036384222889351103
0.0038401628628475437
0.0006956728631652369
0.00016718053240093395
0.0015657668047155326
0.0033672616382875767
0.001364029901272995
9.761130599164263e-5
7.125841450795597e-6
0.00014690977883893768
0.0006156296113039586
0.0004681091923858209
8.643622295563527e-5
2.055546531801788e-6
2.731627602035013e-7
1.1934036176034612e-5
1.5728316114698517e-5
1.5295740800180817e-5
7.208289238856074e-6
0.00010456929389895676
0.00032803539501115813
0.0003813181568910877
0.00016943670151399213
0.00016968256426054675
0.00031794163543221506
0.0002254453200230149
0.00015853703134258694
0.0003008359467416631
6.662319159863746e-5
0.00017847689515442994
0.000965329179493154
0.0012573126111329613
0.0008495700104942475
0.0010930537453975335
0.0026809048993020434
0.0020437945823865438
0.0015677259417997038
0.0028866023174154666
0.0008286225884035645
0.00029994556187018723
0.0012544399248732437
0.0010200196136712532
0.0015336277071434318
0.0027347647341992424
0.0007545468805745385
0.0005042277183878032
0.0017990943507482432
0.0011188739594892862
0.00011338328156730431
9.440593993393363e-5
0.000877171197505605
0.0010597946698112553
0.0008423741888568984
0.001744922038787419
0.004701915899255007
0.003498850544385022
0.002669649955065629
0.0046247104586810426
0.0014856585407293196
0.0011750935292747864
0.005252100937931253
0.0039053640953585437
0.00474297056678404
0.011323203534499638
0.0027375193453225244
0.0015924653823828022
0.00664761690128575
0.004002121099326147
0.0005453606500035846
0.00013670442929577826
0.0013192605801200066
0.0011150531821323487
0.0026245298646305768
0.0035882585939895247
0.0014821234315300644
0.001545779715453646
0.004947966032063296
0.0034289114042651532
0.0004285667482511783
0.0001584393306344845
0.0015633565607825416
0.0022893571466192286
0.0005573613861485592
2.1420988132341255e-5
1.0062587098794193e-5
0.0001890658697399453
0.00023688551590514886
0.0002468506879027183
0.0006971983029578202
0.0026117187368806553
0.0020513860840038066
0.0013424345840394346
0.002784346284159811
0.0009935490383668508
0.000858882717357749
0.005055407202987964
0.00374666942093012
0.005353099446930816
0.011210103660930044
0.0032530366079322674
0.0012586455264138954
0.00497454095051295
0.003975109463529758
0.0007268121393404092
0.00024137198935663296
0.0025361426413284256
0.0016982491858250313
0.004731714902268417
0.008441427940101123
0.0031969436804283042
0.0026757990672098587
0.00942084176227597
0.0068158814776432325
0.0011076946634605228
0.000324875573698896
0.002430560183846877
0.004377185104952094
0.0014882965133780912
7.512406254397906e-5
1.2120282430696237e-5
0.00023074899697175214
0.00017920928191010555
0.0010752166264974626
0.001767777103030386
0.0007831176559275387
0.001232007291753664
0.004496142124490249
0.0030129987708994747
0.0005137007629015077
0.0003763406184338722
0.002003828515348503
0.002943686966221031
0.001111528188126851
5.512577600690866e-5
1.5468193724730263e-5
0.00022097235263238984
0.0006963882012395914
0.0004615182723494779
6.433136994291565e-5
1.212413527992244e-6
2.304397487765924e-7
9.122503919612608e-6
1.2266446820800367e-5
1.4079720390303293e-5
7.182586449971614e-5
0.0002480326046477234
0.00024030962517560393
0.00014237916507979953
0.00032041708866694367
0.0001193844936407981
0.0001404545620835472
0.0008818478515901511
0.0007413920610515511
0.0012034606282736525
0.002328952589455904
0.0009458452820683554
0.00030335173876836754
0.0013682114927895176
0.0010319247589327643
0.0002048718338408833
7.083416245293921e-5
0.0006871670427877814
0.0007144647986892794
0.0017586177849708566
0.004267960432188793
0.001566328275224618
0.0010864319409062428
0.005227384769100353
0.004229457875077623
0.0007065608969348326
0.0001693926744346537
0.0015003802459846098
0.002300288866632381
0.0009608496206942785
5.4866910679846406e-5
8.912948824550542e-6
0.00018313442098705741
0.00019031495862704468
0.0008599600039859875
0.0018363576344881827
0.000820955819042616
0.0009512107722328407
0.003324253051726787
0.003327840285539183
0.0005641836433512963
0.0003315171967003387
0.0019976911824308124
0.003792048139353505
0.0015361710253199163
0.0001073776044231559
1.6313755618735846e-5
0.0002711271249480064
0.0009798614215103796
0.0007711273870505827
0.00012096982001370084
2.6578366593480178e-6
2.236927450856149e-7
9.658401316054882e-6
9.849663436269651e-6
9.060482956802934e-5
0.0001912564874441023
6.906505411469187e-5
0.00017233448375593037
0.0006754900654931886
0.000667908831448406
0.00011889762461839699
0.00010311232849345409
0.0008677879524705187
0.0013208798486081625
0.0004975904734692738
2.8833459867292924e-5
1.2005565981122035e-5
0.00023758503137141895
0.0007998879578915249
0.000574041541587347
8.112409311304443e-5
1.7391313290162734e-6
2.7944500060806997e-7
1.0296060653917997e-5
6.852269142646165e-5
9.34304639212282e-5
2.3642759687760495e-5
1.1543634362188221e-6
9.565846472322156e-9
