3.047489761801915e-15
1.1676869048918222e-14
5.822138675087255e-14
1.6788666599787723e-12
3.01101625161114e-12
9.01078622636124e-11
8.734397392842476e-14
4.971951857996065e-13
2.8555232125357312e-11
3.5087398065827785e-11
1.5100143865690423e-9
2.2710382154273705e-12
4.023952525634074e-11
5.546238980984019e-10
1.0063909087987801e-8
3.974614974434238e-10
9.786630293309397e-9
3.4718302551604337e-8
3.901091032567306e-7
1.924364868000028e-6
2.856240646469448e-7
1.910995890541535e-12
5.151054200406051e-12
5.693146854303847e-11
9.654856045895907e-10
2.1377185665483287e-9
1.5315877752065728e-10
3.271094862206583e-9
9.186140749836863e-9
4.771091460937539e-8
2.013325058698662e-8
2.0092075611071953e-7
2.3017921106167227e-7
2.552836841759227e-6
7.014174448975032e-6
5.21703430259326e-7
2.6070039012230376e-9
4.2481103380355015e-9
5.32332645455315e-8
3.759842577426934e-7
1.0193443079887427e-7
1.4072903699858785e-6
2.77059884089829e-6
1.350885567006503e-5
6.921419596597848e-5
1.1951220739912443e-5
5.493823816121515e-8
4.79485033916909e-7
7.373100474125046e-6
1.3628285513509288e-5
0.0001748580694919723
2.9807341213561662e-5
8.326775070663832e-7
8.281503812721252e-6
4.927544115132851e-7
6.670611830883952e-8
2.273191066894645e-11
1.311358726269828e-10
1.5722495111928717e-9
7.098079786635494e-9
1.159559579284522e-7
1.5576505316424963e-9
6.109752768681262e-8
1.2217531724959888e-7
6.397229165145784e-7
9.631860458014855e-8
1.3109288855684587e-6
4.006317336232382e-6
2.373935706614398e-6
5.0270958959599755e-5
1.2838635765329943e-6
5.9170186025491655e-8
7.16553445169908e-7
3.5222760746494985e-6
3.29808625635354e-6
1.481816435758406e-5
0.00016840405561166166
5.1355754301888344e-5
8.630311401054236e-5
0.0010005207776757623
0.0001069526725383499
3.883588800268268e-6
2.3106537214874062e-5
0.0003353515956252673
0.00011649226271254093
0.003886427156296294
0.000162591591761588
3.1118511151076695e-5
0.001000059829927189
3.250500910698143e-5
4.837090210399406e-7
1.0084309855641384e-6
2.5817010425426367e-7
2.0313639497800412e-6
5.480842504846457e-6
7.503707479077874e-7
2.9081435014104547e-5
0.00030298412526026734
6.643939747588661e-5
0.0008742159320078608
6.738490933047388e-5
3.5232689995281823e-6
0.00016079840012487147
0.0009468475321925389
0.005905425663758317
0.034704509516071666
0.00747963430278691
0.00028257049086052497
0.000991253909542886
0.00016264417119924736
2.939757671382955e-5
5.369059126142886e-7
9.510250490006984e-6
4.2518246898326445e-5
4.957107773147279e-5
0.000671329328077375
6.475194119942964e-5
6.265816326741564e-5
0.0008677183055511589
9.820253468477693e-5
1.1636915041428196e-5
1.3012478446606658e-6
7.076168703698164e-6
1.1859996395330067e-6
4.885786140687578e-7
2.2574276419197417e-7
1.1179976148547005e-10
1.3256472812516615e-9
1.3188706027508532e-8
3.930345813610165e-8
2.306188567292838e-6
2.1092540634210062e-9
4.676900986362523e-8
3.1714195581637543e-7
8.687775534779425e-6
3.2017841085032923e-7
3.163016509858796e-6
9.738448105584788e-5
8.315164389681219e-6
0.0002098546534935561
7.676513183896791e-6
9.533019371540131e-8
3.243078037110486e-7
4.465075959989181e-6
4.718306795000282e-5
3.0926143847513304e-6
5.995135618721327e-5
0.0008244026997999936
0.0003243226933236327
0.003632056825829954
0.0009422695054820404
8.664762376065434e-6
0.00033598588135474734
0.0008322174485121585
0.0008676967119762392
0.04364364957479172
0.0009735253001994349
3.904118676256869e-5
0.000722445989864203
0.0009555096425611596
7.898127685718743e-6
1.9865117483398057e-6
6.964142521125758e-6
9.995839955630333e-5
0.00023087820281630353
5.291101788855994e-5
0.0011017452579117062
0.003941527870557442
0.0007740152487351832
0.04574194114144228
0.0006879524420138622
0.00021775650091963926
0.004086206389725657
0.04226870693275338
0.030612445088383185
0.49473927918675675
0.03233867312697672
0.003060998596723462
0.0419281027120452
0.003973894817837816
0.00017527357116938678
4.185391751856682e-5
0.0007263655720856449
0.003380526777331491
0.0006376798408238508
0.0454917560572026
0.0008078372461077411
0.0004070053108143871
0.003907296841414524
0.0008779982978430822
6.236779222782328e-5
3.558426117732308e-5
0.00020923839828111506
4.4564523551162726e-5
7.348032197743955e-6
1.7780002903677353e-6
2.9185176787183514e-7
1.7527140320760011e-6
1.0564273935760398e-5
3.785004669053512e-5
6.266674322979427e-6
5.83158937159166e-5
0.0005177864507851402
4.665057108442264e-5
0.0033951738883906896
4.2882335363732655e-5
1.1740371627105182e-5
0.0005669878389572369
0.000729976395025277
0.001072778926562425
0.04296829488816791
0.0009414292547206589
4.613273730087411e-5
0.0008175125795345392
0.0003113372608059065
7.798039762241677e-6
5.697430739124769e-6
9.327722722687898e-5
0.0006211598596699524
0.000611936911639701
0.004166687949928951
0.0002736765039915878
6.105605085087045e-5
0.0009005901175558986
4.635080560245363e-5
2.997387063758151e-6
1.0541719535217358e-5
7.64697334526591e-5
3.446393453025694e-6
2.2299092910962726e-7
4.8967149777248486e-8
1.253604536101677e-6
6.737450455539829e-6
4.2021029665570323e-5
9.689118864260616e-6
0.000223461784725069
5.415369273862078e-6
4.788401486382185e-6
4.389785034078765e-5
2.5076397670693143e-6
2.937254982223653e-7
4.6918152283000295e-6
7.63933825202778e-6
7.183228004833967e-7
3.856435948691938e-8
1.0369481804775401e-8
4.642928529571573e-7
1.8711632511861092e-6
9.084982812056767e-8
1.725719455894833e-9
1.341490031968267e-9
8.478395696231584e-11
5.928589496402382e-11
3.7476587786899703e-10
1.6614939435027212e-8
3.48114194697647e-8
4.7174011668345734e-7
3.2800060422332725e-9
1.2197621300484523e-7
1.5021770254766816e-7
4.2667205669259845e-6
3.936232580676781e-8
1.544370013934765e-6
1.333224384217588e-5
3.2573699282619967e-6
3.4424678433032905e-5
1.1435488989734557e-6
6.951958509456973e-8
4.0238365943607237e-8
6.953990488661274e-7
5.823358500092443e-6
3.787513974509813e-7
1.0735397684362681e-5
6.563948488639782e-5
0.00015045415623111987
0.0005008189525712523
5.557741170944795e-5
2.6693150185427483e-7
1.0736652008325696e-5
4.7103804645046786e-5
0.00019150950361858794
0.002931072745750121
0.000266094404706714
4.6959643785741255e-6
3.838598252535373e-5
3.108464527755227e-5
7.425144835751402e-7
1.5477401176455173e-7
3.2545253218699255e-7
3.2131995342612574e-6
1.064400979868743e-5
9.834842861210117e-7
4.858691626091533e-5
0.0006631541119834837
6.582382435785102e-5
0.0006654017560684015
4.5775275021594306e-5
6.377958588564033e-6
0.00020314717159456024
0.0010651601214852352
0.006679505206746717
0.03245613792352593
0.0054724146988632885
0.00020045220122682283
0.0008642574402261713
0.00011284909571143847
1.3914526622916562e-5
7.738458627967142e-7
1.2063205133280343e-5
4.673512575354397e-5
6.766040909716703e-5
0.0007136477868434585
6.0535066671708995e-5
0.00015085767259033538
0.000343458732634708
7.509159824262421e-5
1.2388842483145686e-5
3.875859548965989e-6
8.310897284854928e-6
2.146137978102182e-6
2.439101933937996e-6
4.008834812235445e-7
2.567552632240701e-7
7.042715461312307e-7
3.5158140706765125e-5
6.262531599760923e-6
1.5342761160210062e-6
3.567349707481325e-5
9.806308938172286e-5
1.184097430148141e-5
0.0005735465065356758
7.852622707250395e-6
2.575459658799237e-6
2.1584940278811886e-5
0.0006507454348048764
0.00020661071030028439
0.003999509884295954
0.00015435288744055612
1.0611228293327399e-5
0.0002994638550298993
2.15040137615985e-5
4.996481399415848e-7
1.6908487616618603e-6
3.087276110009122e-5
6.526488632780949e-5
4.908379455151625e-5
0.0010614328331005993
2.725032412243898e-5
1.0864796975800867e-5
5.572615547016111e-5
0.00014948881677362183
1.2494578690206827e-6
1.8784496656801244e-6
2.7822700966940223e-6
1.2199340014877834e-6
1.621112892990585e-7
8.059831441652488e-9
3.259802235838783e-6
2.559183922107796e-5
1.3862581600397258e-5
3.169664046346502e-6
9.75948227480622e-5
2.0913009154405387e-6
6.31991740837543e-7
4.379391530115302e-6
3.1129191018241012e-6
4.199798911940878e-8
1.7366426435941484e-7
3.4387271062577175e-7
1.1370700580625024e-7
7.847611059405124e-9
5.709811088818861e-10
4.272421506636905e-8
3.950027068010785e-8
7.201603893221257e-9
9.00433151509695e-10
3.1486827023698643e-11
3.7666049028619845e-12
4.694804713957107e-8
1.6943439301275383e-7
3.022653393264932e-6
1.2379070481464609e-6
1.5618521658636103e-7
1.7847907477808336e-6
7.893739780421135e-6
7.779027782237631e-7
3.6600957624478394e-5
4.5031676183661405e-7
7.07483277448213e-8
2.3368323315210967e-6
1.2363923558930218e-5
6.400963211621578e-6
0.00021195691109890074
3.4538766605608033e-6
2.5094952211113244e-7
8.07639189303978e-6
3.0439527602215404e-6
5.042975513747301e-8
1.35389467301314e-7
1.2939425836121814e-6
8.58475105882763e-6
9.831404526823227e-7
4.985928634740075e-5
6.997140330042608e-7
3.7594743041040697e-7
2.9064021063132493e-6
1.1656604373663606e-5
7.908931677091962e-8
4.2084283772950144e-8
2.845331756675785e-7
8.077520856854047e-8
1.8174610877732277e-8
3.9377331960540505e-10
1.5530440423485355e-7
6.424121914429109e-7
1.8900361511718683e-6
2.847784856127034e-7
6.069769659645657e-6
2.45285005647182e-7
3.3749417449178155e-8
2.9929270188088126e-7
5.698177898711545e-7
3.6716990704006716e-9
8.821624021232478e-8
3.929355434243947e-8
4.4441365430389327e-8
2.4917940060892555e-9
3.427823090295244e-11
1.4851833126056639e-8
1.2338772075062272e-8
1.4066675382174467e-9
5.587684211475902e-11
2.6179279824151704e-11
2.259425385179466e-12
4.2008522739048895e-8
2.845996974613864e-7
3.197875630905666e-7
2.0720003504702335e-7
2.1181369255633117e-6
1.5014734186248603e-6
5.0155096683019713e-8
9.806017241552428e-8
7.768827496118166e-8
2.56345212355578e-9
2.2218487316075536e-9
2.102224205977501e-9
1.5381590100815058e-9
1.4251200276998657e-10
2.2313643024856963e-12
3.9684241138142376e-10
1.5057450901084034e-9
1.4151709143628458e-10
5.0066297550011036e-12
4.643066470162306e-13
6.288318630586654e-14
7.079585001543198e-11
1.212389895453426e-10
2.570386186236097e-11
2.0650756258922325e-12
8.435367490999519e-14
1.1125312119992091e-14
2.6830327933616227e-15
