5.978140388572788e-9
9.076741277631506e-7
1.7456696714371036e-6
1.5341691838432376e-6
1.0148821738732402e-6
1.6345144042326365e-6
2.26710822714492e-5
9.541843104049402e-5
8.302656494769504e-5
6.31582166104829e-5
9.178837545272477e-5
2.577021825528387e-5
7.750112588097756e-5
5.409369075608126e-5
7.762873408946998e-5
2.8012536485554378e-5
4.775431793628243e-5
5.126774270992215e-5
2.037963813409133e-5
4.806567167956246e-5
2.488285239240514e-5
8.579730449905846e-5
0.0005912448301751824
0.0005430774616628314
0.0004920174117096649
0.0006025594747511605
0.0005664972207772825
0.001845845296662737
0.0011526253425532137
0.0015001135261443002
0.0006244392881037145
0.001103367084836102
0.0009643955588599473
0.0005222200001362009
0.0011002225878640466
0.0005140171049881429
9.226479506593527e-5
0.0006576480252108134
0.0005331935739704013
0.00047262869975913513
0.000589497521755475
0.0012038617396030618
0.0012583140658250806
0.0004410663689739364
0.0012407165081016196
0.000560290173912151
0.00010183826144752911
0.0005599979124624793
0.0005418372010357786
0.0004529001210022695
0.0013979136938028808
0.000737304386969983
8.04186814144663e-5
0.0005378430234160759
0.000596318169660853
9.464115258791462e-5
4.521824773793067e-5
0.0006517015168925359
0.0006837015391668229
0.000673367209154924
0.0005687217496495557
0.0018739562426223861
0.005007235847510927
0.0031287568775678356
0.003808167748443522
0.00183826015270592
0.0035485717197534065
0.0032831054584891296
0.001177576872445963
0.0030984413699346276
0.0011769536785331842
0.0008153110463689394
0.004781785562651738
0.0041659606760698666
0.003668427256763642
0.005026011260613436
0.007872538906550706
0.007345015985640701
0.0035076877082674362
0.007388743591693173
0.004056927177606116
0.0006795675961232203
0.0031973318149251914
0.003019141475684565
0.0031279245627816206
0.008645497119902732
0.004592903668941025
0.000693327125529146
0.004108799345991288
0.005024968093718629
0.0005991151101117408
5.0939375091718856e-5
0.0007316096799541081
0.0006931400888468619
0.0006770456982154837
0.0017623873732575325
0.0028130995091232456
0.003552234283833623
0.001565069420289522
0.0044495460979963085
0.002718984931844301
0.000710827111133577
0.003000448272406406
0.0049250961449320415
0.0036344716369808958
0.0173555605055666
0.011631670298416304
0.0006265594846278981
0.003938324186244547
0.004506705767896607
0.0007537082579592659
6.27582541046213e-5
0.0007073708293439667
0.0010238826303099252
0.0018634536244090843
0.004907184501333463
0.0027112560124193347
0.0007232425427019273
0.003760155020302159
0.00409147583081441
0.0005789975384552705
4.480745859252617e-5
0.00059899194981198
0.0011716364262031348
0.0005154232604341645
2.5348078346358445e-5
4.89402882916097e-6
0.0001620824712178044
0.0001886903741434609
0.00019287426405458372
0.0001109670421119754
0.0009030583245125352
0.0025977341917567207
0.0020529650349314188
0.0017646641076804377
0.0009677892449813625
0.0016507772946987938
0.0015138104304774811
0.0008453111283150634
0.0018091250227007534
0.0006081831338951486
0.0008490099808725288
0.005019876954422239
0.004006346694910611
0.0037281867713212322
0.005545667773189498
0.009618472329827243
0.007901137014740814
0.004888462551934435
0.00992627097267888
0.003754942158794295
0.0008909372207951789
0.003676447784993355
0.004048417304873243
0.004562104262211487
0.01287953689748884
0.003957305177717831
0.0008490499343556259
0.004744610709613525
0.004123522004819533
0.0005373643865089848
0.000157494653258824
0.0020402445575863452
0.0016748359544749907
0.0018566683455115893
0.004761670179659717
0.009348377504221673
0.009258676168974684
0.004522488008175722
0.011225093500725074
0.004981606657531684
0.0017348963056426547
0.010784853493860753
0.01155172248222603
0.013821873722599045
0.0618583059752861
0.017379222153423017
0.0028023431226637785
0.012799957033277071
0.008411996013230557
0.0014053816303335898
0.00012712588650924537
0.0016194995522115197
0.0022963677554923155
0.0042879026804476675
0.011209343752926614
0.004549023208205591
0.0024988384361914356
0.010009341182955675
0.007370977764007855
0.0012165301444436293
0.00018579179059617559
0.0017767577113145347
0.003120120314741794
0.0011043226984646533
4.802647799490957e-5
5.898853277339946e-6
0.0001689776056247815
0.00014724532806099154
0.00015856439926859056
0.0008375243092340065
0.0018276590079374562
0.001817024531922083
0.0009325928749751073
0.0022939827814256572
0.0010068633260682568
0.0007264837943587839
0.0036458294704312284
0.0033176336070772057
0.0044233971609885635
0.011507390593133946
0.0049283517386054495
0.0011206913493339164
0.004001018422765187
0.0030511861797692507
0.0005334854752905761
0.00015377861983643923
0.0018280013271296004
0.001795787134251626
0.0033799501225679003
0.009111607808146986
0.0035493840525265144
0.002179937520227733
0.007909692256348144
0.007462636829934259
0.0012469246848897237
0.00015543287601279434
0.0015184237393182848
0.003337211824339375
0.0009508346500829266
5.036644311424943e-5
7.179232836773197e-6
0.00019401465099258344
0.00015903766805532672
0.0007807243494035048
0.0018625010663486747
0.0006824656607882723
0.0007513333674439932
0.0037121294086046737
0.003701772469642365
0.0004739157078717636
0.00014154672069707322
0.0017877736262251382
0.003784074552530247
0.0014971568773416988
7.705705150511287e-5
4.401349723501553e-6
0.00011134188909529129
0.0005671954801922764
0.0006080978251900615
9.354321832541995e-5
1.6780931039994118e-6
1.1501730956103316e-7
6.916123366314389e-6
7.447690183814439e-6
8.061564584800662e-6
4.243174785063146e-6
7.352431326219817e-5
0.00018991044259658514
0.00018362589903909575
0.00013802537729724204
6.81776000967499e-5
0.00019350208985832677
0.00015468434972756788
0.0001101114514163891
0.0001899021498203446
4.495749533221987e-5
0.00015969190001232164
0.0008854576096385383
0.0009487456568773246
0.0007414442610052082
0.0008828247296693059
0.0029380104983816207
0.002154270700819167
0.001443385564390119
0.002495136224798066
0.0007250298003429643
0.00018224292054503285
0.0011063419692272725
0.001122985379958548
0.0013976441855364794
0.0027508264509182867
0.0006272300651732282
0.0002973470799749044
0.0008457964559279617
0.0006789837656661134
8.05946723503977e-5
7.394207615500256e-5
0.0009080947129786335
0.0009644908823210204
0.0007816960409215783
0.0019774936356657612
0.006293419579721531
0.003377757985668246
0.0029785277018915678
0.0042764349352661
0.0018605241608874344
0.0009656298321290213
0.006205588753286385
0.004402514475660186
0.006404882415696551
0.013739135286744931
0.0035818878795682925
0.0013993349655838858
0.00452125390552343
0.0030740754818849515
0.0004456845076428771
8.239558384421843e-5
0.0010163133737624726
0.0009326271426637439
0.0029744140947044065
0.004527076883982574
0.0015623778859757142
0.0014202048664678916
0.004865618788127424
0.003470685191264691
0.000429768375768453
0.00010808383099280265
0.0008476650718053952
0.0011790347601695894
0.0005279062212713367
2.0590495923954207e-5
7.115473578189545e-6
0.00018439196248293835
0.0002097818426410328
0.00019813370527576376
0.0007807881818638108
0.0022650195479540173
0.0018629055218968384
0.0010124282198419802
0.001635357128758986
0.0007011692652337528
0.0007891561884677145
0.005038224651689721
0.0036370486365907228
0.006303346700601799
0.010799377008982395
0.002975498661534851
0.0011081024843164324
0.003688747568106645
0.0031806237872852696
0.0005463290770291285
0.0001814505191904219
0.002247272575939926
0.0018296778465969109
0.006216036798517591
0.009394104593517472
0.0028105443565068227
0.002929623502783439
0.009488381059275387
0.00781440857593753
0.0012108872501733132
0.00018842580325577
0.001632314931868061
0.0035774827471699326
0.0010944060864518208
4.762901377085644e-5
8.145136712684565e-6
0.00020754662667313845
0.00014528099054676299
0.0009555337315255883
0.0016581497741327423
0.0006962636133787008
0.0009488802819227353
0.004049202350622187
0.00414131196917842
0.0005346691130707158
0.00018196748375418173
0.00205596899749088
0.0031123657918643347
0.001141514898835539
5.3260282953297675e-5
7.964138405930013e-6
0.0001884604169680577
0.0006623521040010999
0.0004849390592665979
6.268221083983869e-5
1.015216938100729e-6
1.4537351435093155e-7
7.74496872526784e-6
8.154030872527134e-6
7.262453297607882e-6
7.75180664835565e-5
0.00018478619109941056
0.00015515724136470815
8.268569845321832e-5
0.00012755107764352727
6.334458665427045e-5
0.00015345107119260504
0.00079815988451261
0.0007313039142835435
0.000975440716127862
0.0017185223431515025
0.000708463837960322
0.0001832936935864041
0.0008749722167258208
0.0006734792994657779
0.00010147513502814082
7.734666202747909e-5
0.0007822102830014649
0.0008199403618124263
0.001955439184917624
0.004613961284838818
0.0017571968353918047
0.0008812049361079332
0.005513168889300169
0.005098392854007464
0.0005914058913243326
7.076913209794777e-5
0.0009868119808078828
0.001901156002577833
0.0006325614325070759
2.8599594980827005e-5
7.759665259050233e-6
0.0001866945731469535
0.00016560854283430653
0.0009131599352718935
0.00202186695358526
0.000735940677545815
0.0008850295508303676
0.005062692459459727
0.004835145981787295
0.0006609724855518936
0.00018939149881959784
0.0025639663103240655
0.0050203967995935085
0.0018696319095296999
7.871479442710493e-5
7.173669296635497e-6
0.00018223524093289114
0.0006783058335992228
0.0005407060120986119
8.237732751723177e-5
1.5231601214914152e-6
1.4566167534741004e-7
7.180405244936205e-6
5.8003101765614785e-6
7.5450332590252e-5
0.00015995176718043848
5.0846258214229e-5
0.00016406251588902706
0.0008693006669080012
0.00081275261624491
9.277960340703036e-5
7.399962394360717e-5
0.0009078939302518116
0.0018845427258922436
0.0005578086162658779
2.5271959763070927e-5
6.871812548599286e-6
0.00016127110753275573
0.0006487556612208582
0.000588362751969352
9.611087966489304e-5
1.7701800106723082e-6
1.1439136373736923e-7
4.8833876890570505e-6
4.5022001923832055e-5
8.504863891699676e-5
2.229155857586393e-5
8.869158839207795e-7
5.804817084748377e-9
