5.90233969900688e-22
2.757925248881744e-20
2.567309390571902e-19
4.189443061975341e-17
1.8357462291489396e-15
3.29937124813502e-14
3.3470567542625076e-19
7.878381334370986e-18
1.170881011293329e-15
1.531346137909914e-14
4.8953647301106954e-14
1.3834236054975821e-16
3.136371396133457e-14
5.79398642754163e-13
2.190331147562593e-12
1.894636834302085e-12
8.650400595854583e-11
6.97374214493379e-11
1.874551788619373e-9
1.0522133835408802e-8
1.011499001172606e-9
7.088229203224746e-18
3.8898345758614265e-16
3.607439397856308e-14
4.2066134195422746e-13
3.982306732283248e-12
1.8192080825751793e-14
3.7390766095068125e-12
4.8974021846378416e-11
1.0466017918609396e-10
2.5085501404258474e-10
5.913281613976868e-9
3.658793761432462e-9
1.0932248700570556e-8
2.1595310729323197e-7
5.745127384986208e-9
2.32591312548176e-13
2.2194740810137738e-11
3.662374980530073e-10
1.9245115768401407e-9
1.2235136509978892e-9
5.488300543650414e-8
6.635814693698561e-8
4.2767253940126456e-7
2.6800462886239943e-6
2.3313179206537163e-7
5.157206488309687e-10
4.121891610397953e-8
8.594655916610788e-7
4.177080758948952e-6
4.3987054189253505e-5
4.1450290382030946e-6
6.304574259849474e-8
2.006392722868689e-6
3.713502698865896e-8
2.7182377901043883e-9
5.793023902338932e-16
3.4899078767642743e-15
9.722430658511695e-14
3.996902782772624e-12
3.774901071822841e-10
2.423573571005995e-13
5.221650281254808e-12
2.096163400939847e-10
5.52432413958837e-9
6.237657229024495e-11
4.157184727026616e-9
1.3092669767087855e-7
9.682258216643431e-8
7.087277217933632e-6
1.0270916345946935e-7
1.8778306931112674e-11
4.416529894237935e-10
1.1342539493582082e-8
1.0806124215942622e-7
6.83248725346152e-9
2.4822597254210696e-7
4.228037532188261e-6
4.108417402139684e-6
0.00014831789584334582
8.507834469167755e-6
4.1315232378384623e-8
1.7157473910422257e-6
0.00010148289034392627
3.364219203839145e-5
0.002409348681700828
3.623387728299741e-5
3.830649596899463e-6
0.00034011922928924184
3.340340455899317e-6
3.165779538346459e-8
3.6873712664485963e-10
4.224478389142915e-9
3.184927073190375e-8
7.942738101029978e-7
3.308157982685674e-8
2.6520131834871746e-6
0.0001049470298874816
1.8707664459030456e-5
0.00022919238144888983
1.3666094366009418e-5
3.613216048635832e-7
4.340731328426573e-5
0.00033504134765933904
0.003891825634906089
0.025652436542568165
0.003509698607728167
5.8666802761709236e-5
0.0003592953338674739
3.471283481317575e-5
4.3919834693671e-6
1.2578858169049781e-8
6.121438130157861e-7
9.156151630327079e-6
1.2539854265628237e-5
0.00020800799901997389
1.3473285125637267e-5
8.859169974816551e-6
0.00025377956572559114
9.275557718363427e-6
2.3095420134045402e-7
6.769672400098639e-8
1.259273804366081e-6
6.895347833345188e-8
5.3558625544785735e-9
1.129217308178805e-9
2.9140493512764595e-14
7.012011142000269e-14
3.400817253018794e-12
8.243901940903742e-11
1.9207690557294653e-8
2.4661655482372547e-12
9.384398611956673e-11
3.239897499467571e-9
1.961845853229663e-7
1.193238050906535e-9
6.880794772037309e-8
3.002168247868174e-6
6.993123572564112e-7
5.236364012258507e-5
1.1860434989401235e-6
2.341965329591123e-10
5.50895027774112e-9
1.2878979305431217e-7
5.294710796163283e-6
7.794870032729361e-8
4.526165417462784e-6
0.00014528828150665336
8.157074880890427e-5
0.0017361016994986939
0.00022411040464960454
7.057420651888745e-7
7.484914007414898e-5
0.0002515391795351653
0.0003132625051827855
0.03342472234633659
0.00033768134286615023
6.59018030728119e-6
0.0002486126361796798
0.00017081081823942476
1.1335667974069902e-6
1.4474878292379086e-8
2.0906751092117422e-7
3.47305068655251e-6
5.2782051993697424e-5
5.723144695794746e-6
0.00018705025577947054
0.0023701848655232286
0.00022564645941345942
0.03231954191980523
0.00019996232983526043
5.122705951852084e-5
0.0018865285588098297
0.033719191941918775
0.02656323091750367
0.6462459842959692
0.025531055996373207
0.0013551980266164575
0.034682885168901875
0.002060866448031036
4.545295841364762e-5
2.941186209407775e-6
0.0001373788233048702
0.0017837947187479219
0.00021972005268180503
0.033762697564781376
0.00021878570213185349
5.9301731777264226e-5
0.0017990204394194111
0.00014611244861705325
2.391016119874607e-6
2.517210367890073e-6
5.341109770453643e-5
3.4653486749012675e-6
1.7577623806545218e-7
1.1310546342758654e-8
2.8378756477631043e-9
4.8968943428031124e-8
5.571612340417989e-7
2.8103312376847196e-6
9.129302425611567e-8
7.0000147782365584e-6
0.00013453383854189442
6.475486311794493e-6
0.0013650490881686097
6.865376684259072e-6
1.8013032256576037e-6
0.00019980757271151876
0.0002521538175846773
0.0003585159311379023
0.03415262405246451
0.00032735819716162555
6.13962248465881e-6
0.0002649124390899646
7.162687679557761e-5
7.962747443138096e-7
5.534269960729862e-7
1.360973832917007e-5
0.00010578539225804274
0.00018377779431320073
0.0018739386142718835
7.357922087611503e-5
6.361853243638317e-6
0.0001747274721182699
4.463366562410568e-6
6.635608487949836e-8
7.825744848991096e-7
3.4258004710045477e-6
1.2284483745711086e-7
2.8505943963182095e-9
7.533128406976526e-11
1.2205464880115478e-8
5.494102577139145e-7
2.319518070628463e-6
1.5160978743140655e-6
5.304188226505875e-5
5.950950421004206e-7
7.984888381780015e-8
7.40565807959114e-6
9.48539937598664e-8
1.2195814530759791e-9
1.565178766609148e-8
2.0215511821951346e-7
4.207932577992486e-9
8.400259620331981e-11
2.4716384979834263e-12
2.9365042054794744e-9
1.6367619505582226e-8
3.8791906842495845e-10
4.7957470498389215e-12
5.1022899691665134e-14
2.5289472460279256e-14
2.493394261429191e-13
2.1618136557664373e-13
5.582281618741128e-11
1.846434565116047e-10
2.614760661463548e-9
5.74737888279618e-13
9.480813965028382e-11
2.600260882930107e-9
1.5722296035351703e-8
7.872163186195511e-10
1.5714649089846844e-7
4.636541802243207e-7
2.5355068754035656e-7
2.3496102834228605e-6
7.772109709563229e-8
2.45361414329994e-11
8.130229607864818e-10
1.5127105416866723e-8
1.333518878900126e-7
5.642520874438773e-9
2.0908450897733e-6
8.067995034317605e-6
4.312049123196661e-5
8.258182517015475e-5
1.2977688213858817e-5
7.847219820549396e-9
1.0473602999308733e-6
6.58337628471477e-6
4.7612010258407165e-5
0.0013551185951154896
5.880326835100444e-5
4.575914556424805e-7
6.8315865924476e-6
2.741776923361922e-6
5.768599306232191e-8
8.380819477745319e-10
8.671179826653751e-9
6.957965111375329e-8
2.0898054570509783e-6
4.090460568411127e-8
4.644358160871794e-6
0.000317318318134168
1.3533760671346196e-5
0.00020681134929428227
1.1720439558136998e-5
4.850235683784363e-7
4.56427164063144e-5
0.00034240441847806094
0.0036547138526966424
0.02580103423036955
0.0036396870074023417
4.9856580381893625e-5
0.00031683651008485107
3.0235364477177688e-5
4.717097860222596e-6
1.760798570631944e-8
1.168048165010695e-6
6.949464209953271e-6
1.3750972014912399e-5
0.00022887669943979952
1.7104702573587925e-5
2.5259924015221227e-5
9.246100694245081e-5
3.88325219903211e-6
3.630694019789901e-7
2.2601293293882148e-7
8.024244022275652e-7
5.2630256532163184e-8
8.32295728088311e-9
2.4331467390571067e-9
1.8099376531481172e-8
3.6300136406937035e-9
8.151305103708736e-8
5.691774301925043e-7
1.6829622372865443e-8
7.729787757716895e-7
2.0529766236405023e-5
8.045179274536201e-7
0.00010408740458581469
5.784640513123486e-7
1.9304572200868936e-7
2.112373942413604e-6
0.00036588908603362634
4.760914123024139e-5
0.00222964952246291
4.338933117945906e-5
1.2340010110816223e-6
8.288004515553614e-5
1.4736610211252992e-6
4.541527519847442e-8
1.698963054129863e-8
1.325330778959319e-6
8.887945719629756e-6
3.739299474063039e-6
0.00015435985053371758
2.2108255150241726e-6
1.1884799185298146e-6
4.1001481984964355e-6
2.429444903318713e-7
4.3144453451448465e-8
9.184757526731293e-8
6.622194430246103e-8
3.6693452915007863e-9
2.246631434769869e-9
6.015480228785838e-11
1.1252321392280738e-8
6.710763931497506e-8
6.54959877488261e-7
6.162432369226976e-8
3.5114937915073933e-6
3.051889575760267e-8
6.9221213987181824e-9
1.2134299635597257e-7
1.0208488074693312e-8
2.6461176662179014e-10
2.043399438944586e-9
3.90986547444746e-9
2.1184760966136107e-10
3.553428354520151e-11
6.098933170222989e-13
4.987634615981258e-10
9.968821362229695e-11
4.80759374304588e-12
2.9672642783348916e-13
1.3796210002267182e-14
2.168899783575134e-15
2.0318698043438215e-10
1.1371413073656204e-10
1.7302530978710468e-8
1.1418734884169491e-8
3.139215809934453e-10
1.9476782078704723e-8
3.555562727828982e-7
1.4146476017197258e-8
2.0159662945579908e-6
1.0594425477531313e-8
3.074450720171293e-9
1.3103220088022612e-7
2.256681307074161e-6
5.159516916380215e-7
5.292833260841121e-5
3.515052941522255e-7
7.962787309781976e-9
6.91090600016808e-7
3.0546033361487015e-8
3.6003280032556196e-10
3.8766104887390925e-10
2.2596520905825044e-8
8.564183092202988e-8
3.80352660613198e-8
5.058415210227628e-6
2.7395058613710803e-8
4.186587521053422e-9
1.075592288771791e-7
8.153715550161758e-9
8.717282278582075e-10
5.885384510402296e-10
1.6233184786431709e-9
7.375700633225956e-11
1.1327013676834512e-10
1.4486739694749345e-12
1.1008923940050205e-10
4.082873259608397e-9
2.2027157979231996e-8
1.0873355534605169e-8
1.6882178879977444e-7
3.032434688093813e-9
6.545815016685803e-10
4.964320430026418e-9
3.7307249682861694e-10
1.52704556714393e-11
8.699958897030814e-11
9.193605595197022e-11
4.727616881132875e-12
2.895696102535065e-12
2.69650440357232e-14
9.008591680937646e-11
3.51842502173364e-12
9.564596596760726e-14
2.415669531963229e-14
1.0538556216503242e-15
3.589661751603223e-17
2.5759974748062126e-10
2.5386188035269744e-8
5.802554651960675e-9
1.6960414233804727e-9
1.62798743418062e-8
4.1893611498441324e-10
5.5258557701252716e-11
2.8641851917225065e-10
1.9385440314930395e-11
1.8555301288039304e-13
7.959167835978556e-13
2.7842930484521207e-12
2.4070572695015417e-13
1.6070742496635877e-14
1.2663133315055392e-16
3.603427844966346e-13
7.274996580564384e-14
3.913420992665846e-15
3.4338330140597636e-16
7.31165567492796e-18
2.857776822112663e-19
5.819986096304378e-13
3.769031696945296e-14
9.716177880028515e-16
9.209267350612753e-18
3.41447349880064e-19
3.060921000728757e-20
9.263189216105668e-22
