1.0330278610525081e-13
1.1784342057927711e-12
6.7416923911937685e-12
5.394294479779749e-10
7.953069915024184e-11
9.195485351292761e-10
6.725279909695562e-12
9.842275518814612e-11
3.79327915832205e-9
8.5603359433691e-10
3.906543497272942e-9
1.2596522126782737e-9
1.1688576107521408e-9
1.761307196117461e-8
2.0430852863465266e-7
1.0061849586958324e-8
1.2375621193466431e-7
7.262389923492825e-7
1.3732910566100665e-7
1.835365821635264e-6
1.798382376663282e-7
2.3921912787769296e-10
2.334803832290765e-9
8.747651015737686e-8
2.733747790293645e-8
5.835681259431551e-8
6.245562376323031e-8
2.1985403445036058e-8
4.097367731808146e-7
1.7054524072185475e-6
2.6351167373952376e-7
3.530425801698431e-6
1.141384876693021e-5
2.987762915115034e-6
3.11697365608678e-5
2.7890115523955045e-6
2.207205834035963e-7
1.3233416071780814e-7
2.4306483889775724e-6
1.100618329495559e-5
4.686518670839189e-7
9.470724917535499e-6
2.0451417061930386e-5
0.00036414917025503715
0.0015472964911792844
0.0005049684232502862
8.442677332468294e-7
2.7329309730861527e-6
2.6233387453176118e-5
3.1189895686091053e-5
0.0004384522353407489
9.328377276792034e-5
4.6941446298364794e-6
1.6292347428538314e-5
3.5558976426611887e-6
4.077012588005342e-7
3.1906880708710164e-9
1.2880149394101492e-8
4.6618805518644223e-7
4.472669209798776e-7
5.97683849722902e-7
2.228340381865956e-7
2.576888039693273e-7
5.912560382944471e-6
3.715281259287591e-6
1.5369717177030586e-6
1.5000810879575527e-5
0.00010789146941499577
9.318270850031696e-6
0.00016275156285277723
4.70381137871326e-6
5.031310430145088e-7
2.4754744886227476e-6
1.4501984721574524e-5
1.7251481266794664e-5
2.9861146426580477e-5
0.00014880604058066686
0.00017456200941018784
0.00029822240745102876
0.0019099173546926432
0.000261045912888635
5.900577606629713e-5
6.809147992865711e-5
0.0006828596555806273
0.0002902985668440223
0.005458976082746745
0.00037181840602999635
9.410182548653289e-5
0.0011634187987166248
7.959735948740617e-5
2.9342026033697977e-6
8.267534912363203e-7
3.4574754272707793e-6
3.2532055499771824e-5
2.67668949035405e-5
4.1972502800114575e-6
0.00010448022903226695
0.0006202115561158836
0.00011624813560213942
0.0013346753528890299
0.00015323682919684173
1.973414184173767e-5
0.0003124211642568417
0.0016837142472671041
0.005464627740189672
0.03498640062634665
0.008346218981033004
0.0007514446596387183
0.00198813648918694
0.0003807240314293201
0.00011077092260701844
6.240032532576115e-6
2.3472100640834745e-5
0.00014106824256343508
8.134779716095458e-5
0.0012417405529782603
0.00014139179049227568
8.447115790256182e-5
0.0008876036617495096
0.00023293927103130218
0.0005064688365462991
6.901392938267881e-6
1.861522454769201e-5
4.409135553241719e-6
2.7082145317200924e-6
2.0329492335246855e-7
1.1685794366102759e-8
1.5161508340002124e-8
4.025168229265338e-7
1.2869741681739772e-6
2.9069923305817073e-6
1.4702921741333461e-7
2.3069215394752344e-6
8.340763696134394e-6
2.9348197110068093e-5
2.1172353233497726e-5
4.458149240529482e-5
0.00217457535919621
2.88383058121891e-5
0.0007640579070006743
1.8707503162639116e-5
7.273292228177008e-7
3.844175442900912e-6
6.364964988223378e-5
0.00014902922870753066
1.9859584453994655e-5
0.00018689570023175273
0.0022582008537256394
0.0007037550200500877
0.005832602239299614
0.0008620495233559453
4.218468664269821e-5
0.000584521827202614
0.0014661632747028058
0.0014771512655270477
0.04543458316911748
0.0019337172695926285
0.0001241917289738072
0.0012915978160010044
0.0010508587980312134
1.5691569381732077e-5
3.801424135491465e-6
2.314211804789347e-5
0.001309399172440575
0.0007348902858651842
0.00013679338134475223
0.0017488294636467702
0.0065259416171614985
0.001252172134617627
0.047705719999429824
0.0012511475826851234
0.0007452042907866829
0.005589236911248877
0.04607964636936029
0.03435023354596639
0.3865230710707706
0.034918681786817805
0.005025230572118021
0.045768570426530125
0.005395521059943739
0.00046391032705454913
0.00029982728905759564
0.0010140548258060897
0.005979172313376817
0.0011592549824112877
0.04730941708084701
0.0013688346463524516
0.0006738265881035255
0.0058359944988578445
0.0020172728511677366
0.001500444926459175
0.0002855905208240311
0.0007498763183168184
0.00015309075812317425
2.4114670876112723e-5
1.8345683720997231e-6
6.034241297751745e-6
8.555362896708056e-6
0.00012580381537441912
0.00026503016924413935
2.134027447977807e-5
0.00023173855078356567
0.0009366212563400831
0.00016063046038091418
0.005767360775228976
0.00013353415436523816
3.0219024373350496e-5
0.0005452308788427767
0.0013470873365752398
0.0019874297608527534
0.04684963470557574
0.0017230233764976076
0.00014358608235672562
0.0014671446272942789
0.0006911448078284123
2.5369684763214075e-5
7.08675172369012e-5
0.00025993444807379207
0.0009855862203526915
0.0005797132632313041
0.0065344570239079065
0.00059380897236837
0.00023762325155016827
0.002311788678481359
0.00017642570585745773
2.113241941883244e-5
7.683377794788264e-5
0.0020022906448293348
9.82404477572275e-5
9.914467150916212e-6
9.842118276020692e-7
2.2740648558405978e-5
6.397871760614241e-5
0.00029794495478924015
3.1144967702980206e-5
0.0008020595878163702
2.7094302372179692e-5
1.8216997903513555e-5
0.00016523693542292087
1.908748031670428e-5
1.1765742316804725e-5
8.159733485293876e-6
3.034954325561021e-5
3.873897025445783e-6
1.5574914093720277e-6
1.9034295498371965e-7
3.3933877647764557e-6
3.0052409176778764e-6
5.27336430939106e-7
5.1707306024292554e-8
3.6353266680320533e-9
7.835727434704829e-10
1.4326112871758664e-8
1.2281665159004093e-8
6.221586075556614e-7
7.596628951570265e-7
3.111119336432874e-6
5.870442222760826e-8
2.7188311449536244e-6
4.1258204835726115e-6
6.8803129056796725e-6
1.198458751182139e-6
1.6114214470441073e-5
6.887779489167829e-5
1.5760066338274834e-5
0.0002847596022289126
6.533743218286461e-6
5.245644561724834e-7
1.6629992489625088e-6
7.197194361293951e-6
1.6800314230397723e-5
2.0708078638230865e-6
4.6552556250625765e-5
0.00023289619332350544
0.00022520735267063876
0.0006445818171025681
7.28563927011557e-5
2.5200301290791065e-6
4.081433639396268e-5
0.00014881335123074707
0.0004648289372061372
0.0048364838405697925
0.0006879320716325494
2.077955446698663e-5
0.000123022020083352
9.138613402455664e-5
4.146315697901302e-6
8.509532001466007e-7
4.496056335732709e-6
4.2828731882295176e-5
2.9729931027919185e-5
4.567260141736918e-6
0.00015474303094321454
0.0004614531667894489
0.00014888335855476237
0.001172240138315335
8.21365384229442e-5
3.643427130392876e-5
0.0004834774790796789
0.0020770168066545163
0.0091257215369427
0.03477665528123038
0.005764132768460404
0.00047374914463272727
0.00151307909468903
0.00029017360026006644
3.1871429507483636e-5
1.2943700808648398e-5
9.779229575305788e-5
0.00016270450077401002
0.0001501624767630243
0.0013384839254640178
0.0001184979233009495
0.0003224115184455948
0.0007318995348539101
0.00031616629068254574
0.0003457240293333229
2.0805021118918783e-5
2.8288552969320758e-5
9.414097327880918e-6
2.867659488564915e-6
1.5248193702488745e-7
1.848219583215185e-6
4.129188438705616e-6
0.00028363820323082666
8.262336081119072e-5
6.5829176741921575e-6
0.0006152221622669399
0.0002757906670590974
6.49437949477603e-5
0.0009528863182059082
2.5353962003438318e-5
1.0233127791853038e-5
0.0005143508902217162
0.0006456505024186609
0.0004689380141785701
0.006100726398472337
0.00031941203566447163
4.3157012254560993e-5
0.0005963126153729733
6.785665069106667e-5
2.731903923105837e-6
2.434770996945799e-5
0.0007079992039582544
0.00022274488365655508
0.00014910265499439655
0.0021344196598806586
0.00010344351495995435
4.7066984064160826e-5
0.00017762334873944354
0.00017106517493992065
9.367667133726385e-6
1.8424813327418654e-5
4.275367551055524e-5
1.4302671641126326e-5
3.152947128415598e-6
1.2510774691892862e-7
1.0037440326428584e-5
0.000267352568734474
9.211092855256439e-5
4.426289322469715e-5
0.0015897805338664314
3.378550397238577e-5
7.865433879729313e-6
7.444950989180668e-5
1.4608391163033531e-5
2.2982459900840172e-6
4.72493107153697e-6
7.524212051773755e-6
4.350279834113436e-6
3.1257481014725967e-7
1.9412863548232122e-8
6.053091011804655e-7
1.024081632365532e-6
3.5061607138047183e-7
2.239079743090865e-8
8.484164229533543e-10
8.326290372601896e-11
1.686484337659882e-6
2.0818652647596345e-6
8.927632840636744e-6
2.6791307034386005e-5
5.841723457449086e-7
2.011084165400264e-5
7.669389237834858e-5
1.1890333846402068e-5
0.00027996040266286713
6.166137379399831e-6
2.3730162637520268e-7
9.428493144013694e-6
3.271312985882796e-5
3.4474377568253025e-5
0.0006887877813550516
1.8283183219684095e-5
2.467894923772305e-6
4.0335209528684184e-5
6.46357570839758e-5
8.618472712949847e-7
5.426524630256708e-7
7.6283020495462604e-6
2.197577011699317e-5
4.705025536903456e-6
0.0001421312882056316
4.0288728988366655e-6
2.2447014546211333e-6
2.319567782269609e-5
3.320546897637171e-5
4.931976969143547e-7
1.2241140472386343e-6
2.4991974349409455e-5
1.568710093198204e-6
2.5483833239812053e-7
1.3725657354697746e-8
1.8115453768598123e-6
4.323652363551126e-6
6.941667452779398e-6
4.3786026833568605e-6
1.9000347646982763e-5
2.323052951537396e-6
1.5441578691502418e-6
3.8589751645167375e-6
2.457354974657976e-6
1.460213862279002e-7
2.465510049479823e-6
2.0691454849491636e-6
2.451754864623864e-7
1.9731082002668676e-8
1.2055697693422432e-9
5.871812983916572e-7
3.682746495819453e-7
4.962034350904195e-7
9.457091833538532e-8
3.556902566916932e-9
1.1096082320386681e-9
1.486592477571192e-6
1.911183199559235e-6
5.402437028541826e-6
7.881564246729711e-7
3.365071015559979e-6
9.673795596464616e-7
4.695261877342656e-7
7.998545539014207e-7
5.223032718005246e-7
2.779601839060657e-7
5.482548636338246e-8
1.7664465117274806e-7
2.2917754533165176e-7
7.19337893822271e-8
1.4798102675051954e-9
1.0429640113518642e-8
1.469117435313503e-8
1.3646606333224756e-8
2.6235861656935614e-9
9.865512073214803e-11
8.573267782618777e-12
1.2841843677761693e-8
9.380660868674848e-9
3.331720590613394e-9
2.5363751887012146e-10
6.9799071823493974e-12
1.3966963876781682e-12
1.5673342917248635e-13
