1.5522680660977154e-9
3.333749505505994e-8
1.730617622118803e-7
1.2198647398680117e-6
1.0093879062675343e-7
2.5595583910492376e-6
2.521970896483855e-7
6.506677920303233e-7
1.2155547438750914e-5
1.7533887197960859e-6
4.193712859734002e-6
2.7097878165231167e-6
9.759736105896612e-6
4.565851497255485e-6
6.676660241167789e-5
4.6753879156842274e-5
4.0080738440260785e-5
0.0005265995098092973
4.47310999470924e-6
4.0017060863676214e-5
2.4448043633656577e-5
3.0899884527503718e-6
3.088869993087423e-6
7.031842620190749e-5
4.537188474518082e-5
1.7703470203153685e-5
8.795735408135665e-6
3.293167482864946e-5
5.2005326532267053e-5
0.0001226984223136123
0.00022084398474345917
0.00020013840275665869
0.00031332091501973047
7.648062250740486e-5
0.00016693399836182693
4.5178961892781944e-5
1.4126345682864986e-5
2.506911380559515e-5
8.815995629699706e-5
0.00026951873930371217
9.063779765107288e-5
0.00015371370994933075
0.0006687985195597688
0.0002471249721773315
0.0011198081497619378
0.0003421254846162177
0.00023848486337845832
0.0003675071444381475
0.0005745809882692086
0.00048367734462310074
0.005731336065412906
0.002066048356852934
4.749871973409138e-5
0.00022996258562021257
0.0002116651150707143
6.250642424365178e-5
1.0285491409032182e-5
1.803940169851224e-5
7.475127047808056e-5
0.00034048969422601546
8.302216537371511e-5
3.06862079014433e-5
0.00015826874300870015
0.0006949355503279239
0.00016987176029555298
0.00029205380563370457
0.0004458873165415493
0.0008042493950697965
0.0004187979403102354
0.001268381700797775
0.0001258760074961065
5.025183654052497e-5
7.716570670270411e-5
0.00045003497730386656
0.0007672330057732896
0.000693853757520562
0.00142965435076894
0.0015078133855188733
0.0017222481339301623
0.00401777004430775
0.0008430143012445265
0.0007677642848540697
0.0011744902388750483
0.0021327616161882393
0.0018306201646285602
0.010274340331105095
0.0026343882216106245
0.001281910343684081
0.0020884563941504348
0.0013613423864550379
0.0001988334202935071
2.2502605336535884e-5
4.610836813874868e-5
0.0005158058980101948
0.0008626355497702315
0.00020301624043043607
0.0008426716287135187
0.0017616203793813748
0.0008701156583402562
0.0038777151135674336
0.0009236042788145777
0.0004605777579680191
0.0011924400150076988
0.0039143580075784125
0.005517537004300091
0.02987472360345994
0.01074160693555936
0.0025764083689360767
0.006056894785772661
0.002616318037503289
0.0020364967024163352
0.00048018657961028995
0.0004124377938856794
0.001743562049122209
0.0006310706656625672
0.004064634614280923
0.0009693260944083725
0.0002668999912143092
0.001620694202201708
0.0008619938282576158
0.0003607129580040291
0.00017166313832304184
0.0002138572162301843
0.00012310548117540926
4.632187354667438e-5
2.6615028453926825e-5
1.439900522248192e-5
1.2310584439506943e-5
7.406723390671177e-5
0.00023654857198185478
6.893591513744525e-5
1.706675995286732e-5
0.00010594560654506074
0.00041567902356737577
0.00022003510197197428
0.0002947397597361483
0.0006247535661136383
0.0013658374984667529
0.0005603644209617633
0.0038709745191477874
0.0002111633000978626
4.62089555548987e-5
0.0001273626503836258
0.0006513898388932646
0.001394321866332592
0.0006746848260610979
0.0013791087444979349
0.004395670026073924
0.0017929493343960498
0.008291766598238914
0.0015556728848215974
0.0007647507870303984
0.002231919792412008
0.004074730749958026
0.0035697429597134965
0.03275612735508292
0.005921420905964833
0.0013756782301748407
0.003978354941503594
0.0021498273959897054
0.00023350574859544717
5.2226828371244386e-5
0.00016550410849151663
0.002158756382236672
0.004414080607400736
0.0010670639465900607
0.0035822231983605084
0.008167061018081869
0.004034571694425053
0.034637614744369896
0.004182968911904774
0.002834834863831756
0.0068536263631806685
0.02931152297714016
0.02352341624908328
0.16245188492067775
0.02993534282961899
0.010485000811359377
0.032166276202381994
0.010005827896695555
0.005840600887824245
0.0029757028779226675
0.0030499663973355146
0.012248495323662081
0.0032672384176710163
0.03468205878956342
0.0039104471282346695
0.0029127261031713474
0.008367354994245037
0.003986687885356836
0.0011211817963299986
0.0038614138448867003
0.0039713010024825714
0.0012989103774687602
0.0001621291802391368
4.262144120256326e-5
3.9402450084294473e-5
6.560266538395052e-5
0.0012291878668916616
0.004456735520131978
0.0002597513560323776
0.0018405467657943307
0.003613897107492011
0.0013389403641684142
0.01254634203629804
0.0017571212188060654
0.0006318608439632345
0.0014969374985125026
0.004261557192219218
0.004756853261650199
0.028499686259121006
0.003996054449052093
0.0013940978820619978
0.004075966743447298
0.0021010467274663962
0.0005538036509326237
0.0006820623678721854
0.0008474063742351272
0.003604948442294335
0.0011363220354536961
0.008160577077802147
0.0017850013837030357
0.001210841851194391
0.00459208302626356
0.001502350695712313
0.0006774660548890773
0.000655100323474403
0.0013815141429971052
0.0008066504130642112
0.0003119755411523511
0.0006480505347826944
0.0005296132398483487
0.0008630299136094684
0.0044257541041916315
0.0006829464233043845
0.004383362534267286
0.0009021515747532503
0.00025234277928803175
0.001423919173683647
0.0007868330974422265
0.00027308456429745874
0.000123349059748565
0.00021286629850264687
0.00017419377683139625
0.000115790689940957
6.443945011245444e-5
4.712656550254827e-5
5.661390811109542e-5
6.948968832909061e-5
1.5725166948297837e-5
4.207675239775311e-6
2.433383316688959e-6
6.279190004963709e-6
1.0429443510802348e-5
6.58206310892109e-5
0.0002025819765373164
5.274716272235009e-5
8.633051678330037e-6
8.120402963190726e-5
0.0004029554141238348
0.000159105445012767
0.0002901398401796976
0.0006891043528438688
0.0006737982967819438
0.0005381805885076478
0.0038433149087121724
0.00016644825473247806
1.6669430000038254e-5
5.60720729378268e-5
0.0005378799620250766
0.00025484452934322106
0.00033332118740318333
0.0010392592901077753
0.0012637499627336719
0.0010934067509437556
0.00288154656685089
0.0002748321061677146
0.0003515298601614263
0.0008658983866200393
0.0015008380582623034
0.002593410304195973
0.010907135168252802
0.0028737191259363766
0.0006845469493201168
0.0013660010042165912
0.0013680509525023413
4.953034090733704e-5
3.540774120530287e-5
5.4164817608294095e-5
0.0006361962416771782
0.000692961249304524
0.0003250953164397861
0.0011126779797775068
0.0011464749325339645
0.0009273091624655627
0.0033400398524603015
0.0006648681550438617
0.0011321338111045921
0.0019533774701687456
0.005070374328202642
0.009109126761302619
0.023053465743888217
0.005588347731918647
0.002532438064881884
0.003594998227506434
0.0018457623299124992
0.000469409857564792
0.0010378338819731312
0.0008273713839509189
0.0014204720315784587
0.0009211760223423198
0.003977006730628781
0.0008872282088678546
0.001087312483686178
0.0018182029797654872
0.0017577407787692447
0.00026554167940040437
0.0005102008543106211
0.0005602918638602281
0.0004174991357236737
7.191504374422174e-5
4.620180586857862e-6
2.463671359458373e-5
5.870482036117902e-5
0.0005870399023653755
0.0008118495639791106
0.00012778194936090542
0.0008915355939537914
0.0008139385191135274
0.0007943856715181551
0.002935896840911949
0.00040592822983379756
0.0005188230868249865
0.0011030268395034494
0.0015148146803578937
0.0018707245297612464
0.006579248351055257
0.001224360707635874
0.0008837644049995785
0.0022716883550036523
0.001127850586917146
0.00033431927282988463
0.0009280304159607626
0.0009227425202939701
0.0018491298225809846
0.0011662679067146926
0.003608013069748309
0.0009003518354750702
0.0010403279902167133
0.0013864467076865614
0.0014698539283777088
0.00014920731956286147
0.0007165251231105334
0.0006301652059320545
0.000476548227819743
0.0001841542275204328
5.231072040292456e-5
0.0005022361678096575
0.0006207305132735436
0.0012912721581663077
0.0006699730449549715
0.002236983469068978
0.000514935628278146
0.0005286274145522261
0.000672352050412528
0.00048303386787507075
9.855419067536057e-5
0.00036374716678619123
0.00042014716692960154
0.0007465456832119339
5.5051613770947815e-5
4.552300284328518e-6
0.00022718105034752052
0.0002623460090452894
0.00041918747651857905
5.034893261007131e-5
1.7670395054761374e-6
9.357801873073532e-8
5.967149393684695e-6
2.7146691384093637e-5
0.0005007965272082876
0.0005099973710833075
2.5689801433165584e-5
0.000836985213806096
0.00072028689436318
0.0009342371755280573
0.0029150412899032296
0.0004681509216744431
2.471903037887178e-5
0.0004871910821112916
0.000707315795361709
0.0010145710069190221
0.002778714381732228
0.0004583359992964992
0.0003545282332588025
0.000698981485295174
0.000781877865003329
0.00022074835289973826
2.736023605133598e-5
0.00012307333600281755
0.00027460381841276475
0.000312870283844589
0.0010465353093114806
0.0002146673555776507
0.00032946329779860045
0.0006550160666682864
0.0006782444308756474
8.72440318249138e-5
0.00028751823049038915
0.0003010553001465299
0.00029184297214200123
0.00020663241889816707
5.396187327983046e-5
2.5813898298091804e-5
6.436444374620717e-5
6.466783663501147e-5
5.493252831522712e-5
0.000166606138764623
4.544997940141836e-5
5.895435214265594e-5
0.00012721385932439676
7.762738303602622e-5
2.48306503267016e-5
8.099155834843695e-5
0.00010619191436726558
0.0001630839109879809
3.339095995896255e-5
1.1698618464507965e-5
7.078116617941986e-5
7.202877678417615e-5
8.138583546504847e-5
8.232985651056368e-5
1.4116188369008488e-5
1.2951879462254493e-6
5.587607979171214e-6
2.586293518002393e-5
3.8328293863126354e-5
3.597821694017922e-5
5.575363973449974e-5
2.1337273383676133e-5
1.732829422179253e-5
4.479035395672797e-5
5.466676520054944e-5
1.3995896204146543e-5
9.280354956717162e-6
1.732710807485163e-5
3.133841536779916e-5
9.282391278302383e-6
2.8293939983396124e-6
1.1080035844546756e-5
1.3575999228415156e-5
1.860173995442051e-5
3.199856955436274e-6
6.776925905762845e-7
1.6502491040218842e-7
6.618073378821287e-6
1.5805666392339553e-5
1.1782349574292092e-5
3.2044226247922863e-6
2.4472578664629e-7
3.3258744165452585e-8
1.4904675474309676e-9
