1.584754382086876e-20
6.382825167476859e-19
8.434806495017625e-18
1.0470433209352018e-15
3.472645866385167e-14
6.975395809620769e-13
2.0392832952363672e-17
3.1738823190474803e-16
5.611544789866905e-14
1.7419686135815354e-13
1.4751268760280464e-12
2.960901602752789e-14
6.136148934244278e-13
1.1257444019223661e-11
9.245097807789149e-11
4.435001083131807e-11
2.1775701171183874e-9
2.973472039149161e-10
2.2300163903199272e-8
5.569600099336446e-8
3.5253536507615996e-9
6.991490619999009e-16
1.94162752473291e-14
5.326553639229629e-12
2.461501439105398e-12
3.737550195355134e-11
9.027544730382878e-13
1.9062551986474695e-11
9.268274191532713e-10
1.4708851251758213e-8
4.5408107509740773e-10
3.717884364487177e-9
1.550389306664346e-8
2.969105125121773e-7
1.0738864751804597e-6
5.2042428496276856e-8
3.734267130693605e-11
3.2715179006001093e-10
8.771603581634277e-8
2.4363578258298647e-6
2.405305657008654e-9
1.1653759139284689e-7
2.698230413992777e-7
1.8827970894403784e-5
4.604883462948084e-5
4.81852475581833e-6
1.3501825635081969e-9
7.849286623996542e-8
1.3880387056139102e-6
6.109328132139229e-6
6.251621322837512e-5
7.290964731972654e-6
1.0440180403495409e-7
1.8647718546420113e-6
6.40206162359394e-8
6.57178398181146e-9
4.9884812582133205e-14
6.661928284078726e-13
2.5701275323257807e-10
2.319615176281072e-11
1.686695823879907e-9
8.711781190821876e-12
2.2680855390062533e-10
5.542029812653452e-9
2.0420760241666895e-8
7.921536607880139e-10
1.3569580281177194e-8
1.3414153931327038e-6
3.515039604522218e-7
8.847427005555437e-6
1.724146665894704e-7
5.150151836832105e-10
3.710354990269078e-8
9.228368205217557e-7
3.4109618003628855e-7
3.437449772130332e-8
6.975223904889702e-7
7.885383292041428e-6
6.425424013534771e-6
0.00021759353852501067
1.2958201885928687e-5
8.514390229488354e-8
2.184482086155055e-6
0.00010173945612955055
4.2153350839708286e-5
0.002290320811428793
4.852824305195445e-5
5.300383771375827e-6
0.00034315063441770426
5.456777869277187e-6
6.348505056383436e-8
2.3286610510216744e-9
8.663291903821955e-9
2.156894759982579e-7
1.281697869684611e-6
6.306008650147334e-8
4.911427884405479e-6
9.014495827987317e-5
2.5223373778694847e-5
0.00030075755377672654
1.9537232126706067e-5
6.964596797836848e-7
6.0800762335632724e-5
0.00045426450341172286
0.0041983449521980605
0.027110490120785053
0.004409896829049148
7.738771748043048e-5
0.0004437896332063196
4.772818242469395e-5
7.1344701611294975e-6
3.1510005516655754e-8
1.080644189466298e-6
1.0676410088151324e-5
2.0818408216510626e-5
0.0002941058445580018
2.0302572885582072e-5
1.532939992120702e-5
0.000246742384984585
1.3498064292238176e-5
5.346905413174783e-6
1.4334638640319146e-7
1.6506528899316497e-6
2.173527332901119e-7
5.652829607035803e-8
4.148635963919795e-9
8.492568827796521e-13
1.474842809141186e-12
3.033573743993029e-11
3.4667449358815853e-10
6.497841829667126e-8
1.2480849771088666e-11
8.172406456346789e-10
1.613320320635549e-8
1.0983320553423123e-6
4.9585176596074515e-8
4.3107433993993417e-7
0.00010267756457926744
1.4648740697069883e-6
7.900553632095974e-5
1.6447664926349991e-6
7.087868033570568e-10
1.1401990518334965e-8
7.217557685887524e-7
1.0514116805655928e-5
2.1797878544610802e-7
8.38700259458979e-6
0.00027954585012700045
0.00011118186473887673
0.0024507942346157956
0.0002464802285640836
1.427081944197078e-6
0.0001006563259852805
0.00034992986779126237
0.00039503462886210947
0.03565720440111066
0.00044107130701778285
9.0846018553552e-6
0.00033928716663822434
0.0003381092962265523
1.7973181590967393e-6
2.2078486387543177e-8
4.3842041190508344e-7
4.7271244532433746e-5
7.557737515417477e-5
8.872959132155589e-6
0.0002389379038962423
0.0019750224807110577
0.00029312717363576404
0.03560499194365773
0.00028112994459470353
7.692345243369388e-5
0.0020902170051470626
0.037401734563678395
0.02587744511923606
0.6185563161687031
0.027381400740479206
0.0015050568543053709
0.03612780171714766
0.0025611463804385043
6.239160446142626e-5
5.663317562990951e-6
0.00021602715155130805
0.0018736992121683566
0.0002790789169445281
0.03669921545327353
0.00031569883613866444
0.00013683626717526833
0.002259634378746842
0.0002645425770734468
5.389535440674619e-5
4.354391243713687e-6
7.986869408855774e-5
1.1623237838777993e-5
1.035073235010006e-6
6.645368372096453e-8
9.196334240435769e-9
7.456793141087379e-8
1.1545333163284936e-6
5.35532448558949e-6
2.1330453926775613e-7
1.4870564803018845e-5
0.00021725808487781036
1.0987273655548492e-5
0.0016911851813815502
1.0153061371417951e-5
3.2920322326450842e-6
0.0004146580887326658
0.00034296590994732027
0.0004714437961216737
0.035728900764777055
0.0004407387808926212
1.0604020043326755e-5
0.0003509917322930655
0.00010040225523884883
1.2427514138747447e-6
8.903088976006125e-7
3.461387188244284e-5
0.00021065082922168112
0.0005335546959076358
0.0024158482867187073
0.00012542300763476787
1.7863682515170874e-5
0.0002827178369453735
9.018539740569657e-6
2.7820361769200224e-7
1.5851716909903216e-6
5.866717655102568e-5
9.13327056346544e-7
1.2395317890613965e-8
3.608654451714689e-10
4.109768988427886e-8
8.594194205335361e-7
4.95894720812681e-6
3.909590591949668e-6
7.840483036321188e-5
1.4313156818610695e-6
6.440263847803259e-7
1.2082239285290754e-5
3.0565344798617293e-7
1.1155794165706815e-6
1.1550757028801626e-7
1.0498572837202368e-6
2.1839665805337835e-8
7.102692555006735e-9
5.3328575001196823e-11
7.95224716157106e-9
7.198246098793978e-8
1.6330275905937284e-9
2.554874662209978e-11
1.5091388553174669e-12
1.2694853283233902e-12
2.3086169871521954e-13
6.472252717045084e-13
3.235018424498298e-11
2.2716217533680007e-10
1.059859400287731e-8
4.948083649913435e-12
1.6519054971412038e-10
9.84823907062462e-9
2.224507431013781e-7
1.1893229717083062e-9
1.617101854023243e-7
1.5215511222843946e-6
3.384885870600535e-7
4.055621325927577e-6
1.2702989038003466e-7
1.7219058664459075e-10
4.856523286814001e-9
5.4581379632524986e-8
1.1316898363131056e-6
1.0273611287789292e-8
1.791769920393175e-6
1.4853695351963077e-5
3.322456130062548e-5
0.00014524051531788
1.6321391329643425e-5
2.0526052894359704e-8
1.8398916216289363e-6
1.1675363262324043e-5
6.423878208754736e-5
0.001605617073560449
7.909484656064003e-5
7.333196369606824e-7
9.239923989494418e-6
5.1263612549421344e-6
9.659433617891109e-8
2.440405168716448e-9
1.0207949863790204e-7
4.7420975785031555e-7
3.1372280895193645e-6
1.0880691379365906e-7
8.168687860120053e-6
0.0003710470480323929
1.99738931216112e-5
0.000270800125076152
2.0764787099250665e-5
1.056360689818687e-6
7.377118583538362e-5
0.0004948731301739818
0.0042946493248601034
0.02576276360587133
0.004288023267178307
6.442362302222093e-5
0.00039053696843303394
4.585237451639862e-5
5.778025984800455e-6
5.491940953409132e-8
3.2227770123111295e-6
1.1970104013477177e-5
2.1106154923916063e-5
0.0003001912836440187
2.324270670044457e-5
5.321728679521e-5
8.733814153440095e-5
7.525874238163809e-6
3.1096213375077307e-5
5.020581899222264e-7
1.5389048422467955e-6
4.3826892539941715e-7
3.298328608924096e-7
2.659281095260097e-8
8.930569612822258e-9
3.765995100777909e-8
6.805525492075749e-7
9.557131208155699e-7
5.95953225600501e-7
2.660656557269396e-5
2.887309815412746e-5
2.6058863219999137e-6
0.00013597850675323226
1.0030533455040456e-6
2.800587818751955e-7
6.1679644617685534e-6
0.00030962279724897345
6.892092127221239e-5
0.00208446219816639
6.045085320433334e-5
1.7363390123489582e-6
9.026466667833168e-5
2.386872654374086e-6
7.108947400993672e-8
1.8270421362582717e-7
3.452047242490034e-5
1.2999495837933599e-5
9.866087082871081e-6
0.00026726728559717456
5.75868162452377e-6
2.3546870706904297e-6
8.798017262025296e-6
8.471446206655901e-7
1.7170183960265344e-7
2.0871014077580968e-7
2.8645742460751073e-7
1.4745514494434708e-8
3.62749824575834e-9
2.430488830713927e-9
8.901112933227704e-8
6.841040478820918e-7
8.782537979818123e-7
3.565760504638893e-7
3.1809647671114616e-5
2.4995307660919803e-7
3.89944846513639e-8
5.730358348983866e-7
8.203200662605158e-7
4.0973023874250005e-8
9.119457908325584e-9
1.429744033173395e-8
5.0847131972901564e-9
5.978127600876658e-10
9.744840010153342e-12
3.9152881914004955e-10
3.4279787613864957e-10
2.1430124687518237e-11
2.0173062318950866e-12
2.2298432027259752e-13
5.6387467377264797e-14
1.2225884544155802e-9
2.4560462503199618e-9
6.340410019754134e-8
4.496889338707126e-8
7.521474870420015e-9
1.5318193920826975e-7
1.0810379477139308e-6
4.635203820260642e-8
5.134859419989495e-6
2.9871308902662394e-8
6.377252638150425e-9
4.2561630922491046e-7
3.266673069835276e-6
9.210764939312004e-7
7.421042370936676e-5
6.841179664281253e-7
1.9827124767898725e-8
1.5623089255842335e-6
9.667342129104382e-8
1.284205368766331e-9
7.335711808608119e-9
8.443102473119755e-7
2.0676762559621215e-7
1.2469533985678336e-7
1.2715960270694795e-5
9.075198995082497e-8
1.1646363673088052e-8
2.0909247411774965e-7
3.599985067550924e-8
2.198336704685133e-9
1.0913469991716345e-9
2.7030605839495974e-8
5.456481465650379e-10
5.476885470645268e-10
5.111633972177211e-11
2.7085866772823305e-9
5.68689100567713e-8
1.0067380860329233e-7
1.50950528409371e-7
4.460800117426282e-7
1.161914777473339e-8
7.8752938206558e-9
1.3142811674945659e-8
2.8011049102086936e-8
1.8956933177337606e-10
1.9740882960625673e-10
6.350932584388174e-10
1.7042930799712458e-10
1.5958890243112548e-11
7.284523021237346e-13
3.427345421484026e-11
2.2374534269978933e-11
1.6688064629144248e-10
3.4705046576619705e-12
4.495171208284551e-14
1.1286234062081708e-15
1.2483644579269227e-9
1.1225553449110046e-8
7.892950484753906e-9
2.619815220101904e-9
1.663028799189753e-8
1.5853610722178627e-9
1.667562188439523e-10
5.062666236743154e-10
3.927960435730221e-10
4.110809921881623e-11
4.6893881667844545e-12
1.0028351662331053e-11
8.949877995054049e-12
8.308020208680951e-13
1.9134001306370622e-14
5.462411784429161e-13
1.0266437825512923e-12
4.563779859736895e-13
1.5106645455975752e-14
2.4583158949288723e-16
8.125543669200186e-18
3.924619712962462e-13
1.7882525771045961e-12
1.0751195029516092e-13
1.4224220398471864e-15
2.695719286432421e-17
7.231865884579701e-19
1.6402386608308434e-20
