1.3154806210748343e-13
1.2173231146043163e-12
1.9081792968008124e-12
1.7708733358587979e-10
3.2556073042917345e-11
3.911355695825299e-10
1.6102307496453672e-11
5.853535008768364e-11
2.148804198639728e-9
8.043585591722112e-10
2.7150040918345704e-9
6.234242800299967e-10
1.210936651120962e-9
1.314439990445877e-8
1.4694250288334023e-7
1.815991777792504e-8
6.197590212406463e-8
6.974056479103408e-7
2.9470653960744773e-7
2.6591015707141577e-6
2.8500856831493344e-7
5.553334305689838e-10
2.066629930851662e-9
1.1270472773338868e-8
3.7628441653386865e-8
2.972550313311126e-8
3.505598812943336e-8
2.3972849357936338e-8
1.0558159065855543e-6
8.585687533413484e-7
1.278420546488574e-7
1.642592045045473e-6
6.614670576174601e-6
2.720690811417387e-6
2.5726578601782755e-5
1.7683280899701522e-6
1.495382933940528e-7
7.914158953812776e-8
9.853530760205826e-7
9.57866771463651e-6
3.6632089664459576e-7
6.3052732747645114e-6
1.8732180120748536e-5
0.00018888045641753893
0.0008026551636003159
0.0002911912277054451
1.1396091021648718e-6
2.0271900130454627e-6
2.201170384172197e-5
2.835962124284651e-5
0.0003726627248357698
7.88421940640776e-5
3.1178852704265632e-6
1.3417267041313438e-5
2.191002729937524e-6
3.181038857210454e-7
6.224117244020451e-9
1.235122057574807e-8
7.570819785636094e-8
4.998353760791506e-7
3.64362893844967e-7
2.1719071909566942e-7
1.9303245984357467e-7
1.8133365390800774e-5
2.8059236546737628e-6
1.2513315898918456e-6
8.606445071122459e-6
7.529863142359681e-5
6.7132604304604255e-6
9.9075309137e-5
3.068740006226768e-6
2.2531006065613994e-7
1.7131597160057507e-6
1.592743368356683e-5
1.4198232083241456e-5
2.548422567470446e-5
0.00017587213357536375
0.00013873113477429202
0.000253024666494416
0.0015154921481632768
0.00020604359837828574
0.00013042822055735177
6.004445724701983e-5
0.0006108177635351644
0.00026874425624168907
0.005045683512184223
0.0003531763708931266
7.003425167819341e-5
0.00105278287744981
6.990034200951185e-5
2.2023282801449372e-6
7.352367523847806e-7
2.726498030021412e-6
3.4610016279619704e-5
2.0721261541485667e-5
3.0606059399305445e-6
7.293256683767407e-5
0.0005087905003669645
0.00011708248594275214
0.0012936005646064408
0.00015010916798481055
1.6131530345584782e-5
0.00028703151297420883
0.0016316068932823154
0.0062555123459850145
0.037054314779918295
0.010097979818851278
0.0006700510973858442
0.0017774780006595589
0.0003509011632988288
9.075245734229532e-5
4.489152970899162e-6
2.065702891883741e-5
0.00012719272932082182
7.794679664790043e-5
0.0012253776608293812
0.00015433943577834993
7.049327359641735e-5
0.0007169042836167713
0.00017965975918103757
0.0003339777474420424
4.972101283515082e-6
1.4266340475652048e-5
3.1499275845754164e-6
1.86610082876139e-6
2.488624915420401e-7
4.379141109981253e-9
1.1821281614205336e-8
1.6303131045367303e-7
8.463781484540686e-7
2.912322123495256e-6
1.0902487338153886e-7
1.3053939985482538e-6
1.1330192286898906e-5
2.673705534546844e-5
2.8661529183017395e-5
2.3967731980465694e-5
0.0018596563542940111
2.0610839590459874e-5
0.0005528189128197162
1.4122309511811173e-5
5.367894286391773e-7
2.6719724130748538e-6
7.012731068095054e-5
0.00012917972251133813
1.3615890639133934e-5
0.00013622169848082343
0.001824202850110397
0.0006483350517225934
0.005218894282312409
0.0007759676207028542
3.065163111256911e-5
0.0005575447757913252
0.0013317321815829583
0.001411967318460327
0.04513985083186187
0.001793692007043704
0.0001147001591498821
0.0012469145422480147
0.0009279597540141489
1.2761264875823772e-5
2.3948939663908206e-6
1.9495169279371474e-5
0.0016496535862761078
0.0006892852197955139
0.00011552717878326691
0.001655393404313488
0.006064496809793552
0.001180620092050666
0.04724445780483516
0.0012187878220211357
0.0006522559707929517
0.005515697564258408
0.0483803473176601
0.03375839793542766
0.394089019848989
0.03733264678921663
0.005317958381211784
0.044442284326501505
0.004928462736845452
0.00039116613586666983
0.00021572747501656366
0.0009089609230460476
0.0060020300957889456
0.0011041998164606668
0.0489004990811681
0.0014117765601536132
0.0005863665691202129
0.004939279861237431
0.0016276351942244402
0.0008430888509239177
0.0001951013495678602
0.0005692962264489363
0.0001060929388274362
2.679047878309129e-5
2.631238613733988e-6
2.256891110121365e-6
6.10711058117382e-6
9.414822244495766e-5
0.0002308161021627066
1.5016674578579421e-5
0.00017214898234299997
0.0008596774010753337
0.00013459775734622794
0.005903510632362449
0.0001262016476626903
2.6329113492221275e-5
0.0006385011364798427
0.001373191041611766
0.001816063449226983
0.04830595262129102
0.0016539061044362731
0.00013174936108961588
0.001324357958481644
0.0005703808638889948
2.3950096552701075e-5
4.594157281541586e-5
0.00019841612792433628
0.0008468638104928017
0.0005106042237671084
0.0063482840373618185
0.0005298576893277081
0.00021602835402597222
0.0017933471257375374
0.00014460524657620432
1.935634681952035e-5
8.51349038108614e-5
0.001974602282798114
7.946852677340974e-5
6.477414544346975e-6
6.752216698909559e-7
1.6135977193165328e-5
5.263334232715733e-5
0.0002779819034368768
2.4803335552406312e-5
0.0007523296120105395
2.16954421070068e-5
2.4518696603780547e-5
0.0001344585186907256
1.3568709860678103e-5
1.1650630112053941e-5
6.870097689892319e-6
3.150233826381456e-5
3.122271722369824e-6
8.756111892728217e-7
1.486412987016639e-7
1.8577084786365085e-6
2.4701063083292602e-6
3.5599675713445563e-7
3.054010776939246e-8
2.8975254190882425e-9
3.730447688873493e-10
4.288609620416515e-9
5.569460336758932e-9
5.228869023887153e-7
1.9771622319329824e-6
2.994472725381963e-6
3.909869334959164e-8
2.9267421137167297e-6
1.62214441903546e-5
6.325687935055789e-6
8.967856879643976e-7
1.7643176706550136e-5
6.58423497575429e-5
1.5473899750239997e-5
0.00019079298968106137
5.59197070315669e-6
2.2893363222313243e-7
1.3977135293964737e-6
9.85212405301617e-6
2.484262728251373e-5
2.027409052859174e-6
4.698402411482364e-5
0.0002093987270865795
0.0003212626384848802
0.0008286842965359487
8.716604834419299e-5
1.9027786942543047e-6
3.5818591396061356e-5
0.0001252682004734487
0.0004025261925403066
0.004879946391121734
0.0006380571364726086
1.8383422940889244e-5
0.0001082979773933309
6.494122119783183e-5
2.925135666508968e-6
5.429567485654261e-7
2.5063377713580226e-6
4.722339115053765e-5
2.4769888914222615e-5
3.862615700513692e-6
0.00011401561573644124
0.0005386968073514565
0.00012511649667138838
0.0010765079206360405
7.805978412753389e-5
2.9641001651611732e-5
0.00040669188986660677
0.0018461007372166697
0.00796813668783316
0.03295643876608401
0.006079855012238448
0.00042945289848560117
0.00139371536034281
0.0002533490729010602
2.855478222590504e-5
7.714679315269712e-6
4.414560915094494e-5
0.0001382689632139708
0.00013214811162881446
0.0011622103108483372
0.00011300412565107862
0.0002470017301859633
0.000524476187811253
0.0002517257224120042
0.00021657974806962616
1.3097396161546014e-5
2.0572643441944063e-5
6.894301895961609e-6
2.711834748950953e-6
2.6446826170778537e-7
1.8388157183999102e-6
4.001368874749263e-6
0.0002078953424607021
3.588641426779961e-5
5.024658622880859e-6
0.00037362082773555904
0.0001908531469729816
3.8805734618858676e-5
0.0008774828780529821
2.0558811730658376e-5
9.894500647103932e-6
0.0003923223206581524
0.0006328786894968789
0.00041009031089398503
0.005511862428314346
0.00028580587188221376
3.524056338444232e-5
0.0005336231706107481
5.114720078570208e-5
1.974082842269086e-6
3.128224069578457e-5
0.00046123495158073563
0.00017065801385320788
0.0001318224780479994
0.0017259507240671224
7.853325621994598e-5
4.967370243098362e-5
0.00013788297687314293
0.000192498193065913
6.874506543326879e-6
1.6985783441055185e-5
2.4034935325130925e-5
8.670327228309777e-6
1.5445614987293897e-6
5.965059449775775e-8
1.1755597166560066e-5
0.00022857275541506724
0.00010820201964390535
4.7294714905624023e-5
0.0017393579658132536
3.3824340839227115e-5
8.903949020361896e-6
7.191834523563977e-5
1.6405675644640614e-5
1.191751596961143e-6
1.040129147524e-5
9.568210528765498e-6
1.5221253553845209e-5
9.293174898573817e-7
1.2808925787907104e-8
1.3600440094375874e-6
7.6984939171805e-7
4.4269615413235894e-7
3.301074836613438e-8
7.161408925532961e-10
3.246684016740232e-11
1.0182128463398479e-6
1.746705539660291e-6
1.2274800711761272e-5
1.3740480980720618e-5
4.849719415073659e-7
3.166818868499734e-5
5.368940200678633e-5
7.949332736362656e-6
0.0002247949358820744
4.68004663279852e-6
2.000265087038709e-7
1.1101948450310242e-5
2.6183983558017847e-5
3.0036887440428867e-5
0.0006584101955024627
1.6765938137032064e-5
1.8792217916395233e-6
2.9529711373273033e-5
0.00011193879283591659
1.1203714078357806e-6
4.614729179671778e-7
5.571208232445905e-6
1.3976929961989632e-5
4.000408282784954e-6
0.00013139410467778696
3.2668556283371127e-6
1.9362832903611496e-6
1.4617610779283208e-5
2.9285121095423082e-5
3.89941501795982e-7
8.14800621541955e-7
2.3272885919462417e-5
1.1922316430675667e-6
1.2670079875187004e-7
1.8832296096184563e-8
1.47350290210751e-6
3.4983831139673128e-6
6.0422261891155425e-6
1.8782806248458883e-6
1.9768760696233307e-5
1.891636006715692e-6
1.115002112229574e-6
2.7491854128017322e-6
1.958127381297482e-6
9.057029700005878e-8
2.306058936966822e-6
1.2627362257232408e-6
1.7998074237762713e-7
2.1884119057553266e-8
1.0908112331513643e-9
4.2902756438572533e-7
1.71711325494566e-7
7.10492291133885e-8
9.352363036819553e-9
1.4531211073454521e-9
1.254190754431909e-10
9.269657138132418e-7
1.5104360719081128e-6
2.0587330305503906e-6
4.6403736160290596e-7
2.1574483379799174e-6
6.609900470457153e-7
1.457671070369284e-7
4.6576843659490677e-7
1.6871129913962942e-7
1.0101414886946353e-7
2.8180195175129942e-8
7.811471675786626e-8
1.1690351364160192e-7
2.177904187304039e-8
4.210438872761239e-10
4.30737663877461e-9
8.367251772683306e-9
7.4477691415182264e-9
1.1912456615743475e-9
3.81638833560037e-11
2.1976186853140187e-12
3.800838294665359e-9
3.942868023160527e-9
4.933016130080977e-9
4.5023398788279017e-10
1.4307642499223799e-11
1.5744324552452999e-12
1.8648857480344028e-13
