8.431234534104021e-22
4.1295489973908504e-20
3.0405102406691586e-19
6.632122073036125e-17
3.3719866768583536e-15
6.63274919414705e-14
3.0811468255620493e-19
8.726756302621306e-18
1.2228391536363548e-15
1.3194204948435027e-14
6.808162086908618e-14
1.5333725127622375e-16
3.178511963867511e-14
6.69359345004119e-13
3.3791052539969705e-12
2.6906367681504462e-12
7.954146385773093e-11
8.184151374484225e-11
2.987143859657341e-9
9.332567324952405e-9
8.409023629718359e-10
1.7956600875906815e-17
3.9305830997362575e-16
2.2621198790282184e-14
2.680175809954154e-13
2.767686342134893e-12
1.6040743310730192e-14
2.2678983431430168e-12
3.088643012638941e-11
1.2751514478671181e-10
1.2848374945758635e-10
1.7018342100441787e-9
3.7201799796371272e-9
1.3421195050637397e-8
1.7770469612862282e-7
6.159654402889223e-9
3.3330854453052956e-13
1.4953289086014094e-11
2.570598115534624e-10
1.5745895574501086e-9
8.434463517411341e-10
3.400522271746176e-8
8.511083652054075e-8
4.843627415313109e-7
2.924625108100761e-6
3.033983115934882e-7
5.776277843619224e-10
5.151474015525778e-8
8.188616514983428e-7
4.9381716830399015e-6
4.430711395479813e-5
4.278819974564526e-6
6.95557715873832e-8
1.292932389859598e-6
3.5838009057461503e-8
3.125619479239271e-9
1.7336455108827593e-15
4.145963705146769e-15
1.288490701213889e-13
3.76916897693386e-12
2.637701986952599e-10
3.6030376684019076e-13
6.248676920872076e-12
2.3381694573899133e-10
5.624358263935224e-9
9.443425102292316e-11
4.223370360172041e-9
1.3949163526936584e-7
9.731424556626726e-8
5.407000034058716e-6
1.0295346396560677e-7
3.4678743664370783e-11
4.585686039437423e-10
1.1948872723737004e-8
9.75694042583796e-8
9.415197370524976e-9
2.686309810931197e-7
4.598045915997899e-6
4.373802257407443e-6
0.00014320612360846336
1.1422870437751718e-5
3.7288386923197707e-8
1.7151931076084612e-6
7.282189533323493e-5
3.3500723671559676e-5
0.0020190829649881707
3.357017497263248e-5
2.3556620082379756e-6
0.0001636490168688383
2.7804627718392056e-6
3.147924399836331e-8
7.602807913099625e-10
3.888304019583337e-9
3.9628698099903334e-8
7.845386338650498e-7
3.980014624383993e-8
2.7920498221107498e-6
8.053470304657885e-5
2.0055239234242717e-5
0.00022156735756880978
1.3768700832276755e-5
3.870934945305816e-7
4.5810803791886705e-5
0.0003271472801729816
0.00408270743474409
0.025189933340578438
0.0036853542521830904
7.077619636689342e-5
0.00034825926270819294
3.4082847180636824e-5
4.3604457352175945e-6
1.27335549329067e-8
7.012552800826256e-7
7.344460480881609e-6
1.1630869230230288e-5
0.00020692544324177106
1.3599296632140036e-5
1.2739955120465382e-5
0.00032271060599922853
1.1874770563082192e-5
2.95281023010287e-7
7.561668122040858e-8
1.3950847826759512e-6
1.0846985878875742e-7
6.2923977488540194e-9
8.655061275803195e-10
6.978611779702237e-14
7.664052148093531e-14
3.873716723100405e-12
1.0084704127078604e-10
1.7069740480389472e-8
3.192340279766401e-12
1.0646029668399217e-10
4.301930235250373e-9
2.085931761728461e-7
1.5687421799882117e-9
8.590261895958683e-8
3.6481245336885012e-6
7.580233590365893e-7
5.294956006601834e-5
1.4072184231167064e-6
4.1729216623290577e-10
5.715410904453807e-9
1.324659682797152e-7
6.441613556108885e-6
1.0851876539002972e-7
4.658106669010475e-6
0.00016147559934062656
8.231209120000265e-5
0.0018578457922094908
0.00028801828293203486
7.074067965377666e-7
7.868922773650137e-5
0.0002579711100888486
0.0003194953050712956
0.0335098129524313
0.0003369448834098723
6.1873583753466615e-6
0.000256327215077083
0.0002421241318460327
1.1614460596200632e-6
2.8392099952249956e-8
2.2249896621720685e-7
4.259183260553818e-6
5.681145659603956e-5
6.261286356136711e-6
0.00014714395410336416
0.002117215719490881
0.0002463997225560817
0.03429358707798611
0.00021683298487805
5.318470192043853e-5
0.001817179761543081
0.03390836082030256
0.026034256631579017
0.6485050019467764
0.02556487274464899
0.0015227278676065274
0.03340128056027688
0.0021030188482762603
4.425206746941321e-5
2.3558046449129023e-6
0.00011656715882188586
0.0013846927235160347
0.00021655269657816105
0.03281771498888561
0.0002293131386705619
7.466437850661317e-5
0.002153936504798469
0.00014795091259228016
3.1364202436068928e-6
2.4797171057278815e-6
5.426553563237945e-5
7.37177713320516e-6
1.9840708412043625e-7
9.29492030400768e-9
1.0721036593410913e-8
2.484205013030353e-8
7.591789289961872e-7
2.1768536143465643e-6
9.384436028126991e-8
7.4380692783964814e-6
9.438020417260108e-5
7.245689501222555e-6
0.001506220760363978
6.905522223972189e-6
1.9282631625928123e-6
0.000268861308695328
0.00024309196924187482
0.0003627097528213983
0.03260706562538231
0.0003260427431752337
1.0290937546121358e-5
0.000267612602450332
7.777046599763662e-5
7.310976895636475e-7
4.269443940082615e-7
1.7281618335701447e-5
9.233553177289403e-5
0.0002683956320722835
0.002439949404294923
0.00011199916688090885
8.502520778135777e-6
0.00016853546872416775
5.299174989597797e-6
8.454852517001473e-8
8.754473209642459e-7
3.884268509298197e-6
1.5844161564682114e-7
4.752698105000935e-9
7.71155058135458e-11
1.2228350008617216e-8
4.7293193021477944e-7
2.6272423261564983e-6
1.626555286182607e-6
5.693904285120761e-5
8.547037341955952e-7
1.1552753989684912e-7
5.769634245899518e-6
1.2139871798709728e-7
1.986460611574684e-9
4.839893918144157e-8
3.1681973985044073e-7
8.647134999849529e-9
1.7778287341012923e-10
4.4020497654161785e-12
1.2815214219519194e-8
1.9565336819501946e-8
3.6265330709214245e-10
3.561402738044414e-12
9.221288437617238e-14
7.04872250560926e-14
1.6017706560916414e-13
2.1268406873900478e-13
6.94323691664548e-11
3.0161364146476356e-10
8.543423231725354e-9
1.5461505445217914e-12
1.4276807247347354e-10
5.689977828692202e-9
3.204845555090826e-8
1.115924621908799e-9
2.0696089341527575e-7
5.307035362189432e-7
2.476847986544944e-7
2.695876910458917e-6
6.816900361014617e-8
6.906611347644549e-11
1.0194347367518756e-9
1.128021390526039e-8
9.01999265267173e-8
7.189658648837797e-9
2.4363619025104984e-6
6.104738157931807e-6
2.5854473951126843e-5
6.063046236126946e-5
9.56345650821084e-6
8.107839306218013e-9
1.1307759229567478e-6
6.8446608654710745e-6
4.245114085164961e-5
0.0010988572937184204
5.603190016170133e-5
4.065793037440869e-7
5.552695215459307e-6
3.0197977561499966e-6
6.298583565626125e-8
9.935711739186062e-10
1.1039739121311425e-8
7.456682061863944e-8
1.295866324135571e-6
5.324093201105081e-8
3.889495632968944e-6
0.00015276609242059744
1.4174863797718781e-5
0.0002149358176107761
1.2779908977928302e-5
5.39192342559901e-7
5.047082973718507e-5
0.00037461827252690145
0.0037659009959296217
0.025098154807461907
0.00413569026936653
4.6006911270958825e-5
0.00031034037561755343
3.47335785009541e-5
4.905090719403644e-6
1.7037618714156858e-8
7.676624534486545e-7
6.90002233697928e-6
1.3676937006135702e-5
0.0002411167302547467
1.9880759846137375e-5
2.2501402903314593e-5
8.167957172105158e-5
3.5445919402895446e-6
4.2012897599362436e-7
1.9590695405584827e-7
8.543502188769572e-7
1.0099704293068275e-7
1.4560504809167447e-8
2.906783279122976e-9
1.527786928359278e-9
2.7375979706131484e-9
8.412508799549357e-8
4.165735852956931e-7
2.3671438964194734e-8
1.0384757672313338e-6
1.6344508056294122e-5
9.009771950479495e-7
0.0001367189550493755
7.896664300325868e-7
1.9339845250896822e-7
2.2098857495899183e-6
0.0003517663022685129
4.682298219626545e-5
0.002143619617555358
4.677843326725388e-5
1.1072321684829784e-6
9.059605312195704e-5
1.6568799350138243e-6
4.899266558628179e-8
2.833724626954945e-8
1.5539997136348518e-6
8.637546029646933e-6
4.6995924452629795e-6
0.00014274112804678682
3.1317475473111332e-6
2.699485785097558e-6
5.064508590209186e-6
2.6020466792894596e-7
3.50339732053176e-8
2.2494119228129682e-7
7.601929407400746e-8
4.507392970021997e-9
2.4063798376684626e-9
9.213339049881548e-11
7.753713378399465e-9
1.0370132883564233e-7
7.239704350607916e-7
7.577442424522005e-8
4.0281750308441015e-6
3.7604783136952785e-8
1.3223817647438022e-8
1.4803798836576452e-7
1.644643081611774e-8
2.971883297727245e-10
4.6843953397138555e-9
6.745063268479522e-9
3.531138845170486e-10
4.095675122662483e-11
8.516132364243949e-13
2.5624393707746487e-10
1.0564211475619165e-10
3.854116381249156e-12
3.275358038117525e-13
1.4163640575685843e-14
3.660321720408392e-15
2.406396856346165e-10
1.21272274900251e-10
5.110079531208447e-9
1.3956122701888262e-8
3.0301830207760455e-10
1.9673532947521562e-8
6.612068772655882e-7
2.4377544145570376e-8
3.2128814433223455e-6
1.4757031170287536e-8
2.6154514506123136e-9
1.3807029401360507e-7
2.104783580239666e-6
5.631391559912912e-7
5.681325796237856e-5
3.8129908576992915e-7
8.627861394474672e-9
7.588615647179567e-7
3.486611830537405e-8
4.5875120479890255e-10
4.3421234257894584e-10
3.357207311064623e-8
9.312727435541845e-8
3.397675375633222e-8
4.411923017555053e-6
3.690505723066327e-8
8.081245407686025e-9
1.0532356297486468e-7
8.59460041568461e-9
9.57362049440562e-10
1.0611556864508506e-9
1.884935802878265e-9
8.012131321635459e-11
1.0972469648566711e-10
2.255635520715793e-12
1.1456213040073215e-10
4.354414437974192e-9
4.1314610895957535e-8
1.1388497037062407e-8
2.1105441550775425e-7
5.4317197474251616e-9
1.1897357944680969e-9
5.812154368273438e-9
5.720041216441522e-10
1.4449654430983155e-11
2.1593818774374696e-10
1.4278838969552275e-10
6.767958921632452e-12
2.385013339161411e-12
4.708009602143685e-14
1.395296861770074e-10
5.793770135003589e-12
1.628832816528313e-13
2.2990728772873033e-14
1.150023604671205e-15
6.158654259716903e-17
7.626721578662869e-11
1.2191750048775701e-9
2.3036230051567454e-8
7.254932745538178e-10
1.8013220632167083e-8
4.085686373263214e-10
1.349773767955819e-10
2.879496798205073e-10
2.5055212364369474e-11
2.9795747239304925e-13
2.7493533062637857e-12
2.9619699746914646e-12
2.9826872544364757e-13
1.6364637178495895e-14
1.839688279157972e-16
3.128111043113474e-13
8.785074637010894e-14
4.142865175229906e-15
4.628892907315007e-16
1.1332485649315144e-17
3.062791799651861e-19
2.4792534706012667e-13
6.113071636065241e-14
1.5237986608253604e-15
1.8633997935388393e-17
3.642613598802923e-19
5.10749146147074e-20
9.87051376501675e-22
