2.0903364182943462e-14
7.305716762483126e-14
5.5097194345921e-13
7.437611941283552e-11
1.7245398727696135e-11
1.67540975202691e-10
1.33183895788455e-12
6.1763391021824294e-12
1.7825545978375002e-10
6.888611316694198e-10
2.418420500496257e-9
9.541800828119556e-11
6.537462575898407e-10
3.366781844047817e-9
7.38326274512168e-8
2.071282333557903e-9
2.9410116574491114e-8
1.9829094384874993e-7
2.1712444827622847e-7
1.6819079147992512e-6
1.584020337465276e-7
2.766482402625474e-11
1.7608309624504303e-10
2.5879921768853065e-9
5.878198071156999e-9
1.4533901947058935e-8
4.7089064796795466e-9
8.23956978975422e-9
1.6120124531890412e-7
2.9838484180685557e-7
7.321358610325382e-8
6.993186878098078e-7
9.047571305740823e-7
1.8178662024616234e-6
1.6056877137654122e-5
5.140330732503052e-7
7.292987799530634e-9
2.153401296467229e-8
3.3252907943730053e-7
4.841436890103749e-6
3.347256689491497e-7
4.489260360718821e-6
8.273524988605279e-6
3.2884054439295796e-5
0.00013283881647144008
2.938883576595471e-5
2.47046462812706e-7
1.2143547842619014e-6
1.3849211827655555e-5
2.007373436231955e-5
0.00028908488605821736
5.654345893259259e-5
2.970657684944405e-6
1.1746671841288044e-5
1.243437414239064e-6
1.9580886960599083e-7
5.067596478349256e-10
9.59490264462995e-10
2.095223423763242e-8
4.295232736182591e-8
1.5637270954953674e-7
1.5961218058733274e-8
6.995570039905372e-8
1.7390571884322506e-6
1.7231427221769454e-6
4.0047316770154364e-7
5.382022872547479e-6
1.1205075967300237e-5
8.42681022097548e-6
7.059534556953326e-5
2.223690895919636e-6
6.090790928550022e-8
1.6138782995151126e-6
1.9472417438216256e-5
9.46343688790596e-6
3.310397386846682e-5
0.0006004300859577253
8.4638894705868e-5
0.00025600871911266444
0.001135523785025747
0.00010178666487204959
1.3624569899995483e-5
5.4941716348261886e-5
0.0004098726464548019
0.0001852873309070884
0.004413649071822525
0.00025127762887193516
4.750713926170738e-5
0.0010237584914115697
5.451768368885176e-5
1.2771377699156241e-6
2.578154414157183e-7
7.782582726582012e-7
6.043116208720425e-6
1.0440284201188994e-5
1.5889448373476391e-6
5.058255474783334e-5
0.0003463866263087629
9.104291688814631e-5
0.0011232417517228943
0.00010363160075275087
8.16767297469865e-6
0.00021593442635388618
0.0012354571548897776
0.005925789851162221
0.0346342016460162
0.00790267288440247
0.0004796906607056782
0.0014184267946489523
0.0002353125972824781
5.2571113347967014e-5
2.234021682455092e-6
1.3715121633420951e-5
7.689409340956479e-5
6.399770676940504e-5
0.0009407946003406102
0.00010695820211671777
7.086160357359604e-5
0.0006393191492783299
0.0001102625419357647
3.260602090806216e-5
3.993755845113492e-6
1.0921317353284959e-5
2.3271228429992733e-6
5.894357354156351e-7
1.5208114075863958e-7
3.191730001729353e-9
1.3039054752938546e-9
5.46344976636397e-8
1.4017359997141756e-7
1.4582449052814496e-6
2.4031759297755168e-8
2.5449359577704623e-7
2.2716341339557624e-6
1.5449888756113504e-5
3.888833381521057e-6
7.274359290126979e-6
0.00022832218906043093
1.5462450618310524e-5
0.0003964102333312198
9.900613827931587e-6
1.87470173873751e-7
1.5202494794964406e-6
1.5246640970977356e-5
6.979954344134192e-5
7.245770906882937e-6
8.191262997119153e-5
0.0009177616732325483
0.0003497792649379407
0.004205072794596026
0.0005528709761040871
1.6791743537744767e-5
0.0003764729462182363
0.001066293217577768
0.0010967254298836812
0.04502189632663536
0.0014574995786132059
6.90447928468281e-5
0.0010352995068724404
0.0007719230023947645
1.0264049099554042e-5
2.547421836873115e-6
9.879673840046442e-6
0.0002827759707745947
0.00039196587325982494
9.14437965860522e-5
0.0012718285220119625
0.004128816130925844
0.0010263341437333554
0.047487377311518086
0.0009282768123958314
0.0004079817119508508
0.00411782857791063
0.043866046121310266
0.03281868553746548
0.45289247784128583
0.034219330245179584
0.004285735199057229
0.04460763057767102
0.00410199502133206
0.0002635602938467445
0.0001532213190852138
0.0007487305298819022
0.004844421811693469
0.0008475267732523237
0.04692910384657931
0.0010519891233112682
0.0005696195885457121
0.004268231239725978
0.0010472384193378498
0.0001347032739160861
0.00014742931711684553
0.00041740588204495176
7.490738553892794e-5
1.558361093295975e-5
1.6928598151118386e-6
4.4222941795827597e-7
2.699861762868502e-6
3.096766825766241e-5
0.00012080452892346295
8.760471521329666e-6
9.774450920411883e-5
0.0007744285878167162
9.661275483827061e-5
0.0057809640251478365
8.464719351799814e-5
1.591233271735986e-5
0.0006478373953004453
0.001002166886088006
0.001525635402386796
0.04564455662867299
0.0013020774883845338
8.807361446367484e-5
0.0010634758358857405
0.00034516988962521604
1.267226433268552e-5
1.684688940822264e-5
0.00010471779254576032
0.0006992029288821789
0.0004683908543357781
0.004046171573494794
0.00035790546986855584
0.0001017908495224359
0.0009816771553680817
8.474715195279215e-5
6.807040249651344e-6
1.785528709697878e-5
0.00022879299569454942
1.0875248318797413e-5
7.156428789794732e-7
1.8780192345370334e-7
4.933870871074228e-6
1.6418924047129352e-5
0.00012436234183686452
1.234687490733275e-5
0.0004012998080731229
1.08286682880627e-5
1.2386723394396688e-5
7.577158252944863e-5
8.772388875572982e-6
5.526314851585073e-6
3.1924483061251536e-6
1.1252277903158285e-5
1.2925872477145127e-6
3.0660155253234716e-7
5.535871369295174e-8
1.3147502118005692e-6
1.4216580577613815e-6
1.333954985700914e-7
1.1336164071462993e-8
2.1447316875547525e-9
1.7382112720930886e-10
2.4414237072816726e-9
2.663266863955589e-9
7.951630574339476e-7
1.3669571899168304e-7
1.2011448560931197e-6
8.458781735586014e-9
3.826094631241988e-7
1.7900395409139834e-6
3.869510418385589e-6
3.160504628922512e-7
5.339783657733438e-6
3.208357965296866e-5
8.878728724660354e-6
0.00012823051351990716
3.20205053720849e-6
4.745536738659646e-8
3.5655929287496273e-7
2.4490393134982434e-6
1.125584335360432e-5
3.1955230439863567e-6
2.1898932164568966e-5
0.0001041553987972661
0.00017571488662300786
0.00048044112300359447
5.3184808463162916e-5
9.85075313169427e-7
2.1426374044416088e-5
9.283703293848521e-5
0.0003180505234840423
0.00453292954400548
0.000597686956602139
1.0458529003459043e-5
7.591016117825624e-5
4.188549843460159e-5
3.0041422952101946e-6
2.03394110171499e-7
8.80554633535889e-7
2.111386109796284e-5
1.2055955162617422e-5
3.2256139631367637e-6
9.093702404756158e-5
0.00045920571398763347
9.807577950928673e-5
0.0008457876275498079
6.244533391806014e-5
1.9630776172633707e-5
0.00034536476149683794
0.0014921825125049292
0.008013321941412667
0.033143136043436064
0.0058148481075890315
0.00030848670690777696
0.0010983639213724445
0.00017283952168924727
2.0444917087800035e-5
5.0127942414739686e-6
2.521156927444833e-5
8.952075135024741e-5
0.0001023003155046387
0.0010072924398232903
9.430618457002795e-5
0.00018219508993003633
0.0004050869953603365
0.00024256432189053706
3.263874683981618e-5
1.014238210819888e-5
1.7740869292493738e-5
8.791602256607367e-6
2.073589374484235e-6
2.149626542150628e-7
4.785858218256631e-7
3.093181957085907e-6
0.0003857098272669893
2.1602762233848546e-5
2.6364952736509103e-6
0.00019820997220888154
9.879907129572848e-5
2.2740379674794285e-5
0.0007789519203740334
1.4216727152957673e-5
4.900508014550904e-6
0.00012748007297263062
0.0005091857276202991
0.0003446783890654199
0.003917706117946201
0.00021114777155077218
1.919865882586092e-5
0.00035464840188523505
5.122414290019008e-5
1.1196926109691437e-6
1.3389984039738656e-5
0.00030095513366190646
9.409584838116926e-5
8.848396774755455e-5
0.0012441742479871005
4.8852986387548266e-5
2.2085062810986683e-5
7.750781434748762e-5
0.0005832089868496061
4.37381447531513e-6
5.523773281723012e-6
6.5925352480985615e-6
4.993121363783144e-6
6.359081847018338e-7
2.778018366116654e-8
8.144003720186818e-6
0.00014019472083300663
2.9990222246702273e-5
1.226671090097856e-5
0.0002572110514198613
5.654197183994167e-6
2.297725869345832e-6
1.387202851101362e-5
1.942620545338107e-5
3.5079774210517233e-7
1.914392098270582e-6
1.9456155633649097e-6
1.781824045100746e-6
1.5192662202747448e-7
3.6902099355157856e-9
1.4189845220209726e-7
1.7496481132878593e-7
4.937544379875768e-8
5.594210303630904e-9
6.097932914826612e-10
1.6983182834435152e-11
3.593582316866439e-7
4.935610596424074e-7
1.124612365670129e-5
4.920283086905184e-6
3.2270211091552443e-7
2.1901352803313368e-5
1.9061606542216148e-5
4.356551881702691e-6
0.00015199266165368355
2.1003924760589874e-6
1.0537850971855664e-7
7.94909660794633e-6
1.3840467039451976e-5
1.9072216901738222e-5
0.0004049360997670835
7.983535938207421e-6
9.952393341066516e-7
1.6920359303788488e-5
8.49411616357687e-6
2.0336697643306117e-7
2.988406397224864e-7
3.9440433107797375e-6
6.873005897493867e-6
2.958454300086942e-6
9.197655129200962e-5
1.5545245108733722e-6
2.301011369841634e-6
6.879268882018722e-6
3.655367350992054e-5
3.4481784965358996e-7
2.833910537530133e-7
5.090871421229846e-6
4.3035017256542835e-7
7.042566702317549e-8
1.7445428862464344e-9
4.648264387672561e-7
2.5183426564718073e-6
2.987979426503801e-6
1.01059915886265e-6
1.232292665241061e-5
9.638237360886872e-7
2.2136782374603784e-7
1.5890311051772766e-6
1.9318760792412924e-6
2.2055751636739236e-8
2.2853014791064827e-7
2.653173419606797e-7
7.2055033368743e-8
8.098224315645628e-9
6.207228015513974e-10
2.531869694131587e-7
4.929897336852484e-8
1.6833734587513585e-8
2.1660565734751314e-9
1.6884827506292372e-10
6.96984255675433e-11
3.6237202554210084e-7
4.6572756874909693e-7
5.515859012073197e-7
2.020296174670064e-7
2.0043186362682463e-6
2.0711026683138588e-7
3.312890000854675e-8
1.6504050302240796e-7
5.996273010465629e-8
7.850276491145337e-9
7.101556341167536e-9
2.2310258300286744e-8
1.5483899989774545e-8
4.2978141316722396e-9
8.618269773714417e-11
1.4560493815707799e-9
1.2905142079630004e-9
8.600098719501839e-10
1.5848552615144305e-10
5.466431903710278e-12
5.393438305381074e-13
2.8724678166194637e-9
3.842090493457647e-9
5.68907261151343e-10
2.29339789220195e-11
5.813209408990327e-13
4.506734946530644e-14
2.25720930334384e-14
