4.237974677754236e-14
3.316914910230747e-14
6.52483172629276e-13
1.6236069610139454e-10
7.701147103799733e-12
4.33916184834042e-11
1.2552280524186733e-13
6.469670768163653e-13
5.0229961440006624e-11
4.263184409120201e-11
4.222324651070723e-10
8.34860589764095e-12
9.155096762487103e-11
1.2875681587594431e-9
6.5677372948475295e-9
8.431915249541157e-10
9.256275954920528e-9
1.197258238339295e-7
2.7948471990861466e-7
2.1522003511461865e-6
3.6985022791315744e-7
2.9198215288866293e-12
3.15153621011465e-11
1.7989620944201507e-10
7.599225338435306e-10
2.852680404546778e-9
4.0718467954642306e-10
1.8776341746862644e-9
2.9482781105115435e-8
5.0390894343419295e-8
3.242933633428274e-8
3.9591188790160153e-7
3.2877042555607295e-7
1.3625470007569344e-6
6.265573851480902e-6
4.6048923355581057e-7
1.3512272456759186e-9
6.030935794378723e-9
1.1790255943369505e-7
6.796630233945978e-7
1.1651332261261504e-7
2.9776507288608907e-6
3.8709867659534525e-6
1.4025299873535204e-5
7.364907102662618e-5
1.3896877886350998e-5
7.184070489697008e-8
6.925327290232271e-7
9.565147004312136e-6
1.533054844285511e-5
0.00019887787435605671
3.878453661311876e-5
8.004586000036659e-7
9.644527181728325e-6
6.749959720309015e-7
8.914079203948663e-8
1.8000333127166893e-11
8.17145416244698e-10
2.37688984966079e-9
2.0131551233088304e-8
1.5287171527630656e-7
2.808409377697373e-9
2.8701361705806518e-8
3.496023979848309e-7
4.0734458703366433e-7
1.5908841104205647e-7
5.116562789841702e-6
4.82692474033658e-6
2.8300278261669124e-6
4.635807222491634e-5
1.4644403479414335e-6
3.217239194555317e-8
7.078919020848102e-7
1.3762283051444257e-5
4.667135616452951e-6
1.781085813917992e-5
0.0005259201548159185
6.101314911755578e-5
0.00017105324531976375
0.0008267113260282854
0.00012055441122846266
3.315200975162068e-6
3.871421286744748e-5
0.0004563591257971762
0.0001409483051281914
0.004413226297363957
0.0001885018843790556
2.7911424581712447e-5
0.0008763395808992323
3.624888683705255e-5
6.776977465961677e-7
2.0779456566244806e-7
3.027902108288992e-7
2.269655431702276e-6
6.494703485757296e-6
9.4882635040684e-7
3.8366929781997927e-5
0.0003370968667503
5.978306573034828e-5
0.0008161111999318831
6.706749323032396e-5
4.375830627203395e-6
0.00016991452426368432
0.001018559125396945
0.005526836466979894
0.03328666545870352
0.007190718035973007
0.0003360396601540183
0.001174314288417308
0.0001658936489002426
3.651932477389333e-5
7.333451000872716e-7
1.0270999656147064e-5
5.1553009860244754e-5
4.7415339292623225e-5
0.0007295252677906259
7.194227663357116e-5
5.881674998754664e-5
0.0010754168117949345
0.00012611174244382112
1.4031754073522693e-5
1.4659079356258617e-6
1.1096834044418159e-5
1.6626044497441393e-6
4.173447666518886e-7
3.6383415153137195e-7
2.399738732101369e-10
3.5082284156253143e-9
1.002918383888692e-8
2.406529245432735e-7
2.6154232404897134e-6
3.7085220825301024e-9
6.106294665139611e-8
3.862041878840676e-7
7.763705110599686e-6
1.311975728807394e-6
2.962793074651374e-6
0.00010280386971353261
9.376142303327569e-6
0.0002473077074819859
1.0395283443407445e-5
8.823445301436941e-8
5.797312090950083e-7
6.38155003529132e-6
5.791473122099371e-5
1.0966236746662328e-5
6.556535321204507e-5
0.0010029681776382057
0.00034788626009151386
0.0038653280297428916
0.0010460720558299371
9.687735451319164e-6
0.00029320225281790924
0.0009317882224789088
0.0009073636469001395
0.04247195316577809
0.0011543482264288127
4.346078114275151e-5
0.0007834766064411025
0.000886773756727154
9.377648604820054e-6
1.6974898551478617e-6
7.221162414274797e-6
0.0001116228851732204
0.00022561049019047057
5.749512050811197e-5
0.0010280088175673387
0.004184449555533457
0.0008171780123270771
0.04384890409972726
0.0007038749419661156
0.00023922856784662196
0.003706183703445128
0.043563715765975085
0.031911108476499604
0.4812134997380403
0.03258824591635146
0.003363514121560088
0.04496784343287895
0.004208869022775242
0.00019400166213552768
4.826723255980688e-5
0.0006578556595322719
0.003737274945072407
0.0007277476766103562
0.046675479427448645
0.0008461173884354886
0.0005834993524301478
0.00404309831550303
0.0009204885453143807
6.828706398998274e-5
4.1784534611736836e-5
0.0002602064721482622
5.095923010608831e-5
5.535600261593072e-6
2.150174438388162e-6
2.745050966741175e-7
2.4849505477822563e-6
1.89564683143107e-5
4.0743695284412055e-5
5.459293323102924e-5
6.907632835152407e-5
0.000581969448014812
5.7176629661665564e-5
0.0037404190266674886
5.231913098170794e-5
1.39712547588019e-5
0.0004999754129410647
0.000857891538692175
0.0012310286544036928
0.04497755754567423
0.0010313695559095437
5.401338103927907e-5
0.0009120250978548762
0.0003733702364779934
1.0546531009376165e-5
1.1165485206395985e-5
8.185298510281824e-5
0.0005577556750446773
0.0004041287271796665
0.004304879196828749
0.0003071745604345389
6.900041073655788e-5
0.0009474449581961685
5.938264806881115e-5
3.313710860198748e-6
1.8253185708069974e-5
0.00010514369562505239
4.8222337739930815e-6
2.7424579064498445e-7
7.482719095918049e-8
1.923647298474754e-6
1.1057218755940872e-5
4.442764806944631e-5
9.749841261281156e-6
0.00024737076995542387
6.906121979734133e-6
2.0190002359357594e-5
4.8469078136534284e-5
4.959117265417547e-6
6.0092454205971e-7
2.407439294120413e-6
7.46644553664924e-6
4.213137926642981e-7
4.8938132026466187e-8
8.885391995798317e-9
4.349639824473539e-7
2.640712732813677e-6
1.413511747925255e-7
2.706334927461656e-9
4.638421549525536e-10
5.18367765247778e-11
3.028641999339632e-10
2.972863349987753e-9
2.7374063798514034e-8
6.984146261661454e-8
3.966663674201356e-7
2.5892056108923683e-9
3.035618731723287e-8
1.7239901485048932e-7
1.821364372805556e-6
8.826772150551417e-8
2.7569669781839805e-6
1.651414330400539e-5
3.915626862500433e-6
4.3518070779882835e-5
1.4209259477782588e-6
4.944170172714117e-8
4.5962968183715705e-8
1.4945152551914904e-6
1.8085018115314252e-5
6.457566068778221e-7
1.3529855465543327e-5
7.524149216743584e-5
0.00016056249428008913
0.0004816471730330813
6.280257338949169e-5
3.582088599845458e-7
1.2109003740461265e-5
5.6209538616403625e-5
0.00025667606609263755
0.003443355440600266
0.00035704437305592057
6.311287510252312e-6
4.552534112580344e-5
3.061226608023332e-5
8.418851853534021e-7
1.8371137769297988e-7
3.634454252351214e-7
5.626972251047452e-6
1.0359461026408788e-5
1.3156186753417471e-6
5.667688949256358e-5
0.0004737175710266416
8.10842991809673e-5
0.0007151636749048334
5.01708584445308e-5
8.455749389173245e-6
0.00025126737179872777
0.0012350161031400562
0.007746746615434245
0.0338462300178273
0.006004835780847993
0.0002607695631433913
0.0009817698830449767
0.00013896741332321735
1.5990098243642108e-5
1.0462306728665049e-6
1.340341270185185e-5
5.7617586861681546e-5
8.119111534149198e-5
0.0007942349785957936
6.323635871660769e-5
0.00018079883167258074
0.00034165101178799137
0.00012449157508024328
1.269196488977611e-5
3.7829481227664086e-6
9.422473591566385e-6
2.821948375964032e-6
1.1959171756951845e-6
2.7653879149074915e-7
1.1069355094195816e-7
9.355657383153769e-7
0.00011994734883755031
1.1031748941281474e-5
1.1238992012197815e-6
6.0377919168227596e-5
9.78090153843553e-5
1.3278329818177564e-5
0.0007629819408622069
1.0842123847560134e-5
1.9995699825611755e-6
3.91979800769769e-5
0.0007334996245874123
0.00023906270577163106
0.0037981928440246177
0.0001703633145304436
1.2341985251804312e-5
0.00034335183779603186
2.7038524825239414e-5
6.478913447430661e-7
2.2125213694379596e-6
7.358327703759102e-5
7.396674607136661e-5
5.24610736262885e-5
0.0009292513424604961
3.2083229696281714e-5
1.4188322281605068e-5
6.476009829715275e-5
0.0002618823213222127
1.943104177793302e-6
2.8201969467010797e-6
3.775353841947415e-6
2.949320508048877e-6
2.571681965970158e-7
9.226282417738384e-9
2.6539871823281306e-6
0.00011961283320519736
3.0029271377499228e-5
5.795689219968766e-6
0.00011651553588573382
2.256386438083995e-6
1.7193766974445623e-6
6.650219786184355e-6
7.970593057607905e-6
1.1057427038298715e-7
1.6110841030648865e-7
4.0901570709972027e-7
2.508717303677513e-7
2.213860412279674e-8
1.2812349875521712e-9
7.214677244466895e-8
2.8346891603481276e-7
2.2855644739109017e-8
7.387351415366882e-10
4.3786345365942746e-11
8.780688378996053e-12
5.354167655156914e-8
2.3139158346067113e-7
2.7600027079419167e-6
1.593971669619685e-6
2.5145324778816793e-7
1.9254753032217256e-6
1.1308082886981327e-5
9.275862559489033e-7
4.34457454036821e-5
6.335590153504781e-7
8.156054667519874e-8
1.927352767267238e-6
1.665159583049902e-5
8.20850535919406e-6
0.00024355649504096116
4.4913271458574356e-6
3.7705905672860957e-7
1.1269846332225678e-5
4.103371707344699e-6
8.071685362564604e-8
2.91240654575278e-7
1.2662531820646295e-6
5.229310871653527e-5
1.1606815824895953e-6
5.1261629974987096e-5
8.043029190910863e-7
7.442765364375506e-7
1.0813312974735829e-5
9.635189800713744e-6
7.420492687088715e-8
9.452868959097734e-8
1.3413540763965756e-6
1.1372510672400097e-7
2.3663638634908623e-8
6.250945444429398e-10
2.89321428703582e-7
1.253636893710274e-6
3.0886975207867992e-6
4.712160312305682e-7
7.3926662978342245e-6
4.1093658508824124e-7
5.1536744986082833e-8
6.154544169088486e-7
4.5385566574373766e-7
4.7503150434999575e-9
2.7719306833534478e-8
6.132146328510939e-8
1.9457536231886587e-8
1.4150852115018848e-9
6.647306714477549e-11
3.24137601824261e-8
1.4027699475849911e-8
2.1189060506354377e-9
1.9438607631832745e-10
5.281661027221467e-11
1.1042523736577718e-10
6.166965257243034e-8
1.6019530657406272e-7
5.131099001986429e-7
2.4407576546108354e-7
2.535056334527751e-6
3.828705576149279e-7
6.796962518594553e-8
1.4977979114688628e-7
5.2720372386868744e-8
2.0406219888816294e-9
3.2194172066561664e-9
4.500044864734275e-9
2.916267399188795e-9
3.946762281139304e-10
7.413453654533968e-12
2.5938415807777816e-9
3.266268993127197e-9
7.161013619802044e-10
2.7582338853718023e-11
5.978002323143302e-13
4.832812100776945e-13
2.812634982499527e-10
2.556853444721908e-10
2.2264476922747036e-11
3.4006782296971146e-12
1.3870189573774398e-13
6.38373951653332e-14
2.945907475069695e-14
