2.6999134185459523e-12
1.9933042789983135e-11
1.981151158989824e-10
5.440619240353634e-9
1.7191691165178045e-9
1.6658805804544482e-8
2.1807547557849105e-10
1.989725692255708e-9
5.0647063576848774e-8
1.853118357682198e-8
5.884022519668659e-8
5.209054730798915e-8
4.3499715103855376e-8
9.979383354627901e-8
7.954121946034861e-7
2.2737388884319658e-7
3.605403715902273e-7
4.088935987055657e-6
2.2692728791654011e-7
7.331027136870027e-6
6.85876229363423e-7
3.823741154309701e-9
5.3440817070139026e-8
5.93574315709462e-7
3.0411622668478937e-7
7.627663229291115e-7
2.7761027241645075e-6
4.4234910718514026e-7
1.4864700377319268e-6
3.1435385531583935e-6
1.1551382444467186e-6
3.3873810534432546e-6
1.2518900075868488e-5
5.60169017801061e-6
0.00011418136040620558
4.834733402462724e-6
2.6329837393548944e-5
8.208015857261847e-7
1.5344357450372447e-5
3.377222154666445e-5
4.2125050852356814e-6
1.54306440485939e-5
4.062458951119038e-5
0.0003140593093762362
0.0006769830810000143
0.00022060883408818707
3.092907627202718e-6
9.476810227308689e-6
6.07718201995188e-5
5.251959114799391e-5
0.0007857840186790709
0.0001693041584930572
7.69265347123275e-6
2.460079399732255e-5
1.0658134813550956e-5
1.586582444318598e-6
1.973837451310168e-8
1.7193602601645002e-7
3.2168163773597305e-6
4.398219106188953e-6
7.161929240333013e-6
3.0620119326766414e-6
1.0081869578023948e-5
1.3194712613982918e-5
4.1682529289327026e-5
9.045226175818052e-6
2.0239117526842175e-5
8.567651654652251e-5
1.9426961197649763e-5
0.0001755290911267409
7.555793957257102e-6
2.05808259787822e-5
1.4123396036285055e-5
7.027031986026507e-5
8.515283789428095e-5
0.00014797225548877774
0.00037854390142175507
0.00030185012970931354
0.0009466324104832689
0.0027831725958864296
0.0003719828300630518
0.0001088904892663744
0.00014832382614892814
0.0009360871932733289
0.00039701489570112715
0.006661832247350315
0.0005973449648119223
0.0001451340318777307
0.0008233093896753774
0.00010503314741987917
1.2037999708686063e-5
6.8536268341357e-6
4.6793555246433755e-5
6.850852626605542e-5
8.255815292935744e-5
1.3941624733181137e-5
0.0002265862912413406
0.0008503611354601005
0.00017215557297515856
0.0017046690460226317
0.00020894496591138313
4.125075781712701e-5
0.0004471961194392751
0.0020571679218566435
0.005945342358600787
0.03663818754280362
0.011934646297272674
0.0014314750305551244
0.002728010964295819
0.0005880166385517129
0.0001623512204670147
1.5968744017124745e-5
6.178723241236896e-5
0.00023759344691115912
0.00012342201509840954
0.0015664179992227784
0.00021200799429430193
0.00013785691872125814
0.0007873746396763297
0.0003595611323449884
0.00020606684346262944
1.1929128732874237e-5
2.6793733003076733e-5
7.480760049310023e-6
3.5787297136359526e-6
5.867344639460152e-7
3.277174893201599e-8
1.364517538715724e-7
1.0164450601039937e-6
4.96954250892181e-6
2.7890949243360197e-5
5.599280243252103e-6
7.779180751199282e-6
3.000116869456066e-5
0.00023197939716622343
6.249791687199298e-5
6.314743246266087e-5
0.0012665636440972697
4.696565394933648e-5
0.0010116458489017404
2.7316762520273798e-5
6.910022348072608e-5
0.0001359648806096369
8.500240174425501e-5
0.0002370999753573241
0.00018604607503872988
0.00032589661969218293
0.0038660476081770986
0.0012471413144794663
0.006627378262909919
0.000820872201235109
8.055196278863946e-5
0.0008589400818083331
0.0018350292885101107
0.0017803280182420189
0.04741513197860503
0.002643226632919014
0.00020189665986114063
0.0016913704313753742
0.0008409612489424276
2.6579671411267194e-5
2.576925468541809e-5
9.379397518230717e-5
0.0009102424077120928
0.0010663941927822442
0.0003130148775512195
0.004234264476122674
0.00811031694618908
0.0018011115125420572
0.049692552256265794
0.0016317438150947176
0.001034612011465418
0.007321162386442945
0.04617212031310434
0.03148081901442708
0.32156592129927564
0.037830052898318256
0.0069825245752984854
0.04894298343558024
0.006646602735584557
0.0008540570021799488
0.000438527002756525
0.0025047524189245165
0.0076734513990513705
0.0015681758575968872
0.04814881840073431
0.001760079158206665
0.0013981614987709395
0.006378118229530136
0.0029279632940693813
0.0006411663471992205
0.00039652011959800097
0.0009942742576614782
0.00017260062863920934
5.75586337522888e-5
3.892226148122616e-6
1.3377373714035706e-5
5.550255258395019e-5
0.00040811544125518345
0.0004279639816294524
0.00011955958856533067
0.0004085679571804014
0.0020904735641719624
0.0002657651962294914
0.007652412149198772
0.00022936269195573828
5.466408494572443e-5
0.0005221615830763433
0.0018911100361226028
0.0025094727972598384
0.04569920516296168
0.0019844258898192497
0.0002389651035460563
0.0018882839776680144
0.000997696174892798
6.435522402720188e-5
0.00014039477966687664
0.00031585283952569954
0.002122045842126725
0.0005007209797359812
0.008664835867178533
0.0008985590494461564
0.00036661178337423395
0.0040022287788294385
0.0003109305192315803
3.924541818601184e-5
0.0001975444144422327
0.0013398171538760095
8.584587418131081e-5
1.107960591187627e-5
2.6320033518718027e-6
6.898285120458032e-5
0.00013273497961533708
0.0003866140028486631
5.589648038027735e-5
0.0010285953756583159
8.441805478785144e-5
6.166786079381245e-5
0.00023913598441380963
9.06329851272504e-5
3.2185710963673036e-5
5.8358773400625266e-5
0.00021556227770536563
4.1664770398053565e-5
3.2345222402412887e-6
8.062418231334463e-7
1.3457145841421905e-5
2.5989736809235384e-5
6.901136331593028e-6
7.081704526860546e-7
7.453644409222052e-8
2.061169742432212e-8
4.142377064880099e-8
5.338407626444128e-8
1.003032252213858e-6
4.7185750804509996e-6
1.5499519561960605e-5
8.193510955982809e-7
3.4797241223048166e-6
1.9745912307149085e-5
6.441909298230735e-5
4.140073632755564e-6
2.936834178023148e-5
0.00011702333433181938
2.7705516529568944e-5
0.0004129155643199029
1.1984785322611854e-5
1.0281896160409198e-5
8.128588506525656e-6
2.1287329150656998e-5
5.7266030337828804e-5
1.683256556058617e-5
9.381755115162289e-5
0.00030665074595572097
0.00041383855585446205
0.0013840566281198635
0.0001359995682079858
1.0140285069193761e-5
7.000795783236638e-5
0.0002344100985726735
0.0006132618746796562
0.00673348304734673
0.00119367569391757
4.7305843988269235e-5
0.00020278322326197924
0.00013893731267598642
7.342608873666763e-6
2.8379077518427874e-6
3.385000898948558e-5
5.0997474126638435e-5
5.157221056499127e-5
1.1837216144676734e-5
0.00024735051672673195
0.0004673997298073842
0.00021514203231197174
0.001617334444370012
0.00012561144292036223
8.129656543169229e-5
0.0006551209908408094
0.0026085052811472206
0.008456379048446556
0.03117654158893153
0.006072928053243154
0.0006450555385101058
0.0018263613197110652
0.0004081011223956258
5.160002608189739e-5
2.913642009975037e-5
9.619731669990762e-5
0.00026843645484384053
0.00020884153433166775
0.0016647661832351346
0.00017769559439101157
0.0004183871282905138
0.001218136065241064
0.0009131804841019558
0.0002981838442403334
2.600012276279576e-5
4.668535604975871e-5
1.9587697980561024e-5
4.570678363903081e-6
1.7119617321984098e-7
8.986098968745766e-6
2.186524108830917e-5
0.00031019791321896357
0.0001266078920642691
5.075580228216422e-6
0.00014417070168033853
0.0002958284181684233
8.782064544809991e-5
0.0026455939759579927
6.118542105885832e-5
9.97963768222946e-6
9.297712549013668e-5
0.0004998721431237374
0.0006361765451173916
0.006942285595749359
0.0004437035790488372
7.262066047383629e-5
0.0009204819594705585
0.00014811260999506357
8.627059312984473e-6
3.097285899208777e-5
0.00015078673946352164
0.000403685277868214
0.0002465584040917602
0.004235688019176454
0.00022130555269141153
9.922279359405024e-5
0.0003362021192839286
0.0004998539153368191
1.5863721057917297e-5
3.383567521480043e-5
5.979986066966827e-5
2.3459155672521525e-5
4.079690420780519e-6
3.813423768380077e-7
2.050198504211257e-5
0.0002596797590762536
0.00036572900217858833
4.925223423159346e-5
0.0009176293858883838
8.058615970283322e-5
2.185003911700872e-5
8.75205244008814e-5
9.192406827219905e-5
1.5161587740044565e-5
1.894838015685855e-5
3.633910095882669e-5
1.335602720482919e-5
1.4758222551957932e-6
9.63102524825759e-8
3.899906514417422e-6
4.8079339413087625e-6
3.7085153963311654e-6
2.4625311940432716e-7
1.6986685490284316e-8
1.868450009573433e-9
3.6178768220414716e-5
3.5473866647794e-5
1.9801794523687004e-5
6.877565868169318e-5
1.2262399419400277e-5
3.231180676564164e-5
0.00013224677354589217
2.8150926610612e-5
0.00042143367765169325
1.4824945499681848e-5
1.5451469687576193e-6
9.805841558544033e-6
5.486380027039341e-5
7.245959933826645e-5
0.0009599828632636596
3.8365034588230984e-5
1.0362011687598063e-5
8.240660410050273e-5
0.00010944239170333005
2.9937872275894112e-6
1.4376893168983892e-5
5.395425837200611e-6
0.00011921082018083092
1.097360433880869e-5
0.0002981974774620604
1.4079425458212105e-5
1.457147694847272e-5
0.00017892943785650993
0.00014200969254565574
4.196780479624505e-6
3.8008382390097303e-6
5.99026210860853e-5
9.403804530532912e-6
1.1407734446010613e-6
2.0812538584190452e-7
4.262419261133571e-5
2.4520128899910523e-5
6.112024613009127e-5
3.3099228251447165e-5
0.00010309394785481129
4.688413815652135e-5
7.283250320987666e-6
0.00010273534478177772
1.4002777268207167e-5
8.826856636800171e-7
3.157834768257448e-6
6.74094802970522e-6
8.754666818174172e-6
4.0450927029355876e-7
4.95575719126081e-8
9.593204938658104e-7
1.2974463804478612e-6
2.958903028924476e-6
5.301262004045496e-7
6.485170190614822e-8
9.92264168680351e-9
4.405675463748947e-5
1.030505330732342e-5
1.4487169939363653e-5
2.8559828137093864e-6
2.6241176106198758e-5
9.234891887723728e-6
1.0685092982175657e-5
7.834936775032827e-5
2.5105468786060556e-5
2.6584599782704915e-5
8.404687201732545e-7
6.1821506056020635e-6
3.5612573642849152e-6
2.8406691558509587e-6
5.048671729969488e-8
5.461383522274551e-8
1.4478555893543155e-7
1.7486534609745634e-7
5.4174517127553125e-8
1.9903777279555647e-9
2.4315485819068186e-10
4.225275230362649e-8
3.720214359498764e-8
2.3603630160968505e-8
4.52246468681746e-9
2.0073344255818856e-10
2.0983762007972873e-11
3.824629025309432e-12
