9.053586609751988e-9
1.109121306897911e-6
1.8215137357703106e-6
2.311884705045963e-6
1.1240525294664227e-6
1.6553160991762355e-6
2.282979324416603e-5
8.619142583897239e-5
0.00011414747075787186
6.604915649704939e-5
7.870259758891037e-5
3.561557095833529e-5
0.0001253351044648123
6.336393498047017e-5
0.00010212705543761574
4.325744192820239e-5
6.548614201070014e-5
0.00011310790223175458
1.984280185944388e-5
8.48430211315737e-5
4.687803414077792e-5
8.532857819391578e-5
0.0005811586630940718
0.0007414281062843452
0.0005381773716175248
0.0005020092592244645
0.0006466527295914141
0.0020136501103827985
0.0011542932676129971
0.0014999644845546676
0.0009076507314764794
0.0011290752840458465
0.0012788013449474933
0.0005004599180014709
0.0014404086064842589
0.0007893003496756132
0.0001228209289763186
0.0008560928073727816
0.0004895864642715472
0.0008988666598671264
0.0007375786828166454
0.001042984421811343
0.0015059669187814403
0.00041532563965986926
0.0013115702409494676
0.0009872338777257314
0.00016618259285921573
0.000730678475859678
0.000791694463142037
0.00045435634426752253
0.0012267102321470288
0.0009598251136202051
0.00010937115785402551
0.0005796441541826474
0.0006051340388412053
0.0002982941708747966
6.290293985847729e-5
0.0008238927585082317
0.0008001202057794013
0.000678219042984683
0.000536418810735208
0.001432110872761796
0.003331769721406716
0.00318102858540933
0.0034372879696900373
0.0023939371450478336
0.003123654791253101
0.0030258695427771215
0.001758142673152637
0.0033114559926168945
0.0015558463810191308
0.0006194987502823836
0.003932530098025688
0.0030146919184128487
0.003544197064833085
0.004445829842149267
0.00630742094490629
0.00791457606150832
0.0026989562522985607
0.0064714522151922745
0.004794353225934936
0.000916370696696854
0.0043864694156894035
0.0035272088161108326
0.00313641880793619
0.008416251054623586
0.005569640902108238
0.0007737348297102739
0.003552086938759685
0.003835629589065499
0.0006115536300391602
6.423880374244167e-5
0.0007247575623109573
0.0006088674798349116
0.0007672857566816776
0.0013545156184463396
0.0024242772161990854
0.0036299164686770594
0.0014749602776452098
0.004055638347211768
0.0028338211125854586
0.000643070830771277
0.0028782920648583584
0.003909329836302668
0.003466720129490215
0.012475162217108399
0.013012153920570752
0.0007258726581198327
0.004616006993089281
0.0056056027624927715
0.0009854613306923448
0.00010570608967596508
0.0009851259712415539
0.0011910186591036825
0.0016712335455475959
0.004047389505859744
0.002792755384097105
0.0008306321708388878
0.004238042599281896
0.004706929725335075
0.0009605485135738265
7.35669997052024e-5
0.0006911523780423515
0.0015988453153069164
0.0008047694798267067
4.618822475755166e-5
1.009561362171752e-5
0.0002453544806418271
0.0001869904647305581
0.00023267001829267484
0.0001409210975143476
0.0008051249855950981
0.0019196856639250115
0.0025143759025476604
0.0017571666974477943
0.0012064998664223722
0.0024296863569878467
0.0015357198558212097
0.000898082130342327
0.001933182678208567
0.0006946013070395927
0.0006589412240759665
0.004004240590746839
0.004243209093388971
0.003726323963064608
0.004516611412462778
0.00914338334129436
0.0070221371155842665
0.0033938983581285457
0.008344873726892745
0.004219548472273158
0.0009770844720985194
0.005211229352504453
0.004585067775059631
0.006274206765035216
0.015043189957641421
0.004552429385296927
0.0016718149695491274
0.007240614885065985
0.00354116181211608
0.0005872094523488164
0.00018343915229822127
0.0019058340082201487
0.0022796992932759023
0.001868518258737269
0.003786479656596689
0.008813683957347678
0.007661947484808512
0.0033550729716325324
0.009056960259432364
0.003979536378159043
0.0021471553800353066
0.011039104070359195
0.012688729239845932
0.011522545296284114
0.06721778954907151
0.012543258360759764
0.0026403026853286174
0.015217532171134859
0.008592067110871019
0.0011989047902029018
0.0002540387712568398
0.0027998761633060668
0.0023927219862010926
0.0047478135321321144
0.009144552625633668
0.0040612982508298244
0.0027629153561495173
0.008402895464747628
0.006553189288238507
0.0013126551629975157
0.00022558868003236748
0.0019415461491520674
0.003318079024885155
0.0014288709429889756
8.550051450161588e-5
8.583315785345952e-6
0.00018482743366410827
0.00024300855572345384
0.00023239665885182163
0.0007674572933733305
0.0021138417662817143
0.0024252430417058173
0.0010411043061687413
0.002380306401888099
0.0012036837319401846
0.0008998106321945966
0.00401664776807636
0.005997247661369748
0.004407102105902974
0.012880161353820736
0.003939045529144704
0.0009834296349915206
0.0044849371912384865
0.003539432994948609
0.0008015281505386499
0.0002281455704649744
0.002028779071408118
0.0024712258675024658
0.0036880317189457172
0.007788074472938944
0.0037391162306297425
0.003057388227271874
0.007030547536081091
0.007860087177963116
0.0015101430160744335
0.0002718556201827117
0.001570233086762489
0.0030138012677356943
0.0012632759780391428
0.00011313713742243827
1.1982638643278098e-5
0.0002402792582868881
0.00023952273774788236
0.0009076813698023353
0.0019235346767458553
0.000775611883549111
0.0008847241259522969
0.003802783906702514
0.0035886539433396263
0.0009157197712492156
0.00018091056467307357
0.001779145926988596
0.0034730490378124135
0.0014790803723001957
0.00010173397444426199
7.879604181452986e-6
0.00014267163638171369
0.0005384910172431312
0.0005004608569734217
7.8482112324993e-5
1.6433729289496549e-6
2.6271110570082234e-7
1.1258701351626946e-5
1.0218674807550232e-5
1.6017044154317158e-5
7.686525648107666e-6
8.926382313397479e-5
0.0002832208733447791
0.0004042638345599809
0.00017898968305075363
0.000144576218986974
0.00031262884440248827
0.0002717584090531079
0.0001455772222076148
0.0002219691520921274
7.343243415308756e-5
0.00016377077369478102
0.0009640561192038405
0.001386823096427732
0.0008944699473578158
0.0012313992955643963
0.0027344151604646277
0.003054123964921292
0.001559850621908024
0.0027329852904168974
0.0008114393568318318
0.0003162801647221377
0.0012905434532724574
0.0009698991531812985
0.001862119706920186
0.0025862687459029354
0.0007034862799784431
0.000611824102652759
0.001695753962364028
0.0007752032529351459
0.00010883903573733556
7.670840647887248e-5
0.0008913409152799039
0.0011249003978686613
0.0008985589544838171
0.0019679532846474733
0.004566779878690684
0.0036746657810148562
0.0025983915047681117
0.004790567992678161
0.001627975364302269
0.0012275850375202276
0.004632322620480614
0.004411657862218649
0.006209843909772752
0.01132797987047438
0.0033971735010740974
0.0018739659930860717
0.006204283436101354
0.003186088702531739
0.0004550578685318232
0.000123277850743807
0.0014930253053185053
0.0010685986946471651
0.0025997750794085396
0.003328038407777411
0.0014913969095308249
0.0015401121802580725
0.0034066525834871462
0.002746189423984787
0.00041771881510719195
0.0001501373482789081
0.0008978412909870501
0.0017560097325406245
0.0004951420266912669
1.96219790131707e-5
8.88370578168315e-6
0.000205666456642869
0.00027742232773054354
0.00023375308679307374
0.0008181193298894826
0.002425968707546522
0.0020020843400898624
0.0015253844379766062
0.002824359272069867
0.000991105516602259
0.0008757296885728834
0.004513115954226853
0.0040226860415647995
0.004658312621331671
0.011031689683607956
0.002851602641838411
0.001266691046011609
0.005120879203838468
0.004468527445297461
0.0007062996115463962
0.00022796210247230794
0.002409757889452731
0.002163816370937282
0.0046533115197716695
0.00884587045977294
0.0024565072946044777
0.0027302270805125064
0.009225420211387954
0.006260062411004943
0.0010349984138327344
0.0003156140658231245
0.002419326923378829
0.003145047319861869
0.0011492249387294678
6.60500756687984e-5
1.3026221939651604e-5
0.0002697518959900571
0.0002489635197274036
0.001099121113384274
0.0023310604843138657
0.0006192101070637473
0.0013730538274708192
0.004299140468665839
0.0030494228486880742
0.0005091514298111827
0.00040129919712333115
0.0025543919998075215
0.003233620544305378
0.0011288654684458645
6.127000294036235e-5
1.600391373616664e-5
0.00023769694605708708
0.0006891321177910879
0.0005293398485432041
6.609074480715164e-5
1.1437459149316512e-6
2.0406787840877138e-7
8.771883766865643e-6
1.337324549879559e-5
1.1736504330784577e-5
7.344907099040951e-5
0.00022959599070945658
0.00022604261880450967
0.00012406556290436396
0.0002523141942843824
0.00010937705931400612
0.00014648420157839333
0.0008831363908944155
0.0008944686717256957
0.0012256685104766773
0.0021430032820394912
0.0006485733401977728
0.00031262593369586685
0.0010279358424931909
0.0009311527224711576
0.0001592689300900174
7.334437962680769e-5
0.000816148887967505
0.0007600267792770081
0.001980906286857948
0.0037766263154242917
0.0013764816829158356
0.001244634775867717
0.004517638158865961
0.004429896406513315
0.0007268751605856599
0.00014113759711826537
0.0011918239067479253
0.0023452037079379536
0.0008648374598212172
4.182859797467646e-5
8.661360070199359e-6
0.0002037580335777318
0.00018321448360966578
0.000882942685266256
0.0018987152952860506
0.0007186646846494615
0.0009603888878645202
0.003935922903280218
0.003972814608995969
0.0008432353628535427
0.00028112046635503433
0.0019310237445590737
0.003252877371929029
0.0019522294685108321
0.00012299318073236598
1.027301823025459e-5
0.00018643822475772605
0.000799811356286293
0.0007327480416515135
0.00011144423150934572
2.2405990087873938e-6
2.0388927929058025e-7
8.930000839780162e-6
8.592604535566661e-6
7.584579343643647e-5
0.0001826635278883184
6.396607395426799e-5
0.00016129819767751052
0.0006489267867694029
0.0006217510673403048
0.00012191318257278764
8.972146320544445e-5
0.0008270299753706615
0.0014398756637456916
0.0006326753899947912
3.4521026141621166e-5
1.1453755525328195e-5
0.00025291309076350073
0.0008460978453024478
0.000588949250991659
8.591881210806387e-5
1.7948814105474466e-6
2.669232758425969e-7
1.025571459424391e-5
6.257516707413292e-5
8.336791072593565e-5
2.224442802051889e-5
1.0922603728116623e-6
9.02510392725373e-9
