8.917879614105778e-19
3.7569406044437123e-17
3.088487700814079e-16
1.6381395746512286e-14
1.372181049250312e-13
3.8156761125368725e-12
4.577742268087811e-16
4.517028169822592e-15
4.208951009865488e-13
2.3664858600797345e-12
1.7648416134920478e-11
8.779581009591173e-14
4.695014209231963e-12
1.9950756309499002e-10
1.1660536681834838e-9
2.6397276443506623e-10
9.199802757306366e-9
2.1816336323837e-9
4.4212505003239974e-7
3.616731146621599e-7
9.925663863300483e-8
7.681925433429924e-15
1.6775632231269962e-13
5.7649788260679415e-12
7.861630134366604e-11
5.802727594692346e-10
5.607155909641586e-12
1.813294776071591e-10
8.246595736094294e-9
4.9664832969914976e-8
1.8735627666133924e-8
3.300620004703909e-8
3.456816158164326e-8
1.4165971496667305e-7
9.451480062628849e-7
5.209986951554396e-8
6.033129896426023e-11
7.907782630439066e-10
4.726489484224102e-8
4.495291547137046e-8
5.8590502607443516e-8
2.014005965323354e-7
6.138631627527737e-7
5.3543567392819e-6
2.116119603629814e-5
3.4427163517251316e-6
6.418599925808215e-9
2.117560403887588e-7
2.4340057426217766e-6
9.77900516422055e-6
9.09578549169218e-5
1.3256082242097147e-5
2.487702777525085e-7
2.6778789621995406e-6
1.5216035647594535e-7
1.8566130687261147e-8
2.513870119294418e-13
1.6523163934299693e-12
3.452347423491042e-11
2.3971753518688203e-10
1.3854820037087592e-8
4.697733260759068e-11
7.519391234878286e-10
6.912238085844309e-9
5.708408742448689e-8
1.7359018450809024e-9
4.3609630779673975e-8
1.1439490740541545e-6
5.574077329929284e-7
1.957854888892441e-5
3.995583798228829e-7
2.31943407289253e-9
2.2250115015171334e-8
4.1857886090796895e-7
7.198793766484745e-7
1.535464594000297e-7
2.7567770510379935e-6
1.8480771180461567e-5
1.849136479621341e-5
0.00044152307454118565
5.877298798348125e-5
5.363934003915296e-7
5.944117101400018e-6
0.00016480163175502287
6.690414047474574e-5
0.0029351740126917322
7.701946043437798e-5
7.061819352628969e-6
0.0003734115833893457
8.840533090496144e-6
1.4548817229938046e-7
2.8429054080984317e-8
2.457176712048298e-8
4.2601889989919623e-7
2.8903518295429985e-6
1.9089149625124356e-7
9.376772105081876e-6
0.00017350176956842868
3.7675975370526026e-5
0.0004471888140506242
3.260925394973124e-5
1.4979415949017184e-6
0.00011258475532431766
0.0006197876852403126
0.005464285081540224
0.030180177043011416
0.005447603965261051
0.0001435405206308379
0.0006232205252074773
8.30851942218121e-5
1.4677214739896868e-5
1.0499289384048786e-7
2.7241725213508536e-6
1.8520392001942614e-5
3.632938863096036e-5
0.00041919600996356994
3.152895017625042e-5
3.496130276344263e-5
0.0005100299506244384
3.692192250041437e-5
2.373446042741056e-6
3.80714811892527e-7
3.253594450291101e-6
4.544941271416976e-7
4.327683075608287e-8
8.133836969590414e-8
3.5563446942649707e-12
1.8331113006679793e-11
1.1811167303047686e-9
3.3577471849627947e-9
5.945283819775926e-7
6.410119043658591e-10
5.5712603780416545e-8
4.461672640579582e-8
1.363043223648722e-6
3.351582044175023e-8
6.709223687252645e-7
4.165459648722985e-5
2.785766168855687e-6
0.00011907958764694077
4.542564676580665e-6
1.6322472648703244e-8
4.3877761121329586e-8
1.0409825689795065e-6
1.994935029927709e-5
5.261647902864252e-7
1.7873472135711484e-5
0.0004627844637606617
0.0001969517141625046
0.003368006154809031
0.0008975701233933939
3.0974108124168266e-6
0.00016905453351028488
0.0005199091072027628
0.000564579287117874
0.03869541670524686
0.0006203815099538851
2.1722694879384955e-5
0.0004563106983669558
0.00042350854327855047
2.92732758974861e-6
8.64119792141334e-7
1.1049165971584171e-6
3.255713488740968e-5
0.00012298102048177487
1.89644486698574e-5
0.00041943699828876125
0.0027649579999009764
0.00043703601600531174
0.038657401222042746
0.0004189376328612296
0.0001337096357903284
0.0030933796883610976
0.04059928462493576
0.030848263599224525
0.5707760304058604
0.02933034546121088
0.0021321143695745143
0.03763321318916351
0.00291688819347936
9.634099987782325e-5
1.2520235649461547e-5
0.00025816962013929835
0.0025479484839409177
0.0003909614970914408
0.03943485924733478
0.0004481231238458305
0.00023780265299182298
0.0028454367778328734
0.0004169433009998729
1.844147518833309e-5
1.1213119632851349e-5
0.00011537916866377188
2.598912991650887e-5
1.161096081714011e-6
1.918240467732369e-7
2.018434111719329e-8
1.5123872779188103e-7
3.7026115674894254e-6
1.1035131275630806e-5
4.5294691453738287e-7
2.656081467627972e-5
0.0002498747875000146
2.098440468551276e-5
0.002172254473153572
1.8274013016607806e-5
6.394325368483503e-6
0.0005577506344070902
0.00047063119510644955
0.0007103117049024544
0.03889610789747761
0.0006171129258659112
1.9677398227492914e-5
0.0004900154230046056
0.0001479202377146223
2.4084718830556955e-6
2.5453665017706993e-6
5.390380845457075e-5
0.00039385354788633905
0.0005192996287716761
0.0027699569923447607
0.0001668582889490962
2.526070421745603e-5
0.00041044259429981716
1.6713742363776443e-5
6.045855101511166e-7
3.7746467403305745e-6
4.423246563879144e-5
1.2013868546634472e-6
4.0083836563443376e-8
1.7310291073353799e-9
1.4740088889715176e-7
2.006261167968498e-6
1.327918781533936e-5
4.981839521965047e-6
0.00010996250888935743
2.4860040036699313e-6
4.1805299641077003e-7
1.6244338607035967e-5
5.766319814126455e-7
3.032483082485373e-8
2.779962319300705e-7
1.3349931408092348e-6
5.363807533007555e-8
2.3209162003206657e-8
6.206195541481159e-10
3.029753575152715e-8
3.625018752783612e-7
8.626952032764783e-9
3.036893969189694e-10
1.0711736573849181e-11
2.672886042182877e-12
6.853137802986666e-12
6.6664449673443886e-12
4.999003978780418e-10
1.5037048448806563e-9
4.7136860508487314e-8
2.4554485371488774e-11
1.5635416802558252e-9
1.2877894772976715e-8
3.0851205944568757e-7
3.298389426917323e-9
4.426565718884594e-7
2.7240045842149424e-6
1.1738064493448244e-6
1.1034433691625286e-5
4.026460906057537e-7
5.547992051216835e-10
9.437771540013414e-9
7.583440971137612e-8
4.190985870739831e-7
2.6919487587270697e-8
3.6367234748550904e-6
2.2393263558769465e-5
9.385978290630734e-5
0.000319793656617104
3.7366995458591115e-5
5.390431312729296e-8
3.5622497508211974e-6
1.9987448796050975e-5
9.919351214075812e-5
0.0019040313690459915
0.00011439702850859853
1.5708909036429764e-6
1.6616776873981386e-5
7.382512537037942e-6
2.126451007826199e-7
1.1856183847936607e-8
4.36870095174301e-8
6.010812065047095e-7
3.892263532456572e-6
2.184351235525484e-7
1.5532860238485347e-5
0.0003512136087450741
3.4886901017056515e-5
0.0003848725745500062
2.963662302089732e-5
2.2302447311717376e-6
0.00010829782466425974
0.0007233458191120552
0.005194531058498138
0.028494007367249306
0.00447057726611185
0.00010816658944203795
0.0005420813342105585
6.175176071444323e-5
8.421269013207807e-6
1.5009218624112816e-7
3.990336411593289e-6
2.3189324160499063e-5
3.3089540131895144e-5
0.0004256444511248952
3.182159718296415e-5
5.047180857204057e-5
0.00014243804889356492
1.4040143329280484e-5
7.40442411213269e-6
7.9532003020761e-7
2.5263826211945944e-6
4.3436788252885543e-7
1.0426973153795504e-7
1.8711231447437425e-7
1.4704695843568104e-7
8.898624999900521e-8
1.3561615416743996e-6
2.2292389309721157e-6
8.013575879702829e-7
3.869131990576856e-5
4.720772491329051e-5
5.6601533876369315e-6
0.00033911524708631904
2.1590362397842503e-6
1.0626936091290842e-6
8.524859589266384e-6
0.0005440282527130919
0.00011446428808062067
0.002304173232884786
8.660758403720811e-5
3.4501051435728098e-6
0.0001345701447942922
5.116967224304965e-6
1.9074220870064253e-7
2.5067077866026565e-7
2.9311602211932896e-5
2.5228480545651807e-5
1.811763606406983e-5
0.0004709061871332536
9.365914695668047e-6
3.716902251782044e-6
1.8688652295095567e-5
2.9297191493852462e-6
2.349290386509532e-7
4.5668465123231416e-7
6.810458497503462e-7
4.612909780276683e-8
3.4555886306229474e-8
8.398826532231189e-9
6.710290937700784e-8
1.1142290476375766e-6
3.956927380285145e-6
6.867658925961178e-7
3.7315414773711455e-5
3.6268250553275826e-7
6.844136835843248e-8
1.1085591320840183e-6
3.2400340506237186e-7
3.109687463260536e-8
1.1300806136767827e-8
4.8410912383135264e-8
6.185768333045966e-9
2.7590620341786045e-9
9.73108992975808e-11
1.4559993289242058e-9
2.7400502042927914e-9
2.6726024604856265e-10
3.60661576944715e-11
1.3412594325841569e-12
1.1245119107046374e-13
5.135087433068114e-9
2.828892878665965e-8
8.721356768833192e-8
1.4885624197611208e-7
9.404374481380842e-9
2.791514764042074e-7
2.612154345537506e-6
1.4901591511618851e-7
1.1606080661399333e-5
8.274277522357111e-8
2.2445271409216966e-8
1.3774114048046917e-6
5.631801231951411e-6
2.095738106261558e-6
0.00010530437926788697
1.2826156604124602e-6
5.1932504787262034e-8
2.6983886234543555e-6
2.6583999440000606e-6
1.2326970421577199e-8
1.0064807462434712e-8
7.509075345900958e-7
5.419064346404287e-7
2.6960976758420836e-7
2.082341236980737e-5
1.891903377019177e-7
3.2335988674607203e-8
5.11091424583429e-7
3.2694018407422827e-7
6.165898859117646e-8
3.6698656064503384e-9
3.632731223534691e-8
3.199832091018703e-9
2.125652242489232e-8
3.386932871907972e-10
5.3126598709331576e-8
1.0708882900387782e-7
1.9747197674678578e-7
1.6658718248828978e-7
1.1403534475562007e-6
2.87435341808364e-8
2.2810969839659395e-8
4.7891445865670804e-8
1.8249210433689817e-8
7.977591376163209e-10
1.6872660563590344e-9
5.827492057392793e-8
7.37037566714185e-10
2.2199273223707743e-10
6.591195823460904e-12
4.804642881710783e-10
1.110935067739329e-9
5.3132764818271904e-11
6.074910717946452e-12
3.797616561703778e-13
1.5995159235585426e-14
5.930444604079935e-9
1.0541006388579008e-7
1.8506493032048582e-8
1.5036552892520318e-8
8.174695818931052e-7
1.515090919471078e-8
6.868041046950704e-10
1.50428891938709e-8
1.869976823158083e-9
3.6392149787859377e-11
2.46868404970196e-11
6.642938428690008e-10
4.315561862414339e-11
2.6947578782190147e-12
4.287715912925878e-14
6.355564695561955e-12
1.8949162226288693e-11
2.0269713170880027e-12
1.015004918875761e-13
2.601568598251775e-15
1.7620957994668492e-16
6.903134162370069e-12
5.787539930948894e-12
3.951588815835857e-13
9.054713917939434e-15
4.920100070571679e-16
4.0746594194573416e-17
6.765379766706883e-19
