1.2918149791840674e-8
1.4660588257026063e-6
2.242791256568168e-6
2.6699995393270695e-6
1.1184736569027899e-6
1.8301379583011095e-6
2.8254232527203734e-5
9.650577770182807e-5
0.00012132136184019955
5.8806655296188324e-5
8.727691202621618e-5
4.148935173973368e-5
0.00011321057266718244
7.140023433842098e-5
0.000124335973068922
6.097044936890472e-5
8.556106650089899e-5
0.00016895273300643896
2.1850416973434184e-5
8.260073730923999e-5
6.717616265871456e-5
0.00010535205762147767
0.0005939516469771775
0.0007610598629333671
0.00046671035529140633
0.0005986144562566872
0.0005597924697430572
0.0014770305299248775
0.0011620172083325717
0.0014614981088586334
0.0008764071883390527
0.001415182299718105
0.0019046383519973496
0.0004649171849016324
0.001270279899575875
0.0009430103429452061
0.00014235029590995262
0.0005755160109981944
0.0004904235491427632
0.0008220405801685902
0.0007206250852546019
0.001204597369069449
0.0017486099662077348
0.0005083741331509058
0.0017625744461921419
0.0013990553381708955
0.00023270226151354787
0.0007930439458746923
0.001250080263326778
0.0005094771895251762
0.001903623210333736
0.0013979644339989698
0.0001020566954518261
0.0007093768936192678
0.0009140187615549062
0.0004264062768364114
7.145544644195911e-5
0.0007422485632675435
0.0009036809608753214
0.0007848565342545991
0.000634512211158524
0.0012413713656169558
0.003066358474115181
0.0031177677169045995
0.0026659484854956923
0.0019399955449519173
0.0029699626055729278
0.003572857529454194
0.0017792190290639135
0.003407324448802313
0.0018600943637986178
0.0006916869506668072
0.002600768065842386
0.0030453382709268867
0.0038533077007289773
0.00328250020698292
0.00598419594856151
0.007149578651117082
0.0036413928022514083
0.006975270263165533
0.004596898890834618
0.0008938493154135984
0.0041315976750771755
0.005588884257027867
0.003428905184042499
0.009359010259649756
0.005472537907554179
0.0008617798834900383
0.0036129737591205995
0.003941360558026086
0.0009390328559175547
5.883280375572866e-5
0.000647271689272073
0.0007667788297138621
0.0014038034853546555
0.0014688196561099293
0.00278037482897353
0.003547609791310606
0.001364349708445862
0.004420534321159721
0.003728269779864386
0.0009681231818774444
0.00387683360902543
0.004767722701064927
0.0033048508712333097
0.010566805210731865
0.008502905350305314
0.0007825935147148274
0.004587354932657932
0.005549897457590936
0.0014030443583153368
0.00016320245920518293
0.001261036737601828
0.0017749732005656025
0.0017798384007525964
0.005231049925039541
0.003834140836722481
0.0007988282536535871
0.0037424974730477386
0.004590390545537471
0.0014224033773409244
8.640248357478559e-5
0.0007603935411357102
0.0018380208403961603
0.0009417846134976856
6.731459277017893e-5
1.025646042407296e-5
0.00021248666562160757
0.00024843450910797834
0.00031606753243385315
0.0001549137661849484
0.0007413595882405218
0.0018870371484869376
0.002369039008100068
0.0014845829966654246
0.001072530935187533
0.0024606042322704524
0.0017728353651758368
0.0016491745636773066
0.0022556575916694264
0.0007601672451984592
0.0006352057578188318
0.003320954304782909
0.003966278194563523
0.0037172966421877836
0.003922093640165402
0.007908745416420256
0.00874740036445595
0.005384674465519851
0.008236799645868743
0.0037249144954082892
0.0011815674930125359
0.004299700084769645
0.005784226511643886
0.00474596539359229
0.012268725273655546
0.004523592528806232
0.0018410697215736418
0.006506670817431761
0.0035989897524879963
0.0007175352360009836
0.0001450312956120479
0.001742263231461846
0.0021620840506060353
0.002340218628784814
0.003859810629047887
0.007470225536319667
0.009911721326250471
0.0032370446150486146
0.009194922674366128
0.005240688485050779
0.00264091142910813
0.010834244911982637
0.011555366739358171
0.008987034054505948
0.04888827243593512
0.010490190158021627
0.0023213905679403055
0.012312737413077372
0.009291796734953207
0.0019204600070890953
0.00040047450944617584
0.0036883040117291913
0.002943621756407787
0.005261556361332882
0.009366689661238914
0.004394442724705237
0.002703058124312193
0.008295966106042085
0.006660859939598359
0.0017358752542250067
0.00033597457034152136
0.002250833504514867
0.0033732853555614585
0.0012621946981117079
8.144033803816481e-5
9.156772089831583e-6
0.00019989855291314827
0.0002877679888892415
0.00034885538414048404
0.000775232643998508
0.0024992478914725017
0.0036525523576097433
0.0012984720052406178
0.002866933707524818
0.0017334319378116457
0.0009074609247388341
0.004525919064912866
0.007430380793707538
0.003876820419140633
0.011691055178042404
0.004711680869031302
0.0011416439220251077
0.0059932332004845965
0.005638653985988046
0.0012894196460962338
0.0002962718484598093
0.0022480287836699545
0.003738534319724963
0.004028006701038882
0.009842021317351813
0.003604074346545514
0.00229156049824604
0.008778170121959616
0.007232359311566098
0.0017942420329149105
0.0002762006559097249
0.001791262387642214
0.003530102464718164
0.001918332796090978
0.00017160026600553617
1.6083967744859964e-5
0.0002720415233897989
0.0003499451446498522
0.001103409982038993
0.002398707848738934
0.001437329296186576
0.001004867102095631
0.003733997405451423
0.003977044752000364
0.0008453655165573873
0.0002140296520059382
0.0014856944939414304
0.0026372238457045604
0.0014904451639208155
0.00012504240280865672
9.632891645721968e-6
0.00015644782840192623
0.0006379778754078084
0.0005901513011443902
8.584919344771829e-5
1.8205310690046283e-6
3.266318847615586e-7
1.3607091970414183e-5
1.4425178226631705e-5
1.752773254028174e-5
9.91249872513296e-6
0.00010266648695078488
0.00026949145365627857
0.0003154468150149121
0.00021867080344982085
0.00017607972605936757
0.0005138057400039705
0.00027646870884802085
0.00023858208497688402
0.00034337307488695027
8.662801070371806e-5
0.00019242560569063117
0.0009646009954316144
0.0010290442791776326
0.0009882738078675825
0.0015092191833491443
0.0038698548790760076
0.0023052904056948195
0.001979227439882081
0.002683932992575444
0.00079545084706953
0.0004199826795709508
0.0017029067142856338
0.0011359790491217697
0.002124101949400667
0.002365527635268595
0.0007896308590750489
0.0006036708035127683
0.0018455658972548828
0.0008500556734107175
0.00010227571838297273
9.046341722303438e-5
0.0008339213666341126
0.0008954084701534991
0.0010804856594573125
0.0020132748420635268
0.005394073677258226
0.00404671531096725
0.0030853240872661895
0.005257579555966028
0.0017911201716938549
0.0009369713491631771
0.004239562367517673
0.003968799138331305
0.006021580321699111
0.009014146390186207
0.0033199056496368467
0.002147169549158924
0.004761458684439232
0.003417082352533428
0.0005077249302225823
0.00015789344391741012
0.0020208634577131603
0.0012979454447200436
0.0031067141955318026
0.003236828200771602
0.001379563816153092
0.00200024783599569
0.005397398262215397
0.0036792548998776002
0.0005155757782059336
0.000238265215999633
0.0016216652025188094
0.001740140085209785
0.0004587830762791646
2.108320359538134e-5
1.0269770874959202e-5
0.0001931572515338537
0.00026210759380953223
0.00025981803181835013
0.0007835598356222001
0.002328581085531952
0.0022168033311841424
0.0019342815752775478
0.0036769493919979633
0.001259827813024438
0.0008184802168118278
0.003761422160350717
0.004519497975387306
0.004174166817966267
0.010942173959333296
0.003869069327427254
0.0016525094341520625
0.004282831486472434
0.004112336276532616
0.000782786108246494
0.0002775356699940106
0.0023538050640269912
0.0025414835165286933
0.005360612455525781
0.0075192546999016145
0.0027590807360810734
0.003793490101710475
0.008025265247310004
0.006132588835841917
0.0012191166659451063
0.0004985943998237767
0.0023758689205403347
0.0028749180615860637
0.0013837519852097021
8.368820374993714e-5
1.5843385211405773e-5
0.00025849970331936773
0.0002941564984328623
0.0008964511538560192
0.0021790987778753023
0.0007950619991535006
0.0010228832711457279
0.004059887745179599
0.00312622813859241
0.0004826198622558828
0.00031986862776601697
0.0024074989868509505
0.0031637281224972894
0.0011798856053929158
7.252312949443228e-5
1.7598017907436093e-5
0.00031948743664813055
0.0007847716215858268
0.00045829061332394033
5.631513886291353e-5
1.0585615926961983e-6
2.4270290332990146e-7
9.480693607802694e-6
1.5817636819304925e-5
1.520909382318604e-5
7.803296342327143e-5
0.000274216571242871
0.0002884831947785533
0.0001527275165554433
0.0004072697414366915
0.00016082328384951064
0.0001580599485580871
0.000827220061109026
0.0009034098750388618
0.0009424195288857864
0.0026487095480402377
0.0009798168877394077
0.00041316129524684715
0.001180667416250597
0.0009080476946671333
0.00023091582086978105
7.8102384757753e-5
0.0007809767035149106
0.000775146266773267
0.002020545806920194
0.0038376713566877748
0.0014734760245079762
0.0015123403832302078
0.003914227729977952
0.0032849707334923904
0.0006978023638485833
0.00017357589930517913
0.0010847151379271972
0.0019363514266032575
0.0008675889912161309
5.974143268063413e-5
9.435763617577659e-6
0.00019413458898759358
0.0002055665991326061
0.0008353681463668353
0.0017653263726560957
0.0006637810228695317
0.000964276393652383
0.0032308416823424555
0.00254293861749522
0.0005638385023174383
0.00027750076032456044
0.0018871380901512422
0.0029949086021541066
0.0014493214757058778
0.0001097267359436989
1.457423149985903e-5
0.0002443114206910237
0.0008655605361143334
0.0007390988250337869
0.00011667071309384852
2.5258810161162006e-6
2.442062742288271e-7
1.035026364147667e-5
9.453386975088833e-6
8.952837806389466e-5
0.00014634324817900795
6.022109592698532e-5
0.0001899238284706263
0.0006370705669757364
0.0006955613455107611
0.00013916038164073918
0.00010176000765897415
0.0007335162629785562
0.0012415053035366096
0.0005339313097122335
3.878787702205938e-5
1.336828560539931e-5
0.0002084672274484877
0.0007460139529265374
0.0005931803389859897
9.4122024010827e-5
2.1899529981260205e-6
3.1855166356791553e-7
1.002302458638965e-5
7.064917216462607e-5
0.00010509644659270222
2.8107632829226705e-5
1.447642076926708e-6
1.267254925751877e-8
