9.734696660912796e-9
1.1925886580214661e-6
1.7846957505664464e-6
2.464357259601224e-6
1.1653782184316783e-6
2.5439116996339462e-6
2.48065668110089e-5
7.581784060672862e-5
0.00011495534230239253
6.416233342714219e-5
0.00010535570843724696
3.641848918932151e-5
9.468529420899991e-5
6.005137438217067e-5
0.00011644624185614633
5.753012861873647e-5
7.618446833641338e-5
0.00012128569038910037
2.0989819983176535e-5
8.941378351652181e-5
5.3281492867319745e-5
9.750653716016955e-5
0.0005208081585521561
0.0007253831925138472
0.0005352841722036648
0.0005734199756604266
0.0005684022715738981
0.001355533007068233
0.0009434619126969983
0.001403600612169283
0.0010111889571283686
0.0012749048368260755
0.0014064132462379027
0.0005513784070055113
0.0014464891115953693
0.0007954043494410253
0.00012004540513708651
0.0006418211560201731
0.0004769972542636061
0.0008407377985780735
0.0007529862380236074
0.0011025734513544635
0.0018113249008263623
0.00039809694492744387
0.0015531355970151979
0.0013337900990517254
0.00023566242455966263
0.0006395963254663797
0.001101609742029435
0.00046765129340513767
0.0016593463753631547
0.001281833803553299
0.00011520023779291156
0.0006239335212812134
0.0008459704243143309
0.0003126502515312245
7.632030288280697e-5
0.0008304985277141265
0.0009027535826518474
0.0008313625893252592
0.0007127188816967807
0.0015532141118890972
0.003303286430363633
0.0026713678222649124
0.002628713696831974
0.0023340256530266046
0.004320761639308018
0.0035173737050289634
0.002333611265543891
0.0032209663796592815
0.001397510636028048
0.0006103018811845932
0.002572731600273249
0.0028504398613782046
0.003552278240292978
0.003491973925628928
0.0065639029408683
0.00832380016957745
0.002988667308992842
0.006825677628354061
0.00532792069089158
0.001082218513597167
0.0038562260790398722
0.005263207595674137
0.003147402885022883
0.008290539306067851
0.0071601927455865
0.0008643514734169919
0.003659518019673546
0.004198201665250085
0.0008087126617645185
6.484157594215065e-5
0.0006870774652917826
0.0007280987890465311
0.001005815667073738
0.0015545006003471935
0.0027767854488431865
0.0048348634922184535
0.001478162368517212
0.0034358552298604504
0.004226914513985178
0.000726110139865969
0.0032865740518600237
0.004212083489709593
0.00298107185902524
0.010139142211723663
0.01666853599153885
0.0008581729058691985
0.0040769105739953985
0.007349016818509881
0.0013051839159261044
0.00012183069077646198
0.001224687075894835
0.0013268154521416293
0.0018309352356362081
0.004631822263376272
0.0041544157715774225
0.000954939527248187
0.003761753359625992
0.005226612856174609
0.0012561935319092285
7.503641977361796e-5
0.0006675638724994979
0.0013668223482135769
0.0008008753821633361
5.470712399491761e-5
1.3055909363393144e-5
0.0002760461625806
0.00026328301840166654
0.0003316677935412789
0.00019705182835327007
0.000921715951669863
0.00219189186603678
0.002117056321033614
0.0016248564006373096
0.0013382548099670803
0.002866158416193946
0.0016458792040673622
0.001847780752816338
0.0015272833467026663
0.0006713448761339409
0.0007411573212898263
0.003251922662178113
0.003968759276263055
0.003075377733778203
0.005380810918628656
0.008181594565721333
0.007931368890729651
0.00488449138375588
0.0069876717632898116
0.003806852990352038
0.0014279343470292281
0.0056972890728257545
0.0061870205719342045
0.005334518746732757
0.01279052964984034
0.003937029823029358
0.0013952938095801793
0.005079112177303013
0.003750831465606934
0.0006297957925841481
0.00016692686370417358
0.0015174187343162196
0.0016581399055364085
0.0017507932757899506
0.003378315622886272
0.006456977740604684
0.00891031762395794
0.003952502041439248
0.011116942747180697
0.004631402769229199
0.0020808823483920436
0.010088921101770669
0.011343728798433067
0.012378379417939662
0.05186573271143436
0.010116044585833586
0.0027996547948011424
0.012389592230625085
0.00841168349465718
0.0016292506202334424
0.00033737896048539087
0.00345045465523829
0.002568478153275602
0.005367190637251258
0.010559558524298929
0.0034174855989726775
0.002965705485697666
0.006925591596623061
0.006746666948368807
0.0015478002412363293
0.0002664311141248003
0.001506500458905239
0.0032708010305141813
0.0014248942206175246
8.667386186188866e-5
8.93394277648405e-6
0.00016752256678575808
0.00021188412572887752
0.0003201215005798797
0.0006848147393510428
0.0017948943604316093
0.0032656301536336785
0.0010254765446598034
0.002624934886179863
0.0013495628776347198
0.0008142823285586416
0.004064260809215855
0.0060234895249431045
0.0038273073066738177
0.011129797455511157
0.004182922195918316
0.0008921854131338072
0.006084127381283793
0.005330173098625568
0.0011218156397501036
0.0002204818646703184
0.0023093741991374196
0.0031794083052540533
0.004287190129589056
0.008700039353720896
0.004693064953601028
0.0021820823246401907
0.00791295684754705
0.008257466294976899
0.001816922778888208
0.00020595128968635594
0.0016279800095923972
0.0035916676955586964
0.001463504356037678
0.00012785425998914702
1.4896466463547424e-5
0.00029506008887688863
0.0003149035866370712
0.0008849711274915348
0.001816947624420044
0.0009769191469305234
0.0008081898384422332
0.003040625428455595
0.003405212662795331
0.0008338335385209504
0.00019010846405292573
0.001613966987241282
0.002610120177182064
0.001367539260399404
0.00011226499781835737
8.985854502359751e-6
0.00019758975308445647
0.0007145190041362557
0.0005756868726686022
0.00010449706275504721
2.5152889134954272e-6
3.7472427456216185e-7
1.4121108175788698e-5
1.443871881205243e-5
1.8457740689531268e-5
8.903616256025305e-6
9.856111591772181e-5
0.0002955021229882189
0.0003507768800122054
0.0001919693944099893
0.00014532477398263897
0.00044668208324835347
0.00021528125661362258
0.0002463468172847602
0.00026611037281786914
7.750788234495645e-5
0.00017365971139092628
0.0009483805603634482
0.0012747262735607727
0.0008174073933736777
0.001093252542732178
0.003480004588534675
0.002175582041587559
0.001946468551208747
0.002982545141873247
0.0009611897045393057
0.0002672608261241559
0.001631838465934776
0.0008631312635131739
0.0017950666160575649
0.0028173632941567443
0.0008397325274141062
0.00039431269001733826
0.0013500687077862567
0.0008861400343723145
0.00011542402908892932
8.469998132329587e-5
0.0008209206224083364
0.0009402933948991699
0.0008842860454992848
0.0016680407489989505
0.0054338874742082535
0.004320068630802765
0.0029537131858193987
0.005518444546943952
0.0018693412055695987
0.0008592091750669496
0.004391415398693816
0.0038603599999314083
0.006047754369797682
0.012350296776412247
0.0030353876659129663
0.0018025370492340907
0.0054669953324139
0.0032474548790269093
0.0004547648824894962
0.00014847389543841126
0.0012976275815587634
0.0010209161094024142
0.0029591137482872557
0.003875909669341193
0.0014833853990122467
0.0019208608056831052
0.004944824140033161
0.003057170909552906
0.00039665927707019323
0.0002412183867248871
0.001833549720997018
0.0023259115936562396
0.0005535590523424649
2.0801445116738006e-5
1.1051497400340281e-5
0.00020980481461150438
0.0002586283814357539
0.0002971764196887123
0.0007621898138904748
0.0024714964902713375
0.0023594390352018766
0.0013000346658233837
0.0035152666888634897
0.0012366502814943096
0.0008420629862150222
0.004264472988679227
0.004121281591438818
0.004431241562230121
0.01040361197911379
0.0033533091554049962
0.0016613100600973534
0.0058751001211565235
0.003913180568989819
0.0006345868254809023
0.0002352760324890771
0.002498354113194931
0.0018066700201914707
0.0053867919154748575
0.006275841851703559
0.0028233718480895524
0.003565645182390749
0.00820617326517748
0.006595342279590061
0.0011256829788946683
0.0004413048035374508
0.0029032471508978
0.004426737676427163
0.0012928848524166462
7.76479884032026e-5
1.2434078754651131e-5
0.0002530982466044302
0.00020833080216687847
0.000914068933816117
0.0016478812792205986
0.0007357613838724308
0.0012512358867771969
0.004034630814530013
0.0028619261488644354
0.00047582802063825686
0.00034844037501740677
0.002184976991822436
0.002649715017796243
0.0009313970727096003
5.9075601936640065e-5
1.8824307439459234e-5
0.00033501973192049935
0.0008492206536796287
0.0005524147785857757
6.494011899616708e-5
1.1655400108908023e-6
2.787267161493294e-7
1.0067480172055729e-5
1.2481762403900096e-5
1.525581465878427e-5
7.321163457120796e-5
0.00023799048930123645
0.00022227528226679554
0.00014778521458481573
0.00035342755174259927
0.00012581200077474357
0.00015296618068752515
0.0008466524431642473
0.0008188488531105203
0.0008959404258133572
0.0021418278094558737
0.0007442141681191513
0.0002723100249357917
0.0014842493683144503
0.0010909631820062759
0.0002499959719775923
7.493712499337293e-5
0.0007666712709445683
0.000681386874864663
0.001737125444335279
0.003360276421106539
0.0015792656058246654
0.0011034699351211562
0.005511586810890732
0.0035175792501842286
0.0007788094539785175
0.0001436748727532677
0.0013470407393609903
0.0022908184946440436
0.0010130981757212278
5.879453369427407e-5
9.842245111282857e-6
0.00020522135858103534
0.00016050937468216762
0.0008163739928720155
0.0015032129477021787
0.0006967989284064645
0.0009128436773211064
0.0033149660358289083
0.002665986562348657
0.0006462208120096339
0.00028099370758936915
0.002239498319520067
0.0033909289912494676
0.0013501994348799073
9.345772227625063e-5
1.4171658947652791e-5
0.00026367071086337953
0.0009270206743829134
0.0007516804042487943
0.00011694900158580907
2.4973479867214044e-6
2.7021948878301006e-7
1.099418240710371e-5
8.50721531211339e-6
8.56694180612322e-5
0.00017192957828721775
6.25609558755598e-5
0.00017098149816213552
0.000769054694627297
0.0006320155478258117
0.00012139423438215921
9.585717502516092e-5
0.0009254412488472799
0.0015876979947340797
0.0005802344543775044
3.522882226770402e-5
1.364066319658283e-5
0.0002725462462681384
0.0008371935002540227
0.0005244652567703453
7.443869622392673e-5
1.7318525475056526e-6
3.6768758278780845e-7
1.296717024029757e-5
7.615187101340834e-5
9.6413656127597e-5
2.4283951145267285e-5
1.1560147178185686e-6
9.352839546654688e-9
