1.824051838485833e-21
1.1365702052362938e-19
5.476619083107797e-19
8.57577542942978e-17
1.209812750649827e-14
1.4206346265186532e-13
6.781780195272057e-19
9.157806084274994e-18
1.402232859283126e-15
1.7280405536987403e-14
6.969208238961937e-14
2.659950696180086e-16
1.0316515302334199e-13
9.192621515379728e-13
2.928801558985719e-12
2.6355184404408823e-12
9.773074450276728e-11
6.93556454349546e-11
3.1162523457589492e-9
1.0628372734882695e-8
1.4626214412400147e-9
2.4134479327281867e-17
4.52654160555999e-16
2.6877241611685153e-14
3.8474120043595445e-13
3.0657658701207946e-12
1.7731276353849385e-14
3.3396916299828173e-12
5.100203498775784e-11
1.179338871152665e-10
1.4057050121286775e-10
2.546289571773974e-9
4.9636660665577265e-9
1.3890078102625576e-8
1.9477653537837153e-7
7.344402701555878e-9
3.930221771436359e-13
1.287732754115469e-11
3.1567484746720316e-10
1.619171235894936e-9
8.926185264656133e-10
3.863120544026055e-8
8.334854822818287e-8
6.015907991860953e-7
3.139373243151179e-6
2.492100615011871e-7
4.0752298478259694e-10
5.096623274239033e-8
7.818088220299534e-7
5.044796637357372e-6
4.413892163290159e-5
4.394008970394106e-6
6.725557646562895e-8
1.7610714981887932e-6
3.7958450518202984e-8
3.374332439542618e-9
2.0688907380235617e-15
5.344146595360909e-15
1.795243790612364e-13
3.85707662080917e-12
3.191380889122519e-10
3.7800906011880827e-13
6.60875415208588e-12
2.731949033864399e-10
6.003323187025615e-9
9.049809518743682e-11
4.59912473065316e-9
1.6678434180460646e-7
8.225661501765608e-8
5.845393354883834e-6
9.5289633124571e-8
3.268355595761124e-11
6.396200954701766e-10
2.225681306236465e-8
8.815272890768286e-8
1.1438128932716693e-8
3.296246493874809e-7
5.024692675960953e-6
3.703027570472741e-6
0.00013447297794376946
8.97939210344444e-6
3.6343038133918776e-8
1.5910633183101596e-6
9.24683356394363e-5
3.353027363088266e-5
0.0021616028722818673
3.912893040287192e-5
4.845962910367808e-6
0.0004212623728060612
4.285491407077157e-6
4.1478848445924646e-8
6.186805887485961e-10
3.972280697524905e-9
4.080832876952547e-8
7.417645392817299e-7
4.832541354782776e-8
3.0921599536470566e-6
8.533314068577125e-5
2.2143283271926116e-5
0.00022459045787555704
1.5031491269843249e-5
4.116825798512882e-7
4.875888272478345e-5
0.000352720082885146
0.004329596479063001
0.026952616696115102
0.003960928606895749
6.334784351070889e-5
0.0003583868511753716
3.7961100948726535e-5
5.27981890100938e-6
1.4423573566737126e-8
8.855414334560406e-7
6.8913374983968195e-6
1.1749041540007667e-5
0.0002332230748918038
1.4611743211270565e-5
1.0978198653813237e-5
0.00036902541619609244
1.3313520443034896e-5
3.3449034395814207e-7
8.66359985364828e-8
1.5098178061371102e-6
1.0098568587312279e-7
8.4673294871489e-9
2.7647919866825085e-9
1.0382402696407115e-13
1.378830099762778e-13
5.83085023470039e-12
1.0453201999886868e-10
2.0900650406625383e-8
2.94447642239267e-12
1.237798574190972e-10
4.2576367835954194e-9
2.5373319520769156e-7
1.8400580689237256e-9
9.068566124659035e-8
4.418460076279062e-6
8.247926176388253e-7
5.56641112044791e-5
1.1495267256688687e-6
2.809731296489773e-10
5.807442226558074e-9
1.3710220794414222e-7
6.502404906331447e-6
1.2273607228538056e-7
4.76236901760762e-6
0.0001949728897509461
8.005318847082898e-5
0.0019284330461209545
0.00023231574870056693
8.604537226397069e-7
7.785303700304615e-5
0.0002816664184009765
0.0003155078355504792
0.03362821959064672
0.0003607408775303301
6.529808305453702e-6
0.00023849259961523152
0.00023354363312485466
1.3810493087522387e-6
1.778089399829929e-8
2.0793221247419934e-7
5.490623939439885e-6
5.3518633094662406e-5
6.355423994756511e-6
0.00021584971922748055
0.0020084015848244275
0.0002616204331490042
0.033655669182411224
0.00021799133543714993
5.4787699315684946e-5
0.0017586989832021347
0.03253304237791179
0.02607613299198371
0.6403945585699152
0.027837670984458357
0.0014226449476093576
0.03233721553294995
0.00215300615866982
5.123369187949644e-5
2.9179997726921838e-6
0.000159516674580897
0.0014360606477247014
0.0002365538635915716
0.03628330196420025
0.00024491129283580243
7.918022323346628e-5
0.0021428881705168067
0.00015621792512672214
3.3257892490670717e-6
2.5485772011200214e-6
5.147229895520258e-5
4.733956901645588e-6
1.7688827614945516e-7
1.366457031988107e-8
9.847853312385054e-8
9.772242538843111e-8
1.4230736066300857e-6
2.72003384565101e-6
1.3360336072092982e-7
8.002747843007798e-6
0.00013001144356763426
8.477179510269932e-6
0.0016073544567035164
7.572051231350779e-6
1.2951740443836527e-6
0.00016541629025489202
0.00023635331015088291
0.0003622218621105234
0.03411236288818294
0.00036200415371640394
8.979969627962277e-6
0.00028191628155791663
8.839731485074007e-5
7.835192297468462e-7
4.72032031146634e-7
1.5971727983657802e-5
0.00013911022195860033
0.00021188314582980134
0.002032895369808856
8.777356753438819e-5
7.978300439223066e-6
0.00018808346208141352
5.011474326781393e-6
8.086808960142269e-8
1.142501427261469e-6
4.447086846004106e-6
1.5009657557669486e-7
4.046102215001435e-9
9.602428860606575e-11
1.3796791601980938e-8
4.914958522055438e-7
2.9899827683322062e-6
1.6989545922066097e-6
5.4474435179001335e-5
8.329235002438411e-7
1.1159086110617423e-7
6.558306167481132e-6
1.0807926259115639e-7
1.8753624438523176e-9
5.788450339535828e-8
2.0272965272047455e-7
5.510228562105231e-9
1.3338609302936274e-10
4.686386495001149e-12
1.625365998553989e-8
2.7000113454411163e-8
4.209873305268106e-10
3.889643257654245e-12
1.0494946028728935e-13
1.256195187663445e-13
1.9843945676461592e-13
2.8424688332566454e-13
9.484952984072756e-11
2.0891289120482796e-10
1.1588531926725746e-8
3.6498210908268054e-12
1.4769956350712655e-10
1.8866494081521504e-9
3.461130066313272e-8
1.895932138297561e-9
1.5487461911718779e-7
9.235079055050723e-7
2.640425150168521e-7
2.3133934127727867e-6
7.869805447531156e-8
2.020977861317626e-10
1.0021788058076315e-9
1.1286109831211099e-8
9.172491019046318e-8
6.037428690503593e-9
1.766060740391438e-6
8.187771546641883e-6
3.4904923026403475e-5
7.386578884071226e-5
8.128122501226149e-6
8.819498750451345e-9
1.0762488387950684e-6
6.707400842406787e-6
4.456430629938567e-5
0.0011431775805714067
6.0189583787311416e-5
4.429632872124461e-7
5.599075710184694e-6
3.1876023504269576e-6
6.48331652127183e-8
5.816382505027975e-10
1.737293714231262e-8
8.91718023728946e-8
1.9784015584922535e-6
5.75354644051181e-8
5.069449395565049e-6
0.00024383627876385715
1.4808061387534112e-5
0.00021891830544482882
1.1277785899065586e-5
5.595498018822141e-7
4.899283318196876e-5
0.00036462674264073396
0.003836230984290476
0.025715025272743906
0.004478092176117049
4.7765264804730987e-5
0.00030977270394682866
3.248378288390293e-5
5.778259595534749e-6
1.8375858772102457e-8
8.455823288265935e-7
8.95921063953144e-6
1.5497433315006812e-5
0.000260825879268994
2.413414184457382e-5
3.1799100579540334e-5
0.00010738023269261122
4.649825644297258e-6
5.025050258624972e-7
2.581584427108942e-7
8.699487391810312e-7
8.342026882789041e-8
1.2471938786633816e-8
3.113097968376688e-9
1.8023589806467946e-9
5.080859453862613e-9
1.3443705083162438e-7
3.346740818753454e-7
4.139629497313929e-8
2.055753182255496e-6
1.6243550580264537e-5
7.767333232708563e-7
0.0001230179685303416
9.37760099558015e-7
1.6261087084158986e-7
1.8101813915864898e-6
0.00020502620724601752
5.022099881214023e-5
0.0022513561268187455
5.197131330034116e-5
1.1991131418515767e-6
9.099261289885459e-5
1.8614965034352165e-6
5.519921599174124e-8
3.04389056635503e-8
1.5192802361290333e-6
8.097130271569254e-6
4.289526950430845e-6
0.00016422467081646578
2.7758355893642415e-6
9.16870979202274e-7
5.4265409562009725e-6
2.979649534583326e-7
2.9584425233494375e-8
6.93393674742364e-8
9.598567860218984e-8
4.838128851825065e-9
1.885599004616801e-9
8.06400765002347e-11
2.1683983684366568e-8
1.3951576798627057e-7
9.718955080561913e-7
7.782932729280171e-8
4.837136617248964e-6
4.25450610740214e-8
8.68469391108822e-9
1.348917913079074e-7
1.7475943557544537e-8
2.364617838150795e-10
4.886186758946019e-9
5.244696573041159e-9
2.8287238381167135e-10
3.741976661245177e-11
8.299981110390342e-13
3.0982752888328396e-10
1.1976779951873162e-10
4.548439670171246e-12
6.863651587938209e-13
2.6997877015384642e-14
1.5108057469059412e-14
2.1304161649387366e-10
2.2009436042956277e-10
8.487127768583935e-9
1.3675359703554887e-8
5.479986167268483e-10
2.7613181111290926e-8
7.056687848115589e-7
2.5025004339665564e-8
3.277484113889525e-6
1.5785807001882535e-8
3.035034730187e-9
2.024243215784257e-7
1.4309757046667853e-6
5.47978986057831e-7
5.42893168694476e-5
3.9956537222995385e-7
8.712682351034837e-9
8.107504291861987e-7
3.810859955669189e-8
4.4885372666477306e-10
4.663257003336721e-10
3.803633670155886e-8
1.163557403936273e-7
4.065785608334571e-8
5.232757244505572e-6
3.966725803750164e-8
3.77801563208488e-9
1.0180712840782093e-7
1.0271746481760159e-8
6.314511089453972e-10
1.0553454407548245e-9
1.8268330473818076e-9
8.437669929309931e-11
7.923384891968429e-11
2.1084448957812786e-12
2.431260524072457e-10
5.5795207989578455e-9
9.765098519785572e-8
1.1161189846332584e-8
1.961986532993017e-7
3.807510664613052e-9
5.897538098183703e-10
5.5637048175899804e-9
5.5814351444872e-10
8.698578561555379e-12
1.6428246969096746e-10
1.23742713528897e-10
6.148612255936173e-12
2.1037923179922527e-12
4.9883581075889527e-14
1.5424801745391828e-10
7.017377689853799e-12
1.7858876657693468e-13
2.1485393853358966e-14
1.2620136136247606e-15
1.122872565198562e-16
2.2618422384398983e-10
1.9055300615138398e-9
7.660678182707899e-8
3.3249288157445854e-10
1.9171765627224055e-8
9.497624238469288e-10
1.2386767343221568e-10
2.908228252586693e-10
3.5036885818559504e-11
3.2293420157226503e-13
2.729618473510385e-12
2.871978703306376e-12
3.460690463061026e-13
1.5343646453677498e-14
2.0181000160104283e-16
3.3418544538846375e-13
9.257255625870889e-14
4.284747234198442e-15
4.607189268600771e-16
1.1336116886941765e-17
6.020360161716688e-19
2.4086721271953317e-13
1.0702619626157558e-13
2.0912473576026268e-15
2.409581542718211e-17
5.411347917026403e-19
9.64734644795967e-20
1.5703455185919223e-21
