1.4740736209449034e-8
1.2578709332297329e-6
2.5099259295105968e-6
3.918264976215791e-6
1.2999973296125778e-6
3.2386335300331208e-6
1.8469027563427746e-5
7.907429482742274e-5
0.00013386631465907268
6.424075039052604e-5
0.00010823706141154291
4.5789111286420215e-5
0.00012563837646557987
7.410239817202785e-5
0.0001782175780441245
9.817580937381972e-5
9.60979341321787e-5
0.0002208307076308886
2.143979406422469e-5
0.00012017554648828278
0.0001252866131360641
6.828515043292243e-5
0.0003888389809160826
0.0007159473456242015
0.0005994765869040321
0.0005332859327275509
0.00044905027190853865
0.0012654005179626024
0.0010642208167412365
0.0018210392281888374
0.000908851937565088
0.0013885618259802922
0.0021795808315585486
0.0004322171792239602
0.0013666681477107004
0.0011913443378144227
0.00016479703041756154
0.0006654251886631949
0.0005373754934174199
0.0014652594113127972
0.000855510060739986
0.0012778798737999608
0.003263835602511629
0.0004747283720540807
0.0024787847473409347
0.0016159724654833982
0.00037505625480137214
0.0009815549026316397
0.0025576074492830968
0.0005381694687497596
0.0022965013390869897
0.0018119510781409495
0.00010822141345875712
0.0007225709498658822
0.0012461154177543694
0.0004838096430642997
6.567448067715954e-5
0.0005922317303452518
0.0011267551504314062
0.0011984270270852593
0.0006166342710065665
0.0009253139610097591
0.002986735074764805
0.003098940202193504
0.003016958506718828
0.0021774075565437058
0.003831504881059476
0.003970437849485461
0.0017133035038353537
0.002918604552320738
0.0015514452521184841
0.000671120598709626
0.0026236168912475875
0.0029646221731510405
0.004671964172123837
0.003260570371017795
0.005609026367541636
0.008284169755885716
0.0030027053066733894
0.00779728790650809
0.004202095191512172
0.0016619307257531824
0.005672033621754684
0.008118566781420498
0.0037353602541972853
0.008033053227770705
0.004739688608444328
0.0011279233374595886
0.003590006502088474
0.004448527366855112
0.0012781153607469447
0.00010697933556026465
0.0008142400963300989
0.0009140408063744153
0.0013331849802678518
0.0017831468994955553
0.0030180645985684366
0.0046841687004745775
0.0017468167099526529
0.005029389870943324
0.0037875812050965235
0.0011772455247217894
0.0033687613237645556
0.007021910126591601
0.0024599100103569315
0.010034981381943751
0.009071422446110445
0.0009717904411624158
0.003940365875334844
0.004692845624902888
0.0018206876827443863
0.00030023214560753915
0.001626562362430101
0.0029097182499810475
0.0020582569180429525
0.005099062405649834
0.0037574400161453406
0.0008906651494422803
0.003355312464163676
0.0042562228058209695
0.00159802831338533
0.00012789012724267004
0.0007402587918004484
0.0015681236794347884
0.0011956022037198093
0.0001218319203406071
1.3888537832681706e-5
0.00026045307293143325
0.0003615911295381243
0.00043308382900772056
0.0001756249201517701
0.0007563016435564869
0.0020629714814273353
0.002296123357812433
0.0013832863948505642
0.001609798944130288
0.0035904825832603093
0.0024286059422704773
0.0018253047808255893
0.001981223715700684
0.0007270144615470733
0.0006061950802389207
0.002891769709942692
0.004397228385785457
0.0033676912668741906
0.004198049080414904
0.007740324014827048
0.007455733399075027
0.004694265590460204
0.007757839801378857
0.0034030989589285926
0.001422429672169543
0.004766936437309094
0.005771292261161297
0.005545697521213172
0.010128761837640178
0.004047609752443555
0.0019759930798702524
0.006707462196276143
0.003527184806645266
0.0007259245829445302
0.00018277030092589497
0.0013493451517336483
0.002481561106365172
0.002359963445525314
0.0032714098262135003
0.007253664961823924
0.007389543341418118
0.004431480688218348
0.008034745495480307
0.00508910354289116
0.0020305826332658325
0.00698215051163273
0.00875664088751048
0.008267629530161387
0.03298425707215074
0.009973426985806716
0.002960326347640906
0.010004911514072448
0.007865441838044102
0.002235908251169881
0.0005578853988462896
0.0033290967907600062
0.0038709309093765054
0.005485530003886641
0.00817556659319316
0.005175355797310431
0.0024543348214135998
0.007802878442765636
0.007947067241194873
0.0024639638243762877
0.0003868618564972198
0.0019856359105747796
0.0029639436840770937
0.001400650208542092
0.00012157235284941576
1.4877140057848098e-5
0.00021768396475038807
0.00034317446186106796
0.0005531510584888836
0.0007547000442014422
0.0020964478317552753
0.003237635909808117
0.0014447863905327073
0.0038135913277685396
0.00288806545852947
0.0008896057159987744
0.0027468327362126727
0.00447505396299527
0.0035295400838268576
0.008982420530088015
0.006975980691561275
0.0012811373827064626
0.005799557969804161
0.00786421829298711
0.0025083635461025586
0.0003561283759191717
0.0020165922173713347
0.003260936943185143
0.0035828609319870515
0.007322378694588381
0.004706730652948778
0.0021955380401053855
0.0074153133168782135
0.00816330904788981
0.0032637911280801735
0.00037107213410409075
0.0023504810756686265
0.003926298200549774
0.0021583392646659146
0.00021316124849028923
2.7778253952110697e-5
0.0003970463472328603
0.0005563827925282731
0.0010673608332310651
0.002399365075128367
0.0013713640669551523
0.0008349371110776229
0.003365776290361505
0.004782051761037387
0.0015364983964097924
0.0002477709692937886
0.0013968941747409195
0.003083160739585528
0.0018399050835399325
0.00017875027757661502
1.5120289714971354e-5
0.00017416987123280382
0.0005918568092862643
0.0005059876100097266
0.0001024721016609546
3.0883171489641476e-6
5.012232243460583e-7
1.954730507764857e-5
2.729490400395532e-5
4.09148266355474e-5
1.4859794577142089e-5
0.00013711911418273006
0.00042606256216431125
0.0006278639155130961
0.0002451092006174906
0.0003075017863464318
0.0007478158128023203
0.0003716330401581373
0.000522065225315213
0.0003857262691429365
0.00012785162445745754
0.00021536116748394787
0.0010274107689803515
0.002115520979882656
0.0008275985825758451
0.0015707631356534088
0.003140400967900439
0.002198208292756162
0.002755049570889636
0.002434293840795923
0.0009029463964830375
0.0004960077424486401
0.0025380694339790606
0.001292878848474483
0.004215335936589522
0.0030750237076375593
0.0010008182370069589
0.0016823247828790622
0.001994261617424378
0.0011315919612514523
0.00010881085719832813
0.00010907464148961796
0.0007019975057528172
0.001989278993975618
0.001085371164540399
0.001633573115855882
0.004430645413485418
0.003617492373249576
0.0031327286087709746
0.005570738118378578
0.0020580132983041848
0.0012035694469996864
0.003832897845685922
0.003462806487994596
0.005197421479398526
0.008272924999262713
0.0025260521551200956
0.004221222855989426
0.005528198511559643
0.003713473105997083
0.0005199468619836803
0.00027704491221298576
0.002009135264596508
0.001422245171777404
0.0031812914551144554
0.004545789171907763
0.0017693328932958461
0.0027736681751929612
0.004744966315861903
0.0029752902787162265
0.0004752089727805456
0.000531168189208601
0.0018485390331452246
0.0016998348911530293
0.0004363342367263641
2.1871342179961386e-5
1.5762372510128307e-5
0.00019929907105835392
0.0004538903957080082
0.0003912518164196802
0.0006718179828643295
0.0027392408245491785
0.0019688487346548734
0.0020313026793754604
0.0033495805599644286
0.0015865074482477425
0.0008257663714663862
0.003928600968904835
0.0026989623176130713
0.0038005838427692053
0.00694935239233603
0.003284704324214717
0.0025816118381163642
0.004675187369058206
0.005588618918325023
0.0009599523718952781
0.00033591194294787824
0.0027150186467718635
0.0021194259629260864
0.0042766873713181
0.007306463082116526
0.0030971396643558057
0.003099078605143287
0.007629259114975403
0.005712955759807863
0.0012760256504768584
0.0007464965577828861
0.0034878429766277467
0.003862338969738228
0.001425544203588678
0.00010139722779565034
2.5604792495157826e-5
0.0004582759089530782
0.00034378723047362117
0.0019312468741092047
0.0024447169348837706
0.0009381922665620668
0.0021263467965130217
0.004387842404039376
0.002934376227110729
0.0005449639766878981
0.0006451525910650837
0.0022504232052008803
0.003053725810528552
0.0010759668495084376
7.44950731867532e-5
4.2418492668685754e-5
0.0004284931970449667
0.0011699163607231818
0.0005894974285862109
6.192023375851641e-5
1.229898840748744e-6
4.0358128955742596e-7
1.2130853099670457e-5
2.482296259926657e-5
2.6566468993062735e-5
7.987887048593721e-5
0.00032774257137863956
0.0003468949783679037
0.0002745523106314898
0.0005517325300186795
0.0002988218211615302
0.00014811502598488047
0.000827889713807851
0.0008804720047608414
0.0011846884424949425
0.002042303899855796
0.0011751224568979368
0.0005021951991460088
0.0013835985357354133
0.0016142994916646652
0.0003669170179679373
8.15448653173181e-5
0.0006710832901423314
0.0007636811255509894
0.0016024240252802016
0.003255728800399804
0.0017919111648268373
0.0015320947439686483
0.004142567900597529
0.0032370534181186475
0.0008277336513842776
0.0002972390234061244
0.001572197387743088
0.002152334639675562
0.0009033043026506939
9.609061210722192e-5
1.2511828224733282e-5
0.0002043898528103299
0.0002189152548666754
0.0006980244889187613
0.001371089202865616
0.0008143892120321708
0.0010299950093284682
0.0029920959386116612
0.0026083846665655407
0.0006650262210989932
0.0004196744532809114
0.0020649793437408307
0.0028722310588974393
0.0012616601761801028
0.00012662598492977392
2.7327245719552904e-5
0.00035615452087572473
0.0010826058178988439
0.0007095299182984856
0.00013366420782943435
3.871329490486085e-6
4.165450301608846e-7
1.594306791211633e-5
1.4699617815190186e-5
0.00011038662880306242
0.0001863519562304422
0.00010754318275618849
0.0002131619859978168
0.0006031116337453041
0.0006635817726659573
0.00016769837100575068
0.0001357949445278442
0.0007557954495777414
0.0009398879497716227
0.00044752597217828085
4.613621562762357e-5
1.9705656096293284e-5
0.00026054798122772545
0.0005951597165085917
0.0003901333278312492
7.988910803242123e-5
2.5539418016846264e-6
5.02942286959947e-7
1.3751069063818332e-5
6.546459216339466e-5
6.841759184182267e-5
1.8328531627358985e-5
1.2268005001342354e-6
1.4206203520708647e-8
