1.1591862822099615e-20
6.129608017494146e-19
4.4548532476378827e-17
8.976703047802376e-15
3.5392735471841622e-12
1.721973369601084e-11
1.0771512786890537e-17
7.888211052089068e-17
3.6005882456938206e-14
3.6254206796085154e-13
1.7296430346666084e-12
2.7177775259819892e-15
5.160129412171596e-13
2.0662046663574103e-12
2.2779517635243662e-11
7.017016933415726e-12
2.0390803881280542e-10
2.7740743789043115e-10
4.239839360805597e-9
1.557728416029499e-8
1.4498001999995283e-9
1.2986396985159976e-15
4.505874253076891e-15
1.3470835062945013e-12
1.0722585258408451e-12
1.1073025837362364e-11
2.2145350866534238e-13
4.6362509966445705e-12
2.1467901376049062e-10
3.2088165860601995e-9
2.427759294439882e-10
2.1689141904593036e-9
9.118750718845559e-9
6.248964971608322e-8
4.206448778092237e-7
1.9259382137737275e-8
1.1773983185416044e-11
7.980365953962566e-11
2.3977553250906824e-8
5.38757484491829e-7
1.378713989961734e-9
8.426055916653216e-8
1.9281128685346417e-7
1.4118260230276278e-5
2.725047225360751e-5
1.256324229198181e-6
1.0223115174544868e-9
7.31911465627664e-8
1.1376059201861325e-6
5.622115578688766e-6
5.898004944362717e-5
6.333309111515694e-6
8.47845592554881e-8
2.0571995821429787e-6
5.782187102608244e-8
5.321710345552178e-9
1.6011933259551955e-13
1.6203084603526486e-13
6.63542486244244e-11
1.3410120657434246e-11
6.330158757846111e-10
2.063312044436549e-12
4.246973773860549e-11
9.651287041206113e-10
1.3641713146117321e-8
3.702938198563646e-10
1.0241606184385955e-8
5.088436714618722e-7
1.7188146564916165e-7
9.124084567737296e-6
1.741497580418395e-7
1.5172572021330694e-10
3.903214434420383e-9
1.0851960038567307e-7
2.742870915628348e-7
2.9759147902562253e-8
6.197454196369757e-7
7.058180494584752e-6
9.490009979601954e-6
0.000283301571596814
1.5918914663269162e-5
7.243197042511884e-8
2.4287614930944017e-6
0.00010094049414358768
4.1210534117832414e-5
0.0024597127712671476
4.530748709024461e-5
5.293592564284385e-6
0.00041059150658932157
5.223648183026926e-6
5.529474596465868e-8
1.615582836708333e-9
8.422020509330898e-9
8.283581665072284e-8
1.0612879310611198e-6
5.749846248530544e-8
4.197017591141919e-6
8.436151149958656e-5
1.863052598015452e-5
0.000327931820757071
2.0389892992821213e-5
5.502964907969291e-7
5.964233236917587e-5
0.00041328970773474067
0.004387765377856801
0.028696764247610303
0.004394893856918447
7.521070911759081e-5
0.00044152443821771884
4.3147744077653325e-5
6.765136188302512e-6
2.0661907039695772e-8
6.983540923929228e-7
7.427192809096936e-6
1.676573027092688e-5
0.0002762313311809484
2.0037698982982878e-5
1.5102199297906785e-5
0.000317906746295632
1.4950247771069338e-5
2.9378672395442946e-6
1.222643598142967e-7
1.7501658681694566e-6
1.6725728637816787e-7
2.2140710098321374e-8
1.5563642081963012e-9
1.0282901293958646e-11
1.2308439976689522e-12
1.474358310816814e-11
2.886666803865495e-10
2.6748214177811626e-8
6.2690128432014035e-12
3.728336516703998e-10
8.906743999725357e-9
5.124030625279264e-7
1.9950036586095804e-8
2.239956778454947e-7
4.2100367026034165e-5
1.1698002873350863e-6
6.465770249070965e-5
1.7057451604905093e-6
4.988167209852259e-10
1.006360416510553e-8
2.8208546832658576e-7
7.183952116184365e-6
1.9697771472859122e-7
6.914916835166633e-6
0.0001995711476645086
0.000101773616776621
0.0022592021124221455
0.0003195751934934213
1.3582445904342458e-6
9.122583308784888e-5
0.00030064427163373935
0.0003823960535632978
0.03452437892150602
0.00042385174412745463
8.97055314624612e-6
0.0002927957604263969
0.0002862006527415516
1.5249120490698997e-6
2.7358071643679635e-8
4.2745399215135055e-7
7.733173094035628e-6
6.428195235657087e-5
8.004715359579534e-6
0.00022571425370109755
0.0017863699715937355
0.00028626676785877496
0.03435355268533982
0.00027938735358825934
6.546229116780194e-5
0.0019269296664639766
0.03578153867601204
0.029147969327537094
0.6207429431615449
0.028242843447007355
0.0014611168459785556
0.03648005304033207
0.002275588519152865
6.046934796992994e-5
3.2262791077274425e-6
8.240082787500711e-5
0.0013872851009817967
0.00026089868777551083
0.03537754649224621
0.00029072827277341705
0.00012701215001414943
0.002203831664781236
0.0002297084210611676
5.0003575544639395e-5
4.018560257904118e-6
6.492012791473178e-5
1.03900171255623e-5
5.118496140145461e-7
1.860343917246575e-8
6.727155518669703e-9
3.389273108835536e-8
7.561482288552316e-7
3.9499463439213924e-6
1.358244441729555e-7
9.162855510721577e-6
0.00011976593400589783
1.077041168754302e-5
0.0016438017835917283
8.802423873025475e-6
2.4668242536971683e-6
0.0002327192048693369
0.00028340167295046073
0.00045316469444901754
0.035288459522125795
0.00041597213099999847
9.520743504349435e-6
0.0003246051516379228
0.00010951218797801581
1.1091839515129786e-6
1.0379443429917292e-6
2.3261703882732072e-5
0.00011404337171717654
0.00036136079079909865
0.0019687752095031773
9.483692951150204e-5
1.2031746730279486e-5
0.0002212688807177932
6.768277890063629e-6
1.8701363369488016e-7
8.607860362113349e-7
2.3190105817622446e-5
3.963637055523565e-7
9.617954397215003e-9
2.6464055319868044e-10
3.007789630977131e-8
1.0363375136760921e-6
4.088619496269416e-6
2.816123498016157e-6
6.671960279113622e-5
1.1721894190615476e-6
1.4140293772295113e-6
7.2060622912052005e-6
4.2792472469941095e-7
1.352342393938985e-6
1.59242461026345e-7
4.2326130213057744e-7
1.2554149303826646e-8
7.758661056602591e-9
4.98085640945918e-11
7.72857148548384e-9
3.053473143199102e-8
7.280038159224693e-10
1.6427927263995856e-11
1.2479941495700616e-12
1.0444414822480387e-11
9.506062960980491e-13
1.474041813990821e-12
2.8024256640292273e-10
1.50500305673257e-10
6.780591816121767e-9
1.8282411850275933e-12
1.267129659521447e-10
6.116658985940491e-9
8.70474680394649e-8
8.041216669653198e-10
1.1627980427305882e-7
1.138601322660639e-6
2.730389206817733e-7
3.2627004637944777e-6
1.0516973038531064e-7
5.671727928922972e-11
1.049475040489271e-9
2.7463171476090168e-8
5.688778609729946e-7
7.618760156214104e-9
1.4538689210022906e-6
1.1272956533425517e-5
3.379241716998191e-5
8.93851191099807e-5
1.1954271367912504e-5
1.566318923016919e-8
1.5515359508108867e-6
8.964364919422514e-6
6.249643114071611e-5
0.001465725758727719
7.3485193799321e-5
6.555549615722974e-7
8.950698811992445e-6
3.6244050560655143e-6
7.489014367607455e-8
1.17405798717693e-9
1.935145458628228e-8
1.516075345920027e-7
2.5497412548033606e-6
6.943123650224152e-8
6.744201145955164e-6
0.000311163039608368
1.8702689775859492e-5
0.0002477786816270645
1.7147722897346876e-5
7.82816322662215e-7
6.353272229912507e-5
0.0004382670271217183
0.004269200992591434
0.02663767063392957
0.004190539272606227
6.080068752731733e-5
0.00039132039482301056
3.983167388712212e-5
5.018828426912684e-6
2.6937340211207746e-8
1.12055008252989e-6
9.269541681545636e-6
1.8357317951876125e-5
0.0002639838489448453
1.601332595435822e-5
3.460039974036351e-5
9.487579812567185e-5
8.58466967353266e-6
1.9849618700100723e-5
3.119511409037562e-7
1.0954273887347487e-6
1.6757086449997255e-7
6.864756698813299e-8
3.8378217521918785e-9
1.329572128610295e-9
1.1887927843840937e-8
2.670950508330974e-7
1.052621834358497e-6
2.1473089363785038e-7
1.1175727181546065e-5
2.715724601235928e-5
1.1616655707273994e-6
0.00011334799121836653
9.286012403528911e-7
4.0031675591137204e-7
3.7167919465149756e-6
0.000452776332323686
6.384000365622235e-5
0.0021916348972666052
6.018335389392525e-5
1.6022837227126854e-6
0.00011605535810878336
2.4320403343605838e-6
6.535708395694328e-8
4.401535618063672e-8
4.8137372025715e-6
1.2396533133870045e-5
7.356991812644064e-6
0.00025547201946815145
4.682476816921349e-6
1.4956820953054014e-6
8.544707474998308e-6
6.252801680572838e-7
1.0683646717888984e-7
1.0748332486186809e-7
1.9036472314584973e-7
9.996733650201586e-9
2.293832047710532e-9
1.7596522329272278e-10
1.3845332413589726e-8
1.7528121170797096e-7
7.061750887848652e-7
1.5166171467104337e-7
8.481414577747289e-6
7.704873915250365e-8
5.889818703116371e-8
3.0366227983627686e-7
9.528623976176728e-8
5.502530468278173e-8
5.320368961615366e-9
9.319454033080296e-9
1.0247612473441562e-9
4.05518120857787e-10
3.291528581422409e-12
1.2688849999130773e-10
2.954169908146917e-10
1.2598978732055148e-11
1.3132585987528604e-12
1.6660132740074335e-13
1.4258305773898443e-12
9.3276360268921e-10
9.808982497977525e-10
1.0281996943374878e-8
2.3967588296688822e-8
2.1557282426889387e-9
5.610393784247526e-8
6.496680351348112e-7
2.9073347539226117e-8
3.7190440165638303e-6
2.197878829183427e-8
5.562336586389139e-9
2.5894411089697003e-7
3.618147082284677e-6
8.045930682392261e-7
6.837813149128788e-5
5.797121212267171e-7
1.6113573787281947e-8
1.4605006765892776e-6
7.425459090287612e-8
8.862504181881821e-10
1.894333854532239e-9
9.228890294930429e-8
1.5314239886856037e-7
7.90091005565861e-8
9.085628709226831e-6
6.518834571408624e-8
7.65469011045503e-9
1.8693628033275627e-7
2.122392871253998e-8
1.1087372167402175e-9
8.514409655247594e-10
1.0544961799469328e-8
2.8456963856188196e-10
1.952585181804586e-10
7.998815416116538e-12
6.579347252264512e-10
8.25613773419853e-9
6.457747918868147e-8
2.7385831483753556e-8
4.114985399007821e-7
9.979505718780617e-9
1.4791583050544451e-9
9.95152216327667e-9
3.5150938814178203e-9
1.4836991143356561e-10
9.524012055147156e-11
2.767023448159505e-10
3.256623360051001e-11
4.7858056030355784e-12
3.8987237296476905e-13
2.181429880351128e-10
9.789201096822678e-12
2.898599152630426e-11
6.104046290671081e-13
2.485998745675028e-14
4.281214617628339e-15
7.632439567579614e-10
1.5673645661678783e-9
6.043589495851735e-9
2.0147860510632172e-9
2.8008373815851846e-8
1.2643733226763922e-9
1.1281555356425175e-10
5.777429387097355e-10
1.299153016747312e-10
2.186644386765908e-11
2.3649048238454608e-12
7.458555579485561e-12
2.0935980567061584e-12
3.847872162273193e-13
4.099006113087615e-15
1.4701729398186532e-12
2.0340061983543427e-12
9.684598657729251e-14
3.736326931315861e-15
7.543580163299377e-17
3.2764386664173435e-17
6.256949254149825e-13
2.2728383530374682e-11
3.060596125687435e-13
1.7429053787125356e-15
9.264138539120193e-18
5.629390063222854e-19
1.351587304400443e-20
