4.836662960177655e-19
2.3813030031927825e-17
1.6894318160697231e-16
1.633830589221068e-14
1.2647600959984146e-13
1.8575960842015263e-12
5.497185958028326e-16
6.531415014092402e-15
3.2164501864067095e-13
4.165982517976641e-13
9.186027942645547e-12
3.972293148396811e-14
1.4202080744587544e-12
1.760310358028132e-11
1.3954067020480928e-10
1.3893129304759253e-10
1.2160864228132744e-9
9.506606359739944e-10
3.5709037590234284e-8
5.9532933863345064e-8
1.2712421565187552e-8
2.0836413244924835e-14
5.4522973379793914e-14
1.386903799864988e-12
7.226338381838123e-12
7.120328992886321e-11
3.829242019673023e-12
4.262476422070405e-11
4.941527040167894e-10
3.9814360904561475e-9
3.0967184070984235e-9
9.51134110334815e-9
2.799652979300288e-8
5.607231393247706e-8
6.868963143250397e-7
2.6917233034786906e-8
1.1823681331041036e-11
2.7044892839636534e-10
7.151520767175233e-9
2.2105750209839845e-8
1.881056095671564e-8
1.950224800131836e-7
4.741593170419437e-7
1.0741422573944347e-5
1.6068308461471537e-5
2.5071204794136976e-6
4.656005748448008e-9
1.5994175612942508e-7
1.9254693749714004e-6
7.70633811566006e-6
8.505794733797312e-5
1.2527128111503157e-5
1.7940212975418588e-7
3.1273691007067334e-6
1.1464362971528728e-7
1.414105802467071e-8
2.720583996268507e-13
3.6250929647094533e-13
7.55055068063057e-12
9.570259449463452e-11
3.35617858909444e-9
1.861240004306488e-11
1.829356089776246e-10
4.698893382762037e-9
3.195653517039109e-8
1.274140270332545e-9
2.985913202501742e-8
7.266197718794584e-7
2.8930690774988906e-7
1.4378196171052433e-5
3.0772751148319814e-7
6.701709965899155e-10
1.8371446563921485e-8
4.5055021352948866e-7
4.6560874434849915e-7
7.777601981213823e-8
1.9554677632122764e-6
1.3608146739368345e-5
1.3138851032030353e-5
0.00031633321345258034
3.529723831872379e-5
2.768683910788351e-7
4.260622236159382e-6
0.00012122797066751204
5.9390421499990935e-5
0.0026208217084724423
6.998871257103796e-5
1.0048424755991023e-5
0.000580774161292223
1.0461745132904782e-5
1.069450764754802e-7
8.34703517800808e-9
2.185057738606987e-8
3.042730476500655e-7
2.7922867697719466e-6
1.4075472042785859e-7
7.755041505756029e-6
0.0001601736844748965
3.091723470469364e-5
0.0004017736523106873
3.163365813337817e-5
1.1472984115679808e-6
8.735776864286439e-5
0.0005454307405209014
0.005082495455189637
0.02880392813031764
0.005207924912702252
0.00013114545838454776
0.0005886406314030589
6.828321160398996e-5
1.0981611715605735e-5
7.568268516516421e-8
2.84554160406935e-6
1.6227211561628654e-5
2.5195091927957148e-5
0.0003669064396558943
3.072176636426556e-5
3.606954804100133e-5
0.0005275078813227722
3.4176969275479926e-5
2.044051289514183e-6
3.174656923844177e-7
3.142040485398612e-6
3.1812943904935596e-7
3.055177926673127e-8
6.59774583923028e-9
1.4414438480675384e-12
5.831475771849609e-12
1.1101662592356445e-10
1.138240150141749e-9
1.144996856640859e-7
6.414680068060845e-11
2.6517385907949755e-9
2.6006439469534036e-8
7.810693306331896e-7
2.3849087628480228e-8
4.5987520084733504e-7
2.810528771811855e-5
2.0494226830102042e-6
9.743119148175338e-5
2.965269411405087e-6
3.909014355794071e-9
3.083841394226843e-8
6.950343312921597e-7
1.96352946940911e-5
4.0572924200034397e-7
1.4759486556207188e-5
0.000385344806092809
0.00013688743312081054
0.002437249644150332
0.0005296377585085127
2.2931269249329115e-6
0.00011466926129933312
0.0004391579382050048
0.00050790725277779
0.038983236809275845
0.0006098095792846281
1.576118508372297e-5
0.0004157185342076281
0.0006069413466338461
3.2693795574540967e-6
1.5593867980451897e-7
7.868346278043698e-7
2.6228220190451915e-5
0.00010159659310540711
1.691427732787237e-5
0.0004384292664251372
0.0030167289021186395
0.0004239992878195755
0.038616455938334356
0.00036771579718802594
0.00010984256622408925
0.002463132029393138
0.039238414749985455
0.028877007174412942
0.5833196928381288
0.028805123088268915
0.0020454052159602177
0.0383964594574437
0.0023644210238377554
7.973542183527807e-5
1.0033293892628684e-5
0.00030899291659327146
0.0021066580075298044
0.0003761969969439235
0.03916333503450171
0.0004550320042429526
0.00022756214647678838
0.0023818382559525697
0.00042847029361915863
1.5339095637570156e-5
8.827125799977422e-6
0.00010333788077393896
1.5995565267019277e-5
8.734558860958358e-7
8.279415910356595e-8
1.6648265968830035e-8
2.641052211597272e-7
2.907329026547884e-6
1.0006102258123693e-5
4.2514883961906535e-7
2.220969441216923e-5
0.0003529150037365188
1.651518722711049e-5
0.0019410163887999615
1.6095868148209416e-5
5.274546895507752e-6
0.0005300604776118905
0.0004061159089990548
0.0006094432655917243
0.03767028004623409
0.0005402226980589568
1.7133598827620608e-5
0.000440159672587607
0.0001439863636916306
2.0675301489256835e-6
2.013503245107687e-6
4.317357369495235e-5
0.00042690395911278384
0.00038549013951106996
0.0027676552360509617
0.00015492437901519634
1.9214841578074318e-5
0.00040656543468329555
1.5129450381368409e-5
4.711035043424879e-7
2.4426526623480136e-6
2.5317549615171112e-5
8.58193325493359e-7
3.3532400857710956e-8
9.432202439726886e-10
1.267220365362412e-7
2.790517879641119e-6
9.876230970643238e-6
3.7791279112320426e-6
0.0001029084454762898
2.4999056083188224e-6
3.635720030712391e-7
1.607839292277664e-5
5.272264629461358e-7
2.0078951958416306e-8
2.5903012211390706e-7
9.197947655802654e-7
4.071771893447395e-8
3.5067070018644234e-9
1.0898018676908464e-10
2.3597764934753027e-8
1.3449358746472857e-7
2.999986483868091e-9
6.324178894974923e-11
9.90364985108512e-12
2.3641730058554037e-12
1.6682532640852462e-12
4.805164499988613e-12
4.942888648322125e-10
1.046936389021823e-9
2.2414349029164026e-8
2.1074755784080227e-11
1.997979663093693e-9
1.2978494443588368e-8
3.4611149650348855e-7
2.1562550812176717e-9
2.4808567107943667e-7
2.4052574550123968e-6
8.089173567609144e-7
7.426849280727656e-6
2.7886540773954163e-7
5.340946041912399e-10
9.94963443908627e-9
4.9072332963175945e-8
3.5836753554263345e-7
3.1226489477210254e-8
3.0288699049902662e-6
2.193065595199336e-5
6.244792782715601e-5
0.00020504237020680042
2.756570652626349e-5
3.928095709941636e-8
2.953352899300521e-6
1.6679067816593796e-5
8.978308849091223e-5
0.0018953351596509233
0.00011289267013187878
1.2481168120162907e-6
1.4522828308165436e-5
1.041140064757561e-5
1.5430455829579472e-7
1.2288634083345121e-8
2.0937840532379626e-7
5.411574984970396e-7
4.807547739021065e-6
1.978593059256884e-7
1.5031181127245529e-5
0.0005252958110732471
2.985812569857809e-5
0.0003616736623342318
2.3318141444202704e-5
1.7502571088260636e-6
9.00538774096037e-5
0.0006293764260955539
0.004908257052966162
0.02758791773215688
0.0047158183766429895
8.922735471803845e-5
0.0004997696929867585
5.476345109870395e-5
6.482988922441415e-6
1.0775601915942882e-7
4.407969732968185e-6
1.738364726334897e-5
2.8327168962414194e-5
0.00039280791282732714
3.184546908429759e-5
9.338456021432695e-5
0.00012121956730188832
1.1915322710287797e-5
5.021889943218993e-6
1.2084751695401952e-6
2.1679489716811516e-6
3.4803531605831773e-7
4.35199923699057e-8
2.216016763715007e-8
3.193454887213038e-8
8.412589447207327e-8
2.9656016766141414e-6
1.7317827550176707e-6
5.592827841747011e-7
2.1515377005625615e-5
4.436554057224013e-5
3.7060879673538354e-6
0.00025225806343141577
2.4159951014600864e-6
1.1035919679745856e-6
8.861006605111788e-6
0.0004022458477365729
9.573353247901176e-5
0.0024679102275885307
8.535353776432471e-5
2.8459145519803217e-6
0.00013156118262452798
4.6295486001494314e-6
1.4809809109395196e-7
3.1063261942983983e-7
4.452878634551234e-5
2.0694922758715283e-5
1.3476769066211376e-5
0.0004324571270853845
8.388768402620597e-6
4.324719923394038e-6
1.4509310747907223e-5
1.917056645097699e-6
1.4232146523575607e-7
4.480049277296995e-7
6.033885888408147e-7
3.064350250465324e-8
7.750281815113485e-9
7.568959541619186e-10
1.3453524509344433e-7
4.378434034468682e-6
2.690195703676351e-6
5.042306934767148e-7
2.6790607862673912e-5
2.676479565487389e-7
5.997791949944368e-8
7.666990052619264e-7
4.771365432177694e-7
9.560221292991698e-9
1.4124153031161663e-8
2.7931773844183415e-8
5.310472483688594e-9
5.842719973249953e-10
1.4041917603731666e-11
1.4558074729017583e-9
7.854375779791605e-9
4.055033968712272e-10
9.140249869948923e-12
3.67568950949583e-13
1.2314293726466732e-13
4.448272849824455e-9
1.8906681789503855e-8
1.2472982071608945e-7
7.865026388974814e-8
5.7139731333971265e-9
2.2333928642528692e-7
1.4454384396351717e-6
9.696798707083e-8
9.010492991833646e-6
6.704928339486948e-8
1.778838089371765e-8
9.010982762261091e-7
4.324722203986418e-6
1.7481572801070517e-6
0.00010429435511291141
1.110392448673404e-6
3.762779435688686e-8
2.4321897182481336e-6
2.479824184521332e-7
3.6521652902454312e-9
7.635283116695634e-9
1.0230040707349488e-6
4.78373722649094e-7
2.39767236277662e-7
2.2030410199421567e-5
1.7576558944092052e-7
3.4425048495887367e-8
4.238740031920516e-7
8.763372373372259e-8
1.1012852936100028e-8
2.7216561042934916e-9
2.1479328082200328e-8
1.268761696887794e-9
3.180467522931628e-9
1.724337828676579e-10
1.9266943256286535e-8
9.955281856634128e-8
2.2768119607209175e-7
2.774882558277999e-7
9.286706559121709e-7
3.004336536700925e-8
1.247161865077251e-8
3.6739290915942686e-8
1.697848328406698e-8
1.882672639568188e-10
1.2342964350717342e-9
4.6809710470448325e-9
1.9076474565494735e-10
4.1020820108038873e-11
1.4867262977665216e-12
2.841491882343758e-10
1.4992283548627743e-10
7.482155743158174e-12
1.521639971365436e-12
4.0580137357932965e-13
2.2038165796122252e-14
3.433811727209249e-9
1.922932424334067e-8
1.2454006666314845e-8
7.852916448259422e-9
1.6873075405936725e-7
5.062919298420095e-9
3.6599578632194615e-10
3.697353877763115e-9
5.816725641961737e-10
1.0720111214183759e-11
1.909440966134311e-11
7.90489756433282e-11
1.9520364697959114e-11
4.625341003738586e-12
4.76831932736765e-14
3.342168863817786e-12
6.0032950510874566e-12
3.8154832400201544e-13
6.828518849036352e-14
7.826914936781556e-15
1.5235999457049337e-16
1.5381654816775877e-12
1.4724250495805275e-12
2.7677215574425027e-13
2.0758432790253115e-14
8.106114345357269e-16
3.678497683821541e-17
5.914282732699345e-19
