2.4010331465098537e-10
5.169823829314526e-9
1.7211969108316025e-8
5.826747802275188e-7
4.626949377822026e-8
4.794517736149905e-7
4.9564138489872403e-8
8.075016916588364e-8
3.1555792793515532e-6
4.3445114105895057e-7
1.6441784139440671e-6
7.227981579905708e-7
1.249835594592633e-6
3.808876762857291e-6
3.140057045661489e-5
1.0206185674923474e-5
2.207343399277708e-5
0.0002312135108297066
1.7810502541766783e-6
2.338998026629545e-5
6.936287105648803e-6
4.6448273420193615e-7
5.264569825993289e-7
1.6647008570230742e-5
6.9591397133980305e-6
9.492504186162208e-6
3.3310879715288165e-6
8.613740853730331e-6
3.0480801626194413e-5
4.171281719954116e-5
4.011878916491921e-5
6.058971195623247e-5
8.959409890225863e-5
3.0348246065760342e-5
0.00010771255037297014
2.4710944558197292e-5
7.5720110461913356e-6
8.966282867997472e-6
0.0001512418103394387
9.267536620398684e-5
3.8755911245748107e-5
7.264604434192414e-5
0.00032949943339761974
0.00019506028397774534
0.0007062730243532652
0.00017643328881901307
6.6184374441828e-5
0.0001102785864427668
0.0002863654584244656
0.00028070362827299183
0.0032145993267458524
0.0013652962923048316
3.956081971944026e-5
0.00014197681220913587
8.088354774309572e-5
2.0047728553939792e-5
1.0928490787357225e-6
2.1638675183740924e-6
2.483166757934472e-5
7.235339725287913e-5
2.9648479172016943e-5
1.2407897697013795e-5
4.254668949324639e-5
0.0002512693247191284
8.815671895988639e-5
0.00010753998297765182
0.000205254754173309
0.000347618005511997
0.00019515609105365142
0.0007723545044385292
7.863201493024049e-5
5.518635700089288e-5
4.909113498544322e-5
0.0008578855029303683
0.00037133527801955457
0.0005015042992749101
0.001319627002983366
0.0010042098643521997
0.0013872239244922787
0.004584597573401334
0.0005299864170471535
0.0004687817273608927
0.0007025879418718238
0.0018033843966946891
0.0014293198542666653
0.009585374283210761
0.001866462930569572
0.0015270267053092794
0.0026793186881360863
0.00045446297590838756
6.787808420243375e-5
2.881913941479681e-5
3.0373398586075426e-5
0.00040579243735092347
0.0003879374618829828
0.00010225097389430325
0.0005153685424746955
0.001264441836909745
0.0005912885472842456
0.003240541654453725
0.0006283884480090614
0.00029401355315895964
0.0009855175004168024
0.0033766255941471285
0.005880282229454534
0.03384353698670594
0.011651157713198631
0.0023048758650654165
0.005400152129324999
0.0018232579228748887
0.0013154374444044054
0.00020223631812674183
0.00026831282694769504
0.0010301940311401082
0.0003567227313854029
0.003277297475282296
0.0006167818230219859
0.00022055987901464205
0.0013154692939318937
0.0005128810314357466
0.00017020312586634887
7.054383495521978e-5
0.00011308888001667582
7.696603087003435e-5
2.3853815347798934e-5
6.872566483921246e-6
2.034643050768397e-6
2.5077073717887117e-6
3.9038726887024484e-5
0.00010012780345635913
5.287585347609221e-5
5.949646920005474e-6
3.6529621085295724e-5
0.00024162414737349228
0.00015356039837448917
0.00010073557655070654
0.000270683663901177
0.0007094926995731641
0.0002892614729808288
0.002943616377513396
0.00011559162655027387
2.5963017950367208e-5
7.166118753674522e-5
0.0009566879173191999
0.0008052444420587986
0.00029663343387585016
0.0011333182926949249
0.003718776182518449
0.0012844056051219274
0.007974473069779778
0.0012195679403360637
0.0003760572989559455
0.001364992388487265
0.0036208823412803483
0.0030693272817080113
0.04139097497027125
0.005839436188626288
0.0008682015276514821
0.003240202388794507
0.0025658512689690546
0.00013882384526519458
5.2832818457202645e-5
0.00011485383007367914
0.000871967964045223
0.0031859208323535134
0.000625723518412493
0.003486719509663324
0.007631248280612116
0.0031416460603059596
0.040839176866361716
0.003338188654404107
0.0024755560360443154
0.006773245683714163
0.0350870704251726
0.02585979982746649
0.22250442875547852
0.03478810654958414
0.009649768381114249
0.04077991071027756
0.0092405087345077
0.003051677869314349
0.001920927304174941
0.003337919416456526
0.01208384161932255
0.0027624274441971405
0.040673335641833536
0.0032803231720479856
0.002697760288043285
0.007857957908331204
0.004298246264113571
0.0007108202828746792
0.002053960862050114
0.0028422782291814427
0.0007562155257056307
0.00010831195463100057
2.3349251876229962e-5
2.720111808827853e-5
7.019226218852848e-5
0.0006162058187629459
0.002239524994505326
0.0001709709579010807
0.0013909229650057298
0.00376276337254554
0.0008393853708312752
0.011888663122206367
0.0009536165564216679
0.0002646320667109693
0.0012212922260659113
0.0030563590549803994
0.003932669589662563
0.03495415732604795
0.003342246987945126
0.0008132110039333475
0.003368217128412658
0.0017210793757079488
0.00027870665504544577
0.0005203906054938128
0.000559923548901854
0.003907232146486989
0.0007502301345032571
0.007686878345836025
0.001213872550605576
0.000848319739828731
0.003801041027508816
0.0009944225214499668
0.0002989688031243632
0.00044543949618971947
0.0006920757201242948
0.00035334480172691674
8.124070373488821e-5
0.00015110860923894226
0.0006510911989088732
0.0005016093658341835
0.002147790207202802
0.0002849286651874348
0.002966672948984175
0.0003758825698854847
0.00017668117100912373
0.0007782685666859803
0.0003695387979745888
9.410742494793062e-5
4.268660942684756e-5
0.00014454918093551147
8.647158230367401e-5
4.445691705500945e-5
3.3565445285472755e-5
5.107630240530223e-5
5.443033320058225e-5
2.808467814030173e-5
9.008446163525978e-6
1.3166006813622862e-6
4.783131042117734e-7
7.797609680832591e-7
1.5683977074885662e-6
2.8459877950066586e-5
0.00013731525792840563
6.713644419977359e-5
4.702857176079772e-6
4.1460368181293775e-5
0.00019909928264962086
4.6778976961417396e-5
7.192734654672265e-5
0.00030313729248952683
0.0004470205419398229
0.0002277966498574041
0.0020080742021746974
6.989234692568207e-5
2.976756744445816e-5
2.981188304570344e-5
0.0004094928569896104
0.00019321851268764886
0.00011425576842581106
0.0005776281947568987
0.0008872367558874298
0.0008545370733575087
0.0027861027767816476
0.00022993246816768286
0.00014190928468386723
0.00040633034921667803
0.0007961974620695056
0.0017071534599176895
0.009987677074249376
0.0023802166663823517
0.0003478394032849088
0.0008457431565656334
0.0014421283657445802
3.732927038364039e-5
5.216927207764287e-5
3.905138846899813e-5
0.00023248453864505624
0.00028797330131477165
0.0001138542135384824
0.0008194384116513405
0.0007169132774293622
0.0005190231228824905
0.002723749930779841
0.0003367130095462725
0.0006049191170359767
0.0013945134623774105
0.0037514287963779174
0.007559954980358723
0.025907798603337293
0.005799211883507251
0.0017058693883001937
0.002963579327372422
0.0013932640301561109
0.00026339507309084624
0.000372256132320668
0.00037832443770361416
0.0008246283026680533
0.0005310566296932131
0.0031113906100922887
0.0005862501482461227
0.0008040174506514554
0.0013058019871448874
0.0014232600489603698
0.00019777502820821148
0.0002357325512784783
0.00030270395937074987
0.00021584169943361458
3.3392261613672716e-5
1.6304461887594427e-6
2.469995996856306e-5
7.187258851103296e-5
0.00029332431475266406
0.0004872419602003862
6.240379662618522e-5
0.0004610343329710467
0.0005881980355394522
0.00041504136228389077
0.0035714416230924672
0.000265985125596113
0.00033958898121813755
0.0006039125951784946
0.001172600539899604
0.0013810656497351896
0.006759297884030743
0.0010188125008839084
0.000409594233530899
0.0014028165629478174
0.0007814632815608371
0.00011162970317447122
0.0005137146401434906
0.00043844939376404415
0.0012710536967969201
0.0007677168274304223
0.00339720491031394
0.0005097711431052143
0.000574442558922028
0.0011317552404645301
0.0014030171183239256
7.791302297477394e-5
0.0003197275683966026
0.0002946131030052901
0.0002035706190792775
5.9042790388528886e-5
1.7363507595139365e-5
0.0004662381656528035
0.00026326036851642855
0.0005308714830495289
0.00021264060320338494
0.0008357809297416728
0.0003693294455068255
0.00035513017610551965
0.0008953273966642835
0.0007898015132010085
0.00014320217560846125
0.0001641500279770458
0.00025942409312299257
0.00023663211741637347
2.9510223087774467e-5
4.008017907091744e-6
0.00013964820187624023
0.00011903507627979197
7.261342635971444e-5
7.058568363096799e-6
3.8710685521064725e-7
3.745671302095148e-8
8.392444662041793e-6
2.421877657696108e-5
0.0005185327755160943
0.0006410438235820058
1.614728819716187e-5
0.0005610760003256947
0.0005115394446718865
0.0003758349770943057
0.001903066389811889
0.0002087680435576072
1.1730838574799353e-5
0.0003501647086330922
0.0002689313555947935
0.0006185439562664831
0.0025870503960869497
0.00029402772679242093
0.00015326794532594833
0.0003982239199342087
0.0004903444334234367
6.500893641303479e-5
1.5086419372977164e-5
6.224490431342607e-5
0.0001754756949196306
0.00011606042670305387
0.0006379435400940112
0.00010376178907562572
0.00012793608161439443
0.00030261083320997517
0.0004986591449176219
3.894125689096189e-5
7.684265099568117e-5
0.00010060235112044913
0.00010790072341566618
3.882243027406932e-5
1.0374308923406698e-5
2.4628737968523118e-5
6.828283231968548e-5
6.979002369815822e-5
3.91452672645504e-5
0.00011628661409561761
3.063984552840119e-5
3.11839628267337e-5
7.052462465612319e-5
5.0023497618384296e-5
8.717306342381976e-6
4.754556219167559e-5
3.896990486064738e-5
4.180748230385741e-5
8.489629968531033e-6
1.244136583620714e-6
3.102275456201797e-5
3.9002474670702596e-5
2.5068000510071445e-5
1.589487902362645e-5
2.7382165353857713e-6
5.201117842829148e-7
8.71729332148198e-6
2.6765431985854845e-5
2.9107832867111857e-5
5.078098303953003e-5
5.28715005722499e-5
2.908757361044116e-5
2.947821614677493e-5
2.898020407474096e-5
5.6433326461706884e-5
8.383914268300086e-6
4.612150280014581e-6
6.360222345138471e-6
1.2694635387352254e-5
3.464938321218295e-6
7.306927775917338e-7
1.5074075007760192e-6
2.5396997860682013e-6
2.407367946924877e-6
5.667072470495121e-7
7.827764136597978e-8
1.6092632738530468e-8
7.995496839246316e-7
2.341753764050476e-6
1.0604149870517246e-6
5.514105917963845e-7
6.334246516656543e-8
4.982112772038946e-9
2.005310013373362e-10
