2.923816043079688e-20
1.5241215492138024e-18
4.068391555685906e-18
4.066777514275384e-16
8.550729490647807e-14
1.1556965173170647e-12
2.7323283182405765e-18
4.14219227800022e-17
4.075223012704338e-15
6.442915873176458e-14
4.1980402914140014e-13
1.3164714134470973e-15
5.2838340152894964e-14
3.563530930855405e-12
9.913235743787843e-12
2.94353497589295e-12
1.4276790362560174e-10
1.7877553256439726e-10
1.1236521832909968e-8
4.501776728122999e-8
7.83294309716094e-9
1.881511274473707e-16
1.5237501623479807e-15
7.779913654408496e-14
1.2433215784424936e-12
9.534802434479788e-12
4.485499622541542e-14
2.774591867820278e-12
4.068914043834709e-11
1.9843099975350986e-10
1.5913354031833518e-10
1.7251230969751631e-9
5.85749175894647e-9
3.272818508948572e-8
2.8522895635310754e-7
1.7193599972011848e-8
1.1998497655758873e-11
1.4727867645996855e-11
5.266012198712524e-10
4.488546685613205e-9
8.161416602990129e-10
2.968783386554829e-8
9.584150377541666e-8
1.3865985433920834e-6
6.596956630827043e-6
6.354127345893749e-7
6.899226032971474e-10
5.926879650861822e-8
9.21900423935422e-7
5.017664214450465e-6
5.3024241179955645e-5
5.341892343562977e-6
7.530335023073362e-8
1.6268729029911185e-6
4.666830569593455e-8
4.588246594176371e-9
2.8589806296221496e-14
4.168500971252059e-14
2.565984137936464e-12
1.0884485525350813e-11
1.2645077894513103e-9
4.370774076679599e-12
1.5917741856716553e-11
4.903204696314373e-10
9.600344860447731e-9
1.6768661466383376e-10
7.429287516145499e-9
2.552107294658636e-7
1.4378018287491736e-7
7.720061750918337e-6
1.425670010574365e-7
5.282461906592371e-10
1.4994831024085103e-9
4.6335720681037004e-8
1.4131327521336795e-7
1.623851021618999e-8
4.685729349185674e-7
5.8980705711322265e-6
5.003236525434069e-6
0.0001612956315103449
1.052824508369488e-5
4.6590479498536785e-8
2.011714446363704e-6
8.942620068897318e-5
3.3195527333166876e-5
0.0016456931737102672
3.72889071581995e-5
5.05147530222921e-6
0.00032987781386531603
4.485841004281349e-6
4.828058557865862e-8
1.1807390085661835e-9
5.008115652519937e-9
8.960075941402525e-8
1.0529873377726586e-6
6.3341493636336e-8
3.5146661753502246e-6
9.308135066270181e-5
1.6052766146971262e-5
0.00025919825273122883
1.6335443447817612e-5
5.18684062214379e-7
5.53671590899433e-5
0.00037879068086396015
0.004397573082208781
0.027141541683859145
0.004009170352009246
6.708191211514225e-5
0.00037644325118983257
3.9401170627301606e-5
5.530421385895126e-6
2.0559145655613734e-8
1.0784882539254358e-6
1.0675186112571579e-5
1.400428588991315e-5
0.000259438596902985
1.740561146566947e-5
1.2800033340150891e-5
0.0002883577127204767
1.2449458042382822e-5
6.003501649247289e-7
1.263707520270018e-7
1.5772732622838553e-6
1.2823364174672074e-7
1.7158506824332146e-8
6.739050402335653e-9
1.6522351307079936e-12
3.782838853871454e-12
1.534723076759324e-11
3.085368494913233e-10
7.635255993331016e-8
6.223678122043987e-12
2.2178606910025896e-10
7.01819281609828e-9
4.214803614529513e-7
3.5140172931765067e-9
1.121153865412698e-7
8.596353453647803e-6
1.0043310397422343e-6
6.021100492256383e-5
1.7300463772744143e-6
4.971271642562821e-10
7.494498809529087e-9
2.877830344081381e-7
9.14246000926168e-6
1.3495025220197492e-7
5.421798067944344e-6
0.00019775946234089822
8.595918027387343e-5
0.001979305135379937
0.0002478496745389667
8.788308707329646e-7
9.053972825454516e-5
0.00030101762358619266
0.0003347574732262481
0.03381197854872761
0.00038386086389560504
6.060271650747611e-6
0.00024996040957348973
0.0002731230692289735
1.5600963246567092e-6
2.240555495795841e-8
2.9855332032955337e-7
1.426044334225276e-5
6.448054487036333e-5
8.20724796976189e-6
0.00023334144291471917
0.0021213251508373273
0.00026505674188889825
0.03488212130884707
0.00024845019730330666
6.349098087676566e-5
0.0022191697433785167
0.034561567956295954
0.02632378236889146
0.6364873757007196
0.026941665814847575
0.001062462230043981
0.032566283823632226
0.002152450045810315
5.425665358432138e-5
3.5884986658894347e-6
0.00019377331065205608
0.0015972560404618127
0.0002500890199468027
0.035845744715053036
0.0002750899526332798
9.291185508753492e-5
0.001991627737195517
0.00022630601979854603
5.93317040850606e-6
3.3524072807674504e-6
5.802640410942857e-5
9.116968913737556e-6
3.6834155284991825e-7
3.94070792353034e-8
1.3491881035469238e-8
3.935712381832499e-8
1.0682401189314822e-6
3.6729523236178904e-6
1.3411872233462445e-7
1.0407075488897192e-5
0.00011610375221188933
9.128970961346643e-6
0.0015325042239679005
8.34284693344042e-6
2.219874985746343e-6
0.0002863826252455931
0.0002566836689081634
0.0004022850590239528
0.03421931723397673
0.00038071757093229204
7.556741587571946e-6
0.0002917328192562675
8.482019364561471e-5
9.805282479333666e-7
1.0229843252001964e-6
2.303575094157028e-5
0.00018294532031219317
0.00034341133732177594
0.002492665614568362
0.00012493238342923779
1.1957429520498725e-5
0.00015659318021753204
6.095965265181417e-6
1.0064046415367296e-7
3.2073819660096134e-6
1.0608959680023894e-5
2.3196683162002798e-7
5.722343118222701e-9
1.6841358686699491e-10
2.4688714117165897e-8
7.90932144646929e-7
3.829662037612914e-6
2.2602651292145956e-6
6.484013118849638e-5
1.139440916191922e-6
1.1100822448245253e-7
6.330089215361536e-6
1.5088550067716372e-7
5.433892344822655e-9
3.0695301015776966e-8
3.7354749986625354e-7
9.896072797460871e-9
2.5541442842678084e-10
9.575235054451482e-12
1.9287685343945493e-8
7.488832581645219e-8
1.3260128247595158e-9
1.068197152778034e-11
4.3153899984450426e-13
1.349443636794215e-12
2.675588948643108e-12
1.314834873611095e-10
6.660303919411116e-11
1.5288367989808098e-10
1.843186525801832e-8
5.1156764911686565e-12
1.7241488091265021e-10
3.1894390889631713e-9
3.2947505740617924e-8
1.6783033348189456e-9
1.9198145258419055e-7
2.754701851662059e-6
2.670471977849964e-7
3.3855229137136545e-6
1.3027234660499357e-7
8.105704013647674e-11
9.574009972867954e-10
1.2574308443288236e-8
1.1810904265992812e-7
7.918803695304064e-9
2.107702377988619e-6
8.829663796615872e-6
2.047038470913499e-5
0.00010555114616114449
1.4425572245855814e-5
1.0927152894972155e-8
1.3604658618897711e-6
9.575988425148584e-6
5.390080839463361e-5
0.0014856957272736486
7.869764869908719e-5
5.290193997689253e-7
7.431539576837483e-6
3.4902413476308513e-6
7.588007997301204e-8
2.350527888127151e-9
9.654050057967626e-9
1.4922886155667314e-7
1.3718461859492009e-6
5.8733329917930415e-8
4.360292726413276e-6
0.0001421445543103508
1.5847546920462684e-5
0.0002394980393015428
1.3450544742973096e-5
6.76984317798717e-7
5.300050619767391e-5
0.00038991421986565795
0.0038095907256166296
0.02543505386428366
0.00414683850423895
4.886555754112315e-5
0.00031817912297379
3.4270298834188205e-5
5.258603620300734e-6
2.740622106431014e-8
1.747089585646487e-6
7.5189587607812785e-6
1.7105524051051323e-5
0.00025784450075132085
1.713799840536964e-5
3.189326555643231e-5
9.574453719044279e-5
5.271094802796115e-6
1.0534841639822798e-6
3.254177246055215e-7
1.0715815802439643e-6
1.6180942497683703e-7
3.0639228143878823e-8
1.0366083131799868e-8
1.2178162593873862e-9
8.558225267461241e-9
2.279118527174581e-7
8.850226480034929e-7
1.1934530497372875e-7
5.124519272739432e-6
2.0782412047623884e-5
1.0548572717478127e-6
0.00013315285347790813
8.932342347614119e-7
3.04267769884197e-7
2.434230648538113e-6
0.0003937665270356208
5.1542498542630656e-5
0.0022164998246050854
5.2919056808139e-5
1.4201405955045277e-6
0.00010177840931042372
2.0073556180598782e-6
6.274592854923418e-8
4.834541018485793e-8
8.291217654272578e-6
1.175445335151685e-5
5.666495744675785e-6
0.00016757969582391764
3.2934454364826404e-6
1.6406632733737513e-6
5.398971969289651e-6
3.344023256740042e-7
2.3213104218905442e-8
1.430322630049744e-7
1.2545180067265578e-7
6.319724224470618e-9
1.2359808070593996e-9
1.323032348605371e-10
7.822882401862998e-9
1.9856976391831458e-7
9.24709076095481e-7
1.3333073061448568e-7
1.361286607178026e-5
1.022138196995918e-7
1.1633781800342043e-8
2.9477511802511397e-7
5.4981314745631346e-8
5.107633836086825e-10
3.559080402949492e-9
7.735731176398156e-9
5.682090564545983e-10
4.1989950697678565e-11
3.0783820098351395e-12
2.1861685938820992e-10
2.8093251651303583e-10
9.93831363023599e-12
7.836174934475604e-13
5.5984515317900304e-14
9.199800802146968e-14
2.573068087456206e-10
3.3335772529025227e-10
1.6317330057848806e-8
2.1680828168733488e-8
1.1110249670402321e-9
4.238988243573928e-8
8.605084355708404e-7
2.5703379287977144e-8
3.5594042348389337e-6
1.9590189790660174e-8
4.149561470840434e-9
2.98020974806979e-7
3.018504511174336e-6
6.678441748406493e-7
6.341815266796531e-5
4.893027715288311e-7
1.158210960840235e-8
9.734529027676557e-7
4.763067875740115e-8
7.469884401668856e-10
1.3922708948376122e-9
1.7514227419202365e-7
1.4951801519591097e-7
5.250623553363065e-8
6.4055203732707685e-6
4.7895138780822755e-8
6.731480965324634e-9
1.4610862416611988e-7
1.7425598868315653e-8
7.155176352274252e-10
1.622785723460884e-9
3.4822168658437507e-9
1.5401944744620487e-10
1.1472188074417392e-10
2.8343803400584536e-12
3.9091711557312444e-10
8.841022557981907e-9
5.303786141579249e-8
2.2634839733027205e-8
3.661167911337617e-7
8.30930672787922e-9
1.2452224235539401e-9
8.95223418937064e-9
1.4959150998436732e-9
1.303846522247078e-11
1.5953998839338703e-10
2.2765632097396545e-10
1.466572408014362e-11
1.8812111411149522e-12
4.9979813668361614e-14
6.019052170272227e-11
1.533212735382648e-11
4.532304010263343e-12
1.0418386201152573e-13
4.053434870733436e-15
3.8036388703676384e-16
7.498412934053635e-10
1.5463702233608107e-9
1.0866673127317687e-8
8.539674688394437e-10
2.038376160049987e-8
1.2344625260357396e-9
3.127090571643265e-11
3.810591158013707e-10
7.975016386983042e-10
1.857822444439184e-11
4.9311055575781185e-12
4.6714482713341044e-12
6.347028838018807e-12
4.877925938896441e-14
1.7382130058429868e-15
1.289091858523804e-10
3.688092201751888e-12
4.865738284618216e-14
1.806888359492493e-15
4.880435178220926e-17
4.863148795215679e-18
2.679852640336264e-12
1.0019786001944098e-12
1.7868431934886094e-14
1.3023050182206197e-16
1.893842312125348e-18
2.305440713618737e-18
4.4736194375476465e-20
