2.6111210153368165e-14
5.831835118801973e-14
9.105523548884392e-13
3.590277981007372e-11
1.574041354788984e-11
3.929691196139883e-10
4.391425829472112e-13
3.962084223390019e-12
2.721874118476727e-10
2.2149889848766524e-10
5.993095325436456e-9
7.890407445837711e-11
3.683427297702644e-10
2.1181757473441014e-9
3.503546721095372e-8
1.7712539999530876e-9
2.4140501444910727e-8
1.8259331937790856e-7
1.4579894498149403e-7
1.2236420614503389e-6
1.0709131007234926e-7
5.900564862479004e-12
1.1646451415501562e-10
1.7307655202219664e-9
5.3695294787523795e-9
1.1553835795605925e-8
3.077806209640243e-9
6.3260301236660695e-9
9.561378880625842e-8
4.639792850961407e-7
8.380408482382515e-8
6.156937887694892e-7
6.757575963120694e-7
2.1563155111623542e-6
1.4686215234019883e-5
5.722042868021705e-7
4.78797990078111e-9
2.3428029110584928e-8
2.3932697002712653e-7
2.2085570751732993e-6
3.0195848011581013e-7
3.587971426262086e-6
6.039057268943202e-6
2.5767061705746614e-5
0.00012833531468901108
2.6788713991584363e-5
1.8986620271228168e-7
9.837611746872194e-7
1.2483669024654155e-5
1.8035068219762273e-5
0.0002568749994051922
5.1983183530095364e-5
2.150825172132705e-6
1.0613112180846733e-5
1.1179341015062988e-6
1.638355315622408e-7
4.941994240377706e-11
7.424056514215319e-10
1.1957550799852037e-8
3.383639106839188e-8
1.7060874673337716e-7
1.2374558375771832e-8
7.38549740799159e-8
1.145448626352024e-6
4.9937179864344745e-6
4.833113565997145e-7
4.694991706390136e-6
9.489826444848354e-6
1.0307410422707123e-5
0.0001052987820752251
3.2374153633415953e-6
5.7698696053738406e-8
2.1755438796049105e-6
1.1061900018415545e-5
1.4488989918146941e-5
4.007808040762064e-5
0.0004925089663882381
7.877874093768222e-5
0.0002771307189458647
0.0013939362395163455
0.0001429087003262822
1.4322210755814618e-5
4.478200868107101e-5
0.00043140805629338644
0.00017568478877876982
0.004412822029236611
0.0002405613633227807
4.063705710676076e-5
0.0008873812266350879
5.2688873553257095e-5
1.1387491141150307e-6
2.2904688610027683e-7
8.391720896463522e-7
4.6884574543197856e-6
1.1231109951096577e-5
1.8640955739101045e-6
4.629671404539462e-5
0.0003233572278809992
8.582298923022701e-5
0.0010248493654705655
9.250354473809857e-5
7.28977077975123e-6
0.00019615750361987104
0.0012893257304105162
0.005435129016578868
0.03476069598143261
0.007463967401106358
0.0004812410282999448
0.0013560856540005255
0.0002154871645493316
4.419605904131489e-5
1.5950521807911264e-6
1.1146610270821163e-5
8.263501960835952e-5
5.72836735683636e-5
0.0008702487954398796
8.70829276168566e-5
8.060879848915203e-5
0.0008634945283709749
0.00013923608030720364
2.642913323836434e-5
3.810284641718301e-6
1.218873260766507e-5
3.2559564706025167e-6
6.112243704982535e-7
9.491825924512078e-8
2.5026754075609965e-10
9.210319910749867e-10
9.397642380126555e-8
1.1423558865055565e-7
1.3279774475752096e-6
1.7279895319382438e-8
3.2533420117817307e-7
1.3509574764752092e-6
1.7377151883031915e-5
3.212941161394513e-6
6.665698158784622e-6
0.00020106135368172672
1.657606080452572e-5
0.00037805563684473626
1.3277019572065272e-5
1.19103302087331e-7
2.7583834031655007e-6
1.1528014899707684e-5
0.00011416946688492197
9.034884398519132e-6
6.872997613166439e-5
0.001348388153030886
0.00040002101346798684
0.004095377955475703
0.0008944324193414087
1.4945328149067501e-5
0.0003039897172287181
0.001026422591498411
0.001094888608396426
0.0441691565359088
0.001387366138504839
7.345999600064248e-5
0.0009733676743890804
0.0009367127307421633
1.1834153203518364e-5
1.000645548944318e-6
1.31251288611357e-5
0.00020512857920147748
0.00045759191574997534
9.670006881280709e-5
0.0009420792431977774
0.004329173313931277
0.0008619983634089596
0.0449495006056604
0.0008776510724702609
0.0003899410497531258
0.003503007528355958
0.0461773630949536
0.03237368525278617
0.4532973304070812
0.03465792299359469
0.004352722738417554
0.04525295866743777
0.004130643892263314
0.0002458117812745493
0.000155870027213934
0.0006606356714050874
0.005414117344073686
0.0008507905926063391
0.04726203145911825
0.0010677063101442485
0.0008104379373319883
0.004324079483427944
0.0015216169204781385
0.0001278219331314868
0.00014316742953167583
0.00039119053462700177
0.00010871449448410124
1.646837753420435e-5
1.3318287170156544e-6
4.948724552724499e-7
3.472273292140035e-6
2.2824869369612297e-5
0.00021269759334346927
1.0560915690196434e-5
8.524633992494834e-5
0.0008209223412814992
8.431557109958121e-5
0.0053345195419617665
8.2803571777587e-5
1.2607971468628707e-5
0.00039244639641166864
0.000978228918923443
0.0014558695601852615
0.04500917124342262
0.001225690775634693
8.264099127681697e-5
0.0010929953241508692
0.000381413605942662
1.253048142053115e-5
2.279234220759981e-5
8.684211067725528e-5
0.0008118705428532143
0.0003765882215199277
0.0043221077122198035
0.00034726472596153987
8.941302436401897e-5
0.001425481614133024
9.094909833941936e-5
6.385783512708206e-6
2.274914941164026e-5
0.00022137372146065602
1.0433260385822648e-5
6.736589040625922e-7
1.6389369935888918e-7
4.5329192290978836e-6
1.8273341207309978e-5
0.00017700049077637876
1.1532456624539611e-5
0.0004206115391098343
1.0645476724786743e-5
1.471248579796358e-5
0.00011095901705196235
1.3496343325129922e-5
2.1418931673599344e-6
5.806535140826885e-6
1.5072116116150377e-5
4.209441304014765e-6
4.321209589393885e-7
4.92362822927594e-8
7.597866542728082e-7
1.215019318845509e-6
1.4867057088607717e-7
9.909864542119247e-9
1.004148444075172e-8
5.980336940722505e-10
2.487606470014051e-10
6.757007775131244e-9
2.8481272107489606e-6
1.6443869095214775e-7
9.081399917925827e-7
7.697082535767534e-9
8.717846537639758e-7
1.2737849505193117e-6
7.600637365312449e-6
2.329120771326032e-7
4.260105453341169e-6
1.336922020812971e-5
1.1147906524953458e-5
0.00014072566306063696
4.5918840450739075e-6
4.286244734274537e-8
8.177056715770825e-7
2.208219354310633e-6
1.5257007299927596e-5
2.1375185050541144e-6
1.8447892089847077e-5
8.09349148834417e-5
0.0002674759475261998
0.0008914197984124275
7.959365099067683e-5
8.514903861132886e-7
1.7489879859842934e-5
8.482272353962053e-5
0.00029889022680222333
0.004646877934487051
0.00045823940565563375
9.717767926043376e-6
7.843697044724285e-5
4.364592932424807e-5
2.594202951918617e-6
3.0782061669505726e-7
1.9604579696054134e-6
1.1648408555322007e-5
1.1200429047609916e-5
2.569095241690692e-6
6.693124338266995e-5
0.00040600297379917127
9.305165058684732e-5
0.0008196632397960633
5.787224464816711e-5
1.5177742144748683e-5
0.0003179447440704519
0.0014860042471189037
0.007463052170957808
0.03352962549012502
0.005812840353571114
0.0002742206927753004
0.0011228638609653337
0.00016570043033752678
1.9409545908249188e-5
3.547715035211572e-6
2.0652184796738867e-5
8.629441900130132e-5
9.389198835040976e-5
0.0009310988267618815
9.025679867030693e-5
0.00024278957647079561
0.00039514559393727367
0.00029176477950989096
3.0905963597063174e-5
1.030153183428669e-5
1.6252469675788743e-5
1.0320245963218869e-5
2.042726425333216e-6
1.439826831180845e-7
2.7015512030169854e-7
1.903201857726822e-6
0.0002206407040844827
1.3818460068325952e-5
3.5960500755851524e-6
0.00029472667543899107
9.914264030551679e-5
2.3799778306904494e-5
0.0008047223399299748
1.1873461202768865e-5
3.836970542266862e-6
0.00010887511418517706
0.0005171775032839541
0.00031935966700799903
0.00404605999080956
0.00022172861621371203
1.9082603788448934e-5
0.0004097076902079039
5.590271846426427e-5
1.1940229549690325e-6
8.52887499810529e-6
0.0002563073157068972
8.214207858985117e-5
7.354418852991787e-5
0.0010983194421652033
5.20935928181508e-5
2.0624291517566442e-5
7.712800405208306e-5
0.0006699348827455191
4.36351453584132e-6
4.461891078514246e-6
6.503478727103759e-6
5.5083592760067734e-6
7.149022867749845e-7
2.332995267075868e-8
7.820235780177627e-6
0.0002198539609701473
1.7909105940434723e-5
1.2131625935838212e-5
0.00019679861173652207
5.054568869116708e-6
2.0622875170725196e-6
1.0992923275549234e-5
1.4182514660734351e-5
2.812053472829304e-7
1.0415261784392747e-6
1.294314647424919e-6
1.2283341093782946e-6
1.1473274196865201e-7
2.405242485926566e-9
2.9208759566618625e-7
1.2457263427128653e-7
3.229654917660024e-8
4.649359520897018e-9
2.2728908351066511e-10
1.965673593864541e-11
2.585435621764734e-7
7.708922733560517e-7
7.4517818658560785e-6
3.3814101750579134e-6
3.4953812183130646e-7
7.754234762482619e-6
1.4129288869385126e-5
3.5287903970066634e-6
0.0001379725120313798
1.4874389672510251e-6
7.345246064707919e-8
3.158643846716555e-6
1.2903919540371957e-5
1.566856120441019e-5
0.0003795354048476168
7.179325317046793e-6
8.424861228946844e-7
1.4989217615101591e-5
1.4499271344831601e-5
2.26357619882484e-7
3.862029096630143e-7
3.2160616315371564e-6
1.4049996301548518e-5
2.3806418011064962e-6
9.344904297141056e-5
1.8108680129098456e-6
2.047736524890668e-6
1.1275777315910768e-5
4.836999442608276e-5
3.5240361691055655e-7
2.2542193292232098e-7
3.931383748023592e-6
5.410557670019736e-7
8.693018249256916e-8
1.8060781930618155e-9
8.695690768193793e-7
1.9020570015171263e-6
3.739904891202216e-6
9.243789676670899e-7
1.0661496949586516e-5
7.590701459674099e-7
4.409267378213632e-7
2.8600230538265917e-6
3.278699809570213e-6
3.032031381809473e-8
4.947497186066311e-7
3.563554549998533e-7
9.277028033293752e-8
8.292773722474432e-9
3.097103224761322e-10
1.4298478365726787e-6
7.116475778394549e-8
1.4302024669543586e-8
1.9732389628388475e-9
2.5883246744279835e-10
2.964140165879709e-11
3.4099564614773793e-7
3.3299340218340336e-7
6.886267604491218e-7
2.8187157761994323e-7
1.043738321189654e-6
2.6975385647438096e-7
4.328683644406607e-8
1.3763137466484286e-7
6.764795062975912e-8
5.0725881023055e-9
6.966357990815851e-9
1.9553403807310982e-8
1.3530865088715616e-8
3.5864115698232596e-9
8.93106784882461e-11
3.604752653104599e-9
8.914164645956659e-10
7.576497817186463e-10
1.3043339201847485e-10
4.273263245085316e-12
6.968721484503176e-13
2.2313603330970676e-10
2.48341540770288e-10
5.1741914417660727e-11
7.218736463277395e-12
4.954939037022259e-13
7.056745400242344e-14
1.83684981763549e-14
