9.753809719538864e-20
5.7457157987574724e-18
1.700896418246633e-18
1.4812744761762305e-16
2.621680962937049e-14
3.44379927634528e-13
4.000861920398782e-18
2.73443478789953e-16
1.8656471896627517e-15
4.756074250690889e-14
2.1166449092148003e-13
3.6748907214129854e-16
6.277569859864136e-14
1.453052296083337e-12
4.492677975631144e-12
2.5196243803258434e-12
1.747357953480891e-10
1.7570274195473768e-10
4.229487943071495e-9
1.6465134157348925e-8
2.174523334242362e-9
1.4785754518194554e-16
9.782257559106223e-15
3.081427290647477e-14
1.2409439858206142e-12
4.7472743954621235e-12
2.3884371533114093e-14
2.7398875815797926e-12
3.967379005489325e-11
1.5498277568303092e-10
1.314918618850862e-10
1.6097297519101254e-9
4.068718197013289e-9
1.3989468948740525e-8
1.8509439412216717e-7
8.630610592026382e-9
1.3368618132389012e-12
1.5266018683008287e-11
3.500805580167184e-10
2.3952452964286693e-9
8.967136823512069e-10
2.792646219231271e-8
9.430452996511894e-8
8.131366994911457e-7
4.450286552634577e-6
4.0665615935785104e-7
5.401133863655203e-10
6.292518673049781e-8
8.039176586928583e-7
6.249902701353765e-6
4.727568360179956e-5
5.500684944282702e-6
8.540142372700503e-8
1.4652776516730582e-6
4.464097573390053e-8
4.153742533563883e-9
7.648943107138825e-15
8.12935147268756e-15
4.882388621123684e-13
6.116689866676704e-12
5.143282954367377e-10
8.332528515189034e-13
1.155373037895291e-11
3.5528685571483694e-10
9.317460421572963e-9
1.6370232511150103e-10
5.741058428840485e-9
1.6034373174431914e-7
9.705165204700629e-8
5.470966867599867e-6
1.1865838584349359e-7
8.282140317669508e-11
1.1906264467946765e-9
2.7895031089908053e-8
1.0638203179723966e-7
2.8016271179075866e-8
3.693262870937768e-7
5.109535029267851e-6
4.768875525494109e-6
0.0001750730039205667
1.1645375478359382e-5
3.946064396487142e-8
1.6033248379670458e-6
7.20119813522925e-5
3.559661933798309e-5
0.0019032242644954874
3.697144197459385e-5
3.1626802137305383e-6
0.0003057779274604142
3.918154084810839e-6
4.297249976626299e-8
5.64119711357067e-10
6.1068359358003996e-9
5.266498587088742e-8
8.568144459365759e-7
4.557956621912511e-8
3.231948893052016e-6
7.238115445368309e-5
2.2467457542824907e-5
0.00024649304536850965
1.5868946665271216e-5
4.7524536472058833e-7
5.442091299746708e-5
0.00037444350008309686
0.004658259353492996
0.027730106977601796
0.004041582491515563
6.918508073330006e-5
0.0003671839675354016
3.994449126198633e-5
5.400241115606794e-6
1.760643333196814e-8
6.419380055722424e-7
8.191386631725706e-6
1.2416769270632246e-5
0.00023320401844740242
1.5836490141686863e-5
1.3908871686739837e-5
0.0003202981979840208
1.355472022271643e-5
4.563588838504858e-7
8.852066763533411e-8
1.5068519210009318e-6
1.3708332917418172e-7
1.0088016547262286e-8
3.0207711421267035e-9
3.3940029382901066e-13
3.0797757511409244e-13
1.030749706121e-11
2.574610137569475e-10
2.95589326958379e-8
4.624916039465947e-12
1.6915789445545353e-10
6.4242264498741845e-9
3.97241815423769e-7
2.1215177564833424e-9
9.942924584131739e-8
6.076940105143788e-6
1.0100270311255142e-6
5.794091189615031e-5
1.7341504566739948e-6
5.045910471863743e-10
6.100110369755195e-9
1.6776815391983971e-7
6.634718595254112e-6
1.3697550812617772e-7
5.082147751049597e-6
0.0001774208150895233
0.00010130910987242809
0.0022179758258398866
0.00027435293853183174
7.425291100971374e-7
6.51460987045508e-5
0.0003093344972903849
0.00032955507134634337
0.03429565714807842
0.0003587006628926016
7.75655699488801e-6
0.0002498028263068287
0.0002872575127865539
1.5430783398753054e-6
3.228459111989722e-8
2.3065878295965006e-7
5.336965529797293e-6
5.460204649244153e-5
6.990681897764014e-6
0.00019609310290981144
0.0020630527147809876
0.00027165363765975584
0.03420032149673638
0.00023899855357101905
6.0570523690271775e-5
0.0019476992423446465
0.03431233685064411
0.026024608319465972
0.6407797969014852
0.02725602911415695
0.0013463432582500115
0.03320072362860396
0.002119101474114826
4.851544957216185e-5
3.3868881852316063e-6
0.00010268479455397731
0.0015152724760274317
0.00022740961318182094
0.03210232463538101
0.00023462955732958394
0.0001163094654055097
0.002049982118043472
0.0001975976536342391
5.1212306087814805e-6
2.4010239102618616e-6
5.6657301170375175e-5
8.814018580732273e-6
2.706078481506694e-7
1.6048500902307743e-8
1.3875258175183746e-8
2.692755980915318e-8
1.4818227572946961e-6
3.1545229612102363e-6
1.0589923545955702e-7
9.591296712881617e-6
0.00013609692172484938
9.900153727957532e-6
0.001730013022635649
8.18709805804099e-6
2.0000049360010444e-6
0.0002524831774995806
0.00023538089257621358
0.00038418828535516944
0.032897685565547514
0.00035771186466118806
7.031913607527279e-6
0.00031013962623948114
8.763478030813093e-5
9.675323903414365e-7
5.456704990314219e-7
1.6506432744276127e-5
0.00011573307778259553
0.0001741958962746885
0.0019778672738088358
7.387184931503314e-5
7.515662991626088e-6
0.00015965381715045136
5.015050551406148e-6
1.0088810472691893e-7
1.4400859368502117e-6
5.280284535015109e-6
1.962609399081759e-7
5.36209781343348e-9
1.2933486531227693e-10
1.8786667213963124e-8
4.890117371325556e-7
3.43918291864691e-6
1.4850431457334552e-6
5.444099684143574e-5
8.11329671054073e-7
1.2231007252311213e-7
5.762799583106113e-6
1.2028302773707077e-7
2.9029287519420133e-9
5.716458314950032e-8
3.77052412507523e-7
9.164404400038682e-9
1.8437562018788776e-10
5.554826720668783e-12
2.8736804461332036e-8
3.559648669991546e-8
5.99444191415907e-10
5.302147108444547e-12
1.7833919069022642e-13
3.903076999551803e-13
1.7440378707285427e-13
5.306950719813914e-12
3.1346483507117776e-10
1.3952277580361124e-10
1.8309114846234856e-8
1.396419668161558e-12
2.9554884676101267e-10
2.5255883787328805e-9
5.0508427467728727e-8
3.937308995539634e-9
1.7721800158053515e-7
1.5045942383419138e-6
2.3370106639818843e-7
3.2776751916694308e-6
9.745440086816147e-8
2.984803352643129e-11
1.6678946696557134e-9
1.2335554836953989e-8
1.2424541945895643e-7
7.51758888011135e-9
2.087078770851416e-6
9.468386036074233e-6
3.166738399831408e-5
0.00011894715537250174
1.2508690368440149e-5
9.34312434734357e-9
1.1828995619159547e-6
7.953238165186286e-6
5.061621796191987e-5
0.0015427964549161034
7.03980160530305e-5
5.395698795758281e-7
8.267352209057054e-6
3.3353989518380603e-6
7.839805408847844e-8
7.089422372763785e-10
3.138666914487892e-8
9.773749416921017e-8
1.635520220225429e-6
5.2937995537156964e-8
4.771154142427791e-6
0.00020170779451802673
1.5605320095242054e-5
0.00023499941133785506
1.182481086954983e-5
6.30525460965755e-7
5.2279086244763086e-5
0.00038671418736589995
0.0038364597800518664
0.026104074304559903
0.004243874430276491
5.201734881702381e-5
0.0003280316535140015
3.5120650189284786e-5
5.313504736413005e-6
2.6013127289391066e-8
8.18918189884673e-7
8.068101468773203e-6
1.5468342360394213e-5
0.00023447803502738785
2.0208525071222023e-5
3.9996048346141585e-5
8.716397115505612e-5
4.896599134645053e-6
9.801735465637622e-7
2.3887689817041784e-7
8.958608664152134e-7
1.3119526653517764e-7
1.581355532630721e-8
3.98547615936967e-9
1.159124837706297e-9
7.664682316034975e-9
1.9844250939705854e-7
7.552623482897458e-7
7.636254575851136e-8
3.6560286251086275e-6
1.690336400105938e-5
1.0613150186880052e-6
0.00013525080504019104
6.264523759685129e-7
2.244014916589669e-7
2.3681790096539764e-6
0.0002475773259804685
5.509584326915677e-5
0.0018712334984386633
5.165523536897233e-5
1.0690563050560974e-6
6.180120106958894e-5
1.4231760607914472e-6
5.555007729274035e-8
2.8823110959396505e-8
2.532652865096975e-6
8.104916369972953e-6
4.121316787775915e-6
0.00014667564963819263
2.9489607399803467e-6
1.4433236916259132e-6
4.89821653447131e-6
3.3883469281456384e-7
2.362088400304527e-8
1.1619354093832899e-7
8.978672797895519e-8
5.702621385720853e-9
1.4648317735940934e-9
1.5261039838448775e-10
9.012767216607558e-9
1.2763919039340252e-7
7.904892023007541e-7
8.67073555084493e-8
5.713225201386671e-6
4.570941247068119e-8
1.2591759397102706e-8
1.6600951519093587e-7
2.479932874368207e-8
3.2257696114310993e-10
3.010732765112158e-9
6.168791687570432e-9
3.84687006054935e-10
2.99324405206441e-11
1.3789412562651196e-12
2.123469585918625e-10
1.6986401451549293e-10
6.220349043586459e-12
3.967021739953961e-12
1.1997749774849627e-13
1.9410476247254512e-14
4.464111643552366e-10
2.757494763482789e-10
9.688789816975221e-9
2.184047121481947e-8
6.113174034419952e-10
3.275582348210183e-8
5.644099144941869e-7
2.5606632679171797e-8
3.1950061288854257e-6
1.4949572391418528e-8
3.688454054794382e-9
2.070876555621862e-7
1.9445259758938134e-6
6.505896368454935e-7
5.60720527288899e-5
4.374103752832412e-7
8.98747382196117e-9
7.412784826801206e-7
3.947353143622393e-8
5.748727024895078e-10
6.786249534299104e-10
5.506768331092977e-8
9.066347205909738e-8
4.517427873044042e-8
5.454614950079481e-6
4.267970635432583e-8
5.716685158429576e-9
1.0893127992558869e-7
2.5006802359898794e-8
5.84131306920001e-10
2.8901752788371802e-9
1.8894671635351907e-9
1.5964773070716486e-10
1.0016760100759709e-10
2.5390667097514676e-12
2.4580668250069215e-10
4.958162995974994e-9
2.986020437744714e-8
1.7031357269845612e-8
2.3447049897195124e-7
5.094690093567566e-9
1.058388873090622e-9
5.958040857122556e-9
9.740702694130385e-10
1.0948117827111406e-11
3.217088002189081e-10
1.469730409803687e-10
1.0283716564899459e-11
2.0094094859167667e-12
6.010409455423943e-14
4.066981111865069e-10
1.1129767065094545e-11
4.4610677649219935e-13
3.022420902841187e-14
1.966014157077481e-15
1.3608146994645416e-16
5.511778318584953e-10
8.545531627803153e-10
8.013028551901416e-9
8.344609610854908e-10
2.5042551427011302e-8
6.922955109071273e-10
3.331002431963795e-11
4.383205031967972e-10
1.0193771922459083e-10
1.8613045355853753e-12
1.2433002480413505e-12
4.1980389439174966e-12
9.226578163388594e-13
2.0213846421503132e-14
3.94137979972413e-16
4.295788560614194e-12
2.403252654035264e-13
8.418455832024316e-15
1.9720960927078942e-14
5.475138443148456e-16
2.335697550316734e-18
1.5312988521610958e-13
5.261421500595739e-13
1.0086702886382814e-14
2.587785657047121e-16
6.8860652398675064e-18
8.99801714116414e-18
1.5296137815767318e-19
