5.957369943888192e-17
1.0234012718984224e-15
6.886438982734161e-15
7.492628147540205e-13
8.690155496508983e-12
1.1136249640605058e-10
6.263975556846902e-14
3.0973249934499015e-13
3.521315097235481e-11
1.2621095282270574e-11
3.1554582680162382e-9
4.690026819047038e-13
1.1650701491976441e-11
2.8839124693638596e-10
3.890264027317816e-9
2.0417946473706413e-10
5.986616897062493e-9
2.2438258594950954e-8
3.0757102553167073e-7
2.478446705235804e-6
2.1571393256799468e-7
1.6237775694784171e-12
4.1137813113261425e-12
1.4134430567265477e-10
1.5587294459977126e-10
9.45654952780954e-10
2.847296383740958e-11
1.5310454477836383e-10
2.7013014840496957e-9
2.4956504017999954e-8
5.313333643461747e-9
5.029252738041785e-8
1.6396855609269667e-7
3.8023624688161906e-7
2.4331190035977423e-6
2.070399545124444e-7
1.1794440598090149e-9
1.435296490441067e-9
3.995309349614732e-8
1.4993724760775953e-7
3.255803713709919e-8
9.57041184498983e-7
1.6643840219929884e-6
4.8941132958319035e-5
7.669248891197203e-5
1.803261768353648e-5
2.0552823760030016e-8
3.8210464075841e-7
5.175525550183188e-6
1.3239559513469239e-5
0.00015863792964217692
2.4549154313314874e-5
4.85416665856597e-7
5.825533245183537e-6
3.230656903166019e-7
4.546885558732653e-8
1.0904953626936076e-11
9.027191891741496e-11
4.0977884038375195e-10
2.7545367112448546e-9
8.059121818792274e-8
5.336236550641287e-10
2.4873085662711746e-9
3.374720179966038e-8
1.37401438398663e-7
1.3660592078508954e-8
3.092303000137231e-7
4.599923422370522e-6
1.2953760079958484e-6
3.0092710893123264e-5
9.352218497000572e-7
3.994559020760441e-8
8.517133371827149e-8
7.952331978173791e-7
1.6807974024657766e-6
1.255800107050847e-6
2.2138321341255526e-5
3.661253609402577e-5
4.989869877768435e-5
0.0004901970926154309
6.356646670114664e-5
8.053416193022411e-7
1.2768783822858084e-5
0.00030480228168918035
0.00011252301915977084
0.004253982416802868
0.00012760436370586983
1.901898852021442e-5
0.0007901408741325333
2.3354840859135552e-5
3.1968236632061417e-7
8.786476205168273e-7
1.267921515044721e-7
2.610055018038572e-6
5.621874163748276e-6
5.264151785930329e-7
1.959134476006875e-5
0.00024548799312598316
4.8157187667631143e-5
0.0005803609954375557
5.192475563507415e-5
2.6527484278090554e-6
0.00013936787448116377
0.0007961866812185473
0.0055205588784081015
0.03240893388088714
0.006743144380669324
0.00024089114858499096
0.0009129615136220134
0.0001231671720539921
2.5418801366350956e-5
3.5327731963603457e-7
4.419303836221525e-6
3.0147273155376947e-5
3.5975574462145266e-5
0.0005394811188275061
4.9146282942521714e-5
3.977904379749269e-5
0.0005459431996419324
6.282464132720268e-5
1.7919187548766355e-5
7.194553897287328e-7
4.627271897839068e-6
6.843544876081468e-7
1.8525882301803836e-7
1.7112254281942258e-7
9.923100820916474e-11
1.9104423283323953e-9
5.887924440290204e-9
2.1352773063224524e-8
2.1923327925871303e-6
9.046025966339944e-10
3.007173907936477e-8
1.7650043555716826e-7
2.9606811663485544e-6
1.7968836644356378e-7
1.8823990546020345e-6
0.0001815017075997014
5.122602235461185e-6
0.00017716296292135975
5.193367006319131e-6
6.878171475747215e-8
1.5336836372011982e-7
5.004605490068339e-6
4.729676703495792e-5
1.4345067143126212e-6
4.1201106408377824e-5
0.0008801061872160311
0.0003101821460377999
0.00395844989923258
0.0005404977217269067
5.001774313848421e-6
0.0002328868430970999
0.0006419038506570651
0.0007224826021282043
0.04245170040321704
0.0009214721055344483
3.1646737051487193e-5
0.0005807043772065344
0.0008964999361982395
6.158757833439481e-6
1.921712657336856e-6
3.996279034190528e-6
0.00020499238782632745
0.00021340212219248447
5.02754750336102e-5
0.0009666994504606809
0.004020057130785942
0.0006504313597196392
0.04199093479610373
0.0005292399282790928
0.00019300734825193212
0.003173809422900295
0.0399997116130848
0.03030729379361973
0.521504772456256
0.03312137468436671
0.003335223308991162
0.041780850736066216
0.00388637683366263
0.00015749804122143772
3.199259619777154e-5
0.00038839560309730586
0.003061077327656313
0.000528290392469656
0.042124360630246716
0.0005837644744657245
0.0003644325590163162
0.004118394330847478
0.0005038224978012267
7.528054701789417e-5
2.2499096572475835e-5
0.0001650424444244286
2.339415163057256e-5
2.4976401699976383e-6
3.820073621432163e-6
1.3950497285882008e-7
1.1483969364229686e-6
8.399160992773648e-6
3.6771677980896966e-5
2.3600613337358996e-6
5.5972387408757335e-5
0.0004643824284648971
3.8109849541438225e-5
0.0032779977102924914
3.185622209676344e-5
1.1348491564788053e-5
0.000945177233671454
0.0005772774514564234
0.0009307324908705847
0.04119522236755178
0.0008314260720170977
3.886229766900033e-5
0.0006729894982422997
0.0003509501444891119
5.205419495978356e-6
6.826065659731847e-6
8.480432212448741e-5
0.0004408820434385989
0.00040347912768405527
0.003547049497079396
0.00023788199341536333
4.5311308632571106e-5
0.0008007830023517532
3.898597692293677e-5
1.951704435911143e-6
9.231116895874079e-6
0.0002119015393807289
5.1013476986493446e-6
1.6146491668800443e-7
2.9058736369088662e-8
1.5051272536476976e-6
5.09468855679654e-6
4.280118726531681e-5
6.669121358928112e-6
0.00023290008181284068
5.434290678038167e-6
1.2071612285398334e-6
4.5998626243814925e-5
1.509686792234222e-6
1.3917485288456627e-7
1.815127707781674e-6
3.5816129887840635e-6
1.5158295536937795e-7
2.2425514516863213e-8
4.1251879257216345e-9
2.962624073449854e-7
2.9981369410948255e-6
1.1835295812136912e-7
1.2747190224789626e-9
3.0119625965455383e-9
1.0751319381229031e-10
2.887607729659316e-11
2.149469246514849e-10
4.962691150068529e-9
6.823836973405737e-9
1.7926597802604082e-7
2.2683965229894527e-10
4.1437457144466785e-9
4.131654711713438e-8
1.284435884146877e-6
2.5831772365103645e-8
9.713887651114498e-7
1.0078974335014946e-5
1.6530687427966413e-6
2.2894806135538173e-5
7.843693667799869e-7
9.062030000250867e-9
3.0568104531119343e-8
3.435928383916721e-7
1.5642720633197024e-6
3.5484084896549365e-7
7.693485634284643e-6
4.972417712083683e-5
9.66382202489736e-5
0.00040335911494744013
4.193866566694927e-5
1.385630320655183e-7
7.104849880578436e-6
3.538937146711537e-5
0.00014585810502907654
0.0028936068580324905
0.000211149221948366
3.2652632375524906e-6
2.960366272560223e-5
2.218762143226561e-5
4.4793523185481e-7
1.640145485906316e-7
2.3390820141456942e-7
4.320638159248475e-6
9.761712784552043e-6
8.656665064703872e-7
4.260566038215663e-5
0.000693804514655621
4.862481653462673e-5
0.0005432636459131514
3.6329932264925946e-5
4.348868269383799e-6
0.00015178477753259625
0.0008732365217403275
0.006023198553398215
0.030560580975007787
0.0053047477382165325
0.00015814898742676263
0.0007115562044316284
0.00011054719141561113
1.2151802112613621e-5
4.667560386583015e-7
6.236956578622489e-6
3.612851774212112e-5
4.718348273795168e-5
0.0006440887689643742
4.262858311450424e-5
0.00010058139010095233
0.00030671436354973825
5.241051999487051e-5
5.6771414024871545e-5
1.783791985975274e-6
4.402409836362681e-6
9.609158255356373e-7
4.078044891202068e-7
2.573131538558569e-7
2.2812223876678708e-7
1.0554963861283707e-6
7.662677827221819e-5
7.402399913675884e-6
2.346482353137084e-6
2.5055440155505125e-5
8.770953095702364e-5
7.142283302271025e-6
0.00043359505692027844
4.315208404817877e-6
3.0664083130277225e-6
1.4294124141964585e-5
0.0006507422852150527
0.00016147619899766844
0.0036068563071011465
0.00013554334987854306
8.060756661661458e-6
0.00024416751801867163
1.211359082181272e-5
3.445884650341649e-7
2.131527379517019e-6
1.500636430293759e-5
4.954897007767577e-5
3.0065928564847573e-5
0.000846232760776379
1.86413498539038e-5
8.664518782177636e-6
3.953456975667764e-5
2.2474268781318544e-5
9.795626038898931e-7
1.311605876873392e-6
1.818353796296428e-6
3.0073313548327037e-7
4.8050395851482604e-8
5.750491903347098e-9
1.3679773868337932e-6
5.5172464550885545e-5
7.774087633783995e-6
3.898022625666212e-6
0.00019022610770296123
2.4852094150590377e-6
3.4043650321903903e-7
4.652716251703838e-6
6.923194713626319e-7
4.468130311211626e-8
5.8569231700993195e-8
1.4252966045465876e-7
3.215732681981154e-8
2.824585199470498e-9
3.11027996582541e-10
1.0670793807609958e-8
2.4193795643149257e-8
2.74008004640097e-9
1.3607695931159927e-10
1.1191910148128709e-11
7.0516439614054844e-12
1.2942017293798332e-8
6.363624063626105e-8
1.4967663559302565e-6
1.1654257767865563e-6
2.9611670309194827e-7
2.4540368336148526e-6
7.033605275879963e-6
4.545825899379939e-7
2.8502258257571093e-5
3.3164477221626516e-7
9.750859727192525e-8
3.43629517666017e-6
9.112545519833079e-6
4.555172804350355e-6
0.00019229257070140838
2.7638503299178246e-6
1.445901315884254e-7
4.747399252954698e-6
9.098676840690188e-7
2.149736886784724e-8
3.594750076052324e-7
2.3539280647677568e-6
2.165566028731636e-6
6.909192624833193e-7
4.043834137913788e-5
5.032815435753874e-7
3.6594260141695617e-7
1.363588681407543e-6
1.1293049603048695e-6
3.542895176531678e-8
2.7561535030876098e-8
1.7551195647122583e-7
1.3129651839647467e-8
4.7181161437111686e-9
2.468232035271412e-10
6.526649988845598e-8
1.1044371212872577e-6
1.135311348627495e-6
6.060062327663941e-7
3.366117818440539e-6
1.5686133774096965e-7
4.610871825207533e-8
1.3801003568116902e-7
7.469366106436207e-8
1.3487618230443055e-9
4.735240806703426e-9
1.764847010011078e-8
2.0601541756475106e-9
1.4452646910125263e-10
1.2588965001475613e-11
7.836709831105466e-9
8.08709554055596e-9
5.48761215606747e-10
2.2056239995858405e-10
4.152034280239123e-11
8.383851431492888e-13
1.5528147426853273e-8
2.1108286279115293e-7
1.4929251373404414e-7
1.4500739851294133e-7
1.70206924282728e-6
1.0031740887572193e-6
8.227672939330654e-9
6.53159520656202e-8
4.5341716447588686e-8
1.1422081453227707e-9
2.737888974821495e-10
8.254946309333674e-10
5.853005812422101e-10
2.8395805012011973e-11
4.979100619421084e-13
1.918605244574594e-10
1.283774566451613e-9
6.621537890559664e-11
4.7235445408018195e-12
3.876955706907347e-13
8.316590227188354e-15
3.195142503115813e-11
8.492437772958384e-11
8.330374356104552e-12
1.2213199033955738e-12
4.715641217247013e-14
8.526510831899489e-16
5.510257200251121e-17
