1.4592486185001275e-8
8.861258311362203e-7
3.470770497747465e-6
1.1793753877106312e-5
1.4033275620536424e-6
1.1048101430935904e-5
8.968130344712628e-6
5.149308803821578e-5
0.0002223751884872592
3.8174381124230636e-5
0.0001636776554299989
7.23245491892644e-5
0.00022120821333240767
7.50874862802873e-5
0.0007610799402096258
0.0002316523204924717
0.0001403680693776164
0.0006357715550329777
1.8958413297045056e-5
0.0001731368752937735
0.0002844406583719979
4.1822085591809845e-5
0.00014868962632141815
0.0007802736851201075
0.00037802124412428945
0.00035271469609283996
0.00027159714092997623
0.0008076182366777424
0.0005601612131678924
0.0018343769987539753
0.0012481757331193337
0.0010770072799214604
0.002510018568241297
0.0003667571690281819
0.0009789610137896677
0.000943770983993087
0.00022246229853924694
0.0005262590479908935
0.0005243483583767835
0.0023228876424106915
0.0009149540894232997
0.0010644585772212314
0.003442474515060811
0.0004739658071480535
0.0035371134243087736
0.0028157287488453013
0.0008883943502824272
0.000988254482275002
0.003592907269312011
0.0006288068686769486
0.0036717966549938614
0.003235895285072685
0.00012143127163021749
0.0007567796382207673
0.0008585644029679512
0.0008932730458975072
8.903719729052591e-5
0.00038831200352129673
0.001027877090091973
0.0012724687211728464
0.0005261992062791203
0.0004211373160525289
0.0014252256283435653
0.002197543541171919
0.0018649827611957718
0.002651102553254756
0.0033870634601503875
0.0035304024590711988
0.0025036659227728386
0.0025795892342566924
0.0010143594453623716
0.00043983996970425085
0.0011962389481364123
0.0017140478415172738
0.0029189839403254143
0.002384434406444196
0.004211253266301337
0.005372815427067804
0.003356633194558523
0.005814756948577098
0.003265195024174051
0.001882488008097685
0.0033713611279512622
0.004918773752665802
0.004067953872834791
0.006562549345446957
0.005189863343378084
0.0021006469715688235
0.003021592304456062
0.0020579004809166595
0.0008835034518488873
0.00019437112626694597
0.0006126360896975275
0.0009721083399198711
0.0030417701958968977
0.0012499692295086322
0.0018635653695319263
0.004086462594668451
0.0024920556250405787
0.005669351111711803
0.004419647537102957
0.0013944272726037577
0.002592188093079111
0.005971420179405846
0.0028504465194160375
0.010700463200470576
0.006190464649883952
0.0016981275195395136
0.005203136929086566
0.005209445052432144
0.003231464157165517
0.0008325152932503561
0.0019698105267323286
0.0063863902127405895
0.0018893828651532312
0.005918358178880143
0.004298858564752422
0.0008797011247013725
0.003390107674015473
0.003213648159077284
0.0027557737979789416
0.0003069745832441593
0.0006737303580168735
0.001033651043923627
0.0009579674552406153
0.0002953685051787689
3.800984786514251e-5
0.0003026966209676571
0.0006374547384909195
0.0010756136733402427
0.0003704724196366813
0.0004441716927856299
0.001234835417491602
0.002437924925375995
0.0013896087524499306
0.002252380334652145
0.0030598723746301636
0.0019205946784277288
0.002628630649437149
0.002773236184628367
0.000674004899979329
0.0004680603848842119
0.0015531405763114384
0.0025339367037111498
0.0034248272425322344
0.0025198059222037972
0.003935562764455211
0.005455893838584892
0.0037449498924013278
0.0070183959054025006
0.003367158441943656
0.0021428461676164324
0.00447107072767122
0.0062879300903983595
0.004570117124832771
0.009937525583535793
0.0050294952908413355
0.0035830536712085654
0.004518942538860558
0.0030568563020057426
0.0007623345190205629
0.00029875850004161704
0.0009293277918494254
0.00220692024269882
0.00336572893306077
0.002120672628147367
0.004490806286492519
0.00717847481309358
0.004242689987070278
0.010212920424247035
0.006192949109082291
0.002274566069101068
0.00576931720104842
0.010169589038650196
0.008849615916828028
0.03181819881288546
0.010832021185155635
0.004892288543925011
0.010115028256995172
0.006493471447553721
0.003714116349609386
0.0013770321347012307
0.004100928925194798
0.008363041194696112
0.004432682047445184
0.01005072994502027
0.005550200503457343
0.004286483499610459
0.006973850931753414
0.00577200813201629
0.0036200466701291163
0.0017629225117293031
0.0028776076249838346
0.0026286984799562267
0.0009851342094522558
0.00018410459590079175
5.069283916090313e-5
0.00031814090124600134
0.0008394875725708428
0.0023580588553081963
0.0006596604098312462
0.0019898546364809496
0.00487811043838948
0.0024999940364521136
0.008458691104861494
0.006437936699483929
0.0008898333959131691
0.002297040330547499
0.005403031822681493
0.003089478502441511
0.010239149111916581
0.005994677711777482
0.0024007230110664
0.006137675444598136
0.004974925571078465
0.0036192258067815172
0.0007529644979755487
0.0017819756127817007
0.004774954784614097
0.0025489098389095462
0.007215489121727463
0.003998315539162222
0.00195331922246821
0.005438609846995308
0.005492671882809549
0.003346299458026949
0.0008975655871543639
0.0018784918191996733
0.0035928651377587317
0.0025479033989532916
0.0006638788017628636
0.0001654742133246063
0.0007648804193495468
0.0021492285179509516
0.0011557856214085777
0.0034026156308480664
0.003037120153242002
0.0008631430590590303
0.0034967049598645644
0.0028253057848791133
0.002271795258273171
0.0004796396209592758
0.001373877855988631
0.0019037652764162436
0.0018917372544336902
0.0007917399327861769
5.777505714573462e-5
0.00035542698436364907
0.0005025356709801439
0.00036602984433613115
0.0001668909091837446
1.0881976780994225e-5
2.540230207870357e-6
5.215888497534056e-5
0.00015369693798184344
0.0002400033142203283
6.110790945101737e-5
0.00015026571708393483
0.0007075899770194047
0.0013111696868894982
0.00047998549855375594
0.0009000230765045583
0.002048779532553906
0.0008976067133562151
0.0018046604651663005
0.0017203443359188474
0.0003079175220090961
0.00017372730709018302
0.0008627302091013737
0.001976592244066076
0.0008658921876957126
0.001626082397591058
0.002484583644141885
0.0019198195556053138
0.0026546490706049115
0.004319418520124213
0.0008823891678185448
0.0016095095138710497
0.003718311139954656
0.002434916557486201
0.0037834281937008194
0.004783608248419805
0.0016507404473648964
0.0037725547826796503
0.003614173414178243
0.0021319525851929495
0.00012534926905417675
0.00013169882600275195
0.0004978103938271107
0.0017364278284906925
0.0011276461431318722
0.0014415979074334168
0.0030585525355538985
0.002591222159094642
0.003698686791404335
0.004395588267891118
0.0018738975823886703
0.0018979092081313886
0.003968678901277072
0.003086559524478241
0.004355571234999291
0.00892109347413197
0.002831905643232386
0.0038134600112693616
0.004564688231472094
0.004043803151862287
0.0006302295778708028
0.0007655283839800058
0.003111090356942566
0.002488011258366053
0.003737416123939189
0.004259003074128106
0.0024315216631131437
0.002657722271357261
0.0038343423170276486
0.0033303844070039536
0.0004845381818372859
0.0017999361489692842
0.0026031590045840444
0.002563586091248057
0.00036864566939584
1.9695906394948656e-5
3.348226192963355e-5
0.0001809210936924614
0.0008022928277175482
0.0007857425365179299
0.00042011575140099225
0.0024385499047048886
0.0017802199029990657
0.003013638440234243
0.004103402422470662
0.0020559848434279875
0.0007192929286520874
0.003121350753853504
0.00227513397437858
0.003999784455300765
0.005663190601728534
0.0026238491630669577
0.003684460849244798
0.00444356620063153
0.003338557134672354
0.0010296541938322292
0.0005583878281138496
0.0025517934826631192
0.001984044817932862
0.0030155799385202142
0.00453437066690344
0.0018381773304098827
0.002471093917124369
0.0039654454104293855
0.004108034398387346
0.0010839374265931253
0.0019737453384061233
0.002979153860428596
0.003323799931375387
0.001049304843357789
0.00013786417304818813
0.00010941545805857253
0.0007722884958341204
0.0008073347921567868
0.0017890597536831285
0.0021692931268548397
0.0009671368880395197
0.0019391566712752284
0.002566643812360643
0.001712565499759058
0.0005006968216889435
0.0013404417762388388
0.002297551295767391
0.002207671681508306
0.0005582883642757204
7.671657869816923e-5
0.00024515206372097365
0.0010537880176110408
0.0012785303222158282
0.0003806586524051805
3.999787177847926e-5
1.5137102085725532e-6
1.5736406982713016e-6
2.8355457384241045e-5
0.0001209089814598651
0.00017380140452104905
7.843363913752468e-5
0.0005710957665559116
0.0007581785456306455
0.0007735315503478889
0.001455000732595808
0.0008661931393274728
8.645193619841506e-5
0.0007278245494670093
0.0008906914255002653
0.0018384591675802413
0.0023690919177454845
0.001391377074519209
0.0015460702620311037
0.0021697087928632852
0.0019313878529845768
0.0009340704076206183
7.480604925856487e-5
0.0004237701642133049
0.0006610420704670709
0.001380505480568688
0.00211923243924487
0.0012204362604654705
0.0016185443532392811
0.0025459298721673446
0.0023123530822809265
0.0009189997488409514
0.0008761857944268479
0.0022511282046687978
0.00257656138075761
0.001316568889064155
0.0002449549418360807
2.6876976103086296e-5
0.0001842994837639311
0.00031104442448696794
0.0005027088245578654
0.0008952928955890414
0.0005984601282962163
0.000857093766634085
0.0015450354097635264
0.0012168323682941737
0.0005218658423568614
0.0006753664708114287
0.0011775734223101976
0.0014239413959723016
0.0008414513948006401
0.00022345242064928048
0.00014219784977758624
0.0006493476920692793
0.0010123765130310549
0.0008000661893714783
0.00024547442214991206
1.3323291991611228e-5
1.5081458694011938e-6
3.383092129864806e-5
4.98489367868946e-5
0.00013390979804810596
0.00029302096975714016
0.000186644490602874
0.0001745573920192992
0.0004923666259775131
0.00042482195738227885
0.00021829041583130496
0.00014732995022765665
0.0004645800485751199
0.0004285121131908995
0.0002604422846900311
7.067151156673731e-5
4.981181157839659e-5
0.0002894343009510082
0.0003667544730413173
0.00014431291525108438
5.0292054447419405e-5
3.3352620494027353e-6
2.462505567235433e-6
3.7048735643359497e-5
8.573392106195459e-5
4.056840936369275e-5
8.941066130836997e-6
9.038879793894429e-7
1.516124461532156e-8
