7.378341806471347e-10
1.2928692917575609e-8
5.12899063157341e-8
1.6232845309837839e-6
8.772826870144818e-8
1.5667535673832663e-6
1.6288662704321008e-7
2.417212883655609e-7
1.0215165065167048e-5
9.012752738925262e-7
2.5472035747627383e-6
1.1300032057459498e-6
3.920263443648379e-6
4.752454986617759e-6
3.910358880371309e-5
1.79784157679685e-5
2.6327642747467196e-5
0.00027282953412006625
3.82555234032605e-6
4.0018813894519274e-5
1.542308109650428e-5
1.7742340148976627e-6
1.4321138180459326e-6
4.478364785279892e-5
2.6543703500175845e-5
1.0474784342872486e-5
6.187436325120066e-6
1.9137718162106487e-5
3.866617113997779e-5
6.426888952486318e-5
0.0001143103993270847
8.634821840828246e-5
0.00016242814428679144
5.2418069136609386e-5
0.00011935713075383624
3.3124008550540325e-5
1.1751488422575164e-5
1.1304746525355702e-5
0.00010149521527484674
0.0002057195086845718
5.0142367162563464e-5
0.00011347155410072366
0.0004990523768436267
0.00023503187711370376
0.000864474901467801
0.0002700666626122043
0.0001366223109906192
0.00026292603786995524
0.0004943508878555305
0.0004118398760189318
0.0049060782605559
0.001736160842880557
4.0619757447251024e-5
0.00019439220603671142
0.00011660519540808426
3.413960063660807e-5
4.725009223619672e-6
5.63538323752355e-6
4.99206142087043e-5
0.0002870183752399055
5.6878505436794604e-5
2.082257712185305e-5
0.0001313818473667275
0.00046913050548890665
9.813494581974363e-5
0.00023093732894199036
0.00033507420067945367
0.0005658871386431389
0.0003373014070831298
0.0009861865296662946
8.79213281992391e-5
4.880157191703718e-5
6.797157736973326e-5
0.0004718531922224121
0.00047621879814434097
0.0006007761911755226
0.001124189408555306
0.0012704436539034295
0.0015096291424441638
0.004172715203548563
0.000694339770009951
0.0006283084482216299
0.0008861014686415096
0.0018954274783366588
0.0015148904662752765
0.00998549748367079
0.00229720006850482
0.0010296806579985077
0.0020608631221615803
0.0006709754995144926
0.00010728015026488136
3.893118551238395e-5
8.22403434066948e-5
0.0004067814382102206
0.0005847470271063536
0.00020184732104819124
0.0007375388794705315
0.0015095560894183263
0.0008011287171848642
0.003843378167374266
0.0008107023724973898
0.00048007368811231146
0.0011249065321336993
0.0039685247301114454
0.005797531874424647
0.03319983549686337
0.01150722280037548
0.002553467322796868
0.006025703301981277
0.0023276558145248153
0.0018249162494066355
0.00037179000381587865
0.00037612885172224887
0.0015281302624361784
0.000504390958411974
0.003785168056362992
0.0007765218746671644
0.0002575172088319438
0.0013191500036659448
0.0006682986061531586
0.0002575294477900218
0.00010724640413892248
0.00016325231571018498
9.034453447398224e-5
3.2355985799557806e-5
1.3724390179555182e-5
4.647138495493044e-6
5.567637498822536e-6
6.553431332519345e-5
0.00016063309593340047
5.273049244158539e-5
1.1915391826846978e-5
7.826056785266811e-5
0.00036134337384482746
0.00015916398877851057
0.00018452264845461892
0.0005339714736830671
0.0009622140743747465
0.0004359155085987235
0.003234779934277592
0.00016210428412499482
6.765300303290647e-5
8.9016820132038e-5
0.0006698144208137266
0.001174708082697587
0.0004524322150711652
0.0013235346091036695
0.00383074745102108
0.0017409298123437365
0.008219371414814975
0.0013696124507204409
0.0005799074689088174
0.0017550003512296567
0.003840141629862063
0.0033365892677105877
0.03660178856579967
0.005883801870818388
0.0011261338020193982
0.00373055224452188
0.0020880691914754194
0.00019673052374665577
8.919062914913293e-5
0.0002126450978313176
0.0017140461190039672
0.004326088611582028
0.0008858921451559589
0.0038485407399536688
0.0078086341653598864
0.0038447695996548857
0.03650464593280897
0.0038318890351849806
0.002513532458493104
0.006818202078408122
0.0322735783023798
0.0248620410240021
0.1848148707106921
0.03305129021078957
0.010424156112026526
0.037675570025344045
0.010001698952186383
0.00497211944601895
0.002471127870264858
0.0030573551813595345
0.011604033082428945
0.0031052199718252637
0.03735512118028681
0.004054594778134392
0.0029538551932886377
0.008277091818656554
0.004656389829230493
0.0009003986487213115
0.002840569312190667
0.0034418596260548454
0.0010011541761036748
0.00011656825794457656
4.162620214702766e-5
4.101420852182234e-5
0.00014176874636064268
0.0006925929429279249
0.0032425485201349608
0.00022278741353554343
0.0017167458409755975
0.003564064147506306
0.0010896158316557997
0.011740006187069893
0.0014504094004511845
0.00043441295042412174
0.001268270729452273
0.0036023208326677733
0.004271550037347875
0.03272348846827724
0.0038962331832229757
0.0011569954049054506
0.0037479596346520934
0.0019334026136449958
0.0004846010193503886
0.00045949133665233114
0.0006805248672821759
0.003582991385561258
0.0009102664648332236
0.007880540666771576
0.0015186091077896923
0.0010205500730648882
0.004017619947226927
0.001308013924641647
0.0005194598218597824
0.00046436605724021085
0.0010253215392153207
0.0005627991041915167
0.00016354815446650964
0.00028462055584946506
0.000395381626597742
0.0005096419838099091
0.0033128110355137752
0.0004141588709682718
0.004238305599137075
0.00062823566062275
0.00019842756583258607
0.0011798079901109797
0.0005086873682908895
0.000226248287055964
0.00010053558629332682
0.00016631529120050777
0.00010320378306647427
6.281845607713084e-5
4.1649054415568745e-5
4.127857649626231e-5
5.088577190743752e-5
6.529124041446187e-5
1.1705091698978665e-5
2.6528222373378187e-6
1.6959723672426656e-6
1.3364814788768622e-6
4.984721687397675e-6
4.474569937220993e-5
0.0002190361307188335
3.647330835920743e-5
7.453187336709911e-6
3.839338874415266e-5
0.00029361589320377624
9.355913993516204e-5
0.00015208265638157138
0.0005773427725789383
0.00043785320384060107
0.000464384831781293
0.00277917482787604
0.00011096745858433692
2.2067881516644938e-5
3.557129830463665e-5
0.0005110873264055153
0.00019863894835547263
0.0002029385014388684
0.0006873697286062014
0.0009564563732993957
0.0009455778775629616
0.0027373085563832163
0.0002607941921870854
0.00030439276334220754
0.0007001076668423378
0.0011925309895639458
0.002243675994784998
0.010499490093062579
0.0027160163810146594
0.0005309802422590037
0.0011436443410321238
0.001023533574222489
4.13162102380997e-5
6.093121164888088e-5
5.757400569345272e-5
0.0005203063769689147
0.00042563072068660325
0.00020469956585415273
0.0010183690759007738
0.0009218826213430287
0.0006817639017711146
0.003083459147411144
0.0005324598155160715
0.0008119526699070207
0.0018438809210010476
0.004444677745761842
0.008456983206691974
0.02477906812316448
0.0059123250378314215
0.002153938289575459
0.003470073098869326
0.0014807956242767386
0.0004360419539473043
0.0006166379467943719
0.0006799916096571115
0.0011388798639810922
0.0006679728796632082
0.003741904590774099
0.0008947960189682705
0.0009830119369639003
0.0016689663395014736
0.0015934728181470105
0.00023461016468705542
0.0004200367390114993
0.00042386762924273385
0.00034172350668091087
5.192557232846147e-5
3.949151797292146e-6
6.70414686571018e-5
4.6956241538950105e-5
0.0005218830099758715
0.0005214202575481145
0.00011902550882462576
0.0006834065165345217
0.000686037753334967
0.0006230164231048166
0.0030712779910960584
0.00037206799122416076
0.0005666186000644151
0.001198164924454308
0.0012804597900995627
0.0018282212334847553
0.006987361124106313
0.0011161561618995713
0.0006992172427388918
0.001869142973541137
0.0008943537997179292
0.00024162496788841066
0.0006844767965252682
0.000694569803588662
0.0017730266426824659
0.0010394295881763882
0.0038919182968410473
0.0007649534685451521
0.0007022224618020946
0.001344828680226176
0.0011956180605003917
0.0001109724836497616
0.0005771900513830109
0.0005397364389722541
0.0003633899506016905
8.881409197150647e-5
3.131164465219904e-5
0.0005528333196736776
0.0005116216838349672
0.0007063649953995922
0.0005331617544402839
0.0017663022305481621
0.0004577491089864789
0.0005903030963750265
0.0007009352637988446
0.0005089913353805111
0.000116474421867631
0.00030549135800019076
0.00039254562004581965
0.0005335255242777587
4.193141267608941e-5
5.099176473907177e-6
0.0002400954124229562
0.00016300247994604464
0.00032786670701499625
2.908100261221817e-5
9.316075943909135e-7
9.646932918872404e-8
9.979420803576604e-6
2.7483139305600452e-5
0.00044213330484036816
0.00038488673156750257
2.217530278362104e-5
0.0005525165261159102
0.0004467311777602078
0.0005775648637299857
0.002579750269717415
0.0003625937511118947
2.1426256546352966e-5
0.0005122612614837149
0.00040840539255623153
0.0007587149487948251
0.0024634841682437424
0.00046652280366135153
0.0003033452296336283
0.0005976583972209804
0.0006471682046382762
0.00013094625221371457
2.4220820439171633e-5
0.00011182824944687522
0.00021012416662922022
0.0001875509127370643
0.0008889526991900429
0.00020828366649244546
0.00019982608049348908
0.00046877721612621255
0.0006065042531669856
5.0288269282965145e-5
0.0001471684367307734
0.00020707479404124494
0.0002520688306293163
0.00011668577565913731
1.8761120524227004e-5
2.8487013303423745e-5
4.5160987730077445e-5
0.0001394183163633201
5.672057767810247e-5
0.00021478696005582806
8.320504604274582e-5
3.997371411507204e-5
9.183702749514716e-5
7.014258915052053e-5
1.3118272505687414e-5
4.110888139715571e-5
7.764389230940693e-5
0.00014075727312063264
1.9972842691385955e-5
4.4552524272019494e-6
5.179012340293719e-5
6.495033047103143e-5
5.263448159834442e-5
4.727175933182211e-5
1.1274439448772909e-5
2.9298588446069676e-6
1.0088980748288966e-5
6.681803137456439e-5
4.1806099348929134e-5
6.195646369886582e-5
8.983582067357402e-5
3.691391216409808e-5
2.2739940507519006e-5
6.750908809085108e-5
4.7215156248824617e-5
1.1113848935230442e-5
6.775435083693398e-6
1.1165901900699578e-5
2.176570929988207e-5
5.948776930887079e-6
1.0937464740631057e-6
5.11799805734056e-6
5.922650133736065e-6
6.140732954512436e-6
1.4648717940923415e-6
2.621666052502563e-7
6.55272374729083e-8
1.599922294639195e-6
5.853404167499862e-6
5.47652551527301e-6
1.717792925322102e-6
1.6320621392195385e-7
1.4927481734363744e-8
8.260136593176889e-10
