7.104347495776781e-18
4.5739008054485084e-18
5.295483915752644e-17
2.4127259518812094e-14
7.973837562467193e-14
1.5734500354123016e-11
8.183048262357814e-17
1.823107266765779e-15
5.920870408005902e-13
3.1064595170614976e-13
1.5542398319309078e-11
5.301070073174546e-15
9.217569436874192e-13
6.445348310105673e-12
3.352678621222337e-11
9.827183227824408e-11
3.924114775134535e-10
6.762098324977342e-10
4.7409624540057186e-9
2.854434382900642e-8
3.1898021214007764e-9
2.2904798809200872e-15
2.6216152142130085e-14
1.058405640420735e-12
4.959570429266715e-12
2.7917871252940404e-11
9.865214210196335e-13
6.878214321026711e-11
7.67875181146609e-10
1.2910605571390801e-9
5.069487430398137e-9
1.070819348065703e-8
2.1027398273368834e-8
2.837464174281444e-8
5.665501989332583e-7
2.046790812424459e-8
1.2563823567610774e-11
3.6830008581685867e-10
5.482941406248258e-9
1.3797309422886609e-8
1.5289688663354815e-8
9.546147572963213e-8
2.644008411758837e-7
3.6853493967597523e-6
1.3417770304975632e-5
1.627371100500716e-6
2.8248894774251674e-9
1.0415334698167588e-7
1.7027794324789977e-6
6.930953879915439e-6
8.345796247776383e-5
1.0026122880158589e-5
1.1832784205955316e-7
2.150134767213346e-6
8.48599137390484e-8
1.0691449948577703e-8
1.1339495631081945e-13
5.040999467367422e-13
4.292342510996416e-12
5.121930722133282e-11
1.3589840185571792e-9
2.9148412674541645e-11
5.153454934425836e-10
1.0199506472848468e-8
2.870416369611761e-8
9.289666088401486e-10
1.9280661771166446e-8
6.354429697458145e-7
2.877119966460031e-7
1.386960477379473e-5
2.4806920026169526e-7
1.1443885786762992e-9
8.145169574582322e-8
1.5920058628274238e-6
3.799913138175051e-7
6.23239244462836e-8
1.5407622878774357e-6
1.110084788552482e-5
1.0819835693023802e-5
0.00028492565396930303
2.3947897723424647e-5
1.3449875013789258e-7
3.6199343996788544e-6
0.00012205291563441736
5.397381174096924e-5
0.0025653455532950566
5.6583583533536944e-5
4.8475727899989824e-6
0.0003203332707276941
5.639003327682353e-6
8.2097202967434e-8
2.750923852033754e-9
1.746029890234434e-8
1.6233578400665288e-7
1.8969051241170171e-6
1.1340220378060679e-7
6.636949298918295e-6
0.00012367468366943652
2.7743305317206974e-5
0.00037995030788256546
2.6059107264960754e-5
8.560873036327221e-7
7.260659973021677e-5
0.00048697882460824974
0.004710040453511743
0.029525921227721002
0.005011093174201134
9.553240128243895e-5
0.0005286240577159335
5.942251162527225e-5
9.735508946495402e-6
4.479023358215945e-8
1.3701090906338595e-6
1.2887611450090423e-5
1.908045122239372e-5
0.00032288133253916885
2.750836722407831e-5
1.9639423906295218e-5
0.0002759497621305924
1.74590294287544e-5
1.2766800718858146e-6
1.7197027649735815e-7
1.8128693937354707e-6
2.3415788763211346e-7
1.8375670707518285e-8
2.8490575302560836e-9
1.7133618102123388e-12
1.5298770151095976e-11
4.570803585031115e-11
8.386163000566243e-10
4.4746899973778194e-8
2.7061212449710088e-11
1.3693038158105867e-9
2.4801731040965716e-8
5.720650114270373e-7
1.7892473152815478e-8
3.329903940329111e-7
2.473399291514287e-5
1.6751102491059137e-6
8.799881077795696e-5
2.072410435874638e-6
9.743211227350895e-10
2.2676657268222073e-8
4.86173105159556e-7
1.1983900606461278e-5
3.4617321320026055e-7
1.0846353027796028e-5
0.00026394801618804457
0.00011163374814186933
0.002185749963981012
0.00035596773316213837
2.1969027690756806e-6
0.00011292352916745148
0.00041488385347507415
0.0004472389462356485
0.03847034199648831
0.0005258954331863805
1.055687364060565e-5
0.00035842309970158387
0.0003228584082722454
2.0141492356606e-6
3.237641724733596e-8
5.583948927514505e-7
1.4133239012701019e-5
9.000083418938867e-5
1.0591016653349334e-5
0.0002449224842118513
0.002318794348281317
0.00033852328896059067
0.03822869903545137
0.00032160511897595206
8.957668144422057e-5
0.0025146697648580395
0.037330558926859644
0.02734243288451489
0.5963261558095956
0.02884666312990673
0.001572620124455562
0.036356569500517036
0.002271246558699773
7.646609429993632e-5
6.488128672956829e-6
0.00018249337799740962
0.0017636715147662007
0.00034571043856834743
0.03873864957478837
0.00037237162810956347
0.00021715285414180917
0.002668503990356663
0.00030965160375488824
1.4835009895107035e-5
5.885070280352355e-6
9.109935633454403e-5
1.4199670233818714e-5
5.437113739622188e-7
2.988779175100328e-8
9.78971479257311e-9
2.6557136573358833e-7
1.3765214506634807e-6
7.07829171190288e-6
2.739208979654047e-7
1.6016860376276382e-5
0.00025838269976179824
1.2919815089008344e-5
0.0016288246035526994
1.2118842445138024e-5
4.151742275939164e-6
0.00041716855680215
0.00036288741781692325
0.000561727715197121
0.03770675307632523
0.0004860982484457388
1.4032795146753906e-5
0.0004292597017354564
0.00011426132675713942
1.62873107630869e-6
1.5019786976432594e-6
3.894614354965743e-5
0.00023309074782486614
0.0005530530956848205
0.002397838352582738
0.0001262899246852082
1.8654218555052523e-5
0.0003130796806421617
1.0902946285090317e-5
3.7513955483038704e-7
2.014555890216831e-6
1.4845803068403275e-5
4.4949841462370505e-7
1.805359956057876e-8
5.763964504940482e-10
6.763677871510996e-8
9.96870212700499e-7
6.746636121055345e-6
4.358418521389272e-6
8.680788925818507e-5
2.017660118558225e-6
2.8774250953520375e-7
1.389812709504195e-5
3.53299130625509e-7
2.4307172860443787e-8
1.2949083252448302e-7
5.152616905786275e-7
2.1019574286607046e-8
9.098795832232776e-10
3.092929807260745e-11
1.6944145260867655e-8
6.641531567583036e-8
2.132267880614866e-9
2.9635056733297387e-11
1.7739406028464107e-11
6.5014050324734575e-12
4.4607297808605227e-13
1.3027226046686583e-12
1.244132733426634e-10
5.386593640695496e-10
2.1397955629443507e-8
9.259372127001663e-12
4.1784367240513784e-10
1.0130055791364797e-8
4.927280523527356e-7
1.7511842307347911e-9
2.9946113334368017e-7
2.1763909845181605e-6
6.090997740817888e-7
6.058358868565936e-6
2.0807895930634673e-7
2.250863074967322e-10
6.530176534193356e-9
3.348160553857166e-8
2.233069369152294e-7
2.1052955015717506e-8
3.1192170539703085e-6
1.5663345312409023e-5
4.61881634630433e-5
0.00017572000335347503
2.3825301856365854e-5
2.8752514024808606e-8
2.3888663191967916e-6
1.4773880522721724e-5
7.297453358728365e-5
0.0016873598000860428
0.00010005574522985596
9.245636633174894e-7
1.1801562612572129e-5
5.681086146809878e-6
1.2678605819419007e-7
3.956550440136442e-9
9.973858280025522e-8
2.8924437411925975e-7
2.993239863769994e-6
1.2071304251379533e-7
9.544303126090838e-6
0.0003392936809221449
2.571523901681213e-5
0.00033668831439457827
1.7400344668860628e-5
1.2449120888311354e-6
8.121060595724154e-5
0.0005481332936526959
0.0048423431887394015
0.027746779149995432
0.0044502810135356495
7.198566823040121e-5
0.00044886763090473496
5.257895302901315e-5
7.195009552933041e-6
8.376130735964134e-8
4.334819339776407e-6
1.3449062119184389e-5
2.7318141254938425e-5
0.00036508198447964696
2.327445928496123e-5
0.00012648848972580202
0.00014611998652191012
9.670555481726904e-6
6.937363952111136e-6
9.275450760186532e-7
1.753271558400647e-6
1.9718130865812478e-7
3.22262246616264e-8
4.5676399080426235e-9
6.089660273197734e-9
1.1261980501704517e-7
2.256156527628489e-6
1.1614389207847514e-6
2.417017932365084e-6
0.00013506572539526802
3.550693349023157e-5
7.3405573520730015e-6
0.0002834674942386974
1.2878654795302136e-6
1.7954198350011313e-6
1.2332962865213152e-5
0.0005379328931295896
8.357240664110452e-5
0.002224994152135841
6.99605920518106e-5
2.3924481019644263e-6
0.00011043948378913547
3.1181345227995092e-6
1.0925532828257736e-7
4.709601378186063e-6
7.277638804596597e-5
1.9493482478913245e-5
1.3517409332288564e-5
0.0003208627062304669
6.776607125810977e-6
2.8272487087780073e-6
1.0968874579805568e-5
1.355599119900088e-6
1.1418651271181322e-7
2.3497171841316124e-7
3.1927545902971574e-7
1.715232707978909e-8
1.382838899887228e-8
5.614331790967825e-10
9.232682053524255e-7
1.6644624392367075e-6
1.201976421077772e-6
3.9895860146616784e-7
2.23884923027752e-5
1.6641022154681872e-7
5.986681613552707e-8
5.577095837401461e-7
1.4418498487140508e-6
6.403673944152516e-9
7.713153971117378e-9
2.0134367142228933e-8
9.294910436023584e-9
7.350836143693857e-10
6.062215863774883e-12
4.9875621399695e-10
8.387332632394658e-10
4.985235027657663e-11
5.0996156325694005e-12
4.1506412505134776e-13
6.845017540750904e-14
2.9635054222732484e-9
4.601318278772457e-9
4.1352396573397543e-7
5.907218036468629e-8
1.6523164297683702e-8
2.3694769157161546e-6
1.2994890631727848e-6
8.854373157130553e-8
7.0444043663652955e-6
4.3954686307149365e-8
1.688578489532949e-8
1.1766790735926695e-6
4.698431569316446e-6
1.3329507699303221e-6
9.395288414798456e-5
8.598114630655867e-7
2.9434719903602984e-8
1.942156793468501e-6
1.1442166874270048e-7
2.502661088667487e-9
2.0996953038507085e-8
1.5927306440372273e-6
3.02971020816578e-7
1.8129607151391337e-7
1.4390082325504057e-5
1.127434549624696e-7
1.8211051434020757e-8
3.721893729932371e-7
6.702780414291741e-8
1.823738399933229e-8
1.4434912302452192e-9
1.174091828689939e-8
7.328315088224536e-10
5.217252370541929e-9
7.961252271334259e-11
6.818316979744393e-9
1.031559260350208e-7
3.7153807033286605e-7
1.352951680381323e-7
5.759982905426674e-7
1.809739603045051e-8
8.798626714337416e-9
2.862734637431016e-8
6.41997745062652e-8
3.590802913929856e-10
3.312253030560145e-10
1.1687441765336195e-9
4.171453438415593e-10
6.767229040223228e-11
8.485788823385377e-13
1.1682144631877396e-10
4.000748987440423e-11
4.618808027467733e-12
1.0137924854648102e-12
7.939403688975221e-13
2.531186863226658e-14
3.152854931340537e-9
6.816232291301923e-9
1.5634011837958743e-8
5.770203427244211e-9
3.178248928617682e-8
4.017804483358117e-9
3.2054207572997743e-10
1.1510299991439896e-9
1.0010214628500434e-9
1.712349740443383e-11
9.359182955257716e-12
2.7402439097704444e-11
1.986933567995189e-11
8.472635675012406e-13
5.270263668072455e-15
1.2419740401911967e-12
1.3078622436496034e-11
3.7923299062574756e-13
1.9658736152156162e-14
1.698641519741617e-15
4.482746406150748e-17
5.997069958373206e-13
1.827542114541789e-12
1.3142455533037003e-13
2.5384478812030938e-15
8.583557722724912e-17
3.972086350319515e-18
3.6801830749495156e-18
