2.562235009637674e-12
9.387409999867622e-12
6.576998327411297e-11
7.324540090073107e-9
8.375699709838405e-10
8.353719782526114e-9
1.1440130366302412e-10
6.188175990376779e-10
3.015804550209796e-8
1.0218762426116807e-8
2.2106721035376316e-8
1.1093579871461716e-8
1.7208357291589443e-8
1.261190501782041e-7
5.121775652118754e-7
5.048154007210291e-8
1.8958134183154614e-7
2.090285414623918e-6
1.5164155216699897e-7
2.5864725041404503e-6
1.94800341000984e-7
3.393668971030376e-9
1.7078379908371428e-8
1.9913415762173913e-7
1.066312918973253e-7
1.9764036775116837e-7
5.963699487382417e-7
1.3450208370914364e-7
1.9071458790488886e-6
3.4465010205848532e-6
5.144347236180237e-7
2.485897867134633e-6
1.0363832616749273e-5
3.6045640345000056e-6
4.4298714393513545e-5
2.3223640187613896e-6
2.898924656116814e-6
2.1304486315664937e-7
2.0011147079541487e-5
4.9915464930180386e-5
2.2007164450957725e-6
1.2576199585492003e-5
3.0187933580299822e-5
0.00029018952632339225
0.0005999861435957712
0.00018915672420325577
1.890100430153107e-6
5.9762837683289125e-6
4.2690331937527296e-5
4.599405800066182e-5
0.0006893376799642571
0.0001294628288317847
6.079692885678836e-6
2.2579542584680393e-5
7.685225011554816e-6
1.0565493340285213e-6
2.842612201621684e-8
7.602467275604646e-8
1.8537119061829872e-6
1.825333236303718e-6
1.9461036019011496e-6
1.3767381480129816e-6
2.1933759538733523e-6
1.1038287199757511e-5
1.4537643832643425e-5
4.5859457676301545e-6
1.3931146770475521e-5
6.099759286361279e-5
1.5243463725361007e-5
0.00017181025961439327
6.558921870667345e-6
3.948887948746707e-6
5.908480424335471e-6
3.5642763381254126e-5
8.024447595080358e-5
0.00010221502642778025
0.0002715272185727382
0.00025432314497995657
0.0005614738816487703
0.002048110060589282
0.000336169310083383
0.0001127087751311114
0.00012940032592589345
0.0009572314704629486
0.00038283260781859894
0.0062283373552459035
0.0005283131857001768
0.00014557344696995508
0.0011547318774537455
9.4554846443048e-5
7.930933694782328e-6
1.2157551759185208e-6
1.5252567865108542e-5
3.684834708137622e-5
6.060625311081469e-5
7.542483065097268e-6
0.00015378837646250554
0.0007386129531218727
0.00014920457710466725
0.001539484206898047
0.00019778463143127795
3.1118501782893274e-5
0.00041071462759108176
0.0019465894911780176
0.00576791285063409
0.03688254472977206
0.010320252737180638
0.0009093209554448258
0.0024023874279707346
0.0005397793273174464
0.00012626623856833893
1.1816828946575438e-5
4.261310427121533e-5
0.00019059843349234442
0.00010729682029112478
0.0014139340099268928
0.00019968634583372605
0.00010821254283616534
0.0007844914599772475
0.000307157824759586
0.00018468388750481171
1.1508896292335742e-5
2.4366100253326487e-5
6.454867968099486e-6
2.210669863838357e-6
1.930718436092052e-7
1.921065077604724e-8
6.146577783629366e-8
8.140270273542534e-7
3.0748593153031754e-6
6.670217923203259e-6
1.1462240081307925e-6
2.342853293317762e-6
1.5037891972853922e-5
7.696013078886884e-5
2.8435537488278184e-5
6.46110827002871e-5
0.0009466913849775497
4.8740480366923753e-5
0.0009762251476756489
2.528034918351213e-5
9.93664528228685e-6
1.3852111642533899e-5
9.610129504369638e-5
0.000321412849269967
6.260014666350825e-5
0.00027847139800891833
0.002842423742379079
0.0010480601048389344
0.006312841048065647
0.000780609051003159
5.011650607982336e-5
0.0008184319144642903
0.00169495018414393
0.0017311665271624306
0.047602600717625815
0.0023530649284023487
0.00016466152871328688
0.0015330769876575087
0.0009751522812059614
2.1209052267418736e-5
6.201420809474648e-6
4.305793012912048e-5
0.0008206058208631981
0.0008326389716749015
0.00017992489680118332
0.0032296340427124715
0.007241305634236338
0.001526262709473199
0.04778481131977378
0.0014116998063691444
0.0007757029104629785
0.0068779823378736305
0.04567851795725132
0.0328527922409257
0.3521976316231096
0.036876132497324604
0.005858510909047558
0.04829809490039335
0.006836534134570102
0.0006774847049711988
0.0003194049512487264
0.0017243234942115747
0.007202885807016675
0.0013877963813488895
0.047506420736170354
0.0015572080229069888
0.0010551695676397983
0.006375140027983848
0.0021149946952111233
0.0006038824431313358
0.00037200993552958297
0.0009293937626978488
0.0001720336562500577
5.188711204971128e-5
3.0442640224521178e-6
2.723170960327492e-6
1.8207607758063345e-5
0.00017775530952530101
0.0003130294317701814
9.97354966905278e-5
0.0003261002849863509
0.0013703605434773277
0.00020970660001478966
0.006999867216858674
0.00017822135040628873
4.658336158085642e-5
0.0005252269765419534
0.0016694754356102281
0.002269394934875877
0.0451500305011922
0.0019048484264179296
0.00020721354210530892
0.001758993856572401
0.000949505557739685
4.6924670095799195e-5
9.636066334658242e-5
0.0002420152428074414
0.0013782325491804095
0.0005153372759673777
0.0076029416599089255
0.0008081677802172453
0.0003544574870053404
0.0029873279139050178
0.00025997621014151116
2.9232495269208065e-5
0.00012902906811250263
0.0010633727236124388
6.364398947359736e-5
8.757378111733041e-6
1.7146878677509843e-6
5.216849171744372e-5
0.00011842366738353327
0.00035778689774136364
4.452180924966167e-5
0.0009484372788842051
6.170714152991566e-5
4.8805125575583716e-5
0.00041789762468500384
0.00010000911040476142
7.11129384706657e-5
2.4976581746628046e-5
9.427393205304436e-5
1.6193355527077775e-5
3.5988945342017114e-6
4.707484440815522e-7
4.86375064797825e-6
7.968355875114598e-6
1.627860024028409e-6
1.8044714879746716e-7
1.8411059143965724e-8
6.407698971420609e-9
2.8728131441338328e-8
3.0082025693389676e-8
7.161908274567393e-7
2.7494438339982092e-6
4.355847546260288e-6
6.352357862242018e-7
2.590571907306438e-6
1.178460567243274e-5
2.1267921074703204e-5
4.2373737363856514e-6
3.55318856886721e-5
0.00014251091271979646
3.1303780040114114e-5
0.0004131973946326357
1.1643590060787175e-5
9.649026208643339e-6
2.274567383811248e-6
1.4355461672169707e-5
4.7176515083751324e-5
1.7276434664668183e-5
8.620030274730537e-5
0.00034492621531191767
0.0003888956576655041
0.0010247277259770964
0.00010721803284283555
5.997728793314651e-6
6.758356489227668e-5
0.0002124981254600006
0.0006338326201525424
0.006257626925406746
0.0009478127592362273
4.0058366273023584e-5
0.0001772778730616099
0.0001255137331363977
5.788191337601563e-6
1.4572674985831316e-6
1.3791369936617254e-5
3.739212378317051e-5
4.20619613916944e-5
8.698289227376436e-6
0.0002300899801495204
0.0004568925577850579
0.00020306781961938907
0.0014280482315654434
0.00010518602188789916
5.444653871133052e-5
0.0006334419612479829
0.002395941195225456
0.01005530212529922
0.033264036112457325
0.005781267003976385
0.000605065466786456
0.0017537972323488052
0.0003759504793185007
4.19462125276076e-5
1.8229494268247893e-5
6.568957188931368e-5
0.00021327485304368013
0.000196859942814155
0.0015043464096252935
0.0001524903110577233
0.00039550671847552636
0.001112968163594965
0.0006321704979788567
0.0002844528983073534
2.944745698604114e-5
4.591803915369586e-5
1.5107788952356023e-5
3.877355359269999e-6
1.6066467316526613e-7
2.7815358897133606e-6
7.476347383036465e-6
7.613981256341831e-5
9.421054764535293e-5
3.3335106048761203e-6
0.00011667069314658523
0.0002469093339873015
6.64515734269984e-5
0.001690512825624127
4.18720149593542e-5
8.775612243675257e-6
9.018896605571562e-5
0.00046966561658403987
0.0006420139310125971
0.006775722615251257
0.0003988815089184658
7.020259590807019e-5
0.0008136082534454961
0.00012230301481330497
5.5041311453142045e-6
3.132890186334183e-5
0.00011668026019868072
0.0003515834748665575
0.00023935328994280898
0.0032119083719844396
0.00016064642526280728
8.343805061732478e-5
0.00029062641544559876
0.00034173543512970914
1.2649544417296699e-5
3.9489536703313574e-5
9.29586156323541e-5
1.6315777145735943e-5
2.500488739599093e-6
1.728378369450685e-7
1.4942415693683699e-5
8.112210264037236e-5
0.00019315723904839944
3.709139897363917e-5
0.0008058425183091739
3.8246029384276126e-5
1.605541903359435e-5
0.0001154242573732722
4.270751037881e-5
2.943909817351044e-5
1.2117914016103383e-5
1.5665111571696584e-5
9.587076912887253e-6
1.7108746071507536e-6
1.294984825999945e-7
2.265073060128797e-6
2.9977048958250217e-6
1.7414274627656317e-6
9.782014149824091e-8
7.330115844732713e-9
7.156682193146051e-10
2.583872715520065e-6
3.7714689994353636e-6
1.4202458467221997e-5
4.891105362970673e-5
1.8017212817972025e-6
2.8014969530677072e-5
9.586973597674435e-5
1.7953176677361972e-5
0.00032790941963313166
1.1011253400003538e-5
5.10549177709216e-7
9.14538904560445e-6
4.503066495091224e-5
5.470372334555076e-5
0.0007966513932553357
3.1604010617129474e-5
5.791449017542245e-6
5.3627586298570565e-5
0.00017020328363882096
2.3551820982174537e-6
1.8875102804634138e-6
3.3909088446842602e-6
8.969687129282575e-5
8.8027492559931e-6
0.00018990784391072264
8.630173692165943e-6
1.7203343479679985e-5
5.640760621140346e-5
0.0001150324456094957
2.2632495101089234e-6
4.131221634241703e-6
2.9482195902224516e-5
4.864248950234074e-6
5.261983765889551e-7
4.945028240736808e-8
4.1993519218599785e-6
8.463814986834373e-6
1.911878016968347e-5
1.4465939348175776e-5
4.783544335389861e-5
1.7947774947311697e-5
2.456984365808551e-6
1.5801236973503452e-5
6.620555157773304e-6
2.626130004972252e-7
2.903809453484299e-6
2.4365763766908163e-6
2.3640577726292507e-6
1.249267113602896e-7
1.479953934664271e-8
7.797077275554218e-7
8.114479692949695e-7
1.8438580298833986e-6
2.0314477631358096e-7
3.8014504238843095e-8
6.4226225626955576e-9
2.8278297279926796e-6
3.242477440107403e-6
2.8936030509898664e-6
1.395727755323131e-6
6.807739559338975e-6
1.2027899174808842e-6
9.631523048904086e-6
1.0450647386241403e-5
3.901189238977028e-6
3.2844698012192016e-6
6.310938793571588e-7
1.0559474551805758e-6
1.0563047518894883e-6
5.40000638380233e-7
1.0018383467215728e-8
2.9495606748679245e-8
5.595103297811953e-8
6.417408545116786e-8
1.4450702118095372e-8
5.650204053959798e-10
6.231310158440749e-11
2.4298931422788855e-8
1.7265238634289316e-8
2.6526854151470365e-8
3.2301681854541043e-9
9.888272945299911e-11
8.319963104628363e-12
1.7121722130854757e-12
