1.9124891463402004e-8
1.605312515642883e-6
2.451143901943173e-6
4.08284496027267e-6
1.2692550784048546e-6
3.0059852542997325e-6
2.2699572547748586e-5
7.759421229499555e-5
0.00014752909621170703
5.590895771979733e-5
0.00010661255511153478
4.6229685737801064e-5
0.00015060501236902616
6.348487496199555e-5
0.00018097535432413036
8.589542748670675e-5
8.879636119377456e-5
0.00018398778536973839
2.0192617846238583e-5
0.0001064773207469741
0.00011625154497903882
9.121394271998582e-5
0.0004233748374094494
0.000768116837103867
0.0004656309863762036
0.0005151011159582567
0.0005023100341264054
0.0013424634998851228
0.0010264991644196465
0.0017568916440096074
0.0009675415672025671
0.0014955332565290335
0.0016332827210273377
0.00047335540090770196
0.0013529560349777117
0.0011994827145034937
0.0001493167879750894
0.0006511687575239314
0.0005662660298797184
0.0011265410315978866
0.0008360113342000379
0.0011949415802958627
0.0029688766707396904
0.00052925830597285
0.0020872233995352396
0.0015468705286050173
0.00029646198346305116
0.0008202846305741328
0.0017874362180627164
0.0005218835240516876
0.002305075386364524
0.0019203775835438788
0.00012005631083419933
0.0007216343583336307
0.0009313434625194734
0.000345714823323539
9.978813115906674e-5
0.0007676345528533819
0.0010149752376544343
0.0008526995171894628
0.0006157610275288694
0.0011334926371701997
0.002853411091539157
0.0028657091136524656
0.0028021522764379706
0.002258421642600049
0.0040431589119481835
0.0033100433866701776
0.001965144137715842
0.0024940045837873385
0.0014426377112114878
0.0006180871218976151
0.002504900004747631
0.0027850024974282847
0.004273315312758566
0.0032015402713364846
0.0056424313225677475
0.007195527034401516
0.0030131285246423074
0.006612261801658462
0.0034508534850877562
0.0016316004131281406
0.004608994018407892
0.0072612513616967045
0.0037024410930436877
0.009201465478028574
0.004892342278080734
0.0013372901610080423
0.003600341692519235
0.003285088238141978
0.0008996893115611113
9.258538078542792e-5
0.0007102063958380713
0.0007553504503237577
0.0013636660232045988
0.001652575654789867
0.0024241927187570685
0.005032974227296279
0.0019017612594846545
0.005169684140118302
0.003126036125062772
0.0010251075124960516
0.003585818612612899
0.005450909370845065
0.0033473615830078287
0.011247040531642851
0.009390383067374233
0.0010945573831509985
0.004246478680812981
0.004985790997279605
0.001948372234453617
0.0002406185301137277
0.0014561253046553818
0.002367058964152687
0.0018743654559524238
0.004192911263557408
0.003141409809301696
0.001089954113010162
0.003324060025823831
0.003450132099631857
0.0015209224336903734
0.0001294030417680313
0.000728458481808647
0.0014465139207722945
0.0012175350477515697
0.00011402361097960476
1.9110290622972216e-5
0.00031189499080534327
0.0003388416227166612
0.00040660264460148606
0.0001965664853576513
0.0007551610114144326
0.0018976791928807001
0.00242644136635317
0.0015523203008069699
0.0016660826247770994
0.0033934510620025364
0.002365767528991354
0.0018845123964401516
0.00177295545955333
0.0007307641618731166
0.0006028664942521007
0.00310014833115441
0.004463232279859429
0.0031236104035808916
0.004330935015851872
0.0076281157014881406
0.0075113406456181935
0.004539595318223467
0.006958959590952913
0.0032817297546280464
0.0016730053399065248
0.0054311533419983925
0.005812334770372172
0.0061698603770300895
0.01082746405683751
0.004132679315885908
0.002738708398534406
0.005809829069632363
0.0035765068854564865
0.0007274877341099648
0.00020719344209352866
0.0015722367636146644
0.001961005363839455
0.0023249138376429594
0.0032102148045615436
0.006917414503547761
0.006629823371060027
0.0042460061568815365
0.008727043468218239
0.004135646525570039
0.0024972868708146414
0.006836645111580849
0.01038039573574279
0.0077061110868929085
0.0468743142613267
0.011439346617818385
0.003867533846630697
0.010813660947245455
0.009286560302422376
0.0023904340328427106
0.0004918839956744267
0.0028363233092707657
0.004389183766972687
0.004920495276120693
0.008711701940055978
0.005247376725479628
0.0029189015113481502
0.006925481341771446
0.006689362672125499
0.00213153621085404
0.0003283011403723392
0.0017423340400502532
0.0024955352135972177
0.0013136843164009045
0.00010546444027169904
1.6191625963186004e-5
0.0002724997584939466
0.00030097343434006116
0.0004479252487212355
0.0008465503787406347
0.002044710140356853
0.00338936032314116
0.0015674664609228997
0.004354767608833963
0.0023617115069313973
0.0008636726876349593
0.0029170602882253546
0.005777572207395638
0.0037491252526485647
0.010260016735351955
0.005473156021194994
0.001492342711573047
0.00571969023848278
0.007350793116193992
0.0018554376349432808
0.0002760497299007001
0.0015612653737645977
0.0033726154043931798
0.003198728749804599
0.0067534492272430195
0.004988700060544505
0.0021353999717468354
0.007521286812080025
0.007161914501191556
0.0029567917168462445
0.0003313698919420025
0.0023863416367301696
0.0033127114278899716
0.0016147986497748387
0.00018142315327775342
2.310695047070043e-5
0.0002894604334219776
0.000448574846133786
0.0008811286431727516
0.002370516160973171
0.0013401692903431308
0.0009279365925695425
0.0030873899881057156
0.0041229333964220094
0.0011299042541413123
0.0002974905757230212
0.0015584815364635962
0.0028223514535884783
0.0017550125169048005
0.00017940368124820053
1.5519291702903906e-5
0.00019641747153358342
0.0006301918528411012
0.000518858105536906
0.00010677580628295312
3.014615622577611e-6
5.812712066583638e-7
1.9666891572274336e-5
2.3734529187208925e-5
3.635557433618904e-5
1.5390737936586684e-5
0.0001195347622810809
0.0003409280673842776
0.0005222679903516584
0.0002995436460144965
0.0002447158829742709
0.0007496627768862371
0.0003345737651637129
0.00037630668423513835
0.0003191521124938172
0.00012967814235670985
0.00021134573965509533
0.0010451900779733317
0.001669523860565144
0.000942762128438845
0.001416018345981843
0.0034465252233523845
0.0021595520747933103
0.0023227369340207142
0.0028660788362365065
0.0010736017781104194
0.0005723206855714138
0.0029699375335281736
0.0015034952171601125
0.003822210811592766
0.0038084486300499517
0.0010828258476937407
0.0017819642012225575
0.002688623678264879
0.0013473657672243488
0.0001193568378810917
0.00010714192382031674
0.0007890557527918011
0.0015250445209042778
0.0009077103779536778
0.0016180121851676786
0.0046089813750801786
0.003196736252674406
0.003596643241959953
0.0049435396882351375
0.0018743581941672801
0.001253835928629282
0.0048733710974656844
0.003711354946099093
0.007371026954016335
0.007754321279879767
0.003333068487583075
0.003870466772349482
0.0061403499858040484
0.0037524091034067428
0.0005248687658335596
0.0002603627873164088
0.001705041551378547
0.0015332152420797448
0.0035631295877163677
0.004148243100687138
0.0018863537923968815
0.0022943349273365724
0.004516458435183322
0.003066416689279017
0.0005373934148431456
0.0003702777632793757
0.0018693542149095712
0.0019246753242942599
0.0004689188085013953
2.0559327677377498e-5
1.6305607228875673e-5
0.0002286481012666854
0.00040959592630487337
0.00029595716539448187
0.0006925315905087705
0.00218859550394185
0.0015320877884493298
0.001712462645821967
0.0027988360824275677
0.0014955221988996095
0.0007234779126391917
0.003601403485156613
0.002924813619421404
0.00491963740066321
0.0068949898276583765
0.003604043897572378
0.0030184456830538737
0.00549223717031804
0.0046496418749401615
0.0008143273901414956
0.0002416396339850482
0.0022358263243228713
0.002007701101363689
0.00473537500496577
0.006885274991864304
0.0023806292907736387
0.00348820629649283
0.007595194633328869
0.005574240941677297
0.0011767218484256305
0.0007252725295249285
0.0033113388734667282
0.004073224956674964
0.0015038412868498025
9.054018135062276e-5
2.246081435469888e-5
0.0004022895227680173
0.0002991900522511696
0.0015511485426730606
0.0019555142332516287
0.0007438539768617905
0.0016969959651571857
0.00443446783014305
0.0027855843951183124
0.0005598995374597815
0.0005130017564018906
0.002391431035131562
0.0029028586324406956
0.0010511474603576542
6.559489395669843e-5
3.716399859209351e-5
0.000414691101322566
0.0008744454118390766
0.0004707466501002575
5.633943047671954e-5
1.2816254374446163e-6
4.84533541497666e-7
1.4530511010961363e-5
2.3441591187244617e-5
2.2951542225803944e-5
7.919052669236915e-5
0.0002444683751160801
0.0002797534638026001
0.0002570092659514902
0.0005101016292320354
0.00025029081497327616
0.00013336947926311267
0.0007186974175075484
0.0008577096568650006
0.0012359934233419757
0.002546967956145025
0.0010602303075919512
0.000586627364729969
0.0017090502285628353
0.001639229209174388
0.00029924394718313475
7.785903071578333e-5
0.0006849476407452042
0.0008428107778944817
0.0016001760877248769
0.0032385051169225823
0.0016669052829784178
0.0014039235358086683
0.004346912744571767
0.0031405745535374244
0.0008420736381918304
0.00024411334568593922
0.0016920880485926102
0.002253763592754638
0.0010062942045585559
8.777250255091679e-5
1.4242312003520171e-5
0.00022298481619088546
0.00026609051092169094
0.0007718947891794742
0.0015349413194724417
0.0007281055146941246
0.0010225881483658264
0.0030044552505347952
0.0024526893116198407
0.0006379532886717993
0.00033316608281181695
0.00184914096972291
0.0028406072186407437
0.0013714390798529412
0.00015497504866555635
2.3680181787725688e-5
0.0003391681793525543
0.0010326809461312027
0.0007751994230606132
0.00014507900740441592
4.049035314752845e-6
4.803625833914761e-7
1.638159384614911e-5
1.562640491143913e-5
0.000108349877995479
0.0002060352472510249
9.303008395354604e-5
0.00020774148292499614
0.0006097984766641739
0.0006103701720972324
0.00014720006869463654
0.00011392834812900109
0.0007526011014510273
0.0011336213034295215
0.0005004030263619353
4.571735967460664e-5
1.7929817971762342e-5
0.00029681896495173035
0.0007663056399606384
0.0004191636670397598
7.604932148597836e-5
2.440439728760722e-6
5.466342067416839e-7
1.87871636070305e-5
0.0001005930391667754
9.051931347592304e-5
2.22539293683976e-5
1.590120337366813e-6
1.9077057286241587e-8
