5.4295641025018356e-9
7.910301177761987e-7
1.1389250156671592e-6
1.2878707887418627e-6
1.1197512403922072e-6
9.401784900790787e-7
1.846249733260996e-5
6.855465627714345e-5
7.77368781669068e-5
7.283643267221566e-5
6.121234238953897e-5
2.2239548771694866e-5
6.174366269588076e-5
4.3477074364295304e-5
3.986352183894387e-5
2.546458951932591e-5
5.6443837180048926e-5
4.5793850191620474e-5
1.5126814939859614e-5
4.3505391023400004e-5
2.058867370505518e-5
6.79113442181384e-5
0.0005329972068953268
0.0005605474457732598
0.000536779485127206
0.00048581589093912235
0.000645844742711629
0.0016256661207580856
0.0010729418166868611
0.0009687785641758681
0.0006410761860302268
0.0014361466446135133
0.0010913372405518258
0.0004175165453703694
0.0011719239991103139
0.0005771342721111978
9.348093868572251e-5
0.0006288303132297464
0.00040917109185471936
0.0003968960839401821
0.0006354689283221731
0.001232659185691986
0.0011186479968994898
0.0005006905605804056
0.000975035237643598
0.0004827971010006242
0.00010084793874714455
0.0005119705597222496
0.000465766860829667
0.0005790730886936307
0.0010672569566537928
0.0003636158639324053
8.84152180072977e-5
0.000525145972507529
0.0005215184895904568
5.698728589824647e-5
4.3360915337089814e-5
0.00071145546646325
0.0006739981169469374
0.0005931040806008713
0.0005360707381378178
0.001750543013033775
0.004751906643764013
0.0033754701330227952
0.002371939224478651
0.0016867798260319367
0.003675201604355836
0.003065339836631062
0.001079117028899876
0.0031075586640708698
0.0015036513996619567
0.0007921407600043636
0.005905746416084667
0.003707177259248171
0.0028635976237262072
0.00443180300282183
0.009582557928305861
0.007561172430429054
0.004416283113569683
0.00812783363126677
0.002957572691637346
0.0007630272920382381
0.003978153263394031
0.002952785308342334
0.004269146064117156
0.006441146005680057
0.002952003036579139
0.0008137826769220538
0.004108265439885774
0.004677692618352279
0.0005114391800923892
4.3606803035237837e-5
0.0006714492075207239
0.0006005150905257229
0.0005274014097614303
0.001681573646696784
0.004062760790907474
0.0035564672122097175
0.0015358451706865984
0.003842261584473153
0.0018840540106317399
0.0008840455903862836
0.0046442695570596115
0.003765615664045729
0.003682966466012613
0.01469907163762126
0.00602878476974889
0.0007933958296006597
0.004020707343692302
0.0029977102045210856
0.0003711704987592597
6.899306659467424e-5
0.0009165305923460156
0.0009171213427285749
0.002030136760426357
0.0061420646236086075
0.0018719557727736493
0.0007917682914121145
0.003473610049022295
0.0029722275610733354
0.000509027141017078
5.2552443361979496e-5
0.0006950813615642428
0.0015062036440075441
0.0005683363546364529
2.0171906358309257e-5
5.304646470880209e-6
0.0001713551553121065
0.00015245054711873058
0.00010975984405135233
9.972813299127932e-5
0.0007856004364935957
0.0020759299514651317
0.0015181393750159484
0.0011511589088208309
0.0009360932792954143
0.0019104305948410333
0.001105364503757094
0.0006139470882203099
0.0015240101630937142
0.0007006649265611435
0.0007163548134976743
0.005198905431313966
0.004258380338735511
0.0036357050742465906
0.004018635800523177
0.010911953367028573
0.010016984844274969
0.005291721567224086
0.010459612184887711
0.003480817861938384
0.0006077540172703681
0.004513054182887319
0.004103189212176205
0.004787207363652692
0.011733572863580694
0.0040667154550864375
0.0008597708170063115
0.004816050038873733
0.004100683859364114
0.0005143082135859341
0.00015867399846358353
0.002222378750764563
0.00216173629890545
0.0016406869990470536
0.0056233586278526745
0.013814910566049802
0.009474772453290307
0.004994529330998633
0.0115500918897828
0.0061885362676766574
0.00217702588995748
0.011536557553720612
0.009236168884444281
0.012593869282190188
0.05047868831572013
0.014666839621103028
0.002356340798320388
0.011512292636847518
0.006454668627222392
0.0010544315009904707
0.00017138039776753267
0.0022493602649082396
0.002295732177287223
0.005734059737485461
0.011936208332815685
0.003845681821414366
0.0029270752152326046
0.010531296380926715
0.008132486611104852
0.0009990090820329364
0.0001532530940360057
0.0015390772643284751
0.0031230332721255607
0.0011789915852435705
4.406285115442684e-5
5.885542611943654e-6
0.00017955526735176345
0.0001594316902691039
0.00012562579584661387
0.000991402588088171
0.00196734999106536
0.0013953879102661035
0.0008954304858933758
0.0023084069816724437
0.0009624238788265482
0.0009587794633876839
0.0035297952861986876
0.0027054851529117207
0.004187493515996518
0.009305466734430428
0.003807560333188893
0.000963441807980881
0.004144571668878578
0.00296268929981065
0.0004681599038823785
0.00020220661802580986
0.0021529204261799407
0.0014037128592494267
0.005252818778580682
0.00955517962460456
0.003483858671535786
0.0021666280435448664
0.010194090861374825
0.0077647798290059545
0.0011401579296106215
0.00011866628998607671
0.001125498041563233
0.003093144725152904
0.0011261948928256134
4.770915752543306e-5
5.949789816236125e-6
0.00014749312893029296
0.00012528700418497644
0.0007501372475414617
0.0016166692138494753
0.0005270608785788053
0.0007630648074502522
0.0036011241292063646
0.0028108448770957986
0.0003920643038289327
0.00011627236593711313
0.00118024885471399
0.002280411034348023
0.000935369322542059
3.8728815695517e-5
4.014312452678362e-6
0.00010358454097098601
0.0005392315762319603
0.0004795239515618068
6.086529580230574e-5
9.420059167393972e-7
1.2362362792011867e-7
7.158048850553396e-6
6.685560561549469e-6
4.7993452796110415e-6
3.892583404380666e-6
6.866874639912802e-5
0.00021077215154151547
0.00015991905841494374
0.00011485390319083208
5.9535889373184126e-5
0.0001678537888771293
0.00011955604910747121
7.61619626899111e-5
0.0001508090168653457
5.21201019768493e-5
0.0001399972886983542
0.0010466101845203859
0.001016715813967292
0.0007547280865926705
0.0009195870140140906
0.0025452423068974797
0.002173734372395208
0.0018398781759409763
0.0029389720369398372
0.0007681543876036862
0.00015604426648245252
0.0009234462800295743
0.0009742865410069658
0.0015266956108775148
0.002401697991925989
0.0007944075601191383
0.0002826943417420898
0.0008662271861234099
0.0008229654035598988
8.702885664419551e-5
5.9927855294655985e-5
0.0008282034426981097
0.0009986652171231401
0.0007565069489495852
0.0023635353720959868
0.005412153343570063
0.005303931882028497
0.00413996488320513
0.005752662857176284
0.0020272654494978655
0.0009264998507513561
0.006851034500057574
0.0041827238220295705
0.010108031848177452
0.012539759452170729
0.00365741464078156
0.0015076426428073716
0.004730177917632251
0.004265912872561609
0.0005795541397670626
7.348031722834732e-5
0.0013736671613839675
0.0009014872918331021
0.004152463383066417
0.005011596026097196
0.0015167001389826155
0.001827651161591428
0.005325762298225085
0.004456177672822187
0.0004911189023358736
7.608643824370987e-5
0.0006179248745862215
0.0011039469841834344
0.0004213804502717798
1.5221782493382993e-5
6.112439963328879e-6
0.00018766636083310378
0.0001671139103614867
0.00015312662356588725
0.0010381537571219211
0.0021402273372452623
0.00224881241493669
0.0013534174655303063
0.002267738722505021
0.0009493515876106813
0.0010986832140674027
0.005995658702371438
0.003496852460518718
0.006834923025854513
0.011426497152668814
0.0044112473888368395
0.000932678327640955
0.004379107552128695
0.003927940723394079
0.0005020124736196383
0.00020948052734391222
0.002120556759962486
0.001965159977863232
0.005311182255348735
0.013719303008045164
0.004107552811246331
0.002494179068448283
0.01085362641115226
0.009687696031021152
0.0012335951668818335
0.00016393997715323188
0.001889130471334685
0.003649098044779073
0.001410971069373073
5.649676032337878e-5
6.868912187838933e-6
0.00016548574008425906
0.0001597395207410906
0.0010006483072894383
0.0021375185326253762
0.000610261814446135
0.0010155304482209672
0.004233770931224344
0.003656326591509578
0.00040480830053133803
0.0001606314859134768
0.0015438589956757
0.0033288476468674804
0.0010801361721217437
4.3841697590059884e-5
4.892058495439179e-6
0.00011219601314741518
0.0005956901306312595
0.0005460480590629137
7.325605053442241e-5
1.118545038329371e-6
1.1544985143369796e-7
6.831127128355098e-6
6.697764770872038e-6
6.235394518899908e-6
8.337959842994967e-5
0.0002070131894638603
0.00021257682085490227
7.319313123522409e-5
0.0001687371636978109
6.958275851521207e-5
0.00019506326887801088
0.001109533838736746
0.0009851998342530078
0.0009349830647558525
0.0021720017389403887
0.0008685475309965453
0.00015782719336912467
0.0006028987999761174
0.0007633489061719214
9.905782806588005e-5
8.315068905012558e-5
0.0010500792918028614
0.0009924277623873548
0.002378382535276015
0.005657974482267354
0.001750042215251567
0.0009521070532183875
0.004089794594014971
0.0045508358389516205
0.0006508946056090074
6.192281166875991e-5
0.0009735269545681288
0.0017340261936636741
0.0006490842426421577
2.588919960597718e-5
6.852646609690611e-6
0.00018841593803956867
0.00018170182732927728
0.0008343399403665104
0.0022378538210178337
0.0006895829350467655
0.0010589520765503179
0.005218385684185476
0.005889998316016015
0.0006194287390376962
0.00020847665467882892
0.002085549427737174
0.004707499224375011
0.0016163196916957165
6.181106875420617e-5
6.562486863210168e-6
0.0001519656490685006
0.0006778911382186974
0.000565385579152926
7.793207293310228e-5
1.2897737965423257e-6
1.1538346297102889e-7
6.1482145236772335e-6
6.011176192908798e-6
6.083404529036022e-5
0.00016514029058647262
4.475185439085032e-5
0.00014356957104483758
0.0007474812643245101
0.0007869068632221932
9.26276859733565e-5
6.943481073160772e-5
0.0007832466197414804
0.0017219670428661523
0.0006417772794064566
2.2003403102117345e-5
7.2012064043344684e-6
0.00017073893268139474
0.0007094884161092635
0.000524861051117267
6.682902719717387e-5
1.1094457421688965e-6
1.2461022597256124e-7
5.3219160214554244e-6
4.3655667803944326e-5
6.827802255091904e-5
1.8565545209489154e-5
7.960396042108625e-7
5.4684784943119745e-9
