5.145752038185476e-19
1.4386937280403016e-17
8.738334881992654e-17
1.5067167154158698e-14
7.387867023000989e-14
1.998654109470122e-12
2.8371899021153565e-16
2.135218701370857e-15
4.238160329048834e-13
4.2455584134962807e-13
8.5158737024737e-12
2.1042714604051834e-14
3.0015760045514053e-12
1.4505345080132753e-11
1.2225068883016624e-10
4.2876905843247005e-10
1.6363934481139538e-9
1.1594226297925392e-9
1.502751626305852e-8
1.5120405411587828e-7
1.775494199759368e-8
7.248738649536505e-15
3.9666057470848815e-14
1.5740843201621548e-12
8.149832423677257e-12
6.52025020648224e-11
1.5798018122346728e-12
6.664253206811422e-11
5.260102227882678e-10
3.1291655235615032e-9
7.790081088767463e-9
1.248163178868676e-8
3.002326372517229e-8
4.054790687088649e-8
8.241930586994787e-7
3.4664524224494516e-8
1.6382519795705814e-11
2.0861482200409025e-10
8.167923544171156e-9
1.9526748748317672e-8
1.1745320434426271e-8
1.1756026361511632e-7
5.206444514095594e-7
2.4079612069277897e-6
1.8176509478616735e-5
2.755529176955052e-6
4.379528058208609e-9
1.3010959095514727e-7
2.26848444422018e-6
6.9010152115270085e-6
9.136021160538108e-5
1.1689737000058388e-5
1.392950333049718e-7
2.2928292213437297e-6
1.1397926273392828e-7
1.514300714997146e-8
1.1925730862828832e-13
4.2653700244680636e-13
9.697794302188501e-12
2.1571600973577444e-10
3.0011069953533816e-9
1.7797692196949424e-11
2.080410034113582e-10
6.201397368371226e-9
3.58647599484937e-8
1.3595849400222219e-9
3.404202702982805e-8
6.78952789955083e-7
4.894772809584537e-7
1.9703235062922344e-5
3.5943521947760473e-7
6.234359040542082e-10
1.847870913204728e-8
5.34193699597084e-7
5.134391160555551e-7
8.089985069759032e-8
2.14942174645163e-6
1.3429391402999166e-5
1.5561321036812798e-5
0.00039170112235109816
4.2363012891061835e-5
2.1514556054758873e-7
4.761219275235776e-6
0.00017620411777898967
5.605501501777397e-5
0.0028571508878660495
7.3218107417885e-5
6.6332328135776305e-6
0.00035518694511596976
9.227728909235054e-6
1.2541798088008518e-7
8.035244953566376e-9
2.0991198758220473e-8
3.372206270114638e-7
2.3820094387714865e-6
1.2087777728683041e-7
7.898329418237029e-6
0.00012940905127722867
2.9005472104542116e-5
0.00043421767573220856
3.1576079027959074e-5
1.1001754106153697e-6
7.991320673609393e-5
0.0005760174631901627
0.004105954343711806
0.029483623754441163
0.0055838534797412916
9.556293418234445e-5
0.0005837384322013688
6.967236997658716e-5
1.2207038759649934e-5
6.120783424097875e-8
2.438888170173048e-6
1.6684457529844907e-5
2.2750623572136507e-5
0.00038354029850927224
3.2623976102860245e-5
4.3627959451170694e-5
0.0007038073152513245
4.703375578386999e-5
2.9530373388727472e-6
3.75238836770873e-7
3.5412189359596327e-6
3.6119205997872044e-7
3.358368337671233e-8
1.1966659354215055e-8
1.0586247719663128e-12
5.712786857070952e-12
1.6971383618965333e-10
3.706568877312371e-9
9.62164715361803e-8
9.57777629810176e-11
6.556747085198124e-9
4.796606597761083e-8
7.911202770935004e-7
2.0657663995045622e-8
5.229501303190732e-7
2.3690466762900004e-5
2.2758453551658005e-6
0.0001078767590876874
3.209116610963094e-6
3.1873300176487495e-9
2.9431995845636855e-8
8.047103604062684e-7
1.3678310758969471e-5
4.439360806036582e-7
1.613316996322588e-5
0.0003340306057969081
0.00016506471147396904
0.0027098545334725715
0.0006192717209105022
2.5650435749327102e-6
0.0001710805474415952
0.0004699669640610266
0.00052324311389145
0.03883201314372386
0.0005801810375654826
1.393622893690901e-5
0.0004095009301748138
0.0005915125252062533
3.337936241396096e-6
1.2962267252750506e-7
7.43887101228138e-7
3.0780815080943745e-5
0.00010864493456307733
1.3811525026508011e-5
0.0003738043117537422
0.002700667837724978
0.0004293839534341198
0.040423691911392924
0.0003878518658595844
0.00010422681667536057
0.0027171497685554284
0.038863580067585494
0.027387579773500547
0.5769990642638997
0.03038270316676721
0.0017967208971415545
0.03783187728819595
0.002797961696728093
9.217993163284319e-5
8.719605046518813e-6
0.0002994028316345897
0.0021971814879456425
0.0003758154767391177
0.039730907724074054
0.00041565169210899605
0.00027940427416225336
0.002447647990437756
0.0003389053713353799
1.7737215035463543e-5
8.734719813037529e-6
0.00010570175418802914
1.5193874900891286e-5
8.126239179421527e-7
1.2594664905760582e-7
1.4498339053856556e-8
2.9068616010141977e-7
2.575926838044352e-6
9.296078500207737e-6
5.709695983496016e-7
2.2246824761363443e-5
0.00038151518288850585
1.7732387021599104e-5
0.002088604781853845
1.6767232553274337e-5
4.718054749659504e-6
0.0004768106580640714
0.0004128383066475988
0.00062515559866311
0.039815393481283406
0.0005982289095974206
1.601363939880172e-5
0.0004524457005282156
0.00016658589429922868
2.419176180998349e-6
1.6993271645763247e-6
4.738377646117306e-5
0.00031887559740667956
0.0005794914241339331
0.002301610265258244
0.0001381976449776357
2.3113673996699713e-5
0.00036435652919133613
1.5492545502879708e-5
4.600448647794651e-7
1.9421626498223883e-6
2.5613329476264678e-5
8.759293944693047e-7
2.9793636080061003e-8
1.1836691397791353e-9
8.71660855642625e-8
1.9187342519769744e-6
9.153036669185563e-6
5.184197774575852e-6
0.00010262967213113961
2.3076185835946865e-6
4.348668752689475e-7
1.453861149189579e-5
4.91775217465513e-7
1.8481624554501108e-8
2.7173447366538e-7
8.494469998938548e-7
3.6822121907415014e-8
3.094155798457298e-9
1.2758091000469793e-10
2.3903666600006075e-8
1.214329120018089e-7
3.459985136501362e-9
6.607476691789312e-11
8.994427943809462e-12
2.3180034108271536e-12
1.0502777898643706e-12
4.309843643922381e-12
1.1033647017280986e-9
8.880577829067863e-10
2.456958008373351e-8
2.6776216250206603e-11
5.563484867931873e-9
1.1412878100108743e-8
2.586624241543749e-7
2.813088032049831e-9
4.305235018547042e-7
3.259112069631632e-6
1.3227275715988153e-6
9.409943188131473e-6
3.741952029283852e-7
4.612457914815047e-10
7.726506450104836e-9
6.202920390142387e-8
3.6110380568667406e-7
3.4145811558516475e-8
4.534011398798082e-6
2.2027832823687832e-5
0.00010995721180230526
0.0002596152309599722
4.3288240357169006e-5
3.923184501120925e-8
3.0358749318913097e-6
1.6665905660747203e-5
8.944532044366904e-5
0.001922827102792092
0.0001279528273475491
1.360136284342081e-6
1.5386092687516548e-5
9.626981761238702e-6
1.7969242264295194e-7
9.131058893445695e-9
1.0605229704213558e-7
5.161713447234228e-7
4.059206215691208e-6
1.8291626815936625e-7
1.3575178972261288e-5
0.0004160266531866597
2.8529961252811477e-5
0.0003807471312211521
2.5846613094352463e-5
1.7459564117398213e-6
9.75368885384233e-5
0.0006150265709780867
0.004816262727688552
0.028706535712520763
0.0051869403038280375
8.882866160917268e-5
0.0005202424906999896
6.283385685051419e-5
7.962753474850368e-6
1.0801129458238994e-7
4.942700909262304e-6
1.8355147221920564e-5
3.0359847341278386e-5
0.00040893887501497716
3.477473595317878e-5
0.00014977618709758277
0.00015686362368855797
1.3783925168375673e-5
2.9256459743316245e-6
1.981650105828407e-6
2.2695962281867404e-6
3.332943332856006e-7
4.055012449487092e-8
1.513441839088157e-8
4.555717126138576e-8
9.098096482809757e-8
2.27041935130972e-6
2.1408118403637893e-6
1.0631413295169958e-6
4.3422511831644076e-5
4.891911278032352e-5
3.8110937460262633e-6
0.000327650783026454
2.6131072437406826e-6
9.829091422771988e-7
1.0234223501877672e-5
0.0006931165587014044
9.384818059028612e-5
0.0023803288409057297
8.446229323195843e-5
2.73190459757471e-6
0.00013696555202171945
4.250008622788803e-6
1.40750317909681e-7
3.8034807839563967e-7
5.447412997609204e-5
2.4471130985298857e-5
1.625302550414486e-5
0.00040739267486238377
8.393651213382038e-6
3.7483033831313433e-6
1.4666488933259512e-5
2.1987757429219415e-6
1.1459687699335498e-7
3.6590580639530456e-7
5.007842232165471e-7
3.561895267837105e-8
1.104888279104232e-8
1.8791832594476784e-9
2.950242749849173e-7
1.714532138870586e-6
2.4164465057248246e-6
5.752943666679648e-7
2.3134846080343013e-5
2.9633566293102236e-7
6.283320549882128e-8
6.587214945005817e-7
4.792225762879373e-7
6.5570178769788045e-9
1.4599061231064892e-8
4.6234459570421944e-8
5.784910560367412e-9
4.954829130569462e-10
1.9707538088001363e-11
1.5783820874530285e-9
8.442883244003619e-9
4.423721551918829e-10
1.004230962287966e-11
4.854626838182862e-13
8.890265215776698e-14
4.2703395289949794e-9
9.493064995157265e-9
2.632107197456402e-7
1.0270420171581977e-7
8.115373105735953e-9
3.226628391862267e-7
1.612395731051483e-6
1.1588119347127401e-7
1.0854401942061176e-5
7.676392807701164e-8
1.8394958878262976e-8
9.601573329530833e-7
6.219892126666666e-6
1.7906678010652995e-6
0.00011273565332591584
1.1932789299678867e-6
3.7509837907257275e-8
2.3697634173935026e-6
4.6181153419684933e-7
5.381017733019538e-9
8.924089440831347e-9
1.2764395996563092e-6
4.3230543177362614e-7
2.0878383498571022e-7
1.4295171899356382e-5
1.496163977830202e-7
2.815035270740124e-8
3.947943068702492e-7
8.399024403972279e-8
1.005937800055739e-8
2.502086100530929e-9
1.8213768874017106e-8
1.4245132403882015e-9
7.2021216471820244e-9
3.6330477121220566e-10
1.3976747408876744e-8
8.738515888505929e-8
1.7539964224091374e-7
9.111022126237286e-8
6.445593944909708e-7
2.2547855386833417e-8
5.190926194783408e-9
2.7281001380268316e-8
1.7182161937636144e-8
1.9437627454159872e-10
1.9786282038427636e-9
4.736481593406683e-9
1.9457935233331695e-10
6.694003562675042e-11
2.8276695025697306e-12
5.091608680901139e-10
1.735076988306241e-10
9.263350250396377e-12
1.5304418500011918e-12
3.211874311204509e-13
9.805455040838225e-15
5.362928268199091e-9
2.76023410621293e-8
1.057857787643001e-8
8.99301022794753e-9
1.203040851298094e-7
1.3718613243433644e-8
4.793962675886679e-10
3.2416478822712344e-9
8.025282859522593e-10
2.1741662368380666e-11
1.575076647591904e-11
7.811146680741186e-11
1.798093792718883e-11
1.6702898990570618e-12
2.2205896027211152e-14
3.172559273577901e-12
6.29028476272168e-12
3.9522180092628066e-13
3.978746763839921e-14
2.009787455907504e-15
1.389801845815765e-16
1.053626019186753e-12
1.549942386947483e-12
1.382017200841503e-13
6.166298612470703e-15
2.227227693968516e-16
1.0596445926172068e-17
6.320470755401974e-19
