1.0784741439688811e-8
1.1589037392307006e-6
1.8250110240465958e-6
3.1866977918580825e-6
1.3845024931913846e-6
2.880851344365394e-6
2.1782675383778884e-5
7.268420260261089e-5
0.00014557246602023904
7.044224461664886e-5
0.00011232283974043409
3.586118309308562e-5
0.00012126327792029402
6.347477001027658e-5
0.00013523755553769708
7.861859795716029e-5
9.422072238771856e-5
0.00015529668777056676
2.1423957764778065e-5
9.674934419518569e-5
9.584884895938472e-5
9.141087625458396e-5
0.0004623259559998273
0.0009119455498726451
0.0005873946839847452
0.0005906964253462365
0.00048374906815945796
0.0014342861224753492
0.0011628226285170927
0.0015718724433740052
0.0008905785968648699
0.0014844070421115383
0.0017477719399447546
0.00046942821224502134
0.001362695060423376
0.0009867914760590061
0.00012281941862953097
0.0006342537467440871
0.0006167046813939375
0.0008509275432475363
0.0008435513278887754
0.0011347235406658188
0.0017007525723885524
0.0004480020600976767
0.0018113037236606353
0.0016448698239177309
0.00028726832659881817
0.0007925856274883952
0.001556674990010359
0.0005114597478857295
0.0019322704973317394
0.0014855816637547787
0.00010884947098430418
0.0007502476241845156
0.0010055856120499823
0.0005113982613427696
8.538651000412709e-5
0.0006810926648963971
0.0010210063460833212
0.00109506417019675
0.0006042340553701577
0.0010542049554590337
0.0027373273027479273
0.0030081446427976007
0.0024490179384522594
0.0024872242444756104
0.0038517492598213504
0.003338823045711087
0.0016544854166484716
0.0029123521545632676
0.001524965080328462
0.0005459848657829472
0.002610798340119376
0.002786810952096003
0.003077530156369499
0.0028046242590020086
0.004385782121762247
0.006331143792014926
0.002985206456339557
0.006566898541247477
0.004358154983613698
0.0013987635244185027
0.00479274620709556
0.006755320785437269
0.004005791512772632
0.008132664000344389
0.005010175904059619
0.0010324985966021216
0.0034527728588201255
0.003777456907216844
0.0010393425305933492
6.739826510877081e-5
0.0006547429810204999
0.0009008757456169795
0.0012694248534336073
0.0014135911844508986
0.0026353163030089785
0.004948278295569776
0.001396939100478273
0.0046035534874085534
0.003859215648642727
0.0009344335210717069
0.003308754985138249
0.005595240885342548
0.0027793383921885756
0.00898717283452479
0.01437991890611766
0.000960459080890541
0.003615188192581798
0.004924023275491558
0.001441752666731851
0.00021248969561548555
0.001626048439370441
0.002136439616671717
0.002047295674364278
0.004714961057509676
0.003877692096340708
0.0009610181302135511
0.0032209959381683316
0.004261155252784814
0.001658238850456567
0.00010529452907478539
0.0006766710883313599
0.001472124033446617
0.0010092635661745385
9.794290311410171e-5
1.3179868167693836e-5
0.00021439372546513852
0.0003210284518924909
0.0004550159057819325
0.00017562338546227914
0.0006735198769817793
0.001706334098357771
0.001965080617034905
0.001528924268355392
0.0019238745099607714
0.002773068373516903
0.0017308578528382073
0.0014486058561994342
0.0018890870341426974
0.0006546303963796823
0.0006770214443934584
0.003387178299494777
0.0039912936062421345
0.003206374396189518
0.0059838948033881685
0.007145777779357911
0.006848890857967302
0.0042292310298502256
0.007689293665560633
0.0032014586690172655
0.001462667411292491
0.004403963263917636
0.005837035374688939
0.0050380579032033804
0.010002185277733241
0.003571853357608104
0.001895426937735686
0.006207619267425983
0.003492640469223685
0.0007343265650830114
0.0001848769519693471
0.0016514613630921827
0.0022462848284745198
0.002181240146976274
0.004244044113904362
0.00682021489332575
0.008164927526911865
0.004095781823003427
0.009904426499867246
0.0046532089609011874
0.0029505091267159433
0.008270311053211084
0.011858421059570115
0.008417930745994279
0.04459241209488214
0.00897355403550463
0.004213126111255902
0.009904504690419773
0.00828635158659982
0.0018890928126777838
0.0005420704080774664
0.0040190259474893915
0.00286998063055527
0.005029048371637766
0.009879119583059686
0.0047516255665157395
0.0027651945574343048
0.007572013470667565
0.006596843899788292
0.001793408082237365
0.0003712966772857187
0.0018899056209818012
0.0029169337339185913
0.0013751432746865167
9.727971568079501e-5
9.559295651039127e-6
0.00020275156918576228
0.0002640970894414165
0.00042400839538554876
0.0008495352578709417
0.002167445548689207
0.0037854192070036095
0.0015042178154903725
0.0028645971824399043
0.0021701019515701905
0.0008632163565046655
0.003695286485715984
0.006741809589555689
0.004133408618655838
0.01178917644208598
0.005396177456679623
0.0013690630711851437
0.005758400468314469
0.00668275740634863
0.0014753223605130051
0.0003199504069977751
0.0023862794381334022
0.0038476805385756724
0.004255333450096343
0.008079902718303207
0.005055288555487782
0.002660355880673026
0.006829371739028052
0.0064280890244187245
0.0017101689099383573
0.00031197729804419274
0.0016988331460858106
0.0033037685124523816
0.001781786452031534
0.00015531850930602532
1.832257673567379e-5
0.00027469638267460305
0.0004267366091013412
0.0009766570967662841
0.002154037484131119
0.0012639095858292468
0.0008674397512944572
0.0031748364184112613
0.0030957848124997796
0.0008218544904745361
0.00021921844463940174
0.0014992161227634908
0.0024073594987573236
0.001554005306439845
0.00013526975943473378
1.1716349801881296e-5
0.00016823084844708275
0.000581229898594154
0.0005680579345654061
0.00010799624391305994
2.7526394601227674e-6
3.4829383531621926e-7
1.3676429413730544e-5
2.2923834335015302e-5
3.4869255562129816e-5
1.1816569802952419e-5
0.00010676658324132919
0.00034156166107195607
0.0004990300332967144
0.00022090896463341356
0.00023320195128834898
0.0005931984836665262
0.00031633917505641496
0.00031617487912632134
0.0003663002635615704
0.0001050348319109939
0.00018985045282876733
0.0011435667197501552
0.0015456987850586677
0.0008874519766498684
0.0017202039387821746
0.003942707005853589
0.002676288361759633
0.0018364092923992032
0.002727977275321256
0.0009547814947606087
0.0004394536405613899
0.0021701252508605916
0.001389761883669932
0.002670273030546397
0.004152347212510986
0.0009577105925266939
0.0011871726047360167
0.001859610014415024
0.0010353648499254473
0.00010776207755385439
9.946712792805858e-5
0.0009107812334817662
0.001743732658490297
0.0009878320459183456
0.0023796125055009706
0.0068111922009404515
0.004279951205638392
0.0029847270443580697
0.00503016222041912
0.002056000224881469
0.0011681231471660496
0.005691547259923779
0.004124843968167043
0.011488705576677735
0.008429367699591121
0.002802573710735474
0.002744631597754804
0.004955214330426036
0.004060621232608913
0.0005142293860940242
0.00016735936378402163
0.0017962568575611427
0.0015440675766573433
0.0029269287720439826
0.004056606114846321
0.0014150687843267186
0.0017560039079392753
0.0042299736503102585
0.0030203308273740364
0.0004447037236258152
0.0003052493188016614
0.001447075173199919
0.0016201586581434367
0.0004630364560981919
2.1409775306035214e-5
1.3699148873999634e-5
0.00023518116310188272
0.0004275037636626874
0.00027514244693679376
0.0007938656126489081
0.002500396138440487
0.0023645020499485888
0.0018382764068801852
0.003916176534746211
0.0015912028738811798
0.0008485862675718594
0.003128811372795951
0.003743322208035547
0.0057646807713822145
0.00817829892021024
0.0031911509692307033
0.00221650081949731
0.004280070185609889
0.004819736470897216
0.0007818555360425562
0.0002742541778742519
0.0024607659821953257
0.0021874783310958648
0.006834754807813814
0.006942828890634531
0.0026212865593513734
0.003916962088851193
0.007170456411412795
0.004455330711529288
0.0011394706653867527
0.0005645643594053312
0.0027422875634231536
0.0038755929018441373
0.0014729100773302878
9.318423671653374e-5
2.0607580514388514e-5
0.0004203899327356742
0.000256028797880371
0.0017370616664840613
0.002263312375071405
0.000925438121598089
0.0015319260250955334
0.003988595573492913
0.0028029189513894106
0.0006192302978576335
0.0004929299115733566
0.0019110007848670571
0.003016783322979848
0.0011699204314629043
6.307534826773971e-5
3.510180934216235e-5
0.00045202375788587197
0.0010737209887313928
0.0005797790796295949
6.957467117696132e-5
1.3657020711855766e-6
3.564569437654572e-7
1.1815399065821937e-5
2.0773758769227753e-5
1.8245365017724287e-5
7.091108546335865e-5
0.00027561968762348664
0.0003177396562783669
0.00016953093099080448
0.0005141446536135626
0.00020580242620678985
0.00012781977294688663
0.0008402114228215136
0.0008631254303162572
0.0011660590254676233
0.002955637072122947
0.0009158751162511106
0.00042065248596740264
0.0014426241068891208
0.0014171605220154493
0.00029634260363340655
7.364724898343984e-5
0.0007914598418065017
0.0008491172003268035
0.002323895136610566
0.004209208278851787
0.0014060981963323908
0.0016467814032682466
0.005740900956403896
0.0027750768716489375
0.0008425654703102547
0.0002306585789891899
0.0018975691309107627
0.002542600536966464
0.0008895639632793992
7.552815838558026e-5
1.2106937361708937e-5
0.00023711837603564278
0.00019926053511814724
0.0008954327674262429
0.001623373595728055
0.0006605086424009508
0.0011143192719858452
0.0034020580664476164
0.0026812244008485187
0.0006322126295006572
0.00033197544704484144
0.0017156794329649045
0.0027919876236787437
0.0014369652521482388
0.00011960248062303627
2.2730531129293254e-5
0.00031503117309197355
0.0009898033478682757
0.000890644705782963
0.00014041292206542268
3.0588867620070504e-6
3.6015099074175845e-7
1.375369992936291e-5
9.80518950034209e-6
9.951592610108087e-5
0.00018942583129483045
6.733684679211392e-5
0.00018938694909104465
0.0006816562616507489
0.0005529656390668964
0.000126671263908044
0.00010424476923153925
0.0006652285716506737
0.0010685430992334014
0.0004768294457419106
3.5140426658471356e-5
1.3633720772416325e-5
0.00021576210850438084
0.0006755716831731163
0.0004456995207524186
6.980745622513618e-5
1.7578306867144582e-6
3.592864922004308e-7
1.3573154463501848e-5
8.6415514766588e-5
8.893997712375085e-5
2.0847181672544367e-5
1.102141771703793e-6
1.0195968262902854e-8
