1.1756502755317953e-8
1.2782725120623591e-6
1.6750843928794273e-6
2.379979096896807e-6
1.1921962927291976e-6
2.312198837656614e-6
2.3321145489638806e-5
6.517386256866188e-5
0.0001104604872497479
6.19663873723346e-5
9.030597310249638e-5
3.3972792674003875e-5
0.00011418223713987094
6.170124565759378e-5
0.00014192073747059286
6.98735408920711e-5
8.002012573312324e-5
0.00013214947891397678
2.462252293594095e-5
0.0001258813125807217
0.00010300670306031549
8.777707958535962e-5
0.00039187770468937825
0.0007675420068612821
0.00048796595198554794
0.0004931216527850525
0.00046589924310283835
0.0014437518000415602
0.0010107434394605998
0.0016050727753010327
0.0010256628424528222
0.0011205155046331908
0.0014251507092913065
0.0005342112445100132
0.001682052644646689
0.0011524881778835591
0.0001571519232316771
0.0007907755509095251
0.0005814205890993682
0.0010989905748517042
0.0008936644650446811
0.0011478495242284222
0.0022792575565031086
0.00043665450246330477
0.0016888060501536821
0.0014135605575153962
0.00025161579381100663
0.0007132412158436339
0.001468506396806832
0.0005119820681964488
0.0017154977332787954
0.001769797221879048
0.00011794189589431587
0.0007189569090404292
0.00115629972671039
0.0004583019687776473
6.927887373513234e-5
0.000631818603474607
0.0009907793962553178
0.0007185783427065587
0.000579735949595849
0.001056563392401425
0.0032142797457932683
0.0029826584470444796
0.002773900669744903
0.002322528628652433
0.0029527713596063996
0.0030052633336198633
0.0019623867887120427
0.0035942980322589578
0.0016601340659116609
0.0005861606221009409
0.002598434953703304
0.0025705402562531256
0.002975477217249807
0.003439404904486641
0.005767488023496909
0.008245021008007076
0.0033035351374571522
0.006434412070913223
0.003722071302281203
0.0010643270020372264
0.0044117680637090215
0.005890629502825997
0.004368439064787997
0.006251211952612288
0.006098373170063433
0.0012349619469035236
0.003926728674899567
0.004563788184402285
0.0011243475761628114
6.227716257879254e-5
0.000661416502314061
0.0008230531847666289
0.0012399150361930525
0.0015566438583782176
0.002825466737975798
0.006391677623820866
0.0017557783429255622
0.004880917899704166
0.003860657264355789
0.0008535832961227033
0.0030804582854295198
0.005561903653395263
0.0032245421844692567
0.00863925124191366
0.01348830441934752
0.0009880799071727924
0.003832733842442924
0.0058021831191030935
0.0017330692684199487
0.00017041252836817985
0.001389808714570169
0.002046708416709983
0.0019427743698763103
0.004894683616902137
0.003975551370037909
0.0009521560744928234
0.003363999159244794
0.0039004959198094373
0.0014710836747590316
8.547016426235175e-5
0.0007179220714137865
0.0016533642586663436
0.0011763287221581505
0.00010300034468679664
1.2052909682405168e-5
0.00024001877688687795
0.0002790862870579901
0.0002539647285561928
0.00017002267831594696
0.0006599995998804576
0.001701157406087629
0.0024401663783707285
0.0014816229493901845
0.0015052621105176736
0.002022890169014093
0.0017795228553485925
0.0015257772868904514
0.00202088161523699
0.0007367557352302673
0.0005777107133160871
0.0026740026814716772
0.004140510072575297
0.002941067208120347
0.004802117991934057
0.008876108133341871
0.007127935449836651
0.00429067977790546
0.006233909354588693
0.0033377551019806015
0.0014989643002046582
0.005449025609282546
0.005277954632452589
0.007478734830862651
0.010486793837607214
0.0039408296406564115
0.0022820041735539275
0.006629317421099084
0.003926773479936785
0.0007231060282173105
0.00014057325715010358
0.0013767044601660423
0.0020523993135846503
0.0019863015432430354
0.003926660491049812
0.00748886490085756
0.009381354311241425
0.003968970951289079
0.008676210251424451
0.004871849475337502
0.0028424172377797853
0.008722192283335786
0.012822501688777235
0.009678665802129496
0.05456498174004695
0.008601407658071351
0.003008058009536465
0.010505731418251353
0.006390902933938596
0.0016999537259330339
0.0004355721827500037
0.0035686852451777325
0.0032092096976394065
0.0061539683066854905
0.008951834646467103
0.004931718627402807
0.003177464328639454
0.006242521375549181
0.006455413483866997
0.0016791866318443688
0.00038830736940160464
0.0019251150745579974
0.0035461484764490563
0.0016836045058885385
0.00012638336648138223
8.76828838099175e-6
0.00018273335593847317
0.00025582698305772996
0.0003585247545748291
0.000775381208102223
0.00241609057460323
0.0036684939061069235
0.0013720962012094917
0.0029764769143031137
0.0019430400701897384
0.0008291759132400591
0.003727590839440165
0.008385237584074822
0.003762546209125749
0.01250508509665356
0.005476306459815229
0.0012419263998905883
0.005078895992727634
0.005773374527347379
0.0014212223939815637
0.00028076777180758016
0.0022536968100751085
0.003771561248431442
0.0035428998584311096
0.009450433578107617
0.006572682788540815
0.0021548697787118704
0.007101726783376592
0.007975011097019336
0.0022440297915128416
0.0003116848369774045
0.0017152629927310464
0.0028812619601936776
0.0013697274022169803
0.00012442509075614858
1.6542012293254124e-5
0.00027236956750243145
0.0003792881605250685
0.0008595803454876924
0.002064312907647394
0.0012439757060887593
0.0008624608221625845
0.002953414353586821
0.0030120193673862346
0.0011203836809517333
0.00021861915806576642
0.0014597464946178155
0.002831542190582147
0.0016129476437643656
0.00014324999175585455
1.062683749379655e-5
0.00016491995177421974
0.0005663909298159262
0.0004806280781665691
8.646764262374526e-5
2.1998043625575e-6
3.977469119184626e-7
1.6643932629491528e-5
1.6310947411754376e-5
1.7731476734843192e-5
1.0704672280298638e-5
0.0001065663280975493
0.00027912455515680714
0.0003899021349491684
0.00021709220374448973
0.00017443950834548469
0.0003303298948660363
0.0003248652343160144
0.0003248463320228794
0.0003997047679624575
8.933593561735726e-5
0.00015431341221044668
0.0008377446742618085
0.0013985930689716674
0.0008203375596049105
0.0015074319409792384
0.0029735350224920683
0.0021553539596431584
0.0021252509693046743
0.0031046641554844227
0.0009522498841332962
0.0004975363547481876
0.0018595322874958324
0.0012958373387119463
0.0020712691566174613
0.0031828813491493234
0.0010368549027187318
0.0010201818136966424
0.0022856079517272363
0.0012449645971027831
0.0001196231351136393
7.328452578286008e-5
0.0007394660491060092
0.0014402046563195604
0.0008186640165733307
0.002118540094559008
0.005243723444829753
0.003537687602368911
0.0024757752890426673
0.005869964620202478
0.0019177388752711732
0.001333208592966617
0.004695036003618253
0.003806425294185766
0.004716431781751484
0.009788440051080276
0.003242499679181299
0.0020483888897370687
0.007309978487817008
0.00434669497488626
0.0005173776892061371
0.0001563913743835891
0.0014730135735404935
0.0014575245449006743
0.0024874907492070846
0.00410662072041785
0.0018170613462375124
0.0021088716957411075
0.004314024929854812
0.003292998759258774
0.000444010153105182
0.00030731590291998456
0.0014873731940592096
0.0019215923100977435
0.0005400006542294536
2.4956179210372324e-5
9.885899941108342e-6
0.00018994332028340527
0.0003074415039159317
0.0002597980951708603
0.000745452269838997
0.002131166990044091
0.0022094332950727893
0.0014184454609392485
0.003402116895405496
0.0013647650390145602
0.0007658466633937022
0.003755361156940071
0.0037304975141220567
0.004564950343682229
0.008538307471617764
0.0030695798776117873
0.0017507508720644304
0.005082998666746066
0.004372668274400344
0.0007174083667825576
0.00025415458650589434
0.0022084457904154664
0.0024563328810730473
0.005100656563489875
0.00750883296457384
0.002864153614203335
0.0028946956577431777
0.00868575811835277
0.005728644086159285
0.0011257634347626088
0.00031363484063162917
0.001879431334721449
0.002804385302645971
0.0010823634862963346
7.807415171768087e-5
1.5865092369719263e-5
0.00031645212961735954
0.0002698507867990091
0.001487015272527854
0.002147190915013445
0.0008458512883735593
0.0014441202660874122
0.0041859396162676026
0.0026143583134619532
0.0005806323146904665
0.00039769136788245273
0.0024101372718880526
0.0029167596602187383
0.001020408553405355
6.315278391875918e-5
1.794433985890354e-5
0.000255504779747476
0.0007242903676234989
0.00047537375630674376
5.9901556514021784e-5
1.1484711071796665e-6
2.492726477968407e-7
9.028512421242966e-6
1.5412447848099704e-5
1.5827813393675713e-5
6.56694219834286e-5
0.00024710957405548183
0.0002702391770723874
0.0001490481459230932
0.00042466873096151257
0.0001651658749977448
0.00012152181194627045
0.0007781914667173099
0.0008222256916948105
0.0013038533945751178
0.00284531821580076
0.0008507860502218481
0.0004579429186006115
0.0014319252391281872
0.001011251257179092
0.00024791048756684416
6.845343082922024e-5
0.0007648062045527639
0.000791458151115979
0.001969131653291999
0.003821088244091445
0.001564282202199383
0.0013677045690119235
0.0046066101044738555
0.003329098494309504
0.0008507539515164368
0.00015987162136470612
0.0014114223303451244
0.0022098260255375836
0.000984941580340526
6.803815223949158e-5
9.181705258769552e-6
0.00019187682743319046
0.00019067107173503366
0.0007338965774926394
0.0014023385810068181
0.0006698916179233678
0.0008099068049163424
0.0026468456647668163
0.002534365465877303
0.0007854239816237957
0.0002765013184127797
0.001658211684642556
0.0031535394005519704
0.001435131530981762
0.00011332702552451351
1.551076368193354e-5
0.00026194661529730767
0.0009343376353259545
0.0007441014435249178
0.00010996603587826475
2.3932460928164023e-6
2.5407703378411914e-7
1.026671164443214e-5
9.274257156393078e-6
7.568541117222504e-5
0.00015078610353332393
6.588510525384675e-5
0.00015307244741406657
0.0006055963977403173
0.0006098304306468423
0.00016647889775403993
0.00010575607825070124
0.0006535059266326368
0.0010634236661172206
0.00047717092875126195
3.467601242646369e-5
1.6214878388561822e-5
0.00023273129434467623
0.0006164627566291965
0.00038726954181376105
6.364501803138305e-5
1.6274022318363894e-6
3.8680072984884046e-7
1.1774876498578352e-5
6.918228364299458e-5
8.647389325696167e-5
2.2610789896194364e-5
1.2300170075380932e-6
1.1304221029578797e-8
