3.184046783474064e-8
1.9192659048087377e-6
3.3329551271837236e-6
7.816686958504078e-6
1.4621780030479909e-6
6.024768053811288e-6
2.138424686695234e-5
7.45086200512202e-5
0.0002351619453289652
5.406088796700959e-5
0.00013996213564866953
6.125394353761965e-5
0.00018309814824091222
9.654495253355395e-5
0.0004077020823798525
0.00017801547578340116
0.00013744659664815699
0.00042436178054806433
2.300441816271861e-5
0.00017232712215644894
0.00022943997439138955
9.092245407785542e-5
0.0003070380723086653
0.0009909021989785152
0.00048171059326625003
0.00046491510381507957
0.0003525077366707582
0.0010542399828838884
0.0009018123327531188
0.0019337305353866784
0.001423465833722087
0.0012281812076064891
0.002502954143281215
0.0004276938121270532
0.0013164612435055158
0.0014595771322705457
0.00020375062975017992
0.0007922215861697508
0.0006312536054653952
0.0020899877898467698
0.0013570029266274392
0.0011166395440048084
0.0031552130795582238
0.0005136456530695027
0.002344197342780305
0.0026867403825301265
0.0005562872750473471
0.001081640717114562
0.0028632748546558438
0.0004659415948731644
0.002512023580500495
0.0029516925167966425
0.00010930459112813092
0.0007160819621606654
0.0011687691538478137
0.0004748963431981537
0.00010050638784795975
0.0004661941348967848
0.0012216962805457322
0.0013667191930770426
0.0006510459481837375
0.0006263498934819607
0.0022954117956059446
0.003021070148968969
0.002295782000760385
0.0024888876223012027
0.003419710493172313
0.004348348803069216
0.002017016844188684
0.0031084346632607894
0.0015191394096830558
0.0005218973537383441
0.001617574501343647
0.002558487177404799
0.0030573824559271038
0.003139719098376152
0.004680556347527415
0.005330540422501325
0.0035144157775754926
0.00698984166924572
0.004987705744758769
0.0019502673218673619
0.0044564467161531335
0.006387690415861514
0.0037665873585965453
0.006883418902409916
0.005813105147393088
0.0015454370988353067
0.0032519963251495423
0.003331616582660414
0.001136697060413552
0.00012350878709532111
0.000708311473393283
0.001032471471895182
0.0030106171717569877
0.0014659586801784562
0.0023351827511726305
0.006540606937285491
0.0018952093527467204
0.004760769408561823
0.005480676422244375
0.0013088619572710885
0.0032419576769882135
0.007601870614973906
0.0028333056704134426
0.008974426892833114
0.005874096738948245
0.0013721790651850755
0.004890734834702622
0.005784434489053137
0.0029183508135009507
0.00047927009647805635
0.0015465895999350764
0.0033327345924614336
0.001973592083152471
0.00569574247699568
0.005477097442367911
0.0008798031154500194
0.003947373945589535
0.0050143372712225884
0.002641009814133128
0.00021902464700216661
0.0007846435360963394
0.001510881415473991
0.0014103736920247447
0.00021598011879722637
2.497782766308189e-5
0.0002719381198836955
0.0005441096040772752
0.0007210224908320963
0.0002832789084230897
0.0005604705750997086
0.0018144394710692443
0.002346803909253068
0.0012471550573384966
0.0017364135783323586
0.003461304951639983
0.002645829684585433
0.0022356947121743597
0.00266605017562844
0.0008023111881601543
0.0004992695634896831
0.001996282478681422
0.0036359164138702414
0.0028973272484609847
0.0029033568791701604
0.004787234704124312
0.006559907109027123
0.004279783316951067
0.006453803906248584
0.004021620892382892
0.0021533435701809427
0.0049377152523351776
0.005192417509829859
0.004778227356794379
0.008635872546742055
0.004851065967202424
0.0038763315169792058
0.004330888477004754
0.003252021911915422
0.0006967593602219838
0.00023706924027175558
0.001154327970950344
0.0021459182181415427
0.002669150281872361
0.002476283754024836
0.005038305766039014
0.00632177826781963
0.004560518223698873
0.008721834961425978
0.005692767284326388
0.0023444936204674027
0.006545837924501084
0.008354725174035845
0.006949402483459367
0.028558689537503856
0.009127832540545017
0.003802081844034771
0.008635299717034478
0.00675656400074568
0.0025076426459403993
0.0008154523375380017
0.004051924644655019
0.005147064859840807
0.004814255072417973
0.008672012655871373
0.004687502364788128
0.0033540278121169703
0.00647607211494175
0.0071102650529750785
0.0024064608373801973
0.0009438528850324822
0.0026390343371142325
0.0030772581023548106
0.001284980530550565
0.00017177152228738145
2.6461560940571424e-5
0.00034473126432187583
0.000584393316590183
0.0012877107248486495
0.0007158235684693102
0.002305604259325636
0.004299112326843312
0.0023533470770715627
0.005252275376901317
0.003348920841335748
0.0008585931566418278
0.0027435122954070296
0.00522326146192466
0.004071979271053325
0.008524269991526142
0.007420608305431886
0.002370056075409969
0.005148649488895676
0.006237875208432444
0.0028797236776583316
0.0004946351062368706
0.0019630194549338895
0.00447413517178405
0.003019135337340279
0.0062762046523374545
0.006364638782019213
0.0023306048281658285
0.00662762167891343
0.00533358742984681
0.0031576695543677007
0.0006641926837642941
0.002772957036660582
0.004471433842527081
0.0025234481817297803
0.00042660777307316616
5.9586637447152085e-5
0.0005674022745946499
0.0013420641360404092
0.0010704953206353005
0.0026094802764568747
0.0030568518414788625
0.0010041982725865991
0.002963912649178276
0.0030841438898628936
0.002108760374766217
0.0003694399222879391
0.0013078578203759785
0.0023528522771477925
0.00198029539791194
0.0004152165479783483
3.083263912393997e-5
0.0002870596188471073
0.0006473095540446103
0.0004650841452310195
0.00014374258573732638
6.120396441607392e-6
1.3239330480479685e-6
3.610024551831395e-5
6.063183038331507e-5
7.84470340578399e-5
3.0215497134644158e-5
0.0001569972315866127
0.0005241046181006209
0.0009331611690223952
0.0003531754563483911
0.0005050277216559204
0.0011307286773855902
0.0006360294280367314
0.0008132129575836892
0.0009488667540468223
0.00021348129981931102
0.00019638395512345893
0.0009776792292133978
0.0026922091121260854
0.0009661116346393904
0.001532880533233593
0.003482595649426333
0.0023341329125685603
0.0027768956462826504
0.0033284761949178955
0.0008685649636303118
0.0009251326928756746
0.003455118458539212
0.0024132121593331934
0.004318002100173368
0.0038591536473111484
0.0013534692202879868
0.0026587737986376605
0.0038680582466996257
0.0015997455929190427
0.0001085169849295791
0.00011302573786208993
0.0006547755459317818
0.0020615543013407646
0.001046932503015419
0.001382869859846543
0.003968167741417746
0.003002652115047349
0.003940645644750812
0.004798165550095716
0.0019934746311096123
0.0013264617142319094
0.004037914968514721
0.004081822183875105
0.00628134844054672
0.006946717811887968
0.00286352710114324
0.004333735321233078
0.004954410902256815
0.0038069482272377244
0.00045439485590544965
0.0004619295770930045
0.0028630237071376047
0.0022475728506728405
0.003914788578963441
0.004464745307371896
0.0018969025099744136
0.002805840716078726
0.00425684502643244
0.0034820377819474242
0.0005173591278111125
0.0008400558937263892
0.002222244233891171
0.002001776232599049
0.0004248712127225449
2.28603833296837e-5
2.1235118776667886e-5
0.00023751480417295745
0.0006196264210875808
0.0005904642080038758
0.0005316025435114237
0.0026665804311928366
0.0019561938767402205
0.0029132425535252607
0.0040045611679341815
0.0015485869233804828
0.0007041327249080889
0.0037213415328148916
0.002718827656906886
0.004064270552208227
0.006520443239978951
0.0032221439347539923
0.0034194527404250432
0.005073070900363203
0.00447051740272744
0.001072890531421932
0.00041830381792324814
0.002673406593224661
0.002366788657625485
0.004009466435078673
0.005233719211181973
0.0023421580459044486
0.003399394667591466
0.004880148154860107
0.004674206080144087
0.0011367264386048666
0.0010796390006879036
0.0033969318600402163
0.003329303277040255
0.0012158402083096449
0.0001407492102707568
4.7348612837578896e-5
0.0006003472627690791
0.0005884894592708959
0.0020547392434638132
0.0020983451529250716
0.001015312560769553
0.0027181494349148225
0.003599285556624049
0.0025620479550921686
0.0006313690489180817
0.0009667850537782047
0.0023288467870946515
0.0030294794744758556
0.0009119430619050297
9.708944097856306e-5
7.865166571072644e-5
0.0007061075763774458
0.0013718225230529202
0.0004788317565878571
5.3051066272928156e-5
1.4197636756939455e-6
8.680025911970384e-7
2.2324500548098675e-5
4.947100911494175e-5
6.132279952458023e-5
9.056843648700795e-5
0.0004400347789497231
0.0004995282616807442
0.00048287081319296277
0.000806277481772856
0.0004654408223352958
0.00012390105021795639
0.0007150842046974538
0.0008696763630081987
0.0013404700746013584
0.0023202453764854295
0.0013287029018270453
0.0009511081054726938
0.0021677472695716764
0.0019086614356955112
0.0005343903846678051
9.158915582589907e-5
0.0005253956496839395
0.0007233839067647097
0.001377700041322992
0.0024717555893789826
0.0014908527981196654
0.001540306191279815
0.002876837460921994
0.0032183073579926938
0.0012973993085330028
0.0004995620855511977
0.0017293015248654748
0.0024927992243336354
0.0013159619064797977
0.00016546473467846657
2.309280009117796e-5
0.00024562590354921095
0.00034305828149249016
0.0006576472615564961
0.001155809356738209
0.0007119473677677712
0.0009853052850238124
0.0020030054024727183
0.0016177962999425056
0.0007923450118423388
0.0005378122249279265
0.0018065816180376812
0.0022839758584568388
0.0010465802841000632
0.00018130382855928255
6.119032052091656e-5
0.0005383817408601279
0.0012428566065030235
0.0010066644352282183
0.0002386300472992293
7.983549454674308e-6
9.232379568125765e-7
2.2325842123235803e-5
2.67811118053083e-5
0.00011507092688324054
0.00024164601389502034
0.00012315650863355883
0.00019676249359700036
0.0004906457233197427
0.0005338974044155664
0.00020850800368550396
0.00015414633445034667
0.0005596749511881155
0.0006356379652906133
0.00036206466974639983
6.103617537025275e-5
3.508931589417513e-5
0.0002700750926561812
0.0004760627096171369
0.00030829827945611036
7.318319588273762e-5
3.197421248917764e-6
1.3074792068823626e-6
2.5265227757189122e-5
0.00010024434952332003
8.850717081927653e-5
2.1360812878174788e-5
1.9821946404563274e-6
3.340916778437472e-8
