1.0239375193446517e-13
8.706111056851863e-13
3.825060574360251e-12
2.108305830346442e-10
6.22188446634761e-11
8.701345949908246e-10
4.65520460298828e-12
6.520253572868092e-11
1.8260783397448957e-9
9.385210907786448e-10
3.6440436299295114e-9
9.661998301892615e-10
1.5679581548953763e-9
6.046806334800178e-8
2.5009774255703704e-7
8.213431294527557e-9
1.1089623416072717e-7
1.1178938040427664e-6
1.780016218769037e-7
2.1135068480657078e-6
2.0652559454366975e-7
1.6255566267585308e-10
1.4948333853577328e-9
2.8246570429790725e-8
2.4330712918303675e-8
4.9222555536258144e-8
4.853136456461064e-8
2.778013664433105e-8
5.177571074935706e-7
1.5604640879014637e-6
1.823776270109499e-7
2.6698937456672647e-6
7.915844588804335e-6
3.425223744156095e-6
2.7447479057810016e-5
2.8908053548055326e-6
1.6421018470953307e-7
8.623805592679823e-8
1.8722626051682354e-6
1.4641441711699046e-5
3.873416502544242e-7
1.0535816065009408e-5
2.531094140883734e-5
0.00040006099137698185
0.0016892701237869428
0.0005250783076325631
9.587459658475187e-7
2.441854118398478e-6
2.381204355051718e-5
2.956347198091375e-5
0.000418730779507623
8.703651187804808e-5
4.812977690274178e-6
1.3720033479036847e-5
2.8959281393258614e-6
3.452375662249204e-7
2.317733046744959e-9
7.549574714911773e-9
1.6599810809321507e-7
3.8615473696647156e-7
4.4976374171697627e-7
1.6958242785799035e-7
2.0442883811919504e-7
7.728672865393523e-6
3.5678249399120693e-6
1.669367375638653e-6
1.3292182515822804e-5
8.546278927415587e-5
9.456652304376095e-6
0.00014659729689085266
4.151916688962838e-6
3.7433594384317805e-7
2.184537238988424e-6
1.59147244223858e-5
1.9721497923689872e-5
2.969330748134059e-5
0.0001753603114440224
0.00015134115242057138
0.00028898177786529545
0.0017659201603065792
0.000250443099109665
7.427674625836372e-5
6.933962113325598e-5
0.0006161884611823827
0.00026825211235025515
0.005091742362301402
0.0003635897239414338
7.136272827911087e-5
0.0008932792734033339
6.951550805308527e-5
2.571407853148752e-6
6.57231744460291e-7
3.4952506126335817e-6
3.808585746273115e-5
2.6245714360601462e-5
3.692034315994245e-6
9.225800902840863e-5
0.0006147809545496949
0.00011434678813691865
0.0013707893372371732
0.0001512160600270558
1.698115475717932e-5
0.0003283051081005499
0.0016662731905264805
0.005914529679589033
0.0352379768239154
0.009260172776717398
0.0006480953156161955
0.0018816162738922008
0.00037187661633621166
8.229846415335353e-5
5.506602297233158e-6
2.5391009098497954e-5
0.00012184895644218895
7.997143460536531e-5
0.0012069220239364251
0.0001493228785505403
8.021961009225091e-5
0.0008650819588841158
0.00023239112668340186
0.00048372899469744057
5.931535999490147e-6
1.731880318122358e-5
4.1186994271696825e-6
2.724462263687727e-6
1.8744823884079877e-7
5.6452129161057776e-9
8.428714586036686e-9
2.366828740236629e-7
1.0065119756248333e-6
2.394445341247205e-6
1.199700014216553e-7
1.8618329988241522e-6
6.78116582607938e-6
2.945287859729173e-5
3.128916264175559e-5
3.330404487089446e-5
0.001894702957074684
2.541206760413712e-5
0.0007232524196960777
1.8302540043707733e-5
7.471499519311242e-7
3.832668165249092e-6
8.277713268793639e-5
0.00013150046055986566
2.1096632200171522e-5
0.0001737744061367072
0.0019577144370077834
0.0007562401482637301
0.005882773987690149
0.0009382111766727364
3.8495212651330555e-5
0.0005669812936207974
0.0014236946121893006
0.0014324913157009666
0.04372806345910096
0.0019535682705690972
0.00011329431040267802
0.0012714383372348535
0.000925465225847959
1.4023562510219857e-5
2.730016227107255e-6
2.4255392320842236e-5
0.0018366780416216567
0.0006465798084214241
0.00012931498093346282
0.002126216520812536
0.006549589574197794
0.0013099804270363296
0.04815412044388869
0.0012401855667008
0.0006363397471010472
0.005955080773229245
0.04715563850676559
0.03384613842722155
0.3886271846398189
0.03548432531038737
0.005121565436802002
0.04489586522101383
0.0054173958043853615
0.00040737623334702707
0.00023825543865554837
0.000994965720034303
0.005597584872059662
0.0011289086461800438
0.04661324866896154
0.0013552111874363774
0.0006834767418871602
0.005380856711667894
0.0018971163778431234
0.0013842195538196819
0.00024279421878014697
0.0007218917880101736
0.00014821010123177475
2.2465739681251253e-5
1.974459278692117e-6
3.6728716529467144e-6
1.0109650078072823e-5
9.564533808051807e-5
0.00022594868897497897
1.809558347675673e-5
0.00021283889355279087
0.0008390310809731918
0.0001379497883563452
0.005796688014166274
0.00012697660291398553
3.360785687174126e-5
0.000789934817353866
0.00139397857901424
0.0019712722442528172
0.0486518840176461
0.0017237911561412574
0.00014253637026320453
0.001347546492331728
0.0007094474466020557
2.490969654714219e-5
5.0693212027443085e-5
0.00025350111290264844
0.0009106439213626299
0.0005706730589092381
0.006375886176371102
0.0006001282517379177
0.00020127250020728088
0.0019375326695227238
0.00015515579331622212
2.277392091706911e-5
7.178711677895991e-5
0.0017494931707024539
8.126077922551084e-5
8.871664777665569e-6
1.0617561513464503e-6
1.8208478860431087e-5
6.198162576210321e-5
0.00022031326003020885
2.991180555061199e-5
0.0006782707095661228
2.6381060300563073e-5
1.7940921852692503e-5
0.00014574564299494317
1.7181370619570834e-5
1.1767999163563973e-5
5.580281892100058e-6
2.7220656963452227e-5
3.2958980222012223e-6
1.5924850198808098e-6
2.74956717320317e-7
1.3659751756239037e-6
2.256119195455419e-6
5.189335318897607e-7
6.207778633018977e-8
3.914196149839287e-9
6.941327278763038e-10
6.837467078090493e-9
7.214980734448661e-9
6.885359668999772e-7
6.356298384397118e-7
1.640893188859067e-6
5.50372612625304e-8
3.8006419553730718e-6
3.6340015247777565e-6
6.554545193620061e-6
1.0567758861968578e-6
1.579015066670641e-5
6.570778791483174e-5
1.659878610088682e-5
0.0002606335641695573
6.163283446861476e-6
3.6189356528688835e-7
2.396015622530405e-6
8.030700782432622e-6
1.7599728461432213e-5
2.1638397661138768e-6
4.138309135779173e-5
0.00019051198275727633
0.00025308575990072124
0.0006719238536551121
8.017772163972049e-5
2.393638115024522e-6
3.9985459747762664e-5
0.00014379909272953063
0.000485986499720245
0.00522811292844282
0.0006696994719572254
1.9506340802151073e-5
0.00011487717752380484
7.807867945918124e-5
4.9706446447148976e-6
8.226587910256948e-7
6.60012537684931e-6
5.716401645606896e-5
3.018698156136184e-5
5.1894915183399626e-6
0.00015368572445341555
0.000612587378520968
0.00014725017193580145
0.001138235077552035
7.843769982684174e-5
3.553573348171367e-5
0.0005047709064403491
0.001938963322541457
0.00947909464857269
0.033590402866960356
0.005919282171558184
0.00048079483922721966
0.001458941208163784
0.0002864608142404121
2.8489884890059418e-5
1.040389833786339e-5
6.896288831972338e-5
0.00014536032708053844
0.0001514963128957677
0.001296342425327642
0.00011495768240116931
0.0003038344037162353
0.0006889524538099283
0.00028050077326261625
0.0003917848399867235
1.6727994999955625e-5
2.3598160872782763e-5
9.03660194810801e-6
3.517824515651927e-6
1.804126687763966e-7
2.2502890126372545e-6
5.920440611931317e-6
0.00032714525604137656
5.161092951707711e-5
7.293725675006497e-6
0.0006638078733985135
0.00024590976322450437
7.950946722849857e-5
0.0009975811449760856
2.1940871312934485e-5
9.332753114199778e-6
0.0004728253094117702
0.0007287914747572493
0.00047119557649000573
0.005714194317129311
0.0003230865366700338
4.065791632736332e-5
0.0005509455919547076
6.423601253787196e-5
2.4095560298898257e-6
2.0844207614086597e-5
0.0005849690879801922
0.00023263111962215733
0.00014582168479178892
0.002095810751389369
8.736001950387732e-5
4.197042101201936e-5
0.00016599274127459003
0.00015421161664804108
9.908037122087265e-6
1.7955020397621563e-5
3.203096997882905e-5
1.4753700477106474e-5
2.8627966211037766e-6
1.1441684080642727e-7
1.1148989103043341e-5
0.00030804050574398856
0.00010984869817447412
5.536046108970996e-5
0.0019004497069603817
3.635788816292335e-5
8.786731277516747e-6
8.636217607279274e-5
1.5327051883187204e-5
1.6519460002915848e-6
3.5363799189582674e-6
6.992826641028361e-6
6.470613011376727e-6
4.498759280942099e-7
7.32178869392529e-8
5.527936915277064e-7
9.21809660306277e-7
3.398685238694868e-7
2.2184128308149712e-8
9.99791219784778e-10
5.764392927684292e-11
4.039392095183269e-6
7.037747297000527e-6
1.2104945607620972e-5
1.826329895925415e-5
1.4790659400943735e-6
2.2269053952643673e-5
5.325566037890808e-5
1.0569212770052518e-5
0.00025600918906869204
5.241201856519864e-6
2.374935898895135e-7
9.052606576753064e-6
3.25853360875618e-5
3.371223806365416e-5
0.0006681244182723367
1.7578719804655262e-5
2.445713144060016e-6
3.980053473267583e-5
6.039120161967704e-5
8.94966983289454e-7
1.2580138115372502e-6
6.4121845542580925e-6
2.069395818811605e-5
4.757871353855935e-6
0.00013181415044059884
3.7198351884134373e-6
2.236913879853217e-6
2.2349011448720145e-5
2.5608054546454694e-5
4.258493432264184e-7
1.197373067815419e-6
2.950068273914158e-5
1.6284013296860596e-6
1.9024333953675986e-7
8.837261519905333e-9
5.741566669293879e-6
5.109141851116372e-6
8.65110725850287e-6
4.5923680000312236e-6
2.212759981711334e-5
3.0584686107851863e-6
2.2683177257978095e-6
3.63979588246653e-6
2.089933743986163e-6
1.0612710552208464e-7
3.7950202852875222e-6
1.8433960181111595e-6
1.915693069841958e-7
2.295991151233105e-8
1.4295003185170288e-9
7.110613208196336e-7
2.426154524737918e-7
1.8902514081548843e-7
3.4215701171626035e-8
1.8433186186127044e-9
3.440199207570622e-10
3.279044906192103e-6
1.5975558083219724e-6
2.5315564309781394e-6
6.484571702218726e-7
1.992387188390135e-6
5.473303294056553e-7
4.1106283549693426e-7
6.080687132629936e-7
3.4161446435632457e-7
1.5023579696273479e-7
6.16641258640366e-8
1.09658199652402e-7
1.7571418100605565e-7
4.346381940884146e-8
9.15510080180317e-10
7.353262942935604e-9
8.08884819708353e-9
7.538849508277109e-9
1.4181186311191637e-9
5.741044863044106e-11
3.814125479408429e-12
6.952283783454347e-9
6.125123989570124e-9
2.6269255359402837e-9
1.9212173714608068e-10
6.287086166016405e-12
1.1032305752521393e-12
1.1332983057957271e-13
