7.195177478783935e-9
9.810384558283881e-7
1.341297963156548e-6
1.4641686905617751e-6
1.0531778673602196e-6
1.1287607720185162e-6
2.1072895889382496e-5
7.390593900485825e-5
7.946662524183385e-5
6.5052255792878e-5
6.588565583794661e-5
2.966431197495976e-5
5.6643363913176184e-5
5.3016652790799594e-5
4.780872146793644e-5
2.239316356588655e-5
6.186281574843465e-5
6.33472262368657e-5
1.9153563098726424e-5
5.314421279212693e-5
2.308604721046996e-5
7.100585557240626e-5
0.0005025343008026796
0.0005488386530697802
0.0004925626065560812
0.0004688240043062975
0.0006935541592144033
0.0012452162717171862
0.001257212090957688
0.0011038564539635838
0.0005105199423300577
0.0013536319717390092
0.0013020139970455424
0.0005302885855305889
0.001247608678972831
0.000573034012384951
9.110202933077997e-5
0.0005297886674975627
0.0004764384515784577
0.00036198545579712714
0.0005943354480981997
0.0011367560482825369
0.0012833411899698002
0.0004314552194567448
0.0009759642599278973
0.0006566474273763008
9.491986378309199e-5
0.0005529023169446345
0.0004997151262329259
0.0004850152754778899
0.0011995005041538127
0.0006949123092960109
8.734605268845818e-5
0.000527752976746694
0.0006184088252627381
8.956776695718322e-5
4.65976830161847e-5
0.0006622060967992791
0.0006982184404812628
0.0005877882695830616
0.000576058456368252
0.0014986953630478016
0.0034771514323901054
0.0037401344426543385
0.002803579948934379
0.001351816488798148
0.0035602825647663675
0.002670533593730802
0.0017819955828008791
0.003728711571801717
0.0017565138160637193
0.0007606270097326025
0.003918638856835752
0.0038311494921369317
0.002881047171999257
0.0032747824305309455
0.007957007104693716
0.006139303620496147
0.004181977368294891
0.007363724228048
0.0035361110056957566
0.0005957167530743613
0.0035751066950827624
0.0032306150752779038
0.004050259620561809
0.009186341190619925
0.0038246566315867725
0.000788071668308257
0.004283983726333873
0.004419150585583664
0.0006091070510745424
5.582710171794201e-5
0.0007501058655596729
0.0007084490443841729
0.0007905273699543852
0.0013633830109260699
0.003091192088200679
0.003617719659860919
0.0016732239196199919
0.0037376108544115733
0.0019338207319311562
0.0007470850740302585
0.0038785229501188184
0.00401376118758564
0.005136120442007891
0.014825199552773104
0.008924890416737646
0.0007912935262621824
0.0040719246390776035
0.0038730640004195674
0.0006878317428147472
6.678222673569599e-5
0.0008261413444659347
0.000799764072063832
0.0016586152246548169
0.0040112649656053245
0.0020120695878138657
0.000666439057408644
0.0026297607639079686
0.003520354287739145
0.0006333832497652511
4.731471343420146e-5
0.0006515769460842436
0.0017428737674640511
0.0005754339107661749
2.3133245182953334e-5
5.560301684471226e-6
0.00015786319886416106
0.0001573474195991831
0.00013849105980548142
0.00012169979561537679
0.0007420783983669438
0.0020503033536556146
0.0022554447328092444
0.0012180627764779386
0.0006827268799435431
0.0019225521825647492
0.0015016175184599293
0.0011001373444674955
0.0017635964358170505
0.0006597165385124473
0.0009071551431795564
0.005434875120937035
0.004891556659350568
0.0035937732769648545
0.00432082305557843
0.013605580686846214
0.008037556199226924
0.007545472126109575
0.008723631400729326
0.0026247719686272757
0.0006873436809164819
0.004294936055477718
0.0045424371971947266
0.0054199234558099905
0.014135350492299586
0.004090295774307579
0.0008727887108253703
0.0042681980163934465
0.004343226727649482
0.0005238489135795118
0.0001800557195004259
0.00236358354608298
0.0019975714903108528
0.0017928955061263273
0.00408290451000127
0.011772407650397845
0.008314373528772342
0.005804682622590519
0.010913925520052093
0.0039997889304079015
0.002052823376357661
0.009707683007440019
0.010412189407354234
0.011468735189460127
0.04723376628411343
0.01484366901527399
0.002014951988522112
0.014314950939281937
0.009604679945291511
0.0011845490309688304
0.00017075552199139073
0.0022059208368526498
0.0024136559075935682
0.004699689730599992
0.011096601179748842
0.003778725181236204
0.00210497994149868
0.008853223080729588
0.00736164697574774
0.0009769535741294137
0.00015556187668781032
0.0017675045848920508
0.0036899051851077844
0.0012481470691987474
5.3515556167357704e-5
5.678790262013977e-6
0.00016917873097565286
0.00012239514827556822
0.00015138831732725087
0.0007695496653661309
0.0018719397944271744
0.0016524409942272954
0.0009317839252769826
0.0023936797882420625
0.0007940181596992267
0.0007012774191779561
0.004035578252169466
0.0042579023599900075
0.004231350917094718
0.010432721169130707
0.003935880882746655
0.000727886197149752
0.00458704026909247
0.003219534840272996
0.00048535241745002435
0.00014677167688257884
0.001915366549940394
0.0016638553553137527
0.004251364580513511
0.008145861791765966
0.0035358908813867434
0.0017267837835711522
0.007900620298102186
0.006200835434074787
0.0012299095748788554
0.00013599353579316046
0.0015090179528105946
0.002726212631637363
0.0012803110482524672
6.099719838158572e-5
6.361801063112588e-6
0.000163393943947179
0.0001502112632133101
0.0007956800824844065
0.001761813276667978
0.0007861370318050566
0.000732453762692159
0.0034725285559626465
0.0028064973090787017
0.00035236882366945473
0.00012142646855389342
0.0011902645300342519
0.0027329263210125474
0.0011044781808764274
4.734488768662787e-5
4.546323069509698e-6
0.00012265568766475107
0.0005867094398860953
0.0004836555447037086
6.738438619648299e-5
1.1403311597071554e-6
1.284747026225166e-7
6.690203849782103e-6
6.304320444106911e-6
6.409269656791618e-6
4.433328554096453e-6
6.81576922649065e-5
0.00020150017531160743
0.0002272359231340241
0.00012009807543366118
7.099195892271077e-5
0.0002479306187850424
0.0001337784091499524
9.353228857441791e-5
0.00015153367077485935
4.739533948186975e-5
0.00015371151591285931
0.0011361999216354987
0.0011464341429577084
0.0007253052292545165
0.0011467258656866004
0.004379619902760303
0.0017087971749554845
0.0012461270090412652
0.0020816883894406155
0.0006647084172691345
0.00014251790218337048
0.0012436699776034114
0.0007214985765107738
0.0011553963598615626
0.0020080620424788543
0.0007974017075548045
0.00030492485162726484
0.0008766392677847034
0.0008132578077061313
8.754238957004785e-5
6.151439753461633e-5
0.0009184032077882101
0.0010890259530166489
0.0008090276073292983
0.0020379239243393976
0.00823551959196022
0.004213061922230053
0.003023178163663035
0.004748738019967412
0.0016361675392239196
0.0009509715145634094
0.009614523229339485
0.0042532907776221965
0.008122683278246206
0.011420534100284317
0.005140594827117646
0.0011538988157295327
0.005409914887247428
0.004093659887877629
0.0004957848485794703
8.721280379444308e-5
0.0013838202606323354
0.0009299365965391319
0.002987706818855277
0.005828269269122906
0.0016891849830587323
0.0012396764134193295
0.007527764574175079
0.004141115227292981
0.000437520296809025
9.554994769240792e-5
0.0011158930890435579
0.0018227301018459547
0.0005405865865640951
1.9434658741292556e-5
6.045606849683967e-6
0.0001836549012931427
0.0002315720718374071
0.00016383500501322156
0.0009382278871574698
0.0038199996801421853
0.0018941708406255366
0.0014007504675938591
0.0022058402108919854
0.0008309905329664465
0.0011609664361137203
0.009185906711605123
0.004116803243218878
0.009756492977470037
0.009817138952868782
0.003929030882993079
0.0012450860720824733
0.00426650602706796
0.003654732544432227
0.0005719936312062504
0.00023897061887055403
0.0037956568556567925
0.0018774644134481083
0.008330258825749096
0.011550613830850511
0.00311695738818093
0.00440224252446801
0.013523869089537803
0.007826322752058959
0.0011344371493770533
0.0002527908597163429
0.0019332727580672786
0.0034568430726805367
0.0013352424682059737
6.0798353563877655e-5
8.753779857443851e-6
0.00023040823245157126
0.00012167227767042169
0.001081571863960991
0.002004924100024893
0.0007091860733447161
0.00114194530360984
0.004793768203555572
0.003886439705853464
0.0004744141326806222
0.00022797483473883134
0.002203038947679658
0.0036823050368579332
0.0012641913961373187
5.2658490600244596e-5
6.6425983822708345e-6
0.00014176935852508793
0.0005894647934779993
0.0004893877125231593
6.566218520650601e-5
1.0690220070064503e-6
1.3008106920832492e-7
7.126915037512343e-6
8.912162933140516e-6
6.3103661576919934e-6
7.8046299325823e-5
0.00024317677785563418
0.00014111379338261002
8.962223727213794e-5
0.00017051810045089883
6.799519160776248e-5
0.0001816177238742131
0.0011750113904242386
0.000697990229670283
0.0009798347054618798
0.002061716074880688
0.0007537710423649997
0.000141141795487703
0.0006900730073526291
0.0006081851943209333
9.732615363116559e-5
7.648382343838354e-5
0.0009225197746493815
0.0007610590786209136
0.002025547571409734
0.0040600717851341376
0.0013541793989218615
0.001142086799476301
0.004284355936544577
0.0032659713448048374
0.0005888290787721304
7.499491702223291e-5
0.0007083844999458888
0.0013603985939332963
0.0005327044511340654
2.330940220813802e-5
6.801858513048463e-6
0.0001765198501860143
0.00016885464547318995
0.0009149084942340883
0.0023050451026504037
0.0007449144829227798
0.0011553563148412754
0.005478046294510501
0.003947059749800674
0.0005431173581011687
0.00020656862399260847
0.0020349591932454247
0.0034652037309419277
0.0012472462187156272
5.6329070062193666e-5
6.407818388552091e-6
0.0001564879822566769
0.0006965773772154638
0.0005410213596961532
7.636361715097652e-5
1.3984770227414955e-6
1.23615458037512e-7
5.891946712542531e-6
5.524563437982918e-6
6.142271160182566e-5
0.0001743311963029337
5.503372374638375e-5
0.00015610628129493536
0.0009087039922319399
0.0007628286802633181
9.472968261954822e-5
6.910448128211638e-5
0.0007526950043763841
0.0014927738524901871
0.0006854491187115684
2.9560841897320252e-5
6.773437558248462e-6
0.00015896111538773143
0.0006695291956441333
0.0004999064110229212
7.345236300115007e-5
1.3315854323064334e-6
1.2997362397696773e-7
5.583945675931704e-6
4.6471019387068634e-5
7.000347304292021e-5
2.064418322836968e-5
9.564970740940548e-7
6.996195232688575e-9
