1.8191269021996245e-13
1.8497554904500017e-12
1.7824459597654337e-11
6.426181199289645e-10
1.0399119135471926e-10
1.0486517832481352e-9
8.779795537311617e-12
1.939552886597032e-10
4.032417541929866e-9
9.856793993857682e-10
5.35877510663316e-9
1.3939843311882572e-9
1.2116894076610404e-9
1.4161631748315259e-8
2.0615374130377137e-7
1.3319334433285476e-8
1.399985363588618e-7
9.796943653911697e-7
1.1538517395346355e-7
2.443193277243808e-6
1.7746681079841128e-7
2.474140763064468e-10
2.692654797586224e-9
6.968488496621344e-8
2.868788635724284e-8
5.62016023560088e-8
7.207174658728322e-8
2.2042884961489112e-8
3.619656993002456e-7
1.9987040981914966e-6
2.94293881311689e-7
4.391583616412657e-6
1.596806629113849e-5
3.1020461313648995e-6
3.579164709266365e-5
3.590687830571977e-6
4.592935151143289e-7
1.0055608598955031e-7
2.199843213892213e-6
1.2069371574672882e-5
7.073571921693785e-7
9.421933416155672e-6
2.1612505366459495e-5
0.00034732713856463603
0.0013740472103705864
0.0006031626829860527
1.2807879822023247e-6
2.884979116995529e-6
3.0332379097221785e-5
3.391871532458339e-5
0.0004908155837637601
0.0001026474960484733
4.782668534134132e-6
1.6207512844593363e-5
3.41995741336419e-6
4.6380101718534367e-7
3.5738719820687356e-9
1.5878955276668497e-8
3.2213576035790225e-7
4.3537451011698813e-7
5.030791625382127e-7
2.8716480106365313e-7
2.651153632154921e-7
4.933231486961638e-6
4.136014705558488e-6
1.8953345448454082e-6
1.4935241152823083e-5
0.00011793015788000665
1.0257668974616474e-5
0.00016568175932193488
5.076384424481451e-6
6.362771601733969e-7
2.3468332516855852e-6
1.4162254002101149e-5
2.0729020497163206e-5
3.725914243542914e-5
0.00014656153362544973
0.00017941731580722035
0.0003124311713609753
0.001828250742186309
0.00035505980575866277
0.0001247920350745204
7.043667260458135e-5
0.000781724015421952
0.0003014696122629104
0.006020739190831442
0.00040631697520772907
9.317637094140397e-5
0.001016822436872049
8.332301293179377e-5
4.116526036487118e-6
4.4008337490756326e-7
4.627922044861852e-6
3.761546295387488e-5
3.135498668819239e-5
4.458394861618083e-6
0.00010968926338022078
0.0006487782029061322
0.00011766496770856353
0.0013857296278982066
0.00016024518601257242
2.1325639424419968e-5
0.0003132126090206961
0.0017270711238974094
0.005460576200658311
0.03447140802486746
0.008369422910255117
0.0007005899738289408
0.0018533988005909842
0.00038427367609631855
8.862360251601535e-5
6.972155770468441e-6
2.620023446483911e-5
0.00015237391789961415
8.202649373149288e-5
0.0012654226990898535
0.00016406582126186024
9.178090771818333e-5
0.000771123884618576
0.00034285272794202474
0.0006085304947062096
8.28417428382146e-6
1.918684520633039e-5
4.863933948718832e-6
3.341041246833373e-6
1.8430483861786456e-7
9.15104974913116e-9
3.439081265749006e-8
3.8828973023817674e-7
1.4310243812513388e-6
3.228025834160625e-6
1.4612389381027947e-7
2.0692394912261915e-6
7.800471158484941e-6
3.0501079213793594e-5
2.9132899186762732e-5
5.262886069051579e-5
0.0021583273546029974
3.042550879991529e-5
0.000850001959329949
1.985976081134586e-5
8.859760478849039e-7
5.099360758840899e-6
5.860436670831509e-5
0.0001534819001711195
1.9948343263952533e-5
0.00019420892911926814
0.0022007993497374133
0.000794993677994519
0.0062150668467316535
0.0008514896454542713
4.251147703746443e-5
0.000598131397492499
0.0014808243659127152
0.0015614634938085972
0.04830827583272176
0.002013007837315685
0.0001288668884831314
0.0013530087816473846
0.0010989181965366406
1.6730374050785382e-5
2.0727554708640082e-6
2.906821821263223e-5
0.0011753786357908442
0.000791605824371858
0.0001286325935400683
0.002095106761453285
0.006832152678655299
0.0013081779921350616
0.04856393876659019
0.0012368245606334388
0.0007404677278276607
0.006049955868490717
0.046529876397920215
0.03405238594107441
0.37868320487316526
0.03322141025875622
0.005196306480725843
0.045161232018271553
0.006346553017820158
0.00046651780667370966
0.00028713334357511054
0.0011015816371325712
0.006209661352916264
0.0011863509143057239
0.048207044444784033
0.001364140943057906
0.0007645526308527589
0.006155730681672482
0.0019148485084007944
0.001534915217696045
0.00035948343856403596
0.0008897603082166981
0.00015242965298589153
2.9904008399733183e-5
1.939081884285512e-6
1.34501130087586e-6
1.162341174854232e-5
0.00014805298920279614
0.0003120875069564607
2.5325270743378606e-5
0.0003310480128008112
0.0009507583237137523
0.00017370996613229138
0.006186305787712456
0.0001511181135626266
3.1599321874039195e-5
0.0006456357019027294
0.0013860283827593744
0.0022522453072200293
0.04727702963939022
0.00173837089187912
0.00016471697076010219
0.001449405720312534
0.000835664909276219
3.124953495688058e-5
4.780744271360627e-5
0.00023812742437630954
0.0009061428314321025
0.0005085625392255137
0.006427788966479878
0.0005653063717786648
0.00022165468738378547
0.0020112097441229385
0.00017328834533047004
2.0842703494103647e-5
8.779818972317924e-5
0.0019798843108034506
0.00010666026200382006
1.5221201785698889e-5
8.519123001955418e-7
2.1824204585388184e-5
6.750974012058737e-5
0.00032562099900987845
3.06625521500127e-5
0.0008329845002591252
3.068001604470387e-5
2.0286370033966686e-5
0.00015741299873738007
2.0264949927258586e-5
1.191586951429431e-5
7.541981731523127e-6
2.5890725198888734e-5
3.858342062741885e-6
1.8613502699560471e-6
2.0903894413318524e-7
2.991482838162842e-6
2.7482873777996324e-6
5.532779934980792e-7
5.864398699713569e-8
5.621442154039727e-9
1.225434490481691e-9
3.411642079543486e-8
4.4986626699625965e-8
8.073707068905148e-7
9.018229332200802e-7
3.484403874094994e-6
1.137401882980221e-7
4.62650341331527e-6
4.845784329397405e-6
9.225260599950586e-6
1.1697021325163294e-6
2.0911560111495088e-5
9.537818942166025e-5
2.660795883047847e-5
0.0003358585521074283
7.527708345345247e-6
9.772591988128297e-7
2.7360282351337564e-6
7.981567093222442e-6
1.9093483086009433e-5
2.7614836783237157e-6
5.186930027607716e-5
0.00022599949146550927
0.0003528304059204408
0.0008177445801889477
7.786806073070137e-5
3.101636595918631e-6
4.61316327173272e-5
0.00017117186162509177
0.00048592917570955527
0.005542855037139203
0.0007294293178423222
2.3699371656435158e-5
0.00013045623387962168
9.635998284800217e-5
4.739503957023617e-6
8.27615732628089e-7
6.242200781112251e-6
4.15487544549133e-5
3.2479758569905606e-5
5.884322699472305e-6
0.00016031166038957593
0.0005287300667414674
0.00015625129032649192
0.0012238133663330447
8.370195295728186e-5
4.4676545674608354e-5
0.0005040132231558022
0.002191008367504145
0.009116021236541153
0.03408165824778407
0.005332570261167029
0.00048773062437166805
0.0014981057740791931
0.000305747321204943
2.9882889743741248e-5
1.4744015323506361e-5
7.96547576881114e-5
0.00017925642397478774
0.00015407649701433567
0.0013651169483056677
0.00011936321149809497
0.00028757049949834043
0.0007694146341884265
0.00031650370620735246
0.00034968260979242064
2.2100379270978923e-5
3.098404912310476e-5
9.974882317010464e-6
3.0183836539727475e-6
1.2982214437743698e-7
1.0550930692754634e-6
4.9752221509733835e-6
0.0002991562897085943
8.646354592683248e-5
6.637849067392855e-6
0.0006131800254969155
0.00027931490211537054
7.557879288292207e-5
0.0010666833425769645
2.4491948650295267e-5
1.0553374910166289e-5
0.0005551660962633907
0.0005856427444566992
0.0004862099949473645
0.005966250657979928
0.00030439588844633815
4.616097882204589e-5
0.000596703254803006
6.901628264172175e-5
2.6888649498355023e-6
2.3547606067303714e-5
0.0006796334161001422
0.00032058203261778226
0.00016345591533083677
0.0019441934275089114
0.00010043511018426672
5.1200175877069606e-5
0.00018660642737268284
0.00015382915393495695
9.58456961335945e-6
1.661046701501075e-5
4.655412253794895e-5
1.3020938920309615e-5
4.4097784534139715e-6
1.371320899399738e-7
1.2306731064680783e-5
0.0003332572948382021
0.00016142396371572626
4.122115651939382e-5
0.0011867771996410415
3.965167799449043e-5
8.160341369299005e-6
5.827791534449098e-5
1.477473995378511e-5
2.365979517592025e-6
5.075322407714069e-6
7.85660176655307e-6
4.506811641107668e-6
3.2404392615716493e-7
1.3811218892975824e-8
1.0778671919744705e-6
1.546532158388901e-6
4.3107716410073117e-7
2.5587524990349487e-8
9.101897919985365e-10
1.2827912419393695e-10
8.842805373861739e-7
1.3702335756100619e-6
1.1348903222187778e-5
2.7395527987319645e-5
5.467112433184102e-7
2.380525182112701e-5
7.376969746956346e-5
1.4530387859694879e-5
0.0002876549359173012
7.454844987739242e-6
3.027791622277121e-7
1.0416471296872656e-5
3.1317024854570664e-5
4.322988044541142e-5
0.0007381004173185242
2.110619064272142e-5
3.017490750748917e-6
4.382041323271912e-5
9.471992895129805e-5
1.1521201662807256e-6
5.156583123822726e-7
7.303658004331156e-6
2.173424418098546e-5
5.774643429675962e-6
0.00012337060949238728
4.148513093399628e-6
3.056914926231466e-6
2.0243606406786946e-5
3.434252787407146e-5
6.058085716732804e-7
1.174610160258434e-6
2.5993009823104962e-5
1.6762422293278133e-6
2.648547084629143e-7
1.1306473859036414e-8
1.5157590233693096e-6
5.601144831235264e-6
8.582743065240149e-6
7.031801587959032e-6
2.5557691555075313e-5
3.949816290294892e-6
2.409348176622736e-6
4.377997859071327e-6
2.0928288134604487e-6
8.459500990923133e-8
3.685219307569355e-6
1.933379550918219e-6
2.5308081073795666e-7
2.2169021385028708e-8
1.3087176727162169e-9
6.812347558657289e-7
3.630410060889258e-7
2.5942044179950883e-7
5.110128925152528e-8
3.36297995622445e-9
4.082477698852385e-10
9.77494282437772e-7
1.1791672737289308e-6
1.0037651395720565e-6
9.53830309281384e-7
1.829044576130386e-6
4.793907356534663e-7
1.1923605585960612e-6
8.88580776051941e-7
5.25583563466331e-7
3.570001063330335e-7
1.2122199259840016e-7
1.2835155571636672e-7
2.3422618452937704e-7
5.6824563283682555e-8
1.1233192107920804e-9
4.120146142997602e-8
3.3067871744853825e-8
1.4127605456184348e-8
2.177886788249387e-9
2.0201215983856473e-10
2.0634795178534052e-11
2.914067530022393e-8
7.38551635413224e-9
2.5360403380150905e-9
1.8906261449102425e-10
7.96816645080448e-12
2.0195017286992945e-12
2.210251704914707e-13
