3.5865117339487253e-22
1.363854780697349e-20
2.7525545346061376e-19
5.4717525774613924e-17
4.545521042304427e-15
1.209356458627287e-14
2.0149767230158694e-19
1.7241673473633664e-17
3.7104436116280856e-15
2.4394528587293183e-14
3.1162257567546566e-14
3.2175848097270065e-16
9.350814059065077e-14
9.785243615038104e-13
1.5013237709922375e-12
7.02435958493796e-12
2.720455007221757e-10
1.2410144810619937e-10
2.230435547689772e-9
8.6233925838556e-9
6.121373405223403e-10
9.33328798841578e-18
1.1091644409626107e-15
2.3820526920695554e-13
2.136054098369156e-12
1.5783095397122292e-12
5.4232798223408703e-14
1.97485725565033e-11
1.6544829221080006e-10
7.740502543782676e-11
2.4042124679902145e-9
5.926613958967676e-8
4.851588339023829e-9
3.9261161241974534e-8
1.8285028470705448e-7
4.582653439656681e-9
2.9062135785651057e-13
6.439122608718325e-11
1.3306407256835098e-9
1.1208332316602953e-9
3.6962997931109724e-9
2.2821305058230164e-7
6.420023126155545e-8
2.595195510752193e-7
2.316808037063975e-6
2.0404309885955544e-7
3.806419445165445e-10
3.923290452276156e-8
7.313752154446572e-7
4.174074367624827e-6
4.577542497161193e-5
4.523813551554611e-6
4.883299338476058e-8
1.5997988688225254e-6
3.355943752614223e-8
2.740298462312057e-9
4.1246347853403657e-16
6.534263269212104e-15
1.0004546566157027e-13
2.2908538738030223e-12
1.4194596077918214e-10
1.9570325124947418e-13
3.2180475400075885e-12
2.4105543502470176e-10
3.683689255753807e-9
6.34685907226258e-11
4.044230879166725e-9
1.2888810301197798e-7
7.128978839490063e-8
4.21818672180743e-6
7.615541530999048e-8
1.5619386814542008e-11
2.8354246249272535e-10
7.249066412869187e-9
9.176825660538622e-8
4.134116331757869e-9
1.7292765804698185e-7
3.808214300644584e-6
2.806057615942297e-6
0.00011269231749516475
8.545383296103548e-6
2.7838488660061605e-8
1.359760447924607e-6
7.527470533554878e-5
2.7750618493830855e-5
0.0023137923998228097
3.183673393343091e-5
3.911310921423649e-6
0.00032894540716735677
3.660335122490856e-6
3.279144264908448e-8
3.6537307610180974e-10
2.9582022322600334e-9
2.7212366874784334e-8
6.58559727138012e-7
2.800179937978755e-8
2.0434584578291377e-6
8.03101572859331e-5
1.3852617788032767e-5
0.00021682120284982344
1.3371591622835476e-5
3.38418932076271e-7
4.23186982484672e-5
0.00029207254257437404
0.003504144005769651
0.024858922061057845
0.003753850292437756
4.9405851601597785e-5
0.00029912948303619527
3.020028366594061e-5
4.124797283451825e-6
1.186437344789074e-8
5.909537348796722e-7
5.910702121470138e-6
1.1700463153531257e-5
0.00020143675245685988
1.3514099650414588e-5
7.945564631562465e-6
0.00022602619443559387
7.805499481457463e-6
2.0926380164922866e-7
5.053646365610443e-8
1.2567470943134104e-6
6.952110805617413e-8
4.074134519986307e-9
4.763685208132155e-10
2.5009354344995416e-14
7.679927412733893e-14
3.00018897578738e-12
6.640466741901432e-11
8.492946794524417e-9
1.8622643556849796e-12
7.56906267211507e-11
4.691482700879981e-9
1.3039650637762516e-7
1.2093523865841966e-9
6.256140297094659e-8
2.8824643336823626e-6
7.332548631921387e-7
4.668005970096333e-5
1.3058265543531573e-6
2.1154213323208497e-10
3.910347155155839e-9
1.1531535281744837e-7
4.141263157396639e-6
6.734174549461758e-8
3.977154430543798e-6
0.00013473816593102396
6.708833942052113e-5
0.0017078769091878256
0.0002503386584488995
6.530608853899174e-7
8.068516787965995e-5
0.0002226910401508009
0.00028792645261844574
0.03226162384187109
0.00030205472157623665
5.456163682641898e-6
0.00023800770223436212
0.0002540796197570998
1.472604940816769e-6
1.3870395533443344e-8
1.550859320595621e-7
2.885410684056801e-6
4.997956774881271e-5
4.412280432933577e-6
0.00013954165740982105
0.0019344887482099073
0.00019289532423995534
0.032346016979867234
0.00020357784249256134
4.9991539886204356e-5
0.0021942503702471554
0.030765335560407593
0.024198275853019823
0.6596802920247288
0.02586858040714784
0.0010981758313909314
0.03248526466786344
0.002108306051439648
4.313300794292199e-5
2.292147841704436e-6
0.00011615619750640089
0.0015147997538398437
0.00019405677863474524
0.03293257926840553
0.00021216589335926335
6.494515766169358e-5
0.0018935392350362733
0.000125870302562265
2.262513279388508e-6
1.551384276844736e-6
5.1763814399553016e-5
4.27580777444997e-6
1.2282811722748565e-7
6.2781645425533135e-9
3.094389486298496e-9
1.7827754741324377e-8
5.809589610050872e-7
2.0918209293636194e-6
8.343392459369595e-8
6.753780946648653e-6
0.00011712202075685929
7.376867542841631e-6
0.001452702653894445
6.162464287333859e-6
1.5364593556497186e-6
0.00019076048341630137
0.00023613677522400607
0.0003138205676288321
0.03203592590565141
0.0002946177481315503
6.6942570858991895e-6
0.000217580472509517
8.578160920681218e-5
7.347700866847715e-7
3.13236654959165e-7
1.4105684309510942e-5
8.859169738025438e-5
0.0002400492370104632
0.0018682191121593722
8.595071661621009e-5
6.090815009508537e-6
0.00012367209397722467
4.188817679328633e-6
6.261256847969728e-8
4.555362108683124e-7
2.8007331385993074e-6
8.680046958483372e-8
3.0766188345751443e-9
1.0930929891532289e-10
8.866543387322776e-9
3.058091479345516e-7
2.5599977743947087e-6
1.6778419473429008e-6
4.942306834400019e-5
7.199423610801085e-7
7.714310177518561e-8
4.192884133498339e-6
9.433591286526561e-8
1.3176408439328977e-9
1.3688815874026875e-8
2.0063074000290252e-7
4.790500124198308e-9
7.042416134407934e-11
1.7488947295152047e-12
2.350877829873723e-9
9.556625872259617e-9
1.4090676344850393e-10
1.4597681572893331e-12
2.7075431396117566e-14
9.088497529847041e-15
6.070722467260654e-13
8.164838754023741e-13
3.4657907241414756e-11
2.910294455449028e-10
1.7278539190509253e-9
1.1151054446850217e-12
6.872794608712526e-11
1.5788290419113688e-9
9.687708106678512e-9
3.376183917407596e-10
1.1645285810816933e-7
8.05826690753629e-7
1.3253038922259099e-7
1.6231781063766713e-6
5.74127591649357e-8
2.517955493419643e-11
8.345355953597814e-10
7.269650177028525e-9
7.438087410742989e-8
4.400961806859011e-9
1.5728658997897958e-6
7.838856821515436e-6
1.5616396446514415e-5
6.742126926742605e-5
8.530042788594883e-6
6.538811040759231e-9
1.0583704160283345e-6
7.679900951054388e-6
4.274511955290726e-5
0.0013943578891233428
6.522085009322082e-5
3.702862397316829e-7
5.927971701811876e-6
3.600649428213412e-6
5.600308450557663e-8
7.615814569996332e-10
1.5472046105799004e-8
5.283897216287769e-8
2.084611342302057e-6
3.5554530571646316e-8
4.19620465502241e-6
0.00032937912205798154
1.2762463749800862e-5
0.00020201818233435678
1.3827933558194936e-5
4.4043437638416885e-7
4.186789586232927e-5
0.00031793294904083495
0.003563437603417354
0.025711211812933534
0.0041828682864916734
4.0293152122981796e-5
0.00028372032703581005
2.8801074994143993e-5
4.745422483884592e-6
1.2337200399218186e-8
6.077696668080655e-7
8.167160056979282e-6
1.2945783200007461e-5
0.0001996601688206527
1.675984359375056e-5
1.3281121509663636e-5
8.168967351666157e-5
3.2793898023161393e-6
2.9904519115772023e-7
1.2990022811619733e-7
7.649971855251718e-7
5.236816711897226e-8
2.4315399407303235e-8
1.597090517702268e-9
5.750076557045969e-10
3.631337030862557e-9
1.078098606669876e-7
4.582621286220392e-7
2.126536079620818e-8
9.836334096932395e-7
1.5364775177217643e-5
6.232250723747701e-7
0.00011653233889492039
6.556778612119962e-7
9.329782546574282e-8
1.791972408790086e-6
0.00017044293547607153
4.144374855410917e-5
0.002153293068050143
4.4562175113906555e-5
9.572772278415886e-7
7.997230592730928e-5
1.3191999665603706e-6
4.489083965263855e-8
1.6194222019892056e-8
8.617756518041786e-7
6.064926947135832e-6
3.505391869430244e-6
0.00014528216067742432
2.0416751955792475e-6
1.4636149508924893e-6
4.017444533307759e-6
2.0245022271087838e-7
1.7672775471276152e-7
1.0956020412480428e-7
6.479639031322809e-8
3.1184873549149753e-9
3.862307704500825e-8
1.889306427592234e-10
3.866645886969203e-9
1.5193525432232977e-7
7.0326115210312e-7
5.164508208435267e-8
2.8213117647393766e-6
2.6594773624583227e-8
8.031927875209656e-9
1.1842309927948997e-7
6.361396911008786e-9
1.0448582168588428e-9
2.961329704286916e-9
4.590645694316838e-9
2.0518377645731667e-10
1.677636624531533e-10
1.1233781911365576e-12
3.446978553902753e-10
7.15333399258698e-11
2.1570841366694855e-12
1.659730991287897e-12
2.7774391923437918e-14
2.1599640454153007e-15
3.932574203866546e-11
7.873593677203721e-11
3.406783250173296e-9
1.0987847078617e-8
3.0904203764905725e-10
1.8907748413579406e-8
3.498637453023927e-7
1.073232512074846e-8
1.8462355562660897e-6
9.157009280005205e-9
2.693383498410882e-9
1.3713843990851605e-7
1.3865805932236595e-6
3.976240143690214e-7
4.553412027011817e-5
3.1918501036797403e-7
6.169696601576762e-9
6.728010912155952e-7
2.5559979672671263e-8
4.3929578933191443e-10
3.2358589547446706e-10
2.072178249642659e-8
7.841216206126448e-8
4.058038670016212e-8
5.091328528966181e-6
3.044991065191451e-8
4.57392190351228e-9
1.000192445504836e-7
8.01561274813439e-9
4.196875747729323e-9
3.149158326625527e-10
1.1220946085756434e-9
6.710663001985357e-11
1.520486038817982e-9
5.239058603567157e-12
8.596743554413864e-11
3.4809161813575386e-9
1.4970738615562253e-8
1.528341476427934e-8
1.344287904898153e-7
3.0003220004851394e-9
8.130463600280836e-10
3.5252715490512977e-9
2.311703028477232e-10
6.116186755147578e-11
6.498317704403017e-11
7.612169739588957e-11
3.0611653710442645e-12
1.4956710581892425e-11
7.586971555051049e-14
2.60656159620236e-11
2.8272779248114433e-12
7.666328027516621e-14
1.4577659683819843e-13
2.802184879608723e-15
5.065819558441758e-17
3.955901261566545e-11
9.060793638370245e-10
2.881081325797313e-9
3.589558488659998e-10
8.795615648076301e-9
4.3754675144265397e-10
1.1147632566090975e-11
1.480868658094619e-10
1.589760036021108e-11
2.9759281700641203e-13
9.817496412897941e-13
1.5660639119085264e-12
1.7608981428094351e-13
4.6770762452903285e-14
3.0148480907777047e-16
6.976749342040186e-13
6.376158296057005e-14
4.099389936282956e-15
8.882690515828892e-16
1.5901059664054062e-17
2.596821112792677e-19
6.153677701534401e-13
2.4392440795118112e-14
3.7457558524100886e-16
7.284008608973408e-18
1.9604788784605356e-19
1.582169919155153e-20
4.3380343882840095e-22
