4.981650772620715e-9
7.503573511684261e-7
1.255681034428178e-6
1.0403381848928352e-6
8.935232575781021e-7
1.0470180966290385e-6
1.8454402070254383e-5
7.769985828363771e-5
6.14702423662742e-5
6.0146734900557865e-5
6.347816229578524e-5
2.2731523127128092e-5
5.320588641307151e-5
4.7035563550921884e-5
4.410781629614509e-5
2.357915046563765e-5
5.005585415663572e-5
5.530213280555802e-5
1.657732723353674e-5
5.23887051373947e-5
2.268779934693868e-5
7.172393005806164e-5
0.0006050804135929084
0.00042006064784591834
0.0005062929344103527
0.0004549182486610488
0.000613282263522414
0.0013226884133483944
0.0011934764957343298
0.0010869946257913558
0.0005339096150272581
0.0013288367627808807
0.0013077379427481055
0.000491105819606004
0.0012779126975421898
0.0006158977616337511
9.646784408417564e-5
0.0006384587694916397
0.00038804149598809114
0.0004263999579640051
0.0006556892365257687
0.0011700620006364225
0.0007645398809910711
0.0004840152187967784
0.0012752865637551786
0.0005981740240159641
8.838221012366792e-5
0.0005484906411172375
0.00048115798112594434
0.0005254449194533787
0.0010543913446544007
0.0004965409675741387
0.00010050405812734591
0.00047584172417372144
0.0005373932074199311
6.487345929343472e-5
4.720171866897608e-5
0.0008181366492097567
0.0005432197466409014
0.0006349820053911599
0.0005009603167134049
0.0016627391729156127
0.0042321029565118755
0.0034320952595165138
0.003007067146804875
0.0013292432904111185
0.003418009198141021
0.0032782274160385342
0.0015704109065723358
0.004150508416550174
0.0018188116861795201
0.0007348363036271653
0.005249269553566569
0.004572572228104184
0.0027254585024025454
0.004032409097314031
0.008597380755129412
0.005087567045727726
0.004474841187257336
0.01067468009904631
0.004488898062129951
0.0006715023762925096
0.0040534765866963
0.0038832017343572
0.004471110643192242
0.00926120769671766
0.0035388947096426635
0.0008195416346764048
0.004106385350499045
0.004922171445580246
0.0005257300847710175
4.9657376163660634e-5
0.0009038965970993444
0.0007741084230044991
0.0005383913033569131
0.001867924861493672
0.0038432979616749106
0.0031408296020630925
0.0016436048138165418
0.004315056745261925
0.002016157249054449
0.0007411065963655034
0.0037990997831801048
0.003963711442623498
0.003794500918042332
0.015185378619929208
0.007910966992441197
0.0006943353944256678
0.003412375803917047
0.0034969923034653175
0.0004977706128448169
6.624539346369869e-5
0.001025113520871084
0.0009437529147777653
0.0016850281681148535
0.0033399938995933654
0.0020136275681872213
0.0006860815209528582
0.003603261143135187
0.004642226059401531
0.0006060531597445108
4.740225313112641e-5
0.0007559872728736433
0.0018180493574349846
0.0006042285716050923
2.200482060611005e-5
6.2667901179956825e-6
0.0002030782976959878
0.00013458440979229424
0.00012171268716474195
0.00010339319191983161
0.0009179652987520617
0.002327106920532751
0.0016050949576167763
0.0012293826558912601
0.0008112646978001971
0.0018819239327410137
0.0014501652625445024
0.0008768422478653478
0.0020447206336571054
0.000763324967559683
0.0009137920986991261
0.005107220953942588
0.00407253628849449
0.00220594849329177
0.00443426727547542
0.013412868017697425
0.0074193033796756845
0.004717058370097507
0.01194060342327912
0.003637814375146059
0.000732359795234869
0.004494535230699168
0.005051183092185697
0.00471713887712041
0.010095487970352248
0.0034795414553650365
0.0009576686864113887
0.004326887082437598
0.004142897019870098
0.0004788045825108997
0.00017486975642667788
0.002329621241484503
0.0019148447702486934
0.0011720480071819952
0.004604979759915335
0.0111905147587546
0.007046081488633585
0.004096832076321028
0.010026631947667982
0.003351239124188359
0.001534230221449252
0.011251680302209504
0.011054583079133925
0.012218393682612308
0.05778738099477473
0.014995368947378152
0.0029489635059557493
0.010118127545196136
0.009108682870545417
0.0010477719409525382
0.0001321591404280338
0.002234710976376864
0.0014720273300069615
0.0049633249864101375
0.010086225573449323
0.004188949635809237
0.0028198934428554454
0.012043522191046943
0.010656511297675766
0.0012906488887380642
0.00015931548614436688
0.00206787611323352
0.004170388820627461
0.001263642697850604
5.053347851726897e-5
7.1343485742204215e-6
0.0002084654208237534
0.00012405560166334285
0.0001205304776838125
0.0009701052992588835
0.0016406707874612274
0.0013230817467317652
0.0006880603515089253
0.0014710124144594909
0.000952554284895933
0.0008237316397793892
0.0036037836687604504
0.0032749964399300152
0.003651538612294732
0.011016197872577667
0.003945855907863625
0.0008375502737998526
0.0049387057570038735
0.0038419924341406416
0.0004690683636197682
0.0001949422054622227
0.0021436402014080643
0.0013448884935410373
0.004430372716162517
0.0071364358567342235
0.0031447154518721536
0.0021883907449593894
0.007404500778954458
0.004997147830539381
0.0007635244667829515
0.0001342966770667073
0.0014421042721013114
0.0032981154037013015
0.0012979019816286392
5.3953831436463626e-5
8.783383272502611e-6
0.0001920985965058446
0.00011676453183233694
0.0007552596492021995
0.0011725853141736956
0.0005262859439512785
0.0006520059003490112
0.002200493361061615
0.0026889490948616246
0.00041808476550621407
0.00013128119825127612
0.001215541292435598
0.0029424960412762114
0.0010917370028274964
4.3663269009888555e-5
3.848859823851201e-6
0.00010272827181011421
0.0004968979382214871
0.0004356585965035269
5.9343443974620174e-5
9.76833097745575e-7
1.4149728731417532e-7
7.761727559988326e-6
5.546876400732385e-6
4.6240002343832925e-6
3.8671177598075065e-6
6.999223572665856e-5
0.00018389661885010057
0.000152014290495673
0.00013348374950678657
6.362823899421874e-5
0.0001852600219080638
0.00013681417063781962
7.35692216473516e-5
0.00016028270491931393
4.823820270369395e-5
0.00013632089695323783
0.0009918465997620124
0.0009158558116781026
0.000662807650457337
0.0009975712437768497
0.0029344792335639345
0.0022076047647823374
0.0012488726251867065
0.0028016569954503094
0.0006970987231153892
0.00016137486411533486
0.0012485597029269358
0.0008533139149305987
0.001560793343293595
0.0029700510915222
0.0007075163137378967
0.00032424293270342337
0.0009549799365568613
0.0008053459290643079
9.960942749457938e-5
6.83272474141095e-5
0.001134885106201696
0.0010570671388262082
0.0007445605072835383
0.002484695633292076
0.0073627954666761475
0.004418380965038926
0.0031560928162798828
0.00496915031641221
0.001698456867245788
0.0010547187830716117
0.007615984895994247
0.003760204380758646
0.0090089988215591
0.012597641188432042
0.003769607691773668
0.00155967296584823
0.004731558842278675
0.004374289447878203
0.000514371408743071
8.119626458690946e-5
0.0014514685335631104
0.0006753915797081286
0.0031886730260867317
0.004036783676083484
0.0015635022759365614
0.0012406286701927215
0.004724213085350748
0.004458780166106162
0.0004935799184019706
7.277412115749267e-5
0.0008867619363085923
0.0015841393300744403
0.000489436409673322
1.6465182321218763e-5
7.514059140875359e-6
0.0002342903942785683
0.00022614480264214064
0.00018890995667793285
0.0010359125237642043
0.003263479801367686
0.0021368762759393363
0.0014546079365166497
0.0022126953332967185
0.0010352938355966048
0.0009062919231644979
0.007593527779196217
0.0035299352286080137
0.0077370886817414615
0.011097246697503586
0.0037972268937760145
0.0012521396064509042
0.004383330577081653
0.0040413663747601615
0.0005388513309064974
0.0002021786402942525
0.0032458546093233455
0.0016232786432737272
0.007375382711129987
0.01125763245811162
0.0038617176902060084
0.0029180287162628733
0.013407783193192838
0.008619007232480736
0.0011608604106613117
0.00018207596936529959
0.0018494624981262053
0.003343840419041146
0.001301525670880686
4.960700944293165e-5
8.30064216586445e-6
0.00022697519320317893
0.00012435656932311572
0.0010573229727146236
0.001964796895828609
0.0007856449944922379
0.0009284787787953701
0.00404305784658018
0.004516491068702444
0.00038755335442980013
0.00015347382400646476
0.0015964502758057722
0.0033163413635940555
0.001164771172912937
4.654769655029365e-5
4.59740794328398e-6
0.00012181126493787438
0.0006299380715005066
0.0004932540697307424
5.8425743308063555e-5
8.685314873555763e-7
1.49808811499909e-7
8.197691201999524e-6
8.221326835106706e-6
8.718625554570509e-6
8.181226729762575e-5
0.0002024164872745987
0.00019869178140520557
8.268880909056018e-5
0.0001314366986254032
6.559608508503459e-5
0.00017043008690971627
0.0008995477918298733
0.000831195464536869
0.0010677325130150053
0.0015197355490824288
0.0007355836132215113
0.00016105114667026423
0.0007213229147462031
0.0006631957895015376
8.76137404799953e-5
8.134539658297615e-5
0.0010201322991045805
0.0009794263625858893
0.0024676215165932774
0.004653308069488061
0.0018873944612773376
0.0009752936268901406
0.004459639993260347
0.004037622224779477
0.0006482544012026018
6.37025899239985e-5
0.0008150414683458359
0.001326622986969698
0.0005243812602716055
2.3240217442992775e-5
8.149163597105648e-6
0.00023317870523139708
0.00021362149002529892
0.0011277100786093782
0.0023513449653578813
0.0009137595579281809
0.0009875770740140311
0.00517922246097995
0.005240976508876984
0.000639761544679117
0.00018599461494266166
0.002305440511647156
0.004188109780667906
0.0013229531822643368
5.29483462482589e-5
5.609119220983233e-6
0.00013325254174204347
0.0005394013262140463
0.00041365038723290665
5.993421481386952e-5
1.0137427524166259e-6
1.501918272736393e-7
7.507315394929083e-6
7.209842526066431e-6
6.783543999933492e-5
0.00017188222784061358
4.942307875096292e-5
0.00013619717855419664
0.0008963748562606791
0.0007286288460102392
9.628150705809889e-5
7.043784961245885e-5
0.0009276051468376954
0.0016706855724987527
0.0006125495080251022
2.27563423785219e-5
8.050826819475198e-6
0.00021253378439137387
0.0008305525725008993
0.0006040444854997711
7.792076784737596e-5
1.258402134586895e-6
1.4877047264302484e-7
6.597479957773028e-6
4.891175426320947e-5
7.400979094369876e-5
1.897026687355412e-5
7.668123953509538e-7
5.066723512207494e-9
