1.5367946101742426e-8
4.635193732470699e-7
2.2286994038403634e-6
1.2211325670884944e-5
8.921209589596461e-7
1.0099358587333667e-5
2.73583329998412e-6
2.086040331608627e-5
0.00017140272467384288
1.7721904240610362e-5
9.942862818870336e-5
4.859236806890946e-5
0.00015986878812265605
4.900774584530369e-5
0.0004422260057907569
0.0004611631665440438
0.0002525444316137903
0.0008211394755888831
1.5850068151029087e-5
0.0001346270589103914
0.00014471635170804865
1.7314737601082816e-5
6.175717896477175e-5
0.00048355726503332495
0.0002113628944860874
0.00018689530924621638
0.00018039266060704658
0.00042176857720417675
0.0003640102952955276
0.0009975652033145947
0.0013922900885826998
0.0011768556051032536
0.001190806008354045
0.00021820790609330175
0.0005689818094272307
0.00037858049001176505
0.00016731431018040437
0.00028104439405228363
0.0004495923267774022
0.0016849840949987956
0.0007065861042448238
0.000803529153760675
0.0023213966491940196
0.0004293845982940208
0.003242708868704507
0.0020740429778568423
0.0007324682269881785
0.0009503074857968841
0.001990834447628553
0.0007280111924025211
0.004490739654811179
0.0026551097178134195
9.756660958841919e-5
0.0005780918309386442
0.00038204259053531187
0.00025369590810874664
4.716070815364482e-5
0.00012765297141832416
0.0007616502993337523
0.0010137968143680031
0.0003073636432695557
0.00022690787081444872
0.000888071281069342
0.002363856750875537
0.0009778462168787449
0.0016849319652621933
0.0024874336655311977
0.001981596714004719
0.0016986980757456068
0.0025243298840806785
0.0005106773015646795
0.00027665320002539796
0.0006004812871707633
0.0018633240152234423
0.002528264675262745
0.0017180401896631405
0.003652248378187552
0.0033560354748123247
0.002771341463278142
0.005724149569279406
0.0027832251716868608
0.0019231396503255006
0.0028426798373970045
0.0040760101184343315
0.0033431967219071847
0.006823287030000277
0.0036480287410502695
0.001948313715115726
0.0026127388526675493
0.0014126265327080202
0.0003819868267606783
0.0001881042474883766
0.0003901923449843006
0.0011820267052389238
0.0027532354556642465
0.0009065465930310549
0.0016807434709679378
0.0035814970900249392
0.002622128237755694
0.006132541675692752
0.0028366915666774924
0.0011351120344288822
0.0021569298675496924
0.005224452505528648
0.0032197975151897437
0.01568601407104658
0.007454396138243184
0.002227008915014071
0.005929587547048877
0.0036695178126100163
0.0027165581409594702
0.0010787468823795865
0.0014174934153759668
0.0048043115971367215
0.001508434484054121
0.006036579535943479
0.002880894422933074
0.0006460683221955841
0.002989009729423011
0.002897155706575398
0.0020284042644842923
0.0003244386543931897
0.00041374342735119246
0.0005220072073399507
0.0003673758275889328
0.0001432841921988678
3.418645569562854e-5
9.085460040116187e-5
0.0005574231953469012
0.0013357090602060054
0.00033216503985867554
0.0001632792142504279
0.0008171996908468012
0.0016091230658277541
0.000861975848621361
0.0016444847218114653
0.0024873366862718078
0.001890517807384096
0.0014606137627589542
0.003840879862208582
0.0004123117193822137
0.00025122950421945715
0.0008366522863952425
0.0020207106154314478
0.003490928509202953
0.0018778838184173344
0.003835624179139409
0.005278990880469373
0.0032126795471312817
0.007851736460511185
0.003019423288552269
0.002117267110459626
0.0034997884988224003
0.005938157905037316
0.004191824021029683
0.013698862882775595
0.005904282920907721
0.0032132886565160996
0.004603208654645987
0.0026232872728413612
0.0005730244020288751
0.00024536244641830087
0.0006348588026551192
0.0021724598140597665
0.00501523971177878
0.0022456566500240823
0.004619408601499049
0.008655829946763066
0.005125129135548373
0.017183279724295147
0.0061721727752918655
0.002569311254964314
0.005818427301664681
0.014058495843427544
0.008928459793476912
0.0482457579789624
0.015344617067018014
0.006689250948962623
0.013670391103724946
0.006929225363292005
0.004472126860358557
0.0020919311351453103
0.004122721376826845
0.010058700781668609
0.004622707088531805
0.016950415776310283
0.006196353618224494
0.0037574711232860407
0.007758367173564389
0.0057596301798816885
0.0032420711287726237
0.003488627726889102
0.0036753543661303695
0.0024665454311437515
0.0005713177038233094
0.0001382782730143417
6.658102882720595e-5
0.0003219779524871565
0.0012019318920994725
0.005275791881224047
0.0006404781200160353
0.002005857699474303
0.006255061544542113
0.003140588319586592
0.010237974965605082
0.004914626348959147
0.0011132496286576988
0.002331691369206348
0.006375070050082853
0.0029329557679096414
0.013937407808851861
0.0052775191057713375
0.0031344993901299967
0.006002862295140276
0.003922855957326457
0.00199820492933058
0.0011786779494588472
0.0016482360294949483
0.006103308115383698
0.002074860235389976
0.008547103869242201
0.003622856207798674
0.001754431109667547
0.005273831131803695
0.0033857271713635378
0.0022898602943650093
0.0012081016386769573
0.0019504765778557782
0.0020696218191724115
0.00120118508190078
0.0008087231680739762
0.00032819395262594764
0.0011412428187264115
0.00531195855665933
0.0011143195813271122
0.004981339154987684
0.0028050931983475227
0.0006796102843970829
0.0035360243813829895
0.0025396063508614833
0.0016744794127890995
0.00037597056968740076
0.0008555270788887084
0.0009732562402134254
0.0009794165412020182
0.00044266746559546723
8.690357573032454e-5
0.00034506123322711337
0.00031134626325354857
0.00018757023245389228
9.805739031907124e-5
1.0161075865439822e-5
2.573291060049334e-6
3.462140146643717e-5
0.0001498935900015701
0.0003293464187551316
8.445068284416583e-5
7.085362578161215e-5
0.0005619717200753532
0.0010149045627243657
0.0003764955568546435
0.0009602368378196952
0.0027167191503917006
0.0012285331657293057
0.0018830306292280201
0.003529481223833941
0.0003286341744681073
7.138899580960379e-5
0.00044135566598070157
0.0013091172247768526
0.0007142414330767023
0.0012098248185001752
0.0023091818202488337
0.0017723302216863105
0.0022358482899366913
0.0037706068971006057
0.0006432873275562672
0.0018159038749791575
0.0026002883354830403
0.0031990397303092184
0.0035822914198363393
0.006690081257271175
0.0022860968817380576
0.002417568844576352
0.003201908274634265
0.002006323871440652
0.0001003279513035425
8.497074534396875e-5
0.00025973269151194193
0.0015843203709201216
0.0010936885738714024
0.0010771363854636155
0.0028328414511854944
0.0020347447559862382
0.002860663850478749
0.004742412076559291
0.0015122979001301743
0.0014321361859031135
0.003922456660041822
0.0028442938118721905
0.004244957927381209
0.00880631088071588
0.003263066862774195
0.003639364715747884
0.004096481910096436
0.003321196041684793
0.0007480596139040312
0.0014398424632959402
0.0029234860079486455
0.003150175425353101
0.002894502677789039
0.005120650385143557
0.0024876939347092237
0.002200648640206971
0.0031384585231799085
0.0027418692281779952
0.00041529338885086975
0.0018602801439240643
0.0014742402805687008
0.0016983706041446213
0.00021850933850532198
1.6004713763589738e-5
3.104799582477043e-5
0.00015734099595813154
0.0012366838922840964
0.0011427978072370748
0.00028829950463495367
0.0024658058710502356
0.0016725338768821107
0.0029015812445021805
0.004255667858117798
0.0014206895229802513
0.0006844425387882441
0.0032975462728553136
0.0023185366435977046
0.003906373204136922
0.005844203741321328
0.0021981137385409942
0.0026171204204114024
0.003497969211667414
0.0028980462819961574
0.0009324560423981009
0.0008256338487177133
0.0023712439537936546
0.0019669739240396134
0.002779045043607085
0.00468940312481641
0.0016781435001277647
0.002282034629337808
0.0037377659002457136
0.003636729274117265
0.0007967839878940396
0.0027362417463728432
0.002548114182460002
0.0024980372271999167
0.0012263773785903566
0.00025264340543653616
0.00023904268143613635
0.0012035396300450999
0.0011551973536963708
0.001456290013522279
0.0020952079267209382
0.0011456205005759518
0.0012702253239672862
0.0020167067051167042
0.0018073230212767753
0.0004387562432998568
0.0009784468349384751
0.0015406777735941873
0.002313954128111879
0.0003566184243565122
4.787994323063347e-5
0.0003146535708160568
0.0012924453268026825
0.0010014866266176174
0.00021639961840444854
1.8834180106342346e-5
9.194118337205075e-7
2.602835014336009e-6
3.725421719351391e-5
0.00023835969883322786
0.000316145438963287
7.170646286909533e-5
0.0008516153669471592
0.0011369558185825791
0.0014644271754599373
0.0020759228800089403
0.0011834223987167581
6.71481056320274e-5
0.0007176281940544569
0.001126361038018258
0.0014159768548878883
0.0026506441228388604
0.0011635935431598958
0.0017837613878512657
0.0021159508132767625
0.0020904102503337143
0.0007415896071815547
7.334722632860907e-5
0.00028999892407612863
0.0006581394428245503
0.0010800332547874142
0.0023282084872883373
0.0008845225589879212
0.0012178657522369646
0.0018842844593620265
0.0017469940421791386
0.0006951031805415245
0.0009708367430454624
0.0016448303847117832
0.0017011190092638601
0.001427931053058458
0.0004294263914852214
3.808393056697724e-5
0.00015807134346764964
0.00031402106119300557
0.00025649578184704135
0.0006385173777434858
0.00038032612134086553
0.0004456007713473485
0.0008427088181991604
0.0006071685533383046
0.00028250747204198795
0.0005738160119693604
0.0008319976296927416
0.0009180660743545671
0.00043435414056738897
0.00016440385249417413
0.00015268931090644687
0.0005930268520473682
0.0007663221653025171
0.000491671764009268
0.00017882470334904416
1.2214806074554161e-5
2.673975951076284e-6
3.121658735363901e-5
6.744915848784168e-5
8.622147265643472e-5
0.00023170380573806862
0.0001857080120390331
6.965409310509971e-5
0.00023887578771615757
0.0002599124431344516
0.00016065210876927454
7.070835136147152e-5
0.00016867532636442485
0.00022488101721236553
0.00016994330963172852
4.601270194961603e-5
3.545403277196362e-5
9.464656380789936e-5
0.00013203511095748766
6.0861673713565844e-5
2.0974092375990225e-5
2.1856821712513514e-6
2.59515207789232e-6
3.577698502708454e-5
5.060520287912762e-5
1.836077764634324e-5
2.8144721444408384e-6
4.63463512496467e-7
1.4904275197323105e-8
