1.472684763215136e-18
6.834025362734008e-17
1.585390335882378e-16
1.0116119731173262e-13
1.332076185828437e-13
1.5249179495559072e-12
1.1032590773811548e-15
1.481061076772817e-15
3.4478545469214445e-13
5.034184239848223e-13
1.2081850427737297e-11
1.0883682912930713e-14
1.3089737416751553e-12
8.860565835971297e-12
6.142615843274586e-11
1.4262999217614537e-10
8.31540916136621e-10
7.760225042929185e-10
7.41510187790576e-9
6.543386035105874e-8
5.102760453388602e-9
5.683090639089208e-14
3.0005427517364844e-14
2.022207201840771e-12
9.152572355525483e-12
4.992207323540872e-11
1.2545875213819677e-12
9.311655070917697e-11
4.617311372228993e-10
1.549265097324463e-9
7.427669315025659e-9
3.13615072598926e-8
2.420840894327976e-8
4.352142989181128e-8
7.567419702049319e-7
2.672587398146231e-8
2.0218468520904557e-11
6.431947971804597e-10
6.167151407835176e-9
2.7815902768223355e-8
5.260248957011312e-8
2.919295143310185e-7
4.5652426092214657e-7
4.734075582278352e-6
1.839876305025226e-5
1.7005969041128297e-6
4.225345034692411e-9
1.4345013123043892e-7
2.1233630622318676e-6
7.034676834312525e-6
8.612992339163292e-5
1.1104294544466615e-5
1.476459676468881e-7
2.8121351371789544e-6
1.099747747085842e-7
1.2464083271118825e-8
6.367316401700932e-13
4.151844705156631e-13
5.035602484116137e-12
7.911129839428258e-11
2.7640538634026914e-9
1.8370379392787737e-11
2.1035694727038974e-10
5.915553994640392e-9
3.313521674062243e-8
9.482219439792787e-10
2.438642902757193e-8
5.894451860461093e-7
3.3884256417244174e-7
1.7818928258488475e-5
2.898611035150043e-7
6.401604714870248e-10
2.5441074364953532e-8
7.04561904849926e-7
4.963861994160914e-7
6.482467698613527e-8
1.4790189529255903e-6
1.3109624979049606e-5
1.1798011858060638e-5
0.0003797593227584414
2.7072207734670748e-5
2.2164566962118476e-7
3.974944379864361e-6
0.00014116206962500142
5.5588348859816716e-5
0.002570529147981261
6.483810843559041e-5
8.241371203055642e-6
0.0004946590944507615
8.81478243026795e-6
1.0575657546049372e-7
7.115420467655984e-9
1.8274017194601602e-8
2.4145413642518275e-7
2.0217702181104434e-6
1.2002062751144454e-7
7.503245019403209e-6
0.00012162217467602897
2.5439994906277285e-5
0.0004010326730485487
2.8769269551901225e-5
9.414942550460448e-7
7.129058502976487e-5
0.000526407396567342
0.004132299285693087
0.029598317829623532
0.0049015811010246005
9.509909635514993e-5
0.0005622172421230535
6.038607260389578e-5
1.0471526270062082e-5
6.234021376902285e-8
2.7971361445090707e-6
1.5046221857164255e-5
2.0597303789303103e-5
0.00035041524512921274
2.8352262195256865e-5
2.293977334966969e-5
0.0004613360737067163
2.878799850643724e-5
1.7720048335078973e-6
2.51796870260742e-7
2.6673954297390785e-6
2.732773106565573e-7
2.6784309136238926e-8
5.281844464072163e-9
1.517721942530048e-12
1.1264464656337296e-11
7.782382570922583e-11
9.726914762216696e-10
9.550848433902182e-8
4.472501303768192e-11
1.7145349566523935e-9
3.11677666456865e-8
7.62967684498034e-7
1.7699847267282078e-8
5.078808242474278e-7
2.1088024454732207e-5
2.111374196957249e-6
9.79033510681907e-5
2.557016546292645e-6
2.384916102121424e-9
2.8563835818258928e-8
7.071295636866017e-7
1.4782445680744145e-5
3.21857840742142e-7
1.2982031181240673e-5
0.0003113152322669685
0.0001562247352733665
0.0031185023405011125
0.0004413491952169965
1.8091706486840623e-6
0.0001038889710667468
0.0004300088807428455
0.0004828021554818517
0.03822730033817816
0.0005503712880614633
1.3325765954529746e-5
0.0003804388351642527
0.0005083341819744846
2.7062241152131905e-6
7.809276198446368e-8
7.072207488332661e-7
2.4446516555066454e-5
9.797135010245175e-5
1.4962925867744064e-5
0.00032873345523465466
0.002213436792632789
0.00039013727274456834
0.03988561068105565
0.0003607705986423094
9.243808410608448e-5
0.0020289860937245264
0.03666749339429694
0.026973969288254858
0.5915762120991229
0.028612548006288454
0.0016596524245791782
0.03777443444526284
0.0025498056972280943
8.326266933278137e-5
8.305357604581785e-6
0.00039264202792423753
0.0019133577284558398
0.00035860477595054595
0.03828857149611015
0.00040213451692073263
0.00026078444162541437
0.0029871090096168025
0.00035598380444643225
1.5481292554404614e-5
7.5814997408422935e-6
0.00010394612660976644
1.359635291118508e-5
7.086821305983486e-7
4.523743720856392e-8
1.0786009131203428e-8
2.4017712537336807e-7
1.7430620752521616e-6
7.811208441233814e-6
3.540266611179129e-7
1.641681724013462e-5
0.00023752190535575985
1.460958878139488e-5
0.0018123861824670161
1.4374302032841339e-5
2.7388707760376655e-6
0.0002722959538762783
0.0003706495113194001
0.000566141862978302
0.03735114505987983
0.0005194070510630446
1.360569044544954e-5
0.0004777432594594922
0.0001316904500778211
1.988244074943054e-6
1.217528553732232e-6
4.1300850718169725e-5
0.0003056063491955832
0.0006567991499627409
0.002452397709076274
0.00014022863095954717
2.2901698275495415e-5
0.00043871728704646964
1.3723354539575685e-5
4.0305653797310924e-7
2.022099167920571e-6
2.4981265796773233e-5
7.06947579183917e-7
2.221591999764108e-8
6.453029267715799e-10
6.347571064021054e-8
1.625935590307882e-6
8.170395566484744e-6
5.160280355715084e-6
9.655992842722401e-5
2.1056813177915636e-6
4.238086482810093e-7
1.9597764972483127e-5
5.063219873863972e-7
2.64034693853378e-8
2.6306254425040157e-7
8.820774466809508e-7
3.2822918711691206e-8
1.5297921780922113e-9
6.305898670958388e-11
1.5511691330425274e-8
1.201668886639287e-7
3.2206822651430064e-9
4.8268135774279906e-11
1.5027167172377678e-11
1.7412895509125007e-12
2.1911565569954807e-12
1.1692089924751826e-11
1.4365451954910712e-10
9.674570209740383e-10
2.185990107417578e-8
1.7211721004122887e-11
5.21254910124826e-10
2.4626563174905083e-8
5.12575033133669e-7
2.0541827124920196e-9
3.652017900829905e-7
1.915264408221822e-6
7.54337853383813e-7
8.39103076294192e-6
3.197866756184914e-7
3.324425831854118e-10
6.419731748167734e-9
5.0165879138177793e-8
3.8302024283973446e-7
2.3391044480051603e-8
3.5308398250812987e-6
1.9703874201920676e-5
6.278890510328392e-5
0.00039564255838574214
3.470128157197461e-5
3.313505842506115e-8
2.5735312419324657e-6
1.4314540848030704e-5
8.143581317096457e-5
0.0017434219192334905
0.00010331939915165539
1.09668203962244e-6
1.2811834437957445e-5
7.996959008706925e-6
1.3961325641496964e-7
6.393493353805992e-9
1.1254943730366387e-7
4.413918608104621e-7
3.518310101020946e-6
1.7519076930687684e-7
1.2316913080483911e-5
0.0003846780165626736
2.8155838646544416e-5
0.00036326394845293046
2.126349320798255e-5
1.4686565194207534e-6
8.785264543467154e-5
0.000575891710730852
0.004936126485630156
0.028434479536231044
0.004434461889200291
7.99463155335702e-5
0.0004926413663608936
5.712182091024654e-5
6.979056660735564e-6
8.565534969475423e-8
5.0639476261030345e-6
1.541908371301043e-5
2.7539392622643553e-5
0.00037272443465874216
2.5367711417192022e-5
5.8635793326657585e-5
0.00014517954282920989
1.1372774469610376e-5
5.412010734258299e-6
8.2879956828339e-7
2.0387820627732757e-6
2.756323603682023e-7
4.150136963695145e-8
8.619404040545716e-9
1.1404544060421438e-8
8.353799664713703e-8
1.5443840310618999e-6
1.2171897429995463e-6
1.0124817256130974e-6
3.910005887936113e-5
3.728377952325115e-5
4.242913868704347e-6
0.0003769328003473398
2.5183341004713134e-6
8.34641116374187e-7
7.83882613184682e-6
0.0004696443913083409
8.761545669149442e-5
0.0023016860386015814
7.446103551595945e-5
2.3532693557980527e-6
0.0001178964476269473
3.6132787613030728e-6
1.3847548970258418e-7
5.175183676888899e-7
5.8632062279171936e-5
1.9773022300193334e-5
1.5148672124901391e-5
0.0003061392353213067
6.7978361516261936e-6
2.505655417157681e-6
1.2517439033745208e-5
1.6418888793850014e-6
2.3097867284076535e-7
2.4669472335091117e-7
4.479126491213578e-7
2.4346777502364922e-8
2.0437522243231325e-8
7.392105563500786e-10
1.6746761822617002e-7
1.5830564546738782e-6
1.9290535137797837e-6
4.3681951974407405e-7
2.3050725660994945e-5
2.3083720424820153e-7
4.009243184546727e-8
6.976873366386199e-7
3.5310571918447493e-7
4.668941709563606e-9
1.961565291928952e-8
2.999361343538653e-8
3.789142283627386e-9
3.012772967051973e-10
7.439548558694208e-12
7.088678290665078e-10
1.0328237257665962e-9
8.2494280516608e-11
7.275851839808106e-12
5.522712654482174e-13
1.2646773961066452e-13
2.330388298580416e-9
7.027529232853382e-9
1.5372073143384242e-7
5.872068656907419e-8
8.109467606060309e-9
7.378885716080879e-7
1.3514508402504487e-6
8.26178776257754e-8
8.419520730090685e-6
6.193762632693783e-8
1.331471183561047e-8
7.999059456789916e-7
4.1621711042413476e-6
1.4544984998292202e-6
9.492127828443416e-5
9.396874203769597e-7
3.02281054615577e-8
1.7815308407222318e-6
1.9614702022819812e-7
4.411088937440631e-9
7.539437759814412e-9
1.1182374448266066e-6
3.6514105202061694e-7
1.7215445506634667e-7
1.5228996204468268e-5
1.250035170137987e-7
2.0051646664824162e-8
3.810966696748313e-7
6.387265239530392e-8
4.66525834345811e-8
1.6779737281558068e-9
1.799915530965432e-8
9.082750288509047e-10
5.207478025084868e-9
1.3681608077253446e-10
8.218375010332275e-9
8.097294221959838e-8
2.8993641885984214e-7
6.612419062517337e-8
6.090638701995647e-7
2.366186107759134e-8
4.348115677149529e-9
2.9109787112695976e-8
1.3800166612228942e-8
5.392040134178453e-10
4.389188083072188e-10
1.750834479955393e-9
1.3420734567003678e-10
4.914505384539979e-11
1.1053644310199048e-12
1.4449171506806908e-10
8.934484632040905e-11
4.983764788751689e-12
1.4720732269810576e-12
5.02381746807087e-13
6.770345058001965e-14
2.565038487349583e-9
1.1803902969774015e-8
1.283052455440593e-8
6.8416990294599616e-9
8.559000245315203e-8
6.0899256371379095e-9
3.754530023793674e-10
2.1832670162813405e-9
4.5593900339596175e-10
1.2072646242210522e-11
1.5028699746661935e-11
4.1651323539052054e-11
9.517314500246717e-12
8.371203894826143e-13
8.755851010962408e-15
1.3399046871489803e-11
8.934595572232618e-12
2.918095659938915e-13
1.9968954246978022e-14
1.6125074976712691e-15
1.1977093693692657e-16
2.153381226122614e-12
1.3405417132845524e-12
5.447397936972629e-13
4.805204032343123e-14
1.0280907022772481e-15
3.1844678438703856e-17
6.277795598425059e-19
