5.82704300172881e-10
1.1092933656191882e-8
2.0488520491864775e-8
6.086113722436659e-7
3.639071052709036e-8
7.419634116215564e-7
3.8964878128333213e-8
8.967457825203075e-8
2.5483225548261143e-6
3.934640922304891e-7
1.4668152887432344e-6
1.0022054028229588e-6
1.4119636030414157e-6
2.8642358094962595e-6
2.414969788870802e-5
1.1042464770537367e-5
1.5873006148899175e-5
0.00016684685814664693
1.8220867502117014e-6
2.5047074022418036e-5
1.2084188309062947e-5
5.725242928643156e-7
5.408544043504794e-7
1.683095251547071e-5
7.833853530410828e-6
8.252394282179346e-6
3.581458495122555e-6
8.247695695519477e-6
2.318853204773462e-5
4.2697746316732394e-5
4.5534476607892246e-5
6.838718135288369e-5
0.00010398510718314944
3.555265097567262e-5
0.00014544284463353097
4.7113995887358176e-5
8.23121271502905e-6
7.08451261598078e-6
5.426897889103772e-5
9.463007069171693e-5
4.3338636609737274e-5
8.02963002165659e-5
0.00032751541092429596
0.00018636404989128905
0.0006902556866582946
0.00017884149725445105
0.00010045193162034867
0.0001668200832048293
0.0003654277802591144
0.00031551604589926725
0.003685914943935169
0.0014029849165883468
3.7570977996959575e-5
0.00014604518463529618
9.122324232529366e-5
2.4094716001056476e-5
2.6559458402122496e-6
2.4553784738396705e-6
2.639898765330263e-5
7.753863160724828e-5
2.9016817091126135e-5
1.2518304773415614e-5
4.761724445992893e-5
0.00022690762467838773
7.505754058612577e-5
0.00012788488677533742
0.00022600486370412146
0.00036329260566746283
0.00023941943992058265
0.0009266934650518909
0.00012314671265534162
5.76384087356995e-5
5.3036348952186454e-5
0.0004002336697358333
0.0003183824636830159
0.0005748099467045244
0.001390236776986766
0.0010358562132969555
0.0013568110041053372
0.004487577316097438
0.0005518416784202394
0.0005775068960445833
0.00078931122486896
0.0019053181760109157
0.0014565762453102675
0.00932453212280464
0.0019293430470190714
0.0012982296260394943
0.0023412899684387037
0.0004548393257304425
8.278754014868322e-5
3.844383982668591e-5
3.84439200288564e-5
0.00034870369380083375
0.0003924049767605667
0.00011892347166248328
0.00045788379283223803
0.0012314009807083226
0.0006794607737094779
0.0033728485486053217
0.0007212180751379458
0.0003256454605644913
0.0009940934715702034
0.0033658214852625456
0.006143969903988486
0.03512387068640056
0.012580110001010865
0.0025864600127019017
0.0059071315005832185
0.0019272851093507556
0.001517659369553192
0.00022026622143861633
0.0002814748491240659
0.0012632371982576377
0.0003843185834396003
0.0034467745204203337
0.0006786276542860498
0.00024448621771164074
0.0013282526620909444
0.0005248623587352744
0.0001880370297065875
8.713642997047432e-5
0.0001405444423370341
0.00013159807318048497
5.394182275254221e-5
1.2530927757523734e-5
4.357645812243182e-6
5.223319717307359e-6
4.023574545278709e-5
0.0001017640008906725
3.714104827675641e-5
7.025377382533475e-6
3.7256694718583866e-5
0.00024652676557504894
0.00013079330273337922
0.00011496868622648379
0.0003002027338885739
0.0007333369742561866
0.00030579544790126993
0.003249208616092178
0.00014063881875752568
3.247184294615672e-5
6.094561312479311e-5
0.0004581015823822659
0.0007814288755486351
0.00033915707842946944
0.0010275256304373298
0.004064190049088139
0.00139101240124871
0.008100723275553107
0.0012776286098723586
0.0004713542794644267
0.0013961751841801223
0.003738287424850305
0.0030852563059308538
0.03950374530277364
0.005773668313277433
0.0008991552545185162
0.003236877811269592
0.002367941921459798
0.00014905767049330467
5.5221663141085506e-5
0.0001280019548671105
0.0008469508819589959
0.0029800988916898734
0.0007109120745997745
0.003240884758206737
0.008185416815216019
0.0032689263994444416
0.04188607538552769
0.0033062506437351903
0.0028226361635818467
0.006914410598077142
0.03401264453057343
0.025868557587844752
0.21191513274904755
0.034116349555120704
0.009685213349527946
0.03969000422157371
0.0093983606942024
0.0037858706853760127
0.0022491743858047567
0.003403848584655448
0.010919675389219332
0.0027120602731050725
0.0420161501362774
0.0033661744552788493
0.0028509878833687394
0.007947198830317697
0.004245563990409093
0.0006764416817600115
0.002247652881369461
0.0032035950544531413
0.0009240389185301233
0.0001395930435056782
2.326032812648951e-5
2.3376689677109027e-5
9.530664385198182e-5
0.0004925268885205705
0.002263762014342632
0.00017445950192609467
0.0012992151571201056
0.003977602936450978
0.0009541853567294391
0.010911819085007792
0.001189550934959305
0.00031648955167680595
0.0012100505124319494
0.003359528910341889
0.004048752341650411
0.034003255953640336
0.0034372848168217882
0.0008956288245272143
0.003792156020881336
0.002020190439646515
0.0003683973859277168
0.000611767451781131
0.0006035219574107302
0.004062587696103632
0.0007685062778572929
0.008236709166665447
0.0011990875947252067
0.0008387225952479619
0.004118741826252301
0.001035335989913832
0.00034436620190680234
0.00045122575124856144
0.000725397360730818
0.00038177926318473177
0.00010616990154266102
0.00021171134453263946
0.0007641594334909516
0.0005762057888674511
0.0023250643493040114
0.0003295125464839838
0.0031942420095774885
0.0003754707752079873
0.00018107892023031072
0.0007885958247510933
0.0003059347962179763
9.924564022738176e-5
4.879012369295332e-5
0.0001352133229002574
7.55968749962387e-5
4.377105840192731e-5
2.5173575357812935e-5
7.267284631607248e-5
3.606970304845941e-5
3.131120266272126e-5
8.34781699159024e-6
1.4935441582525982e-6
7.379063795568175e-7
8.435437736184634e-7
2.8551990360831864e-6
3.2274667376213655e-5
0.00012715465025731176
6.764315655413424e-5
4.578108876092783e-6
4.199563434524175e-5
0.0001957393382734001
4.671642493370139e-5
8.068466398825528e-5
0.0003063106074676005
0.00045524973987418597
0.0002548604197375999
0.00233121773241874
8.711845800355391e-5
2.7178416355202237e-5
2.7416102180764456e-5
0.0003575643479932747
0.00017425191577057737
0.00013666495096093325
0.0005238893128037103
0.000837451593136835
0.0009417037464327336
0.0027982651821808124
0.00024216842109640337
0.00016031229838075605
0.00044965193157981033
0.0008911475510559139
0.0017396200130348788
0.009804416782897325
0.0024530827003223714
0.0004428773406187572
0.0009129660879326804
0.0013074909370638197
3.72675502160807e-5
6.073534817855298e-5
3.5719240829001165e-5
0.00022696249567756774
0.00030944075784304257
0.00013308073722047132
0.0008169122741828621
0.0007564074095702533
0.000534253764460829
0.0027575453757728284
0.00036701847095832067
0.000694006629646723
0.0013462397947966262
0.0038416653080379226
0.007617530382883012
0.02558560111755653
0.005901860551993462
0.0017556659256821351
0.003152884749173182
0.0014327839263248144
0.00032194345303145284
0.00041853189905533835
0.0004277887168253939
0.0009380925325472591
0.0005338990430017552
0.003376498267351848
0.0006742009642427109
0.0009723670992961348
0.0013238190415040937
0.0012826243134784038
0.00017710260816175742
0.000252725202119443
0.00030102479044707704
0.0002543839589997454
4.0790544321618e-5
1.8199714295979438e-6
1.7604456946707712e-5
7.236683455793638e-5
0.0003383834617137793
0.0005633680754432679
7.761069201912463e-5
0.000538520001198562
0.0005844200819790819
0.00043712250282546455
0.003523316766813783
0.0002817759541703887
0.000480900384757432
0.0006008497501789911
0.0012864099484059077
0.0013612490096931616
0.00694785170748353
0.0009896256934152077
0.00045158102636300824
0.0014253454078724584
0.0007439618727598812
0.0001393427326632462
0.0007028819281053993
0.0005057362277217526
0.001288324347147468
0.0008210097360189428
0.0033045445584732125
0.00046743346606083484
0.0005272129306638151
0.000994705022028488
0.0014002872001397317
8.107093188035274e-5
0.00031860877736450123
0.00029267652621684713
0.00022452544120620985
6.867244995492665e-5
2.0421122221218135e-5
0.0007242666591618496
0.00032427791946040195
0.0005003423565507145
0.00022104018881482127
0.0007911655806613941
0.00035037483441000385
0.0003379300267444897
0.0004355432807614507
0.0003836866726402587
5.613931014897774e-5
0.00018359569829431117
0.00022500613206938015
0.00020178999743653128
2.4100317275602837e-5
3.586588721209637e-6
0.00013302258182179279
0.00010321826600297227
7.691035318747256e-5
8.153803326170898e-6
4.7554614909874334e-7
3.7394253683813035e-8
7.4705886086695426e-6
2.7429781069451227e-5
0.0008513445812245407
0.0007553038273238127
1.8135495071826204e-5
0.0007287702152090147
0.0006077414726827908
0.0004496780129029381
0.0024566926827150806
0.0002291786520221883
1.7093520551868067e-5
0.0005184814061006873
0.0003323078448194871
0.0007289390953344798
0.0029383442354536525
0.00035503391633238566
0.00016352380706530792
0.0005097061768262023
0.0005463902487153823
7.682500374850386e-5
1.8527627961256525e-5
8.379467803956876e-5
0.0001886732407256655
0.00013610030594203825
0.0007502604813886307
0.00011770559231368341
0.00014978543782834467
0.00037457719335063066
0.0005388296296144117
4.032400710125979e-5
8.823192446302583e-5
0.00011949331945202987
0.00012580396969712033
4.963440218267966e-5
1.0700982496619792e-5
2.2865538457848668e-5
6.990764049640368e-5
8.634892417188456e-5
3.287043252469864e-5
0.00012940988719585447
3.4814418455873314e-5
2.6966499754747855e-5
6.250821688610583e-5
4.8408847302614926e-5
6.694098660824817e-6
3.5469917737197694e-5
3.728664154706404e-5
4.82000505942707e-5
8.501706016936829e-6
1.4789462304412503e-6
2.78954402816535e-5
3.944946437151537e-5
2.6893210051787475e-5
1.6744987074714785e-5
2.799229991181988e-6
7.835012443312412e-7
6.986733851539209e-6
1.742434122502939e-5
2.2642719824798452e-5
5.37518709826005e-5
5.370817229214383e-5
3.611220461547109e-5
2.324352295111626e-5
3.150129633951121e-5
5.2256514454066325e-5
7.4896708248186214e-6
4.263930488553817e-6
6.923525812650876e-6
1.1645643463219832e-5
3.450523746287611e-6
8.637290723215435e-7
2.775303985622425e-6
4.686955352481691e-6
2.2760052206711866e-6
4.964718513633023e-7
8.88561840506649e-8
2.4933715106795838e-8
7.322386837262673e-7
3.5966602158148122e-6
2.447605559064076e-6
5.947694784912129e-7
4.376919879149016e-8
1.2722019998286506e-8
6.93833607612399e-10
