2.551005543986141e-19
9.619298585508519e-18
2.3296386022724064e-16
1.541315487473442e-13
1.1825494323134612e-13
3.897754981259918e-12
1.781609499356083e-16
1.2899122071660222e-15
3.4834546165826156e-13
2.222064653909114e-12
8.932323343145942e-11
8.248813575186527e-15
1.8486248110681534e-12
1.0103709118249864e-11
6.384782287335028e-11
2.1482203888891144e-10
1.0254847823452562e-9
6.207320091312844e-10
1.2331992384097086e-8
6.222298008119995e-8
7.111256668922737e-9
4.343756650311003e-15
3.408318376357998e-14
3.171541187798907e-12
1.4269258528984969e-11
5.520592686044368e-11
1.0588640400639928e-12
1.8441744281891972e-10
7.850845721014618e-10
1.6263702606346382e-9
1.4412632324919587e-8
5.512859258451776e-8
1.8853881260960514e-8
3.8228513316104786e-8
5.591907104240562e-7
2.5168427025036985e-8
1.9207196672972114e-11
6.15644726912433e-10
4.849898191115474e-9
1.6090131772297188e-8
4.87950895339481e-8
2.2433420616941025e-7
4.4286241266257135e-7
3.634598917697719e-6
1.4544235501826734e-5
1.6663240411654758e-6
5.165199018416216e-9
1.1660036881830024e-7
1.820127289428855e-6
6.845858073924688e-6
8.021454821927835e-5
1.01467875194227e-5
1.4027272065057463e-7
2.1948835696225183e-6
9.40670558189556e-8
1.1396224234316154e-8
1.3028666724078778e-13
1.5443200348619113e-12
4.892044332137226e-12
6.130847565318884e-11
2.8153624203100878e-9
1.7010266069138867e-11
2.1129634257979768e-10
6.21131060321539e-9
3.510263069240894e-8
1.0952845810191495e-9
2.7204939785072896e-8
6.252146659381777e-7
2.9437422842590367e-7
1.5509378303499102e-5
2.519038879016528e-7
5.599045952574832e-10
2.821632039210916e-8
8.13162389287699e-7
3.550430780156275e-7
5.833964753374975e-8
1.5343586605105013e-6
1.233072767621423e-5
9.77847304337832e-6
0.00032230037364064124
2.9419106089753492e-5
1.827727113599776e-7
3.145463203806911e-6
0.0001060532971320445
5.1373004611307434e-5
0.0024751266919166262
6.1014287794436586e-5
5.835136737248822e-6
0.00035838352535761124
6.667058575380044e-6
9.764213844846435e-8
4.6470698215159265e-9
1.8138452625065255e-8
2.1567067634069284e-7
2.1367146653496276e-6
9.57736489733482e-8
7.2791177848311465e-6
0.00012842607052436186
2.6024639290802472e-5
0.00039441719843974076
2.8396078791631345e-5
8.684957194514119e-7
7.01751404955464e-5
0.0005105352126589335
0.004361903329281932
0.029560253114498575
0.005223411083700929
0.00010917658735787502
0.0005442991360860895
6.276546726075723e-5
1.0007462297264715e-5
5.191788887867045e-8
1.463804889101521e-6
1.3029989332042862e-5
1.973293041662818e-5
0.00033235767019987626
2.8037783285083658e-5
2.2639482507380447e-5
0.00038268724974485966
2.5289168143966505e-5
1.6833285500551082e-6
2.5109609164439093e-7
2.321191360208396e-6
2.2144429879696706e-7
2.030758266510189e-8
5.409473376745556e-9
3.961612378938581e-12
1.165776991212411e-10
6.705450973130308e-11
7.972949204746047e-10
9.000394388760272e-8
4.8795396387106064e-11
1.6136044325870539e-9
1.9968571596739774e-8
6.872102875980681e-7
1.9945914083885022e-8
4.5013756071609883e-7
2.285783581108103e-5
1.7037491965562498e-6
9.10613648810795e-5
2.460629502937691e-6
2.2165340981388172e-9
2.155627204965469e-8
5.304470539160102e-7
1.2044278973839357e-5
2.9080219946477944e-7
1.3715916784032518e-5
0.00026766397930842083
0.0001320141534494123
0.0025540634076154354
0.000482668158419239
1.819477229332685e-6
0.00011249400002032959
0.0004151053367662437
0.00048483311858759276
0.03756253819932617
0.000528572551380942
1.3069050940569903e-5
0.0003682328794278999
0.0003814329470979439
2.33834933284275e-6
7.455500461475126e-8
5.8059011725531e-7
1.649538343291087e-5
9.465591749721718e-5
9.016764486130089e-6
0.00030067026868368756
0.0025643161531950505
0.00037104319947920913
0.03761879986142526
0.00034805877382162526
8.82422900500618e-5
0.0021910936221387544
0.036802111095296915
0.029040607795173545
0.5934687182198745
0.02975080785472268
0.00186487304239638
0.03666879140632419
0.0025827445731165235
8.07593925485342e-5
8.055412997050092e-6
0.00022772763882707812
0.0017631743032608311
0.0003481464322942083
0.03722659415518776
0.0003794732090654552
0.0002291390366212539
0.0029068097253339125
0.0002647287821425925
1.634404396089582e-5
7.369646000871746e-6
9.637727679702695e-5
1.0438972923362062e-5
5.171688818543394e-7
7.215928847508382e-8
1.4095539555956649e-8
2.947790522367489e-7
1.923931178254163e-6
8.10304924598103e-6
4.360717696547661e-7
1.738480432454638e-5
0.0003984506661847644
1.571344739132343e-5
0.002081521426565646
1.518211507271543e-5
3.644346462369282e-6
0.00036824788130891483
0.0003780362689596625
0.0005948354778559292
0.03770418525639528
0.0005219659836712712
1.482221014285455e-5
0.00042946373735058786
0.0001228199831585601
1.9998366303476537e-6
1.4223153044589146e-6
3.9660872918574795e-5
0.0003353980010996165
0.0005083718468333761
0.002297509228807913
0.0001716501909235617
2.061432209234728e-5
0.0003573473326367653
1.2015201791832866e-5
3.9752647111896233e-7
1.6922043033880922e-6
2.0066478218973153e-5
5.575979635653777e-7
2.1958653355980446e-8
7.647033244776852e-10
7.217559727629776e-8
1.5670541738024283e-6
7.978692323397622e-6
4.404516640862381e-6
9.610496181032422e-5
2.4088429248579275e-6
2.804922105976309e-7
1.6000576005394738e-5
3.7448802811423336e-7
2.6228746780234253e-8
2.7141856591056006e-7
7.988438003700394e-7
2.988170683806243e-8
2.1104776072033928e-9
6.798134136478213e-11
1.722811362555177e-8
7.063086596211234e-8
2.030989120441257e-9
4.324328456503062e-11
1.8616268438560026e-11
2.0874722924660684e-12
7.654067429103854e-13
2.8541422967161587e-12
1.0069084303317433e-10
7.443428151691398e-10
1.8803573233525578e-8
9.33282371392975e-12
4.3374563307108623e-10
1.9287931235098986e-8
4.3378860798708767e-7
2.150467439263501e-9
3.7760035092251845e-7
1.5137447585806252e-6
6.662765874065337e-7
7.047797848961535e-6
2.1537241516211872e-7
3.163166714127316e-10
5.794046202228939e-9
4.403466920888851e-8
2.7982749726149523e-7
2.258413482323181e-8
3.7812100357043036e-6
1.839040775789666e-5
4.887746162650797e-5
0.00019286669096999054
2.000871919370991e-5
3.0270252731616714e-8
2.3646912768154633e-6
1.5301287329904547e-5
7.965548206998191e-5
0.001908989220682669
9.520519134413777e-5
1.1236081391053746e-6
1.4048491379891593e-5
6.1686999371413e-6
1.3268816597276715e-7
7.072138488018538e-9
9.706492159832669e-8
4.0055973713437567e-7
3.5920471155272687e-6
1.3042354114959765e-7
1.2084711748854247e-5
0.00038571476125430027
2.8578645310802803e-5
0.00036187150058963354
1.9739565467052335e-5
1.3553893339600014e-6
8.721146056389055e-5
0.0005698736162058652
0.004859333692366559
0.0290594016548307
0.004029727768059828
8.326076433631506e-5
0.00047912009872599535
5.1232077767936595e-5
6.4421189760202576e-6
9.498960706670658e-8
4.468702657022984e-6
1.4511611513457537e-5
2.6785026155594555e-5
0.00036488457898980006
2.4240061080476236e-5
5.784588658845421e-5
0.00011955400452352205
8.78315821077345e-6
3.680847611533114e-6
8.630590216596486e-7
1.8415634360053382e-6
1.942048550271031e-7
3.771287744646191e-8
9.361512610188747e-9
8.936590189064192e-9
1.0563918926416395e-7
1.5557587552026806e-6
1.4184434029448031e-6
2.3297515760735943e-6
6.404305946169511e-5
3.819839025216793e-5
4.64930168677947e-6
0.00026551747155232025
2.064049576396042e-6
1.6955486338894653e-6
1.0275586802758446e-5
0.00045520817892172853
8.615867680617203e-5
0.002299663422240154
7.214080512420802e-5
2.483892566912665e-6
0.00014366537092077436
3.6727120512249264e-6
1.1531186485504407e-7
3.938809877769895e-6
5.968096421679225e-5
1.9068721586559945e-5
1.5071817943598757e-5
0.0003331328964024335
7.1790143057722085e-6
2.76212733970755e-6
1.3845530991407037e-5
1.6768550871707737e-6
2.4215944402587166e-7
2.1643057582890343e-7
4.1202926716462017e-7
2.5119751475845513e-8
6.115987456017684e-8
8.900598960375743e-10
7.036008517834488e-7
1.3792537460460043e-6
1.7195204015151004e-6
3.703282172592911e-7
1.8294174592453282e-5
2.1794360989759795e-7
4.316840145496265e-8
5.603240583412739e-7
9.953683965591855e-7
6.77225409482533e-9
1.8805075758833712e-8
2.077796470621166e-8
7.331200854269542e-9
8.112246362815189e-10
8.992283144597993e-12
7.848143639352327e-10
7.190791291702864e-10
5.476466404585492e-11
1.382383223023387e-11
1.0299007793941453e-12
1.097362154203255e-13
2.6015863787874354e-9
8.030720977551764e-9
7.633801506708124e-7
6.620082550802205e-8
2.3030929894335403e-8
4.276449455053389e-6
1.3061128321571177e-6
9.932286807746178e-8
7.586609566625874e-6
5.864762579036546e-8
1.8601070381001188e-8
1.4510171156846045e-6
3.951185437815253e-6
1.5322868802628775e-6
0.00010407100526311374
9.944500441677498e-7
3.405369364169083e-8
2.2167297583355005e-6
2.1291431019627496e-7
5.427358323445899e-9
2.0842811665272325e-8
2.262005918922161e-6
3.4322036006280824e-7
1.8726184628336182e-7
1.4227981043156796e-5
1.219874325264456e-7
2.0577791810476954e-8
3.834021560256303e-7
7.633608407598369e-8
6.765224323091263e-8
1.582597590806568e-9
1.515409626008399e-8
1.145967900623107e-9
1.4965412051373648e-8
2.0293463679078888e-10
9.044715690001042e-9
1.1254598443198555e-7
3.1589822138752374e-7
8.256593277515542e-8
6.299991482177319e-7
2.0750868413272658e-8
4.7170223812376816e-9
2.6734543470888526e-8
2.761752576740286e-8
8.0106479548962e-10
4.3399035676347705e-10
1.925097595960462e-9
2.088479600547102e-10
1.9495114533166036e-10
1.802744312459093e-12
1.3591867472267666e-10
6.707802002054807e-11
4.71307141800546e-12
3.5239494085210906e-12
4.021214608127607e-13
9.119081387929698e-14
2.4457485029510414e-9
9.218327828547386e-9
1.5180810813593795e-8
8.503440823739389e-9
5.8535562218924084e-8
4.051877158312744e-9
3.84827231630524e-10
1.6259229450038858e-9
5.251279421725675e-10
1.519213501695791e-11
9.69937637536647e-12
3.8680734936604813e-11
1.578090593653275e-11
1.0263298902146853e-12
8.36803422329759e-15
4.7190428696287335e-12
4.61179213613687e-11
7.757638293873052e-13
2.983405075609997e-14
1.313531730779232e-15
1.3925097914424292e-16
8.424077702066256e-13
2.408502620712956e-12
1.2315608747067284e-13
4.991145892628667e-15
1.8116377508143658e-16
1.07555977256695e-17
2.540028007705753e-19
