2.591146411004442e-8
8.849499513827788e-7
3.46003300921938e-6
1.9801976756692982e-5
1.3477501655826316e-6
1.1391534166198704e-5
6.748795531360016e-6
2.7458363641270677e-5
0.00021003349512298982
2.40502005521685e-5
0.0001422767308123827
6.22799884216203e-5
0.00017372867425017718
5.266498289837892e-5
0.0006045430434300583
0.0002969968171830373
0.0001701239428284501
0.0009812401192264538
1.7078359654282825e-5
0.00016307086958836502
0.00020956401409604757
4.5231867616413075e-5
8.077368640445326e-5
0.0005689826399221882
0.0002469453273062564
0.00023983520867640996
0.0002238513278233081
0.0005524221851227952
0.00039614021741378957
0.0014324135256858594
0.001183530920425494
0.0011395890934264518
0.0019018132758941372
0.0002470712115618314
0.0007680950888359832
0.0006410636453255641
0.00018009145174122904
0.00033948373314155974
0.0004683097953021523
0.0021642154093564955
0.0008129196294087466
0.0008065023149871696
0.0028760817008632008
0.0004751560869200168
0.003290693591533202
0.0019357703243969235
0.0009848560574882116
0.000998983383661933
0.002757498161317863
0.0006901043843574765
0.0042583646276687205
0.003007634921209773
0.00010931863192384206
0.0006897395003695047
0.0006096729605483706
0.000504468880808374
0.00011118998056857802
0.00017934112506234545
0.0007169053413576278
0.0011742864859982608
0.0003612400887741416
0.00034590912254778234
0.0009087395360304186
0.002319544370354587
0.001205901596060377
0.0016523150113677905
0.002724892146056697
0.002089887187413187
0.0016584632881864354
0.002479316666067218
0.000717105984094744
0.0004655040141651056
0.0007335604197984434
0.002110700323618334
0.0030007805644074372
0.0019003633164691811
0.003633381609610022
0.003986545459856578
0.00313274784422245
0.005396611162488853
0.0028060116790359006
0.002171830224888386
0.0030519713748123362
0.004326655787079059
0.0036962263619067124
0.007262750045475637
0.00433964059510384
0.0022292405010163074
0.0026803961119359547
0.00157441243450909
0.0005888847948064272
0.00022992307744114146
0.0004744584689292425
0.0012079882325900092
0.003040132771865774
0.0010017087107629036
0.001840619929870353
0.0038141406931670656
0.0022517586566909898
0.00633721638159749
0.0031702071219335873
0.0014183595186255803
0.0021178122275901995
0.005784018471391009
0.0033326785175273018
0.015088542251544114
0.006772298874381053
0.002183571985066845
0.005231603470913484
0.004289349674673761
0.0028527409748932034
0.0011611956232295709
0.0017260462004730268
0.005119897842004975
0.0014846815295201877
0.005554884080990854
0.0032005219042077503
0.0006980673244906426
0.003201158109811597
0.00289774522008662
0.0019339937020113247
0.00033658220809980213
0.0005353469815857527
0.0007147827471558745
0.0006437962053893397
0.00021871968703626585
6.031838485017528e-5
0.00018843291576232932
0.0006396800698701187
0.0014366720775601859
0.0003803070089582315
0.0002699133619608513
0.0007757202196329608
0.0016689566310944934
0.0009671715641377213
0.0017561249630545892
0.0025247967544897412
0.001872787275065599
0.0015926764023692494
0.0033159170021185513
0.0005360027887132341
0.00031260349300759195
0.0009104357492428013
0.0020614118528558085
0.0037698179840192276
0.0020737579331127935
0.003811008874232231
0.005294016925839699
0.0030707386018823716
0.00786698558098448
0.0033243015246250027
0.002611872376646927
0.003359795210768372
0.006576636345309152
0.003846254403936868
0.012934686264453318
0.0052670169438729245
0.0032328586395124074
0.004365602598651804
0.002696324717232534
0.0006847846016097946
0.00023645876056972752
0.0007847570578567761
0.0023778890674168328
0.005578232375899078
0.00228564348890614
0.004855698624744505
0.008256861418243134
0.004772514776810522
0.014263898166245832
0.0055042305589980915
0.002735658804411311
0.005543716009104449
0.012527926500116074
0.008188595243925383
0.03932017468758417
0.015598030792067341
0.00700618606288974
0.013214212765669291
0.007291016746437786
0.004211857589948308
0.0017127026047071105
0.004276942633595722
0.008123909844168555
0.00428887192051972
0.01392504394219549
0.006307538163159877
0.003802553256926497
0.007838022411806454
0.005248892687119078
0.0033121478971363466
0.003133578450765969
0.003272513730272353
0.0024817110089089328
0.0007712298198323307
0.00016524048306632567
7.250335028451169e-5
0.00039271630865940694
0.0010893384998605185
0.004660678313768064
0.0006307734563485098
0.0019607572185819356
0.005121824685709865
0.003106435067422333
0.008374609182157046
0.005077443847001905
0.0009934600605361612
0.002252127298947947
0.005949884784356846
0.0027791327035380756
0.012364153638661252
0.005815405064666463
0.0026481980755099365
0.0067470783006518455
0.004382265197727096
0.0027688062755426407
0.0008615456428808423
0.0017038883331929584
0.005250008870634645
0.001997863100214392
0.008043504026379749
0.003833275835435828
0.0019028365995480056
0.005279962579384134
0.004002799297322549
0.002891415120943214
0.001123950446415536
0.0019197288087653293
0.0021538817895889384
0.001904625581597509
0.0010730952617612408
0.00023324490023780777
0.0009888822577458565
0.0045331719048867175
0.0009970436498052025
0.005316266223731391
0.0029378791756501815
0.0007180870945702443
0.003612592744961223
0.0029521185203907102
0.00211892550980443
0.00045668843415280205
0.0009754463422989368
0.0012231255374788388
0.0014094361790934976
0.0005969023683740311
0.00011480902634867964
0.00039170155769524317
0.0003808491519294795
0.00025095976170542923
0.0001468418864765447
1.2082482145102145e-5
5.893666445750812e-6
6.305193682834612e-5
0.00013666654467141563
0.00034597469821736666
0.00010966340109986892
0.00011389216016947655
0.0005526724460417975
0.001135954534426274
0.0004582368484859581
0.0009643622449881965
0.002113471355987751
0.0010822489456851184
0.001967972699730328
0.0032765975285060592
0.00034539570747378016
9.970520079304877e-5
0.0005603402326717472
0.0013340033348410076
0.0007348101115413206
0.0015967308053844837
0.0023940143894434747
0.00194201295515776
0.0022938891430508384
0.00389385918560956
0.0007026731286112804
0.0017366033898383111
0.0031498104716364975
0.0025572199656900066
0.0037464278508844953
0.007267151529935424
0.002064787202814676
0.003925068793501371
0.003260803195867028
0.002153819788013831
0.00010871346443556005
0.00010184996661704873
0.0003038664806170934
0.001502233925201052
0.0010066318683528942
0.0011658823034771664
0.0032462911404916223
0.001984627797369249
0.00298968879150142
0.004400051362980277
0.001522209789167062
0.0015240203373282307
0.004080541184336501
0.0026933004055822106
0.004455385743708999
0.008059859545019305
0.003377212076935695
0.0035859201861362764
0.0038833185927702445
0.003738516886766086
0.0007007519004177271
0.001296503526383941
0.002941320840020021
0.003089046782111745
0.002974858476881507
0.004716260870606644
0.002218836224989056
0.0023130773601816377
0.0031183010082094904
0.0031592207347489114
0.00048463995777249514
0.0018851438575302772
0.0016145957396986536
0.0016370634490234853
0.00024112302610131308
1.756598724124143e-5
3.9013594053210446e-5
0.00017285711624195712
0.001054134761738638
0.0009993118838607018
0.0003687372641294344
0.002205601702208636
0.0017270624080115123
0.0030835606428638897
0.00423872131747596
0.0016923667756589048
0.0008297130330274848
0.0038060927596745885
0.0022687699866963795
0.004215362329389791
0.0054484659899480285
0.0021881004525211977
0.003211480188058325
0.0033921429692559736
0.0031024272225273026
0.000997297941774937
0.0007387459113227124
0.0021956675186633606
0.0019385247118822715
0.0033251108058533103
0.004750479154741063
0.0018511708233955352
0.002381091381953743
0.003752329728146483
0.0036353124377342975
0.0008105063861143088
0.0021633140802541327
0.0024402991401323727
0.0027464873627985388
0.0011489365437157143
0.00017959368306129763
0.0001735927907003639
0.0010557685428882818
0.0010784538040681446
0.0014784225403160949
0.0022586571461252233
0.0012126571870410836
0.0013082018215625193
0.00200830835087218
0.0020824531847660407
0.00045980691022714013
0.0010767549198281443
0.0016396699473560739
0.0022565274931745207
0.00039707850637307545
5.3632737668905754e-5
0.0003680122360482382
0.0014793716117217006
0.0011707265335858554
0.00024816002114501394
2.537931816000884e-5
1.486108706100465e-6
2.551593248843187e-6
2.8823440422782423e-5
0.00017836423184213412
0.00023196256567201755
7.401594717154828e-5
0.0007481468154601414
0.0008589957408644742
0.0012563824214306897
0.0017261950318516292
0.0011305160486858557
7.395575445249006e-5
0.0008370220551247392
0.0009959560616524146
0.0015199290349601072
0.002913368636852275
0.0014148924420636462
0.0017500484171566555
0.002678380984626463
0.0021363998476324605
0.00100202633397276
7.370226385885257e-5
0.0003730259638112765
0.0006558805934345452
0.0011967903210378832
0.0024317593494775054
0.0010261564017773955
0.0015602682461150223
0.002132700561200779
0.0019546515581234463
0.0008446563489930782
0.0009837300929858596
0.0018157244119118398
0.0017205916795499832
0.0012033000501464458
0.0003222838980707455
2.9474613909285474e-5
0.00017708573577589055
0.00040744337743850234
0.0003142026810798674
0.0007888705031151862
0.0004921397099493668
0.0005689797271726202
0.0009399142917148737
0.0007469329833602092
0.0003407455565564851
0.0005628446012909764
0.0007977345098721766
0.0009374665669974525
0.0005585224924988088
0.0001837989658933659
0.0001393784681946085
0.0006342831833858698
0.0007805939822374082
0.0005802994062869814
0.0002136780994525832
2.187401349363884e-5
2.5202185313047866e-6
3.818571903164595e-5
7.99178098325366e-5
0.00010051422826388207
0.00025900889755450573
0.00023318386628677892
9.833167076946865e-5
0.00032589876150648924
0.00046382881546197004
0.00018657949911598729
0.00011546068271939948
0.0002742766168623008
0.0003388800771746576
0.0002266061456095006
6.168052396837855e-5
6.865716692219562e-5
0.00020111373007717723
0.00017977731820244898
8.287795948756992e-5
2.728596592324563e-5
3.470873612205634e-6
6.369300519282996e-6
6.148195525052814e-5
0.00011157122098439981
4.5324246998373525e-5
6.477876103864759e-6
9.506371246843438e-7
2.9678014555485898e-8
