2.1712825218597817e-10
7.474336547993741e-9
2.7887857876423878e-8
7.937818827145383e-7
3.9692886203516454e-8
1.0102865040280368e-6
1.0610965548932386e-7
1.5759983826550693e-7
6.880562261797994e-6
5.087261186831344e-7
1.7612962032184043e-6
1.0404502157435846e-6
2.8948663189531476e-6
3.1807271448605568e-6
3.339411661891496e-5
1.3038334335775027e-5
3.2011272347371274e-5
0.0002507342572469869
2.7061608922604593e-6
3.2576066164473586e-5
1.4095327214182314e-5
1.3480274984612665e-6
1.0813032883873962e-6
4.1670809176213406e-5
1.639314176954274e-5
6.877504529405785e-6
6.109516937768481e-6
1.4672903737009657e-5
3.5595543114744205e-5
4.3479243473074995e-5
7.350417987543596e-5
7.62732199943462e-5
0.0001370629404560716
3.868868505746198e-5
0.00010725921140860296
4.637522072335293e-5
1.8152948283763774e-5
9.78725435060593e-6
6.6450171292014e-5
0.0001141806367642527
4.5334024611001134e-5
8.786563847675026e-5
0.0003638475155963791
0.00022281992529747132
0.0007654851529951486
0.00022603178300026217
9.354778626448019e-5
0.0001665777594755992
0.00042880425065604054
0.0003580452699582422
0.004030729546424101
0.0018098489595123877
3.89232849163567e-5
0.00015556996940444738
7.231441608035313e-5
2.3435104731081743e-5
4.961832248920974e-6
5.505585061254048e-6
4.659413513744858e-5
0.00019428411039789354
3.5246567512980234e-5
1.6824926392777004e-5
8.451408815550783e-5
0.000574088160342048
7.8527895573087e-5
0.0001852994297109397
0.0002609471224205065
0.00042611414251089063
0.00026147770705304895
0.0009078336261562846
9.87253359346155e-5
5.1199470937298736e-5
6.352477842807474e-5
0.0005427937170176428
0.00037277767754620233
0.0005612736917524804
0.001134335989306278
0.0010817785200752386
0.0013365356990629686
0.004208342939380286
0.0005359184655048662
0.0005026301645730398
0.000790942706221806
0.0021490844088699916
0.0014274465926566364
0.009950170881177887
0.002036132816936416
0.001290756122265786
0.002024963202589572
0.00048514993124984404
8.054765940464294e-5
3.389544635239521e-5
4.25576548952904e-5
0.0004064012373372956
0.0004996829073375322
0.00014924750047358592
0.0005700723645433033
0.001504687457965169
0.0007688093178117974
0.0037322900672980266
0.0007741610407433824
0.00041523718535520595
0.0010018521809405693
0.003716030509799575
0.006431466075142544
0.03389748682952666
0.01237034086556035
0.002902690577467535
0.005551660965018238
0.0019708305774133383
0.0018233111144258058
0.000275317000383345
0.00028741492146238615
0.00133174001821719
0.00041824712065255664
0.0036120679444036187
0.000762255644199313
0.00026088867027277454
0.0012915340090859624
0.0005604425855281946
0.00020832592162392185
9.588090638210591e-5
0.0001404520256748889
9.451132314659405e-5
4.463226979695051e-5
1.4274441341497964e-5
5.525780678382283e-6
8.287838604677349e-6
4.520379612957757e-5
0.00013166272949945222
3.734649946742185e-5
1.0556306305053645e-5
6.537569351556403e-5
0.00030894256092511146
0.00015143205964076323
0.00014530588975095825
0.00041116115491650996
0.0008659113859997964
0.00035274446258460804
0.0034422893649050487
0.0001443619371593626
3.995013922751861e-5
7.263076003335487e-5
0.000541213217018371
0.000928687562224605
0.0003836926253728005
0.001092348867114168
0.0036181454969400617
0.0014508373138925879
0.00801390189180533
0.0012666225770270906
0.0005073534487876852
0.0016744575886224326
0.0035249641731226974
0.0033285852189823403
0.03960142894347229
0.005727512069831342
0.0010440953519676485
0.0035009476332002304
0.0020218783558308188
0.0001507367730211159
5.145896462573442e-5
0.00015835176627213528
0.0009580950317654075
0.0038627447069804655
0.0008569055251267518
0.0032084167034654226
0.00811108472169158
0.0033121017967157737
0.04253220124694537
0.0036239075065276093
0.0031094263611478154
0.006855006469038515
0.03306478527795107
0.025950805820829953
0.19666464693587982
0.03288460693559292
0.0108954871706917
0.03765690358926926
0.009369655369193009
0.0038297444021258356
0.0026010988771503827
0.0031531457167798503
0.01175432344266271
0.003116485310577025
0.04056021066378859
0.003640964292644672
0.00281351854796971
0.007843134443188411
0.00409750339679405
0.0007418337659826318
0.002729292525966263
0.0032463298973974277
0.000895667669219044
0.00010651448347667512
3.292728562985244e-5
2.843963385223401e-5
7.652715130716114e-5
0.0005351718645023418
0.0029367842977602327
0.0001855216301832429
0.0016200687886833522
0.003928944381667198
0.0010491596903585677
0.011797898442500055
0.00123823917641406
0.00036722794391557843
0.0011934501410477947
0.0036692497979546744
0.0042511705877266775
0.032423670068027946
0.0036769692210201306
0.0010556624219203923
0.003568048004247398
0.0020486940667074857
0.0003905368362523641
0.0003865898947011926
0.0005556139825192621
0.004026559772983891
0.0007857154882387385
0.007861508513700417
0.0013675297083849125
0.0009067492869180154
0.003749285492422515
0.0010963244828563503
0.0003970426592666614
0.00048182647970348714
0.0008257837488953871
0.00042268157741095054
0.00013876346249236965
0.000369606460018354
0.00035379251885971937
0.00042419347601158584
0.0027377419158246467
0.0002927965529533876
0.0036909154507301215
0.000511384421876349
0.00015816123629333636
0.0009013199561417065
0.0003704616708249045
0.0001103319208979323
4.912518531721597e-5
0.00015750077084215078
8.107869682740017e-5
4.270299099383541e-5
3.082370763614061e-5
3.986795132486541e-5
3.9514100996064927e-5
3.618518836087306e-5
7.364336774023358e-6
1.7413324561034733e-6
9.791085305304539e-7
2.0232160437988273e-6
4.555780304998283e-6
4.3636719541782995e-5
0.00020236546184136865
3.793984704705602e-5
5.543554147118205e-6
4.454963355792558e-5
0.00021880807560301104
5.5947278739173864e-5
0.00010057451007802905
0.0003889314303449063
0.0004857910882912615
0.00031977795385835784
0.0028791735808662336
9.62334676876292e-5
2.0282362124055134e-5
2.996420504644023e-5
0.0004998704290131018
0.000161874199444567
0.0001608621581050165
0.0006174819047051755
0.000942774130280881
0.0010738695738930454
0.0029932228106118682
0.00026486798877741017
0.00020392459501447142
0.0005838965398390236
0.0010531253097571347
0.001981914090436791
0.01152695682460999
0.0026471180392403115
0.0004996236988201836
0.001020167758086743
0.0013506253648030925
4.0467207631431475e-5
3.868490881088298e-5
3.268693656842231e-5
0.0003189106334129436
0.0003037130494575859
0.00018649686641569898
0.00097236785709942
0.000810550585026501
0.0006024585316483231
0.0031368758118993072
0.0004085285052162908
0.0007864311297510002
0.0015149647373236947
0.004241594914037712
0.007947944583800685
0.026035939763969104
0.0059939641541092905
0.001928728466490764
0.0032220619117293977
0.001448068289938577
0.00036651982129570526
0.0005257244511649425
0.000514034883224437
0.0010578054302311103
0.0006070897816845969
0.0031876049483393416
0.0007420483584901505
0.0010290380687073151
0.0014034768038747806
0.001268502793643092
0.00020737088635226433
0.0002835418376125805
0.00034436687752643794
0.00025035464961195754
3.845590614479237e-5
2.5931899179187637e-6
1.530052841552447e-5
4.323409420971351e-5
0.00030266989153996337
0.00046477557760743406
9.434766999110869e-5
0.0005156325015323718
0.0006074591769807984
0.0005568245080488024
0.003370294040138183
0.0003032933573363204
0.0004732565798029258
0.0007023918284273554
0.0011347354733514832
0.0015038646618559433
0.007021245138930859
0.0010174278142057942
0.0005582755960154493
0.0015325188578354898
0.0008001442903543072
0.00018861821400975676
0.0005035461774168484
0.0004978630178793174
0.0015196595762970047
0.0009323629631565495
0.003168885496214397
0.000579535855682095
0.0005986898792567467
0.0011366675319721988
0.0011197110092211735
9.468519020693971e-5
0.0003704438256372329
0.00038566528692988777
0.0002495627022267495
8.018450790174999e-5
3.8850518077076216e-5
0.0005341989323014392
0.0002877782165779155
0.0005561497751426962
0.0003208520006784396
0.0009213423393249803
0.0004084339935330654
0.0005070847813115762
0.0005261562780623792
0.0005375700221194993
6.696559355527999e-5
0.00021157665451360713
0.0003173741616750381
0.0005549494629778322
3.567411037836689e-5
2.9567182420225543e-6
0.00016538485233891234
0.00011814014153762311
0.0001855637193197079
1.577414337593647e-5
4.940100276947376e-7
4.073133108883035e-8
5.733809306413645e-6
1.8442188537756544e-5
0.0005482966349909478
0.00038034844177334563
1.6438932805750198e-5
0.0005306451769941815
0.0004104153587081709
0.0005636210713351015
0.002565690146790262
0.0002907500292073621
1.6653527169313985e-5
0.0005191907285709631
0.0003636000554828842
0.0008319192473446727
0.003244654258274633
0.00043938417255051876
0.00021727279112025003
0.0005137679791384408
0.0004997622913656228
9.577193625325171e-5
1.5966143413710133e-5
0.00010072220931312039
0.00017588343815874157
0.0001819608984428777
0.0008910553717137808
0.00015278561868745444
0.00016342017952775568
0.0004124806163540125
0.0005852662630779396
4.383810113164092e-5
0.00010351399525852029
0.00014247035010838655
0.00018631446027686548
8.286923610316917e-5
1.382166534501195e-5
1.8717455689745826e-5
4.4356109730837576e-5
7.490841346575994e-5
3.203971012206513e-5
0.0001519325401249275
4.551486575382152e-5
3.2358465473448696e-5
7.487117078953107e-5
6.72226770449028e-5
9.764655077788318e-6
4.8907323235931407e-5
6.0708037087361714e-5
9.088186072641888e-5
1.4574011293030133e-5
2.4741010951769448e-6
4.650555063998656e-5
4.273533111314485e-5
4.138388415781831e-5
3.90245667523515e-5
5.9844731289287504e-6
5.997697655081248e-7
5.432867243172091e-6
1.4668708721629222e-5
2.8939992933177223e-5
3.7784872291063636e-5
5.2219910485101114e-5
3.651474965187202e-5
1.894854454870654e-5
4.143991780213341e-5
5.837841938772901e-5
2.0711619540737464e-5
5.376909824197257e-6
1.1029684869017335e-5
1.814516157159988e-5
6.155358747728104e-6
1.0373131789626667e-6
4.594694734587061e-6
8.139630678422385e-6
5.2111482578334465e-6
1.0355163203534586e-6
1.45013059547653e-7
2.382705106208184e-8
1.9473926539039105e-6
5.181981414346116e-6
4.447973458342625e-6
1.2800890769892949e-6
1.0626173932872493e-7
6.796375872698895e-9
2.062032663494555e-10
