9.421411951137846e-11
4.799856831868938e-9
1.078947123365609e-8
2.1547060966286222e-7
3.265387065333162e-8
1.1368734111239007e-6
1.1685146234866383e-7
8.006911729134612e-8
2.7598881202871773e-6
3.776632549347818e-7
1.6150565007008966e-6
7.811176463677399e-7
8.659758558315972e-7
1.6387405961050219e-6
2.653955103200925e-5
8.211975298831676e-6
1.062301295040008e-5
0.00010375477811733071
1.492313044121089e-6
2.582711748418276e-5
7.387693175676415e-6
4.894935489781954e-7
6.330336242457723e-7
1.6243937145227563e-5
8.16200740798398e-6
8.823431360578138e-6
3.605486138526713e-6
8.664683337857401e-6
2.0052617840247968e-5
3.344394081253186e-5
2.8704122479930025e-5
4.9728582769425445e-5
6.0618968938207576e-5
2.545161489701194e-5
0.00011107660117635184
2.2130160718242693e-5
9.205513523494809e-6
7.0812978878628106e-6
7.821858950578548e-5
7.174834631117726e-5
3.266183082280968e-5
7.20816546836793e-5
0.00023636077980136808
0.0002328158791638996
0.0007590419590709284
0.00016317341632667012
4.966182144403655e-5
9.879154028569789e-5
0.0002323524207346718
0.0002709336741454264
0.0029885675871942127
0.0011581694304073147
4.368184220713298e-5
0.00013444912450517033
6.775680757625746e-5
1.7756614997812988e-5
6.923069815795654e-7
2.068707081205367e-6
2.0687377172224504e-5
8.283255276500355e-5
2.6458809290854573e-5
6.8683112495604635e-6
3.6471479573161765e-5
0.00019759587806132028
7.929784301765557e-5
9.134824819705311e-5
0.00017272409001143848
0.00028148873978401783
0.00016838235886748552
0.0006693038449095562
6.079137516127175e-5
1.911980538321194e-5
3.852246883201981e-5
0.0004770696013885175
0.0002889712674337241
0.00044065559710855236
0.001328647684527886
0.0009916325257216738
0.001552659771769024
0.004874993028558356
0.00048159909153814976
0.0005567554638448389
0.0006800857575631628
0.0017192390151657992
0.001381080561173837
0.00962750445961604
0.0015188124691003803
0.0018835187058403673
0.002660352071240404
0.0004239831604478817
6.38271230911913e-5
1.3861981096672087e-5
2.1630262879013823e-5
0.0002959645522448407
0.00033400722025592823
9.681373546159832e-5
0.0005041820724915322
0.0012609069417966435
0.0006354626440066113
0.0033933095245858884
0.0005898701356112141
0.00026640382842806054
0.0009072048799076925
0.0033706992484544736
0.005795920869827056
0.035718908935905784
0.01187322209742284
0.002496741409304585
0.005684230802597529
0.0015940948367798389
0.001338990882245456
0.00016454087292209468
0.00024041283902412024
0.0010012192321720024
0.0003195670148764433
0.00329081672349869
0.0005999615780167438
0.00022857083716886856
0.0012119341013745388
0.0004894690907584177
0.0001513717469614467
6.166317719605012e-5
9.766431743778121e-5
6.707820391856476e-5
2.3287421802204736e-5
7.3059331431771005e-6
8.922104212754441e-7
1.8946657675044846e-6
2.692214947299461e-5
0.00012122647023030816
6.58383644038761e-5
5.868533623330747e-6
4.1400506701732496e-5
0.0002233264310290564
0.00014674184672401977
9.021216811336506e-5
0.00026159037899838814
0.0007549767445093204
0.0002598711672714371
0.002785578382299741
9.964876641329548e-5
2.158603544199786e-5
4.954675964508819e-5
0.0004771213189161388
0.0006357506772893155
0.00031202762756137053
0.0009645290067627178
0.0038454876096866365
0.0013269591628123428
0.007546289469658289
0.0012269751496620368
0.0004169780120660003
0.0013088384945223665
0.003215040124555653
0.0029693902157259767
0.04245946366743847
0.005610828103537948
0.0008394077865837963
0.003346992404786408
0.0027701838726079675
0.00013664088036154746
1.9369466792463732e-5
7.52743225885309e-5
0.0007395763802364644
0.002378928551225788
0.0005972320320482978
0.0033559237887194186
0.007092509233394653
0.002888192290190858
0.04134824352490638
0.0033833331806609303
0.002631049037360691
0.007426388446677406
0.034047655145821316
0.028874609637229914
0.22472084590719235
0.03563136196570205
0.009888769038687515
0.042961943912372624
0.009705771466099775
0.0031587873546064403
0.0018587196073417572
0.003483817729700089
0.01098407003150293
0.0027429497277936267
0.04111512196516845
0.0034544498511413176
0.002639859827545959
0.007340097013281031
0.004973650086066814
0.0007385648327869926
0.001535546977025744
0.0025330110794490224
0.0006238487891405299
0.00010451377251774725
2.6124662680925138e-5
3.0288938379397453e-5
4.5026561315294774e-5
0.00048647887679428744
0.001612325626981142
0.0002007209489677871
0.0012160497160785928
0.0034211258837349877
0.0008448678676157653
0.011078527842316645
0.0010238768260686535
0.00028343383779448107
0.001057075605373693
0.0030073504387199686
0.0036841922908675316
0.033760599385921325
0.0034210912460396906
0.00081934500446767
0.00328751455654253
0.001843041710295243
0.00024169499563938992
0.0005767128443664152
0.0005951020469034386
0.003365584780564705
0.0007190391406643517
0.007060126574818247
0.0011978331526796139
0.0010330991299626316
0.0035480804852842337
0.0009971151163812744
0.0002747895982862237
0.0004527408007912161
0.000758183870357961
0.0002841792372729372
7.056553438035473e-5
0.00019380525311492466
0.0006654539303526186
0.0005703732756973905
0.001843909602838906
0.00028212230788301725
0.002751570399654788
0.0003249906724560507
0.00019435658176999976
0.0006800637335099549
0.00029826512307179335
7.505916904350329e-5
4.941468568629135e-5
0.00015179039815038818
7.883781689442407e-5
3.4142008613423125e-5
2.6112095281876556e-5
7.695296527414148e-5
6.040046132211776e-5
2.9039301118627643e-5
9.14076788304033e-6
1.9141718619913306e-6
1.2209870091491666e-6
6.845656698460654e-7
1.0143058254647024e-6
4.374901709921551e-5
0.00015967519920844498
6.530197849471934e-5
4.767887484658555e-6
6.628906109814395e-5
0.00015884617062931193
4.715036305349686e-5
6.260828245365714e-5
0.00025684649247020836
0.0004617610307293522
0.00020740768728376042
0.0016727841165433885
6.56718523434014e-5
2.297483806280138e-5
3.5364827949359146e-5
0.0003076193196991669
0.0001885480207964031
9.22864138008565e-5
0.00045972398938458743
0.0010595920919621487
0.0010181896327908573
0.0025355583687404737
0.0002314582791780716
0.00012015017735699582
0.0003860967726625094
0.0007833345348949983
0.0014958545990598465
0.009611654265636545
0.0023741819071271394
0.0003883652216875032
0.0008093991029697753
0.001843672064786698
4.147367858718631e-5
1.5417766698568726e-5
3.2452097574716956e-5
0.00020644055285675545
0.0002844331094449796
9.81909636398741e-5
0.0007937136217346819
0.0007158174887947883
0.0005091469433036527
0.002742348256522092
0.0003106697880551939
0.0004867942673228363
0.0012844690822323397
0.003762202100089418
0.008263590105288675
0.02878237626522113
0.005544095978703348
0.0015236317480844404
0.0029623000178555193
0.0013828230397093923
0.00028011451165605784
0.00031900250429869084
0.0003483232372811754
0.0008111921451056604
0.0005172666633478109
0.0029286200855489723
0.0006645432986684996
0.000992189122171893
0.001287280737140069
0.0015525459326291968
0.00021099230042966944
0.00020696166563078275
0.00024824678654526694
0.0001597575715038512
2.467837092463556e-5
1.5701098818577602e-6
1.7826055489163674e-5
2.8099475965527387e-5
0.0004061917588985487
0.0005405829433926955
5.034653120350365e-5
0.0004074903971410335
0.0005799716700811387
0.00036171466703466027
0.0036543636712085257
0.00024610042672677037
0.0003588838474062217
0.00051458208243425
0.0010508857871617278
0.0012399926220681666
0.007433472181660721
0.0008595099265935297
0.00038058798763680735
0.0013233030328690147
0.0006903036071013771
9.638105461582156e-5
0.000651034584261774
0.00040739731607910483
0.0011127152806014718
0.0007131852122773411
0.003209534518885576
0.0004853165735468695
0.000450624429986053
0.0009222394986837299
0.001236453840022749
7.33332133647466e-5
0.00025013996915726277
0.00025893020223272253
0.00016305896480082788
4.83842155935706e-5
1.7442058221913114e-5
0.0004896697611301049
0.00039865895091964465
0.00045254503332443636
0.0002053114265061666
0.0007231090156481495
0.0003116782751559495
0.00029738954714329585
0.00047634222556973904
0.0004970688035252484
8.279339913035856e-5
0.00015296874426720344
0.00021928514234677445
0.0001953154703045386
1.9854276462039727e-5
1.6441731649446555e-6
0.00015934138435029269
0.00011673285961984054
6.951736823514223e-5
7.429737151292944e-6
3.9906555042541805e-7
3.486419139510769e-8
9.924723202854004e-6
1.688660790317967e-5
0.0005198483864139245
0.000650180388329102
1.2744648339329777e-5
0.0006396313176474066
0.0005542757452559367
0.0003174118901853761
0.0018795322361381884
0.00017163549655812402
1.0897273053810962e-5
0.0003608750411218749
0.00028509349958480234
0.0005055150857698569
0.0026898893566304955
0.00027609247787494304
0.0001267677186898891
0.0004066338822162119
0.0005175818465314468
4.400943231465607e-5
1.2760358710710175e-5
4.8885901983758866e-5
0.0001827917745093753
9.773731756135296e-5
0.00060102321974939
9.161517898223577e-5
9.263557856170111e-5
0.00029795628574217205
0.0004521214794153689
3.493551599192186e-5
6.39994720640982e-5
9.129152188905006e-5
9.386661338639898e-5
3.0265794175718033e-5
9.076706476803828e-6
1.599445512696861e-5
2.7479078599679258e-5
4.1832080705522305e-5
3.134958558039134e-5
7.338930309691073e-5
1.8917700207028764e-5
4.004814779200714e-5
4.7925421260173635e-5
3.838579957581691e-5
7.035721421869058e-6
8.147538456370682e-5
4.519268695454056e-5
3.7360432800870285e-5
1.012128732956156e-5
9.19070527330552e-7
5.1817056977894044e-5
2.799880405223799e-5
2.1172847303707458e-5
1.6090787141223743e-5
2.8863596935140366e-6
2.0366207020411573e-7
8.840257010861412e-6
1.7084432625991466e-5
2.795466799806433e-5
1.5354831113359845e-5
1.9849759113563447e-5
1.3156038081860333e-5
2.0376781609916393e-5
2.0687584535629925e-5
1.916672231723287e-5
8.383343450920521e-6
4.643410408715556e-6
5.841197099107148e-6
6.993537245899205e-6
3.174574886092555e-6
6.717318395616637e-7
1.0680127913565567e-6
1.8807958571252249e-6
2.6184319782359084e-6
7.224075380104652e-7
7.993649003707022e-8
1.0859973363728035e-8
6.804265989583747e-7
1.4029932058931475e-6
6.435922776270685e-7
6.922363636190312e-7
1.6546208264452538e-7
6.293927194887228e-9
1.0608177123650254e-10
