6.823028272970185e-11
5.007379162841674e-10
4.744293555644461e-9
7.221155411984159e-8
1.0314786558124327e-8
1.6341218275724571e-7
5.3843891069654054e-9
1.2900679784495464e-8
4.6895541367354527e-7
8.622833183749506e-8
4.1661040092159164e-7
1.8259814852665958e-7
2.515665168910142e-7
6.716713477149274e-7
1.2256696353779722e-5
2.3808477783664417e-6
1.067079572895528e-5
9.155088808597725e-5
9.15467891946516e-7
3.326925434573838e-5
3.751148505097266e-6
6.265727384338777e-8
1.1748113867678364e-7
2.1635396623017244e-6
1.4003861485968807e-6
3.6100676432235964e-6
2.704336536486261e-6
1.5160107543835592e-6
7.065516119311288e-6
2.099621183660304e-5
9.976224084257957e-6
2.7907708294747617e-5
3.9282899302544116e-5
1.282424570614878e-5
0.0002337027018176868
1.4588315527998096e-5
1.5025133082065846e-5
3.695792516527554e-6
3.150979892808336e-5
5.598472316645088e-5
1.0458543810828717e-5
8.167083182530671e-5
0.00013858009459553664
0.0002457407753550312
0.0006210547425271798
0.00016840640944311314
2.0186079563219876e-5
8.020226105528571e-5
0.00014463857033235786
0.00021772819942779588
0.001881627695194016
0.0009366132158629971
2.853572329626716e-5
7.226291415241844e-5
2.4033590508564896e-5
1.080041121261594e-5
3.095024059813281e-7
3.9424459683176455e-7
5.330605539108016e-6
1.5098429086485332e-5
3.537763892469802e-5
4.974656061864423e-6
1.1387679717823913e-5
5.2363671283658956e-5
3.471738531996633e-5
4.068869887474035e-5
0.00012705013535603478
0.00023380689480699773
7.057877023924316e-5
0.00041880954037170536
2.2889843080274393e-5
2.2144958042748127e-5
2.6130186386597344e-5
0.00017203316615040679
0.00021377383568282367
0.00039151198256223084
0.0010406550994541282
0.0006571356558576908
0.0011938333425868574
0.0037385619570815512
0.00036454392075641273
0.0004963515888693438
0.0005126010033527875
0.0015772321647955388
0.000816093343757793
0.007994549352000233
0.0011298064084602176
0.0010008999773440752
0.001102073820398191
0.00020676511277791779
2.4187175576016285e-5
1.5336401475009555e-5
3.585427678066978e-5
0.00011950851959965784
0.00021603341352722792
4.6076160715666704e-5
0.00036035114565370217
0.0009174638614268128
0.0003529657583324346
0.002673262570387508
0.00045231392527190974
0.00011913673834130084
0.0007074797231533556
0.002975871091285546
0.006156673850580603
0.039028961780385965
0.013191913959069495
0.002232446456167659
0.004667753805383126
0.0011338121509379857
0.0009483331824902631
7.120853984856512e-5
0.0001501745837289681
0.0005510884524044435
0.0002342818152521584
0.0026102314019794894
0.00044681727079515644
0.00021078370528758395
0.0008602584551623366
0.0003526335125421828
0.00015525366886638662
3.4281943691403497e-5
5.918069605258223e-5
2.2314991403474073e-5
1.1595725993846132e-5
3.1241065791869555e-6
2.80769829498812e-7
4.811330785821828e-7
6.319393823918271e-6
3.569442229094659e-5
1.1622643008030456e-5
4.503360256425949e-6
1.4560284798566554e-5
6.08279626104266e-5
5.729172528586696e-5
6.986676615007711e-5
0.00012774113242402236
0.0007502278759062399
0.00012340072901604644
0.0015350400960264308
6.0794165300571965e-5
2.5497924759871147e-5
3.0582256264893244e-5
0.00013584490750593548
0.00039606337638548793
0.0002374116862196227
0.0006577246211795333
0.0034434285664965343
0.0011342386328083158
0.006777510481192195
0.0008588931354864243
0.00024366787654453242
0.0010715551699774597
0.0025560298308550233
0.002539904411664233
0.04203246483230454
0.004548562631690667
0.0005605443631445873
0.0024051419034510934
0.001043452930924285
7.157923686796825e-5
1.611698334056873e-5
5.5619192963499424e-5
0.0005761020465095066
0.0018457759741599196
0.000432234869581371
0.003365137201726487
0.006720168775478167
0.0024171143865934974
0.045662477615896334
0.002588186081938335
0.001632360033977084
0.006800105825224653
0.03948864059301026
0.03028372598462089
0.27153370325239684
0.0395586309089599
0.008384416824403449
0.042205957907603724
0.00812126625183006
0.001960155733034416
0.0009706349784506695
0.0032835312318214758
0.010715284443749673
0.0023547168613913087
0.044591757975390514
0.0027772889350460026
0.002666743417398265
0.006579305732753941
0.0039196049906871444
0.0006290773872801515
0.0010001997714238376
0.0016467701299666658
0.00043499912817141157
0.00019275427193181363
2.7359664801278186e-5
1.5087043779803743e-5
4.014502975949195e-5
0.00061785255580464
0.001063073192577184
0.0002506455722271646
0.0009521348419149625
0.003316671113307895
0.0005675391387035978
0.010719137140776118
0.000572990043983685
0.00014333916008121204
0.000894276228667324
0.00251979351245206
0.003573379841620627
0.0405874177018117
0.003073531168258522
0.0005604711226148508
0.0025053932533480702
0.0015229868292844333
0.0001497457636036106
0.00024087130632125295
0.00042490881839773065
0.0033345966360634515
0.0005633577291652888
0.0069304348900366495
0.0009264345008778814
0.000505358146609445
0.003167757223957018
0.0006592714876335514
0.00014894903439998988
0.00030285097299844664
0.0006930670459547471
0.00021725201501349956
3.893212797944684e-5
9.181448207710844e-5
0.00031988118842399163
0.00023631503651588847
0.0010600738145713415
0.0001047971667687356
0.001726656680169091
0.0002697897591674323
0.00010737925702913864
0.00039950156781272004
0.00023813028621933946
6.151895848128158e-5
3.226061615613078e-5
6.520732406620113e-5
3.6547855071858446e-5
2.2022107569888852e-5
1.0545014160256102e-5
1.7844435927634106e-5
1.2357629953849495e-5
3.188740871261674e-5
3.4337385621837093e-6
3.8676996241722946e-7
1.5309873278608143e-7
1.9829723130019907e-7
4.950507558351807e-7
1.0006804416186347e-5
4.516285414507397e-5
1.2819648086297382e-5
1.924731757285961e-6
1.0309634361119095e-5
4.221576207253135e-5
2.7672841914011386e-5
2.69591829557351e-5
0.0001315983691387689
0.0003044409712788471
9.690967425516315e-5
0.0009117348089048074
3.5836932957114016e-5
1.406949181722497e-5
7.139576090940194e-6
0.0001294099673431307
9.345056901263393e-5
4.8170026975760656e-5
0.0003630287079275425
0.0005050150218165917
0.0007795319533186728
0.0024595963999488224
0.00019730906078346743
5.63331905104413e-5
0.0002033078088390808
0.0005462945166147073
0.001144044151729751
0.0078709498503005
0.002199854770269995
0.0002492107285350471
0.0005384381709652185
0.0009115732411297587
2.698220712493826e-5
1.7208085810797777e-5
1.5844679748029477e-5
0.00011479882468187049
9.979401584825289e-5
4.2386167247591316e-5
0.00045741677618424696
0.0005268011251561345
0.00033924604995837253
0.0023987309513086555
0.00022543352245580766
0.0002730713946785649
0.0010771201682453558
0.003584141637643453
0.009178511239785614
0.02921527659799667
0.005821320629843082
0.0011873136837157853
0.002591208362314212
0.0008415731332793738
0.0002165378055237659
0.00014069488666283624
0.00022651411062800982
0.0005911028032709875
0.00036232133404655905
0.0026685588699999737
0.00035966093711411074
0.0008081119522212844
0.0011208917832829768
0.0012471353533915837
0.00023794544419006641
9.747529209798259e-5
0.00012165030712268448
7.334221525104545e-5
1.201297348228642e-5
7.958758874254716e-7
1.0149423385421801e-5
2.4109019571709893e-5
0.00029616786822630195
0.00021098922046983035
2.6697512273663266e-5
0.0005903111827872491
0.00039046378525518387
0.00022193153815953232
0.0035015627562433875
0.00016012262111735214
0.00011340083220395128
0.0007235177897807147
0.0009713205694977312
0.0010401658340542614
0.007165866433165216
0.000724078029573041
0.0001999524394141315
0.0010775289193048544
0.0005038302094505415
8.156312023333526e-5
0.00025361491858686986
0.0006123256643249908
0.0010033816653630804
0.0004769372141563516
0.0034766729258684926
0.0003782212349994073
0.0003449599631734287
0.0006322309004881327
0.000970482582620673
7.994408932027369e-5
0.00013864660762980696
0.00012514848804273532
0.00010443783131515754
2.440351828603077e-5
1.0646690104405471e-5
0.0002277555726158841
0.0002719723041144562
0.0006225745451045125
0.00011605139844219072
0.0005475274410486745
0.00012248093188436745
0.00013149369386513987
0.0001343110929367581
0.00016678474846253848
2.9329829384749806e-5
4.1957715089263714e-5
6.047878872801016e-5
5.195893866764165e-5
7.188252551292472e-6
6.122255217623901e-7
4.7769698769156723e-5
3.6973542342562434e-5
1.5937101473455635e-5
1.36281848454592e-6
7.93984620449423e-8
1.1470619108076527e-8
9.44320335253849e-6
2.0013155826534608e-5
0.0002377475761099569
0.0002727304840747826
1.0802931404798229e-5
0.00024246142192766007
0.0002050142976711997
0.0001357842501615476
0.0009609449508971545
7.004195370222501e-5
1.1891745001810524e-5
0.00011131213652404772
0.00013928759911444556
0.0002774403834239652
0.0017098673463538294
0.00011990061605272674
5.592372966175596e-5
0.0002654546156965845
0.0004592683301511651
1.9704651608347747e-5
1.1005623781160506e-5
2.8404404395591203e-5
0.0002272259510062513
4.4034993876727797e-5
0.0004550649109589273
4.357692841048321e-5
4.9987230466244736e-5
0.0002496939954256515
0.0003808464765918231
1.0572406457170685e-5
2.5416962444105605e-5
7.664255463894705e-5
3.988863957104374e-5
9.443284371754657e-6
2.276833834783995e-6
1.9604247737600403e-5
2.552051183658828e-5
3.905031684274082e-5
1.8093160726305743e-5
5.542747370342976e-5
3.557717591652103e-5
7.737513518983794e-6
2.9999653885374237e-5
2.697538275655534e-5
3.295089563054104e-6
1.040178950111265e-5
1.3903168166683863e-5
1.075440405150089e-5
1.5530308332556245e-6
2.9583960440761457e-7
9.491922148741923e-6
5.923978454975808e-6
5.1766192532717764e-6
1.8416775253880484e-6
4.620166334886535e-7
9.413957309250029e-8
1.0317599649555388e-5
9.977186967444203e-6
1.4223071070953958e-5
1.728042809774112e-5
1.55059267421676e-5
1.3959029924312854e-5
1.590537012989861e-5
2.4550684803346594e-5
2.3301078388603594e-5
1.4696377575639397e-5
2.150090937488714e-6
4.619060018181946e-6
5.2093479458930455e-6
2.7810074045487832e-6
1.8086024341892699e-7
5.116000172922631e-7
4.872499853802472e-7
3.990999083710938e-7
1.297652936179318e-7
1.5498979505140197e-8
9.19474623459947e-9
2.0976070723694025e-7
2.865218063146116e-7
3.41574490036971e-7
6.926151632928862e-8
5.769835370688872e-9
5.808743314162214e-10
7.268746837962204e-11
