1.2793503163763042e-9
4.2105126847012155e-8
3.0665470920001687e-7
4.6183866750803484e-6
2.3609158692581689e-7
4.0149793639545895e-6
8.376476450899587e-7
2.3124768682101423e-6
6.214470266277387e-5
5.954180101840382e-6
2.1782124062481987e-5
9.077328768370609e-6
6.1031177381182997e-5
1.6605668242396257e-5
0.0002391218534239102
0.00027825144591406487
9.845692203332852e-5
0.0005090902112591676
9.604212640447381e-6
0.00014190963418651595
6.384807051606505e-5
1.4665113116899334e-5
1.1723994707066201e-5
0.0002627285141010803
0.00012887289968647257
5.2273049198800686e-5
3.958804429212267e-5
0.0001752136490663299
0.0001688817754920769
0.0003059745840117127
0.0005012738131768706
0.00036822918990254695
0.0007310641247250622
9.939058678933547e-5
0.00033161986323685164
9.957697565621993e-5
5.5701560874825636e-5
8.2230733219132e-5
0.0002611235117635165
0.0008267597752303317
0.00024347981647943192
0.00032688273238500146
0.0011756094424018237
0.0003430749996910592
0.001802262638123418
0.0009179489390460149
0.0004714900547948249
0.0006624413838920326
0.0010253905549149917
0.0006099980188404297
0.005739541893338152
0.0024552237888037895
6.675427348263265e-5
0.0003870291071404991
0.0002233374002419724
9.70245829613496e-5
7.306433579887952e-5
5.831934069907245e-5
0.0004718560085261872
0.0008907954764322166
0.00013116728032262217
0.0001092123987498351
0.0003998668848828902
0.001882308219516466
0.0003799512953789918
0.0006058760924796486
0.0008593897539853225
0.0016239059799325886
0.0007411849270435224
0.002034720993030969
0.00026073602861040107
0.0003104083544158654
0.00020321948212723498
0.001383645578700832
0.0013366344823339785
0.0011442706786380704
0.002128136750386942
0.0022441324234453793
0.0019009444269408938
0.004893614908340693
0.0015745322691082034
0.0013420967327878446
0.0017406805607326078
0.002934970066100073
0.0025707110411397256
0.00929418057159746
0.0029370886377336875
0.0014909685127000138
0.0021578519329165835
0.0008084999994151582
0.00022109669134294836
0.00016698287523216843
0.0001512224357923705
0.0008207514266975387
0.001333600812362821
0.0004625033532981934
0.0011148643050771405
0.003302839100267319
0.0014041943974541823
0.004630703208215979
0.0016287686924386176
0.0007503090699003845
0.0017229665152625172
0.004821158303493048
0.0050801628241734205
0.024654592453508838
0.010876015977071577
0.00240934224467754
0.0064316568233451265
0.0029177348377463714
0.002443107626792256
0.0009919489226433635
0.0007681252712701372
0.00265129723099298
0.0009934335083610813
0.0056108394891049755
0.0016169924403666661
0.0003726477829053325
0.0017078161422339625
0.0015684138855015404
0.0008931851793649616
0.0002989638820945533
0.0003786168971384436
0.00025099356559341507
9.998563525704639e-5
6.347276608087616e-5
3.9778197189633936e-5
2.600374008976741e-5
0.00048626744339091646
0.0006925148019890971
0.00013922226813043733
5.798302153796857e-5
0.0002839324246503213
0.0010089131127326294
0.00031423324977466235
0.0006753995063693769
0.0012926831935923424
0.001869168774155836
0.0008089679174714186
0.0032356093116044705
0.000407305765567832
0.00011018773771856104
0.00039989680334322165
0.001122400984613844
0.0019393633948199
0.0010722951038703602
0.0020809826043742367
0.004490706065600358
0.0019380240691043659
0.008500514550701256
0.001722643666203811
0.001037144380559148
0.002544420569273305
0.004734433891369649
0.003870048942931764
0.02558377103266107
0.006306111343191452
0.0019094409067415
0.004237582563663129
0.0021397581917485
0.0004012170387508753
0.00010200692166008277
0.00041886189738799776
0.0015010448773436296
0.004605466445402682
0.0013989161717845196
0.004339913254258343
0.009223994493702616
0.00434833695053821
0.02976234983129845
0.005544007460334428
0.0026031483987291465
0.006101664170319999
0.025613208281070988
0.01713071553617259
0.10616153931780202
0.02474364962108953
0.009375828164483352
0.026023909253664938
0.008974216510160853
0.005574594050675046
0.003409163450306113
0.0037698247696002366
0.011640539791110328
0.004676093828446395
0.02903653968290963
0.004537006459413617
0.0035802480313974873
0.008284625925643671
0.005030094270912793
0.001905035231810042
0.004061263491665816
0.0032757587779169203
0.0019214654718444169
0.0003294553897734912
0.0001381866094665554
8.509463260267459e-5
0.0002930519984275206
0.0011559319255174622
0.00588684322236666
0.00032932369669812483
0.0013937306075940882
0.0040766943158456305
0.0018943337679305993
0.01171286451856257
0.0025469445878445835
0.0007236239859906102
0.0019269045611934861
0.005085721286110274
0.004393326027657017
0.025035257228714303
0.0048096814587121365
0.0020365023963250925
0.0047009592101475645
0.002870055495838354
0.0010595317630333106
0.000827292083801625
0.001263031086488542
0.004127719868208552
0.0017689196211182901
0.009303772626286138
0.0031931926540422605
0.0015300195829622005
0.004438278943662846
0.0022962549666250935
0.0013138962786473935
0.0008572855481766165
0.001863920490993603
0.0014370499416786573
0.0006802956818756255
0.0004877286218826216
0.000730393232938978
0.0008676854200041291
0.005931939282816092
0.0008399710177480392
0.004643904399886031
0.0013399543223009838
0.0004060320956797362
0.0020247146126905987
0.0013179616530281523
0.0008277244626646108
0.00021557226502705938
0.0003134415452280691
0.0003728159778386747
0.0003073724815805796
0.00023074144000762557
6.611267964315406e-5
0.00013740886116866933
0.00012633153094278448
5.0560134037987385e-5
2.1635144777757283e-5
3.966109592317692e-6
2.907978669220049e-6
5.52261435405161e-5
0.00019330788061588066
0.0006997705732646364
6.826813274896773e-5
7.349894868194968e-5
0.0002197093430418351
0.00073977057730113
0.00021542433136514025
0.0005888287163953687
0.0013737382213820587
0.0008791089008079644
0.0009511269198840117
0.004182358369999711
0.0002987805252536589
5.89978893226134e-5
0.0002770464329922579
0.000744054075835056
0.00039122109782608466
0.0006795895072298861
0.0014798395424139828
0.001537402668472489
0.0011742345099331568
0.003502089076596973
0.00036315831347608947
0.0008752831397236991
0.0015264518524621767
0.0020910794579229296
0.003010290490307691
0.009260355864491508
0.002422235020809474
0.0011836735826639226
0.001868680781389144
0.0014951615366732667
6.623835582921708e-5
7.860483548309726e-5
0.00012355330074363173
0.000893754546677987
0.0007915917988113439
0.0005900476838907202
0.0015152873126261144
0.0017567255542112093
0.0016828122015847555
0.004675555389113111
0.000976474550559077
0.0012484037795501733
0.0025686873072446313
0.004615418322943416
0.005724907065421896
0.01686292297094731
0.004924406187589962
0.002956556575153061
0.0037849542022288245
0.002542691124853063
0.0006046603395321882
0.0017487479725764735
0.0013613763224628516
0.0019405079991161509
0.0017054427339676082
0.00415045602505809
0.0014315840363917122
0.0012119989904210032
0.0018823373707108
0.00191051909577042
0.0003464473584241051
0.0009141096993671861
0.000824806417489947
0.0007026198304034175
9.581921445983438e-5
9.063978146433025e-6
4.7521918149984956e-5
0.00010564545847436256
0.0009889402057924668
0.000814374245975406
0.0001437638316444047
0.001647646385465697
0.001203191938565579
0.0012951917607691836
0.0037497425782474867
0.0007220011722603964
0.0004825806637443747
0.002162788475387943
0.0019670517483004303
0.0024416644980444985
0.005948032861643284
0.0016815547644591633
0.0015141587279304592
0.0024753329999630713
0.0016491262312931586
0.0006526479113666098
0.0007845039939689349
0.001691904011753591
0.0013662718365180385
0.00158956362114491
0.004291575541801642
0.0011487518378379949
0.0014558208457683681
0.0019872183938283014
0.002057963450862788
0.00032153866520005873
0.0012918477910808194
0.0012282803445230507
0.0008215244090795607
0.00035322847998777866
0.00010090049798073964
0.0005387499842873023
0.0010085506829013709
0.0012203749653221124
0.0009291163952642969
0.0015638921812218185
0.0008369378838663785
0.0007903845759730402
0.0011479261394477468
0.0014354734919382846
0.00025621023282823357
0.000814702213306787
0.0010215833928012873
0.0018837348289531776
0.00016651768449807284
1.6035796584829906e-5
0.000691394806220575
0.0006309159293001922
0.0008793183804322218
0.00012052352285419474
5.441677819707239e-6
2.382172598253734e-7
5.537703999344176e-6
3.382542858656522e-5
0.0005156491266819955
0.0006803291734481217
4.4588337934349416e-5
0.0007539658979148537
0.0007828701542625299
0.0016056039937282468
0.0033760377549265433
0.0009624760813492195
4.191044101920814e-5
0.0004811156124768452
0.0007119033071030885
0.001169224321752077
0.002431374344876233
0.0007421761254718412
0.0008258294645925705
0.0009656252138217097
0.0012909113018889566
0.0004730380579837673
4.817883314049094e-5
0.00014476180575654938
0.0003177406944073053
0.0005434983145010515
0.001332283753476418
0.00040917190027677924
0.0006621325409718323
0.0010034099778061965
0.0010930013568397382
0.0002266506956236472
0.0005414338013751539
0.0006254011339470498
0.0005546857562073496
0.000458486002853402
0.00023196361737171
3.713294841014439e-5
0.00010827174717671073
0.00028178148389604074
0.00012623388248725662
0.00042750661140052935
0.00014173059589687328
0.00026589119954123546
0.0004045153852835959
0.0002069601400412465
8.15595203257558e-5
0.0002061701214425027
0.0002720600763375117
0.0003758737022592609
0.00016058918638064035
5.19803485997438e-5
0.00018751686792039456
0.00045178833465405567
0.0004564017013399218
0.00023943927676879206
5.7620302318304126e-5
3.926457014662024e-6
5.971383592662474e-6
5.020040584780005e-5
8.391612185822104e-5
8.755652674159862e-5
0.00010513244869324395
0.0001471639732116009
6.302281138189682e-5
0.00011792308468404109
0.00032464383756728154
5.7849480363563964e-5
6.71673887117884e-5
5.704613802138669e-5
0.00011748083957637144
4.3168177116133924e-5
9.203290228933778e-6
4.912621219824882e-5
2.522259117448794e-5
5.375759597624354e-5
1.1214911504347529e-5
2.3069352834632725e-6
3.0479121576263e-7
2.9122883035585565e-6
3.575892044091485e-5
6.47716666704672e-5
1.3115199073232207e-5
7.646520300991226e-7
4.043785662628184e-8
1.2210131982713959e-9
