1.5759326198029443e-9
6.177076181460938e-8
4.889915221235497e-7
4.453292982992485e-6
3.0324170661906425e-7
7.961597493151388e-6
7.034367496417515e-7
1.4822688680235453e-6
3.195773902981039e-5
4.618411671547314e-6
1.369454218467687e-5
5.211720903327544e-6
3.3411964688789465e-5
1.2407214441649393e-5
0.00012980977887586977
0.00013503760074516855
5.646395393844262e-5
0.0005700112404687622
7.22476535145729e-6
0.00011615633407198822
3.822915767926652e-5
6.0992214079877e-6
5.275609951642344e-6
0.00015522243343464383
9.759426917615672e-5
4.4121402201562094e-5
2.4382223066915885e-5
6.466736719108569e-5
0.00011613377692934956
0.00022794023777128857
0.00043288046089182006
0.00036121499730081225
0.0007341695207403239
0.00010907815024695704
0.00027132708062981557
8.19309377120347e-5
2.9220076418760054e-5
5.199248922693998e-5
0.0001822631831548153
0.0005282579270299304
0.00017251698573906828
0.0002569346664271184
0.000827277002300934
0.00033924269502804636
0.001615337770868192
0.0008139792752826775
0.0003438781273867872
0.0005070895585063116
0.0008542088177261368
0.0005273383128997765
0.00482749504098016
0.002105508278276042
6.086694359467934e-5
0.00032283983346237724
0.0001704569249580515
7.74200683241415e-5
1.805700914750894e-5
1.6094843213332845e-5
0.0002468010590014292
0.0006973234213762875
9.765840613842418e-5
5.477706926706061e-5
0.0003117876302305276
0.0013407260397103752
0.0003034058564769772
0.0005714267010855946
0.0006616575648411875
0.001276616414603014
0.0008207369527721913
0.0016401507109206359
0.00021775282548813402
0.00012017504675555174
0.0001479221558102938
0.0009654566464889747
0.0010418279479297921
0.0009722866763464453
0.0017315097357650327
0.00207119164072346
0.001762528673641078
0.004478333308162432
0.0015707185851098827
0.0012234184626815766
0.0015911759692700284
0.002593815384857157
0.002216105250347379
0.009281335691926334
0.0027060610321700523
0.0014266993667489069
0.0019717107604722093
0.0009270053453740112
0.00017493244398190773
5.869470168744039e-5
8.504907468091613e-5
0.0005829575851277304
0.001165628240815006
0.00038897441249610226
0.001149555717490474
0.002666609393168184
0.0011342253606613114
0.004157517391377853
0.001366438212653464
0.0006192221538775971
0.00154489638268482
0.004768378558472668
0.005191313813654143
0.027160141289520993
0.0107276154603505
0.002585477143509881
0.006807921777549687
0.0026765650103749016
0.0021537274088495127
0.0008279426809455565
0.0006019827805244423
0.002185244443798984
0.0008054404757081163
0.005415004070121443
0.0014003476229814205
0.0003305196894771854
0.0023965789457383903
0.001640922984041212
0.0007891033919752631
0.00026904733378960464
0.000330939727960404
0.00021752837745168965
8.035290333679119e-5
3.766563269325136e-5
1.877032499579368e-5
1.377782922178446e-5
0.00016948314387303152
0.000415579076465509
9.812332123301055e-5
2.8088368698236542e-5
0.00024278368496249782
0.0006884653510734626
0.0002599260076382395
0.0005686990924288567
0.0010479932633701333
0.0015398415466819774
0.0007406241557673024
0.003082024647104166
0.0003329868105371382
6.669520188655993e-5
0.00027438220075815716
0.0009292643915892047
0.001670064731971849
0.0009517988014760516
0.0020603715210572283
0.003969047400369941
0.0018192874351258695
0.008701381096255241
0.0022405512394553214
0.0008973943173542723
0.0023505191548674953
0.004326236688788391
0.003564330437733523
0.028433354762505882
0.006707944123950604
0.0018028764921510735
0.004216505805752953
0.0019923652328900374
0.000315992170815944
5.897877849895946e-5
0.00023433963149347879
0.001756411139698637
0.004450500381701229
0.0011536428009146628
0.004126304256857354
0.00829310677208864
0.0037449927263006905
0.03080569809371837
0.005483793528005001
0.0025804014568579425
0.006472747780491749
0.0299841227518301
0.018374491124193308
0.12400548936068116
0.026511157113429534
0.010677662456354067
0.027991172668850213
0.009130104559682235
0.004699320036178346
0.003117669907243394
0.0035521082293331315
0.012553380063460167
0.004000180431422557
0.030706169023607153
0.004180933089785181
0.003031352655522023
0.008792106576748027
0.004613690509189344
0.001619113940857953
0.00418140548091072
0.0031730497381871323
0.0016502195025665243
0.00027967521051133184
0.00011766508087109348
6.970956608629162e-5
0.00014050555352183055
0.0008559883701361982
0.005813299191197782
0.00031701572559217193
0.0012662138198361824
0.004308388345755629
0.0018623010601005496
0.012319386948918608
0.002248997130968848
0.0006612268278787163
0.0018238416867724237
0.004995033329208121
0.0045918308691549805
0.02944029829679866
0.004661300474065404
0.0018595891219904447
0.00430154226176156
0.0025221190464718136
0.000786650210573983
0.0009220314937793745
0.0012336300545936832
0.004248318876663932
0.0015362076841258505
0.008106026420303277
0.002483707501027585
0.0013997202311589138
0.003930221899015452
0.002025662090266681
0.0007829392269886745
0.0008280168210484789
0.0014248797199743085
0.0013144320526084295
0.0006795335143619011
0.000496878681373954
0.0010484033711379915
0.0008760385751404186
0.005822464052292816
0.0009697649306322717
0.0043048120872665645
0.001208322006379526
0.00034802423630155656
0.001702339476792567
0.0010335551941728115
0.0005363933494352168
0.0001360482813326606
0.0002656902853405171
0.00029620308344618864
0.00022942809153104563
0.00011750499675650742
7.874943062566984e-5
9.878347388474551e-5
9.848440421075973e-5
4.878607389088366e-5
1.4463027570667756e-5
1.2941155151197093e-5
2.3707890277170353e-6
1.1948967310769373e-5
0.00016881384266573317
0.0007391992253553398
7.636057774300145e-5
3.098401951262356e-5
0.0002054442386002559
0.0006836355986158886
0.00013276907656843345
0.0004926792790132841
0.0011316587835513545
0.0008278569366909537
0.0008250403788130367
0.00407282413981351
0.0002652163789712366
3.801789821965653e-5
0.0001948296920914985
0.000678794950898108
0.00032191244307828954
0.0006100005396610515
0.001329445470493005
0.0014659389391774268
0.001145277708431171
0.003027298844563109
0.00031999566692415506
0.0006740606270127158
0.001272640565457187
0.0018653366330753543
0.00300581209419843
0.010763526498694763
0.002494632134311239
0.00102313486860931
0.0017850163256932278
0.00136439260704875
5.9430290423457824e-5
6.136753267862758e-5
0.00010219715966132055
0.0007068365604290111
0.0009184365870689565
0.0005538041733141992
0.0014026288926625736
0.0015578718494321663
0.0012153237993448214
0.0038569249227109878
0.0007912934579301521
0.0011840068670817979
0.002149036605305884
0.0046480441335715605
0.006553511966252943
0.018558773492741522
0.005180359979837842
0.002947180329937676
0.003592407382238246
0.002184285840445567
0.0005084855763242879
0.0015560690845310304
0.0011496347419852192
0.0019046100019516252
0.0012769497993602324
0.0037081123193564184
0.0011706574911389636
0.001219756777504071
0.0017734183480451532
0.0017653637516894492
0.00035028568433738015
0.0008382487180540821
0.000733376495138211
0.0008533313170243794
0.00010537038414024887
7.084110071697992e-6
4.201497542443317e-5
9.668688125059239e-5
0.0008664279012463641
0.0008295349302492559
0.0001522177700637212
0.0015955992332412718
0.0012640347875691614
0.0011385272852598139
0.0033607773900166606
0.0005805055861043383
0.00041779543350692425
0.002036429952828805
0.0018908826462032645
0.0022021606802451383
0.006659289631970095
0.00149755563049289
0.0012991582315874206
0.0024413007291511266
0.0015840418026336382
0.0004692032759260048
0.0006767905144959265
0.0016222679987113954
0.0012750400125953291
0.0014633672350574819
0.004315743572641115
0.0011487674245996872
0.001396527023256364
0.002045339434929107
0.0017097499495887477
0.0002564175720485172
0.0011303625610543876
0.0010315199985208644
0.0006467827137898825
0.0003468823114400105
5.728197972996181e-5
0.000683439429794052
0.0009005517058043905
0.0008543907356324764
0.0007611093565879955
0.0017600588579001588
0.0005767343409839418
0.000699737119408799
0.0009566311399210392
0.000977716757578206
0.00018397350359628057
0.0007395720859764536
0.0007393879672316055
0.0014691723088212615
0.00012747632759896966
1.2396450033190467e-5
0.0008764832175097921
0.00041819585078438885
0.0008030438488339
0.0001046120179209317
4.616143958422985e-6
4.794776491449619e-7
1.198582350561083e-5
5.0132341596556435e-5
0.0006473189547605618
0.0010189903031843244
5.846819551200039e-5
0.0006240653470792011
0.0009073740045692015
0.0014440176169333509
0.003062700756260128
0.0007844337253165523
3.7832644286677814e-5
0.0004194288977674463
0.0006575581653324198
0.0011328768525705993
0.0025253868824077403
0.000631777533577259
0.0006627656548961736
0.0009325087563096973
0.001185373132744877
0.000332475249871003
6.390966721061427e-5
0.00015843500930730223
0.0003273828364154662
0.0005554362226575391
0.0011575741568886407
0.00039986458733571174
0.0005835948861554678
0.0009384027733536185
0.0009776241319194676
0.00017850487536661896
0.0004763656390058642
0.0005661565920575133
0.0005606770460732603
0.00042849059266764647
0.0001318224455434839
5.1687537684173086e-5
9.98895615951932e-5
0.0001376002203102846
0.00010600196133889501
0.00023402143358686279
8.40072958043078e-5
0.00019150598853101452
0.00026856423236933384
0.00015118499728182495
5.228173616651818e-5
0.00019267959970671345
0.0002229566990438131
0.00030952421968009664
6.462676798861486e-5
3.326535187289734e-5
0.00015108920819939024
0.00017071091012730384
0.00022934637863237072
0.0001423492353048917
2.863662699572472e-5
7.2744892777391704e-6
1.2728256638950665e-5
4.803751006433166e-5
6.832555198175187e-5
6.431061986421834e-5
6.119510452796388e-5
6.136263335776862e-5
3.9700096058634614e-5
6.939429782478163e-5
0.0001323889279733877
3.0737655012904905e-5
2.6372176947254752e-5
2.8549973953611134e-5
5.76101677411533e-5
2.4903932178199664e-5
5.405665488286232e-6
1.1052934641045673e-5
1.3669805518709195e-5
1.6358766690861275e-5
5.349559502035612e-6
1.7799116456321645e-6
9.272765920780954e-7
2.059890381625411e-6
1.6647669285525074e-5
1.563686406511784e-5
5.716731021131164e-6
6.398387281341163e-7
8.633168822635915e-8
2.440611147044335e-9
