2.446345571023365e-8
1.6080028693345698e-6
3.938257963357932e-6
8.136009840527813e-6
1.4091884671856148e-6
6.745918501555104e-6
2.0512988451078464e-5
8.211181323744323e-5
0.00021591248003411515
4.6564759971066834e-5
0.00014934137303185298
8.516817900780494e-5
0.00021167321343679182
9.232928723992286e-5
0.0004293282123978598
0.0002141609379069578
0.00014342553416574243
0.0005429500071763996
2.362331223478643e-5
0.00018436054764782705
0.00022306061330608546
9.871045599859456e-5
0.000358086682618796
0.0009508529375295747
0.00048277706424845225
0.0004369794326380319
0.0003780586465494855
0.0011059767005045299
0.0009125677564640103
0.0017846528431713982
0.0018616063050144488
0.0013137485039646526
0.0030713033750878463
0.0004401430126048261
0.0013972754000268997
0.0014475975316410772
0.00019438603303635862
0.0006805355975544627
0.000600187919089928
0.0020964239364101665
0.0013412549966511193
0.0011613285761245247
0.0035607580897347294
0.0005046419331784968
0.0029711889758340148
0.0027173186828658605
0.000717286830883481
0.00109291528878753
0.003229467600648534
0.000506787417027026
0.0027263492080464124
0.0029328398165766266
0.00011430120604127129
0.0007741452227359332
0.0013063753943732463
0.0006704986232580426
0.00012972267546250722
0.0006881855758698748
0.0011808531201918102
0.0016268722897714635
0.0006591009854546927
0.0007174833570532866
0.002165309861754023
0.0035297009048289043
0.002363894507256615
0.0030347572855688033
0.0042405851175066735
0.004002625736226929
0.0018861539591480537
0.002578285385399066
0.0014237863484382472
0.00048139287747614467
0.0016538979003417919
0.0023923719627251985
0.0034590765457954073
0.002689187675516896
0.0046162585475840665
0.006039864157234573
0.00354871154083433
0.007191138363382019
0.004638943048255889
0.0018268765233033196
0.003999513791640036
0.005240759664109341
0.003227945823632004
0.006715435921141504
0.00565791010190651
0.0017885940948552965
0.0034157771130886327
0.0034123208629033884
0.0013173084221210878
0.00016200720658838971
0.0007564208833832836
0.0011984243879743807
0.002522418239842144
0.0013627600208062484
0.0024694913474782405
0.005925570312247933
0.0019429732635910563
0.0054460741627893085
0.004201138845594795
0.0013590389171840417
0.003050701965186952
0.006709694730709551
0.002781710271190092
0.00871775721572939
0.006973903320382979
0.0012158813442111809
0.004266796862153161
0.005636478355433282
0.002924148827034546
0.0004823024177130703
0.0016933699557383172
0.003936233114163678
0.002014883260537788
0.006002120359261327
0.004217566705117981
0.0008832019414014877
0.0036209883467932594
0.004791429164927981
0.0027419718047475682
0.00023830857708746466
0.0007417512711769149
0.001406503237723905
0.0014459212259738188
0.00022750368178245007
2.9963563521209067e-5
0.0002916546159406631
0.0005240291881022762
0.0007754495139803132
0.0003261019992754468
0.0005512444513824535
0.0013788599927132296
0.002499463027102206
0.0014683225662065929
0.002018852720524669
0.0031653491572020908
0.002307548265583271
0.0026541015635890087
0.0027844077256527133
0.0007845290408913343
0.0005968818733486535
0.0019364081529178539
0.0035066113485728127
0.003138718862676688
0.0026814141183010786
0.004600308369314199
0.00678090446453714
0.0037521060855072387
0.005568216492899667
0.0036307173560196373
0.0019297419156408763
0.004808974409334598
0.005699723321144883
0.004333175400581422
0.008742108541693168
0.004330050253090656
0.003575724643297041
0.004690424698768779
0.0034176199059243973
0.0007816011816452777
0.00027979814928906884
0.00110160927509034
0.002058903329923206
0.0028022262490292635
0.0021247874747143823
0.0052425187408033464
0.005843616158306787
0.004760636748500391
0.009067705428837633
0.006071735934070405
0.002203966953112683
0.0070184440258687225
0.008256017265926998
0.0075017170039489
0.03437727024037882
0.008688644643347926
0.003892601290032278
0.00858133887880124
0.006737077613766918
0.0027287033767850154
0.00093618455683111
0.0034702650053190114
0.0054825721138864435
0.0050733483461453234
0.008919793476218291
0.005474547529575732
0.0035562076397198565
0.005636223603630982
0.007192716569135933
0.0030312535104132206
0.0010285539171448312
0.0027714565326850864
0.0026228717010425293
0.0014224829739519964
0.00019566045525982312
2.9042304603731663e-5
0.0002778747348373504
0.0005195675154533021
0.001329987653213803
0.0007686928944815397
0.0019847048331755593
0.004350920495238748
0.0021348930720076213
0.005496576640478124
0.0038231314165702145
0.0009078867215714703
0.002355105942466714
0.0040298802510260355
0.003535658774781297
0.008429109890046062
0.006640521346306439
0.0020141772041967127
0.005558079508219953
0.00521522694937655
0.003265088264418439
0.0005440049800945277
0.0019367643569293267
0.004258056492481257
0.0026776798161204413
0.005829676832001346
0.006021325096524647
0.002153473503665651
0.006647350494208546
0.006056565513426406
0.0035635380421638863
0.0007146752397038827
0.0022672653807597064
0.003925609103609971
0.003058088884605485
0.000539978594988793
6.403489545117861e-5
0.0005860488753072207
0.001262906362493882
0.0011032802762814423
0.002677873928198356
0.002499154871225735
0.0009706573365205595
0.003098955829712294
0.0034751604348919472
0.0021365312885577217
0.00040265308584422316
0.0014305271617131553
0.0023387364267078506
0.0018551222297905378
0.00042442672067009705
3.384630232288318e-5
0.00033578383395816824
0.000644162247537173
0.00043691931715654443
0.00015022112359841503
6.861614997589293e-6
1.367714032057463e-6
3.5073730824355366e-5
5.9492578211543206e-5
8.842228350133034e-5
3.27804203896281e-5
0.00016892120348312064
0.0005582844283619976
0.0010849349670123934
0.0004001149028916138
0.0005057486606702392
0.0013186743994596502
0.0007293223135515362
0.0013683392686927854
0.00100517763772539
0.00022835660274525107
0.00020362985529397915
0.0010331711130730315
0.002994119483558398
0.0009889116413534565
0.0018160559174283577
0.002848073518263151
0.0021790706496263228
0.002930271884757602
0.003442751146221934
0.0008957180663704251
0.00100788410931327
0.002837371692315317
0.0020563437320703414
0.003920552435648586
0.003852114985098412
0.001235148524928008
0.0031199637118702462
0.003695286907084124
0.0018357733954845123
0.00011685785104571557
0.00012197307590537749
0.000678177662432681
0.0021908166407137095
0.0011196001299486266
0.0015231462571660894
0.0037808093611862667
0.002711531629633747
0.003452939208788629
0.004957315995267118
0.0019987959347432666
0.0015959264896084012
0.0040537053465525994
0.0034901840039095735
0.005220669554293423
0.007392027782418347
0.00285809275624042
0.0039497283104051335
0.0043869856953494095
0.003310766360815484
0.0005206677364910012
0.0005065505997487374
0.0024798808016700514
0.0022292010202608916
0.0034247275592520273
0.0048371243327188385
0.0019522107595398544
0.0029470803917815047
0.0037829053568372703
0.0035737757137357155
0.0005120786383888344
0.0013469918719334183
0.0027256034870489234
0.0019683151500148426
0.000451065935864304
2.40167650964497e-5
2.3348647799810658e-5
0.0002511032097164634
0.0007313747445161255
0.0005842636955896102
0.0005867926947684311
0.002882582447805455
0.0019379357173875573
0.0024976046255195065
0.003452509536273141
0.0016283818302418908
0.0007282775030122109
0.004132671777276445
0.0024218269917607115
0.004243348216268614
0.006970774759146009
0.003008202421016389
0.0029208269360663764
0.004706691686065259
0.0038670118151782756
0.0010966804811660853
0.0004146530214396546
0.0028451932743449385
0.0020311646732513334
0.0037768834379608017
0.0053838723305363444
0.0024770324686585426
0.00287964464421845
0.004565744651639796
0.004758446142621937
0.00121887641068166
0.0013091946965240202
0.003229163982933859
0.004215730410428915
0.0013210092244632223
0.00013968893313302195
5.525370274848458e-5
0.0007171843729942077
0.0005209152401639503
0.0021163120730541443
0.002071499451738245
0.0011462271372449353
0.0029137223869906133
0.0035558211693507975
0.002434211885258719
0.0006056494963203909
0.001021858377828407
0.002442654483272594
0.0035291564866624862
0.0009192004899658175
9.325488601703845e-5
8.70637244519826e-5
0.0007916496718700886
0.0016185527218837694
0.00048623086127657413
4.7605994607082535e-5
1.4564834150596566e-6
9.88953589583105e-7
2.3155089664481522e-5
5.5143555459066374e-5
6.301751377245189e-5
9.464931188857034e-5
0.0004039744334524865
0.0005334692095346395
0.0005015658882057661
0.0008750561980788681
0.0004686382270883349
0.00013706730748766865
0.0006950305220473259
0.000903897302027125
0.0015573073422277554
0.002177740003958129
0.0012911224551683598
0.0009864103893021056
0.0018508401572956913
0.0017745699662611184
0.0006897563286467198
9.351224193161464e-5
0.0005880563763112572
0.0007649961944824706
0.001545746960298237
0.0020801887360317635
0.001302148383768033
0.0018102367844330892
0.0024714722975206138
0.0027265935054032985
0.001291001316268636
0.0005094141593296472
0.002044816557720801
0.0029851196370237303
0.0018169272326742955
0.000209404755888165
2.340483969991011e-5
0.00025525407682842736
0.0002764113430066883
0.0006888768862161398
0.0011110686882437406
0.0007804087656814707
0.0009846269246671453
0.0019084279170416964
0.0016533259962015795
0.0007172496748280035
0.0005468531826339413
0.0013759637201231534
0.002143292399197611
0.001069906633833678
0.0002126640017653533
6.072263343503492e-5
0.0005171326982840795
0.001164378849950239
0.0009255875676549161
0.00021852929213996998
8.344434461759299e-6
9.987055385893389e-7
2.3722220988390447e-5
2.8145088266650583e-5
0.00012253203615646604
0.0002811143796737113
0.0001738583051787706
0.0002049706554503926
0.000607064513789313
0.0004931379706728197
0.0001974765319176551
0.00016678272046961724
0.0005461816406080842
0.0007220428660523143
0.0003786326389808941
8.448436942508926e-5
3.626263307774804e-5
0.0002877781843330044
0.0006542506101740338
0.00034624605949888133
8.18370498336818e-5
3.998319554516199e-6
1.3909324066855011e-6
2.8778921726097016e-5
0.0001219249181463247
9.338666386027127e-5
1.9792893741010906e-5
1.5694731619726752e-6
2.4042964605894192e-8
