7.600582568605037e-11
4.815965542889758e-10
3.2920063914396106e-9
5.279282900190672e-8
1.0520658889864912e-8
1.7622114146502033e-7
4.217708649441007e-9
1.0186725987948514e-8
3.2956368417914606e-7
7.551027501178621e-8
3.6835889929329387e-7
1.8791748506790614e-7
2.4149081323736257e-7
9.103279272103262e-7
1.0855683966322886e-5
1.5446552694122103e-6
6.584223561896999e-6
6.501907833694564e-5
1.1995574660887998e-6
4.206483612053298e-5
3.3522570921182617e-6
7.388220889776446e-8
1.21386524647811e-7
1.3548279956430417e-6
1.1518988018167792e-6
3.5586367523601504e-6
3.775502577638968e-6
1.5811554278700993e-6
1.0188292522598749e-5
1.4331630152275262e-5
7.932941981659839e-6
1.819935849079713e-5
3.292596450983731e-5
1.5597785354937126e-5
0.0003143510548497396
1.7259560856907807e-5
2.510473924792817e-5
4.208143109868766e-6
4.344555440613535e-5
6.72252655981958e-5
1.0316438248310804e-5
7.203448609414015e-5
0.0001468000246852211
0.0002843157447019673
0.000766724377797733
0.00018184172282771584
1.7447663611891662e-5
7.704580770125381e-5
0.0001267780103332138
0.00018418183736773332
0.0018207448026881453
0.0007682635236585679
2.361903794369035e-5
6.819739373295332e-5
2.255875103011999e-5
1.1099984259390852e-5
3.24420059029127e-7
4.73316958740505e-7
4.873073299558727e-6
1.9428929163526896e-5
4.003857875104866e-5
5.945408951095683e-6
1.1640815285893552e-5
5.8746333471142684e-5
3.2532239557819334e-5
4.484416060867475e-5
8.401324318390407e-5
0.00021463676183626032
7.197175297316997e-5
0.0004186770933269612
2.099357141857414e-5
2.9018242196541555e-5
2.3982264133348106e-5
0.00020054416569745617
0.00026365263122154944
0.00038196828144693905
0.0013707089366220972
0.0008472411947508236
0.00149115124439338
0.004005028135652018
0.0003622250627613589
0.0004370327574770167
0.0005857561462504857
0.0012369698772697287
0.0007694866179094489
0.007460911720347863
0.0010565950693084197
0.0007966270382626637
0.0009993252530310164
0.0002019602245726488
2.266033742280553e-5
1.4817932227268752e-5
4.030879172828097e-5
0.0001320811678383172
0.0002050960708839986
5.882385474003934e-5
0.0003473284519097245
0.0009267308763019341
0.0003446267509119322
0.0025522062939368744
0.00040000533237934284
0.0001071500347843636
0.0007018293618899994
0.0027780377319984073
0.006035281202815658
0.03833982074986827
0.012569336080887871
0.001923957802098071
0.004658764621182361
0.0012170198498333757
0.0008500878005132522
6.124696265045549e-5
0.00014268797427618058
0.0005047524586886138
0.00023534397756595142
0.002533740139623461
0.0003790098141697675
0.0001904870780225498
0.0006508534632640461
0.000324972760796459
0.0001532622760699107
3.290453980147587e-5
5.6624452202476824e-5
2.004576105040097e-5
1.3620851335467163e-5
2.8280231217947322e-6
2.5754935879068697e-7
5.04020793888633e-7
5.337813438310962e-6
5.319827213133647e-5
1.2353804951087578e-5
4.5542885797914345e-6
1.380801965994316e-5
4.912859988371922e-5
5.6014180452488926e-5
7.913296189092223e-5
0.0001343076471837291
0.0008605269061825115
0.00010591751936187888
0.0016820002123044016
5.6929636609832554e-5
3.115983714071761e-5
2.835092579724381e-5
0.00013375641450793696
0.0003624175149326859
0.00026732407172921235
0.0006771529345523371
0.003881424955500844
0.0012082044419630708
0.006494008819465118
0.0006593291472979575
0.00025474711706442737
0.0011572518377456881
0.002430483037878025
0.0025002849383815814
0.04154548075317705
0.004138322522579049
0.0005373735502685229
0.0023281749211805395
0.0010625377951160428
6.947444676645385e-5
1.3704762697373815e-5
6.415127387898216e-5
0.000554693001376135
0.001514844256495142
0.0004128823593131927
0.003345549797547529
0.007237408538563214
0.002668547915218204
0.04443631373426898
0.0025281273473659405
0.0016182156790068888
0.006803326249385365
0.04082608496128521
0.030491877675373556
0.27452263416005596
0.038582895641702364
0.007688332811363315
0.043709137077805126
0.007974483308718267
0.001967207964956936
0.0009199500839949557
0.0032860729123325534
0.009894321351612903
0.002250145584666649
0.04499394850476828
0.0025442984093475085
0.002357432711210042
0.006701453106867414
0.003944249067511656
0.0007161291164790085
0.0009494283561190351
0.0016280807380798213
0.00041011150472602254
0.0002988420781378518
4.09801118302575e-5
1.5707491882031502e-5
3.599446220796285e-5
0.0005111701730840587
0.0009929048099441681
0.00025462821371550023
0.0008125125444120975
0.0037193159525576655
0.0005545049157855723
0.00988966823202427
0.0005238163377071853
0.00012302892053680056
0.0008711670725705206
0.0024405450513451847
0.0036321779249617082
0.04142089366138524
0.0028032501861275506
0.0004922970640482307
0.0025044438083189294
0.0012867035879272723
0.0001323522161131785
0.00021237085518370272
0.00040704482901856654
0.0035425156478239503
0.0005409677288437072
0.007134717440927392
0.0008735283424552865
0.0006087930636805035
0.003952428814753645
0.0009100717352678099
0.00017796590582320245
0.00047583333601638035
0.000942650383343022
0.00023405832005190435
3.596982422387941e-5
8.596553850020536e-5
0.00030323412270138604
0.0002578700936453358
0.0009549993140587605
9.120478812957628e-5
0.0015391084600001005
0.0001970025342189923
0.00010414909565482332
0.00036845260499474263
0.0002437572564099046
5.520281724992608e-5
3.167241653038751e-5
6.383571899899884e-5
3.082761686389221e-5
1.3889438433251047e-5
1.0506574689012968e-5
1.6735617052684222e-5
1.4331437293217623e-5
4.2586972825037705e-5
3.851903221538218e-6
3.580754423775565e-7
1.5635876684965115e-7
1.953389488289264e-7
3.272646318248011e-7
9.418387636906193e-6
3.771215585052077e-5
1.1903128633336461e-5
1.686936837197902e-6
8.101009615030744e-6
3.729259436997484e-5
2.9099377465181535e-5
2.1232334705043682e-5
0.00017480297701915167
0.00043033983227284533
8.691624593619572e-5
0.0009583591700192326
3.3032026121915826e-5
1.852709938820353e-5
6.12774555848815e-6
0.00011975679414956727
0.00011570995649783693
3.915351203776497e-5
0.00033198360029801436
0.0005672018074584759
0.0009664026837893662
0.0024305018386655886
0.00020237014035636653
4.801789368492395e-5
0.00019780049350214124
0.00047197534678261767
0.0010657359056628053
0.007735154244691607
0.0016423847803893955
0.0002649762267244615
0.0005346018641860085
0.0007896965504666524
2.228462056430693e-5
4.063768183287943e-5
1.8209724346500252e-5
0.00010668327563120744
9.707546229086554e-5
3.843091392798687e-5
0.00048667993320441094
0.0005598614146219248
0.0003871621950269228
0.0022715322631531028
0.0002445324196091929
0.00023824520978647996
0.0010531842349571533
0.00352163686687305
0.009250923643513502
0.030418402739183177
0.005943954795576043
0.0010593698312034098
0.0024788249677371635
0.0007840461512974568
0.00018325238607515642
0.00011153701042768098
0.00025533264311289967
0.0005514405749334062
0.00036308084707695643
0.0025244369706752174
0.00032929950339849587
0.0008198940934119336
0.0010605283323186316
0.0013973457941630712
0.00021793701736301787
8.568925818558944e-5
0.0001012311319915076
6.278992926716047e-5
1.5776280696576777e-5
1.3332443269800771e-6
1.9366034540270326e-5
2.520597222984509e-5
0.0002390250066518522
0.00025984370578891874
2.2556066562259226e-5
0.0004358699603562519
0.0004280757552733852
0.0002614912254947465
0.0034877989531680318
0.00016230114219439648
9.911789543065029e-5
0.0005871166861688956
0.0009417284004834382
0.0010828137765215645
0.007009265003498606
0.0007269526385033269
0.0002061122290534923
0.0011617928202030147
0.0005827961662024367
8.913295790197267e-5
0.00026051061363038623
0.0004588260523686468
0.0008601120239006522
0.0004950697409221883
0.0032454199930846057
0.000322323425608471
0.0003703501611171102
0.0006663094475016738
0.001445542750043819
8.199757223572524e-5
0.00018321012193112915
0.00012649330423236772
8.97772115655048e-5
2.0413661517442064e-5
8.93636111791742e-6
0.00019626208384702166
0.0002411518245622447
0.0005744839869634662
0.00010364495028071554
0.0005224215384780745
0.00012060142773609388
0.0001233290929905737
0.00012368514868206797
0.0002124779944252418
3.8656059134489356e-5
3.57005588336521e-5
4.501628516572138e-5
4.6190591972871137e-5
7.233032197048498e-6
8.56811785176023e-7
3.448329788435501e-5
4.483769073893573e-5
1.7098009795206724e-5
1.0610518607514846e-6
7.934381563475216e-8
1.0290874174792586e-8
1.8468399338901025e-5
4.025668668746423e-5
0.0001875723558920923
0.00032436031864848693
1.641855854169948e-5
0.0002491165614001384
0.00022687214747842057
0.00012660309045841033
0.001007562805271368
6.998021864961834e-5
5.395791306166692e-6
9.46878733235082e-5
0.00013230324854298243
0.000258409191932719
0.0017001508368816066
0.00011877631687786577
5.392012597292898e-5
0.0003205387197536175
0.0004937953838871019
1.953974302380048e-5
1.5704871212047322e-5
2.2411493229039242e-5
0.0002935201320351383
4.052393179251642e-5
0.0004315957121597449
6.053349630786248e-5
4.554571495403984e-5
0.0003102078746813579
0.00045438488442657457
1.198146137218993e-5
2.496254271444903e-5
9.233356764489846e-5
4.997520449748059e-5
9.201141455090516e-6
1.6748048407583651e-6
3.7785834125235854e-5
2.3461233200776074e-5
3.69008797080462e-5
1.6805490057420675e-5
6.089679609564687e-5
4.1977310837741487e-5
6.623006696625691e-6
2.8594925277514212e-5
2.8335499885065205e-5
3.975762100647345e-6
9.17357985834787e-6
1.4480752034469303e-5
1.3576602236802833e-5
1.7987166583296884e-6
2.9109290961709443e-7
9.321677848214402e-6
5.320042668419775e-6
4.633299199056375e-6
1.3481544777731674e-6
3.5070965888455473e-7
5.7950274888562636e-8
1.7615911477709203e-5
1.7702606984714984e-5
1.3594644358242443e-5
3.7145351899772753e-5
1.3885824587765121e-5
1.630067037763326e-5
1.694625023953838e-5
3.195876749080063e-5
2.8606367900238903e-5
2.186199430420142e-5
1.5556426982154863e-6
4.33080596983609e-6
5.878481737896846e-6
3.312220751761602e-6
1.776724025384028e-7
3.0345556728691214e-7
4.821134269821828e-7
4.5907621245185547e-7
1.1226222967303336e-7
1.0220822141031535e-8
4.2032337278805474e-9
2.0383655249537043e-7
2.5249785806368505e-7
2.4831128928138185e-7
6.418640002913948e-8
4.607649352755572e-9
5.325749342803683e-10
8.385429720196578e-11
