2.201596912990183e-8
1.474048077939833e-6
3.473884535395357e-6
1.189896459805638e-5
1.6323189324866743e-6
7.010521079829905e-6
1.7800550985268416e-5
6.843666313503193e-5
0.00028509003914844723
4.9457211601077444e-5
0.0001389173720258211
8.093774325395303e-5
0.0002493360481981377
8.556130053727835e-5
0.0004202881432760788
0.00026736033688589517
0.00013843556842484646
0.0005521849365817628
2.100635613174264e-5
0.00016907573312509912
0.00034180778811770154
7.768391035579759e-5
0.0002778286790196843
0.0010322150365926176
0.0004081478628476286
0.00039527526153339455
0.000401359533047613
0.0010762737228294304
0.0008206195060530341
0.00185931333587796
0.0013901216345384884
0.0012514535809468497
0.002491322667720795
0.0004360064811039673
0.0011296775214610128
0.0013859974287672363
0.00017367009251380416
0.0007373957442306469
0.000570923699985834
0.002139135354245968
0.001344954458672088
0.0011399524385181878
0.0036921310674115438
0.0004962987963445086
0.0027444309552983786
0.0023471001572848193
0.0007415236076898195
0.0010749558459395635
0.0032132980992070235
0.0004921341987234517
0.003154138839132218
0.0032053183135043292
0.00011293836615253354
0.000790065895144008
0.0010898734876334335
0.0006411662630789002
0.00010634468452219679
0.00045148803878081943
0.001295981660447326
0.0012079806852344688
0.0005364057075670833
0.0007246384021307806
0.002104678791478994
0.002662868400578918
0.002241296365089162
0.002625093412853434
0.0035957443627176694
0.0037225533203085583
0.0023362515533775527
0.002558469767921311
0.0012614323452861207
0.00047688515844570813
0.001595804141284629
0.0025036196975382137
0.003854397181286167
0.0029864921007185076
0.004454530154275821
0.005677530058709778
0.0034274467319978202
0.0063771373886422345
0.003938400140328213
0.002186233484846533
0.0036135558208399304
0.006514514198460049
0.0033456309313088933
0.006885765852367787
0.006711506714425891
0.0015981138567773678
0.0031429422477199957
0.003018516074943763
0.0010789171606650839
0.00016080309622799164
0.0006809605834834564
0.0011530004019111614
0.0026585984000370923
0.0012649367887966683
0.0024431035301786916
0.005633076239825868
0.0019729082619086066
0.00504884045611761
0.00465081082765794
0.0011765527488884953
0.0026624380096537015
0.006041157242375728
0.003088914104996702
0.010051187899515956
0.006142690807319708
0.0012682027959428294
0.005163721761959731
0.006558323359259238
0.0030884465062117673
0.000557631561007268
0.0017513012232925665
0.004207293167276882
0.0021125401276681725
0.006125753796024008
0.004871410933838831
0.0009004990166140999
0.0038413937054582533
0.003877450672204101
0.002329435267262306
0.00023045368043972538
0.0007352213625031058
0.0012621156968452994
0.0014117567278215135
0.00033931659033930147
2.8442350945512705e-5
0.00023260482810016144
0.0005883640712790713
0.0009498013210044234
0.000327009894489535
0.000542314653811346
0.0016162144459292975
0.002813135083143197
0.0014185616797843035
0.0025903971477169558
0.003660748392415386
0.0023812326629498518
0.0026270388261497328
0.0023625714952926107
0.0007416825869054665
0.0005682235212744762
0.0018161570828242727
0.003009325809927767
0.002984432766170957
0.0027511168861340477
0.0049990716600148465
0.005861731663693397
0.004045193955862292
0.006136341536903221
0.0038625992840180664
0.002070466623641197
0.00525966074196763
0.005261843144856496
0.004313995811182545
0.007442246845680148
0.005251772091122487
0.0037330728634093853
0.00436554921782514
0.0030767251797609624
0.0007785740357913509
0.00027728581497886667
0.0010010626652386403
0.0018619538377074869
0.0026245872257539935
0.0023232312428061977
0.004790249874245516
0.00686552626496633
0.0042229965491904714
0.009751382830048616
0.006250053347598611
0.002341791394272044
0.006483051294163759
0.009075034997261906
0.007483196985122881
0.03263958815724317
0.009910563909460723
0.004419808247305429
0.007425640847297175
0.0068509805400833726
0.003050524108005676
0.0010279044544584748
0.003281295365490466
0.005996683050071462
0.004993217134253008
0.009766806366118971
0.00512294333333486
0.0036457892456695116
0.006059819242583915
0.006438286459283789
0.0026607221063918323
0.0012468028850262697
0.002384443010940189
0.0025290815404230304
0.0011202173763309882
0.00016730309629294743
3.2300764098247855e-5
0.00033656130813869276
0.000605304089147413
0.0014593174807245714
0.0007066920831330178
0.0021111210044578526
0.004049430632012729
0.0023634526314283
0.0058629820356637455
0.004151178477669141
0.000998360391982907
0.002495331769078319
0.004978262334059983
0.003412493406982577
0.008807036946314482
0.006213077297491569
0.002038675737074671
0.005164375366262178
0.006282874019243192
0.003076481491289344
0.0006520870580532458
0.0020787507934504866
0.004257359444197842
0.0026698537963875456
0.006930950378182646
0.0055133979423409776
0.0023047002425967524
0.005919294703104421
0.005718616909709662
0.003655770541048245
0.0008904788271146506
0.0023758084323266364
0.003667066629294787
0.002407312540975236
0.0005370478743371356
9.125722297240296e-5
0.0006947213333832003
0.001493925432378608
0.001156924455945646
0.00268582611131435
0.002800469534370108
0.0008818275023482096
0.0030687426017714683
0.00372997659216336
0.0021545345036643846
0.0003885848781684033
0.0014519070453711384
0.0022428454313405868
0.001895471248595165
0.0004140855284035696
4.1432438158971974e-5
0.000338813540942046
0.0005414586928668458
0.00039257763729422197
0.00013098084592803172
6.709492072766296e-6
1.4798605369153534e-6
3.47992853227828e-5
6.933568561535324e-5
0.0001247416432572804
4.027601421236304e-5
0.0001726882105978085
0.0005448165777210442
0.0009414073102580978
0.0003889407983405732
0.0005240936040975971
0.0014053607959595964
0.0008747561210510424
0.0013874755737914035
0.0012610660748838295
0.0002310670549569708
0.00021279959673338428
0.0008941595536028861
0.0023756835075012506
0.0008882772346378503
0.0014555301287290264
0.003104365568906757
0.002358859462126577
0.002958513074751067
0.003669736329549368
0.00089910316565777
0.0010943824962788983
0.0033399141622563007
0.002119869832926342
0.003844560615355261
0.004461621294650867
0.0012895948553678308
0.00398264370545345
0.003640641563666365
0.001607672520425386
0.00011256831544230632
0.00012018805498685262
0.0006216050881236638
0.0021998899116413098
0.0011441217051798935
0.0013597325468752664
0.0032078123995331045
0.0026738489450513817
0.003772944726598918
0.004999078113393121
0.002108600326862129
0.0014117051014948684
0.0039059417887774774
0.003391016123933885
0.005887187109245313
0.007499427454746718
0.0031221726462273285
0.003785783824840336
0.004374757892857136
0.0032728637366897673
0.000484187010414774
0.0005262860941201471
0.0026915317840379557
0.0023155167954431685
0.0038640474351036075
0.004059789891187556
0.0019271751284977469
0.003067213073109291
0.004055093285649955
0.0033774284062908027
0.0004919187948371394
0.0014052492942071418
0.002631937464589541
0.0022614843523778225
0.0004285598122320398
2.0542789157826733e-5
2.368788528645893e-5
0.00024475282465112255
0.0008051694677592773
0.000681452276196422
0.0005501498528318241
0.0027130397604209397
0.0020701364558789992
0.0027588090262198432
0.0033350242245681447
0.001749365532839237
0.0007648694406602542
0.004241627745304158
0.0025029024143246436
0.0038351928602743594
0.0066065371802408335
0.00272775562951271
0.0033924874823389535
0.0055097646363698955
0.003558508078959785
0.0010636552072614183
0.0004920109779734592
0.0026248658023135746
0.0020965675759706272
0.0031947193994465014
0.004731386109132575
0.002366764026401069
0.0031494429535698395
0.00518116398416365
0.004346425188220094
0.001115852292153811
0.0013919554111841363
0.0036223097629295626
0.0036354240365967802
0.0012306335482555344
0.0001351722801231264
7.078746485695935e-5
0.0008026204393142884
0.0005991315244900698
0.0021602160396597407
0.0017837488478460567
0.0011604817383310882
0.002348692847807759
0.0029933182949418314
0.002505591984803797
0.0005681350695902681
0.0009342949050701984
0.0027592494567405864
0.002603516054803188
0.0008381344923676124
9.000027146134766e-5
0.00012222960795171866
0.000978587360216299
0.001242853964722189
0.00040349441635590934
4.836785413776507e-5
1.5920347156540454e-6
8.764434814864509e-7
1.999934048780681e-5
6.966085379158391e-5
8.389712513819312e-5
8.121304535845519e-5
0.000499726662097275
0.0006159973872838152
0.0005333596130449041
0.0010388103953929092
0.0005474544239270741
0.00011915001538595035
0.0007606773506352695
0.0009550012150499983
0.0013838929833307023
0.002287322127247547
0.0011688057294674597
0.0010857771545349274
0.002071759771060951
0.0020615463186667194
0.0007181543310537945
8.389786981297448e-5
0.0005429487294735303
0.0007158895060888219
0.0013551834837687961
0.0023686386881368866
0.0012411318630857636
0.0014648440254118563
0.0027053325633609802
0.003003375762708252
0.0012902371958956218
0.0005244710233069427
0.0025893127461125176
0.0026003808418602445
0.0013847148009412478
0.00026867613519891844
2.0879340268646604e-5
0.00024506501491195794
0.0003350575837278232
0.0006127348645235211
0.0010138805477944543
0.0006928939940486706
0.000889821935362074
0.001853856165747864
0.0015696224192426173
0.0007161824097958634
0.0005399886279469949
0.0016557340137574542
0.002081764834107532
0.0010834470323305761
0.0002589273210044126
7.00688054520114e-5
0.0005859235649869107
0.0012897882002742944
0.001063162517228131
0.000275837204240626
1.097808488639063e-5
8.830842758542835e-7
2.3440609424015168e-5
3.251429763492415e-5
0.00011743429766458092
0.0002765642385612776
0.00016310185473627096
0.00021057032290346242
0.0005621140634400054
0.0004829061005349614
0.00017755099564060618
0.00017340397146939308
0.0005357244079416557
0.0007305322770940812
0.00040543631538683434
7.740641373367155e-5
3.463580793578958e-5
0.00022369493410671814
0.00043542802584412276
0.00027688380763312646
6.912505309558415e-5
3.3836019886989586e-6
1.4086834188077039e-6
2.6826203790175165e-5
0.00010131310198313072
7.460272351372417e-5
1.7420017270781623e-5
1.5073465748896295e-6
2.3030226953464686e-8
