4.5842318271992885e-9
1.1637983340460313e-7
4.6627774537712394e-7
4.3221433264363544e-6
5.696015229814933e-7
5.604582462446897e-6
8.392251304097783e-7
3.136762205261842e-6
5.8116347007510194e-5
6.655852324078161e-6
2.560754141714813e-5
9.696058893283986e-6
8.095763239000616e-5
1.8900880919866775e-5
0.0002140997021538493
0.00047614751145119596
0.00012144796819474262
0.00053719401167177
1.065609503995273e-5
0.0001435178812091793
5.721800683531629e-5
6.8524364520883425e-6
1.1191208035944374e-5
0.0002460347151250692
0.00014043545561299265
8.827410553206276e-5
5.227173678007163e-5
0.0001376246157913533
0.00018783441331269343
0.0003535573041455503
0.0007088952363691804
0.0004827225127898332
0.0008387101489766189
0.00011096194281122531
0.00031869375850903536
0.00010127495310476257
8.523512698720652e-5
7.971300523682256e-5
0.00023195102470653474
0.0008856174802966363
0.0002715240919937413
0.00036370231776822957
0.0012913026746344592
0.0003341415548798832
0.0019446166679109925
0.001075203048364982
0.0004952881366867124
0.0007542624292784868
0.0011063813577181305
0.0006238504022994933
0.005391172541994224
0.002477805172284931
7.329055359000317e-5
0.0004293552914207273
0.000252944453701573
0.00012826776762153765
1.7808065166770522e-5
2.7059948432917475e-5
0.0003173364364485466
0.000841869395438594
0.00016792298526360422
0.00013451699634019944
0.00042861854163068954
0.0019682921066120104
0.0004186512740766972
0.000665857653656597
0.0010174105014397583
0.001722060642682902
0.0008423280467436035
0.001970599024936725
0.000271608628478312
0.0005330355051139946
0.0002680478373255096
0.001339640796328879
0.00120004295892132
0.0010875696516825875
0.0020035851906471747
0.0024657173139940773
0.0018852551518377312
0.005435376148972902
0.0015207311330502212
0.0012134568682515962
0.0019826348082682852
0.003021730479675983
0.002426679872609817
0.008691873562822488
0.002754659279356883
0.0015817350011696123
0.0019730486502194554
0.0008389578082762238
0.00025239141281014547
0.00021557811230667263
0.000146452861167024
0.00078107681585055
0.001359866219241543
0.0005321698517317676
0.0011625410739447718
0.0032320914151147888
0.0015328400561495888
0.004843515696649033
0.00145592999778538
0.0008015586350984335
0.001775205108815926
0.004764751739541562
0.0043236867457098595
0.02401910931389114
0.009094598772475268
0.0025080016487682632
0.00614959522105861
0.002669796832918229
0.002332828718541371
0.0010672490683012305
0.0008303129128927427
0.002907269996354088
0.0011178187604083828
0.005267645496325453
0.0015170868359699896
0.0004177232356864988
0.0017980829308051934
0.0015714074134050783
0.0010541527546051113
0.00034776330390093
0.00044877691759705846
0.000283955729573938
0.00010018143863441387
5.953115919943032e-5
1.079398360269168e-5
3.035360400016159e-5
0.0002539024747803666
0.0007754078907569829
0.00013446276141159045
4.992034445677928e-5
0.00033536402133387845
0.0011400104086836046
0.00038074681552638606
0.0008974828893674321
0.0014389983512018943
0.002039463804649339
0.0009144250374185754
0.003275948913143826
0.00044574470318994603
0.0001557904857652614
0.0003666171913347805
0.001237048245641822
0.002035616516262019
0.001086162035581152
0.0022616145402175793
0.00456228874510465
0.0020575456741531322
0.008682896325286169
0.0018150845175063596
0.0010909034023884512
0.002486723003258586
0.0044616932387319605
0.0038709550665641927
0.02574631866132255
0.006078371678401464
0.002094552247484301
0.0041558088069056035
0.0020510261136004724
0.0004072557113546999
0.00019296544634479993
0.0005934805938916061
0.0015499275291337522
0.004726539331305638
0.0015711304936674628
0.0039836756760637535
0.009760900118376522
0.003943142710551609
0.028365886683107026
0.005389496307521644
0.0024788424444954628
0.006442415682606764
0.0234693497225317
0.016290504924403346
0.09731899693917377
0.023548659842629778
0.009766313887865788
0.025449546421010067
0.008623837864725948
0.005113993518763125
0.0032013689988860156
0.003909516896676342
0.011530656270572471
0.004850083823967425
0.027834841587341567
0.004750681631272959
0.0033892934110264384
0.008428274470941183
0.005210575790557803
0.0018366707408609107
0.005054480282744586
0.003203923056231309
0.0019769844938319525
0.0003159275155314377
0.000140582741438431
9.53212422314854e-5
0.00031869338263780875
0.001198885070080862
0.006253087278420634
0.00039558426872169267
0.0015526111992926572
0.004894553302796994
0.0022948000829798275
0.011381505029214159
0.0028606157459529907
0.0007485795745580899
0.0021306954476183505
0.00530381047795173
0.004680309930167126
0.023268806917066065
0.004716963137143054
0.0023722329925917425
0.004589928898079034
0.003039685724390612
0.0010532164414372791
0.0008796120630781326
0.0013851584685901505
0.004773017907938016
0.0017725285720515524
0.009601870476697858
0.0031694298004321065
0.0015161533397150273
0.004718722944317776
0.002425946484861366
0.001257970873962504
0.0009367481750516009
0.002076407440628619
0.0018644718243368264
0.0008200912090619236
0.0005176923539849213
0.0007997744656096399
0.0010108679121792513
0.0059812845409040775
0.0009596653463532275
0.004662140160825303
0.0013066613238135135
0.0005163723588920748
0.0020294548019760567
0.0011811850789083063
0.0008913156343702454
0.0002273221078055398
0.0003838687100952151
0.0004113446835971597
0.00032195639997957293
0.000193021023403417
7.445035758922744e-5
0.0001339575558456161
0.00015548400517598535
7.641311545669152e-5
2.3639022733265257e-5
5.816575332851533e-6
3.0746234289187233e-6
2.376483373291784e-5
0.0001661061872522749
0.0007299092578666128
7.040192057521432e-5
2.9158516019118983e-5
0.00026440611937791073
0.0006626310576619664
0.0002271611227649392
0.0005367714001154006
0.0012506704237004833
0.000889641227053307
0.0010110402898425813
0.005017731323099393
0.0003362799403359398
4.911553822929947e-5
0.0002713695668414814
0.0008418106689125137
0.00048610391906050304
0.0007755722249722978
0.0014649655620209846
0.0014582660645220914
0.0014584915715153968
0.003581929660339911
0.00043727360764333594
0.0009161227745403984
0.0015261578454841898
0.002503297377640029
0.0029001952812982576
0.010134799445818238
0.0024663032718764337
0.0014488717082642873
0.0021219230903960665
0.001627456749318252
7.009431388095576e-5
8.22022838670847e-5
0.00014789308779986443
0.0010228142871636923
0.0009092012666868159
0.0006516208303865719
0.0018185824613920153
0.0017800300652254697
0.0014204610867300938
0.00500980938455512
0.0010834820847268807
0.0012911491547096747
0.0024619106525907526
0.004896025089189442
0.005788636324582249
0.01621686202006539
0.004360541500105285
0.0027523559520888662
0.0037116364776389613
0.002459136101781717
0.0005806444478376373
0.0018630829788613599
0.0015027592038977288
0.002267161913332882
0.0013885707215287903
0.004014547149972704
0.0016165752019972972
0.001390249500826111
0.0020810948637831803
0.0019420453276974784
0.0003547753420647281
0.001006008877324295
0.0009045536420219038
0.0009051889896537165
0.00011671430298469305
1.0997906557111386e-5
4.992246906410768e-5
0.00012299843025150828
0.001219721450564174
0.0009845134035604123
0.00016463869331418947
0.0016710548368447193
0.0013289403969689506
0.001530832806747765
0.0037253988017167824
0.0008307261327995777
0.0004964573556624175
0.0022351295003884128
0.0021838098980677114
0.002412478525352182
0.006569036217607013
0.001745644456790651
0.0015341357290265638
0.0025302977141603176
0.0020649346118496495
0.0007255371764190603
0.0006395183262785488
0.0016283524508921606
0.0015657874205981949
0.001791429907781675
0.003932160190582535
0.001205536782637083
0.0014428681790753818
0.002352734661667298
0.002150943054072696
0.0003724633556195429
0.0013087024809400273
0.0015201281846695387
0.0010432309204704627
0.0004785555068962082
0.0001144108890487953
0.00042882906760369514
0.0011810103636318203
0.0011772863807626615
0.001058022831166082
0.001584683350027938
0.0007635241080210418
0.0008889801196504751
0.0012317638610233525
0.0013653749568340835
0.0002375083765439547
0.0006836737091057304
0.0012452436988086917
0.0021175325668922533
0.0001944344853146972
1.7515078040190078e-5
0.0007573456121536948
0.0008298188043661538
0.000907161654790085
0.00014739521373650214
6.6138565324800176e-6
6.926730176562415e-7
5.634049144186868e-6
3.2997097533990266e-5
0.00042306499637571665
0.0007595308567630758
4.6477692342325345e-5
0.0006370351766159268
0.0008333272208594509
0.0019408066865739114
0.0033547599022889707
0.001069396958433259
4.415578628363006e-5
0.0004883032426411267
0.0007304543574716494
0.0012890838832970812
0.0025366919735172458
0.0007793280517535932
0.0008845888464345875
0.0010955638376418688
0.0013350646548584788
0.00048364310779536716
4.822570423398431e-5
0.0001593821438126131
0.00039957229310987123
0.0006409534806435937
0.001599635660136703
0.0005079268616944673
0.0007910870927511664
0.0010712208951189214
0.0011211465422567505
0.0002660240899804884
0.0005424385783092602
0.0008813313076607204
0.0006862701519376274
0.0006721588132643
0.00041216565544986537
3.196142073023265e-5
0.0001233094510135584
0.0002999009924063126
0.0001493251665145128
0.0005664788276850965
0.0001368595449908938
0.00028245042128450013
0.0003577403230101064
0.0002647391973094424
8.036431854867671e-5
0.0002694903701849146
0.00033722871947882495
0.0004687679042029907
0.00014008411007109076
8.036365882124107e-5
0.00018131071230945758
0.00025887094751416556
0.0003250603448589532
0.00024348988575500507
5.840621561351275e-5
4.452440141555241e-6
5.788331178833406e-6
5.237179024413597e-5
9.283244694888108e-5
8.126946906519108e-5
0.0001942670684116669
0.0001933699688685878
4.86009353274128e-5
0.00014375659150578132
0.0005116398558325677
8.340577782480004e-5
2.847918411741027e-5
4.867244909798673e-5
0.0001344033104875084
5.1245875964880636e-5
9.693284733599596e-6
2.5759181624695056e-5
3.1123026534879356e-5
2.7179244175157702e-5
1.102819271023861e-5
3.1875903593930077e-6
5.09442926419914e-7
3.262163195867482e-6
1.0916784437630597e-5
1.688109466247403e-5
6.5921226792253605e-6
8.189543810162788e-7
1.1398675760893425e-7
4.565865810596514e-9
