1.1843260979128136e-16
2.022115188599531e-15
1.829444714810012e-14
1.8632214911616174e-12
1.4767509577307865e-11
3.1013522593006754e-9
3.634242891363246e-13
5.480689489532165e-13
1.9583425787121806e-10
1.9266803956570004e-10
1.0170169571597377e-7
1.1320061664867427e-12
1.2779511536027413e-11
5.156489265487988e-10
4.382433553918382e-9
2.461506418564481e-10
6.15753134039495e-9
3.298256598530855e-8
3.8999253567393647e-7
4.465867374802632e-6
2.4750582703523146e-7
3.56905481045662e-11
5.059073064182346e-11
2.2991256328244527e-9
2.3762625936218835e-10
2.579391825217355e-9
4.907596025024623e-11
3.064873888805676e-10
3.6828716314267163e-9
2.199349755044062e-7
6.684870937453057e-9
6.695157087581878e-8
3.545895852343975e-7
7.267971191463049e-7
4.2257337865132024e-6
2.9331175446376217e-7
1.688734528240142e-9
3.9436448725109765e-9
5.407033903834238e-8
2.1356846128519597e-7
3.3909879007156576e-8
8.360076786049944e-7
2.501433400756163e-6
4.680756286960875e-5
0.00013026445736226587
2.6838016534203666e-5
2.2172144805081332e-8
3.6126171027524415e-7
5.6850393952625e-6
1.1953558567783903e-5
0.00015797753033624138
2.3695390738615955e-5
5.116434040330105e-7
6.529403958141775e-6
3.620790301946413e-7
4.5922481529507424e-8
4.435511976937955e-10
5.098543564636921e-9
2.0142682195388086e-9
3.3531444555583187e-9
1.7147713325458203e-7
9.61572855271739e-10
8.823529364791572e-9
4.749638484093434e-8
2.2413391128723113e-7
2.1147511734678435e-8
4.321052065196105e-7
6.455480681322597e-6
2.079516159106966e-6
7.150511180587195e-5
1.348265077115573e-6
6.010311358091889e-8
1.543118566079439e-7
1.0877744476467759e-6
1.5903691585364355e-6
2.0406689815706713e-6
3.013232980948166e-5
4.1882541593083806e-5
7.313181949940177e-5
0.0010642717958589177
7.586166574371546e-5
1.114320132339072e-6
1.3196911566693332e-5
0.00031062035250373346
0.0001187509906584072
0.004135407120624267
0.00012222026282489133
2.8913186455100646e-5
0.0008917199630228095
2.4015045829686396e-5
3.304121674320159e-7
1.1477301535732313e-6
1.7987343408161326e-7
4.76949848856776e-6
5.36124307375283e-6
5.417794934912561e-7
2.2510938341097226e-5
0.0002659657471765087
5.135328596623176e-5
0.0006964990646002573
5.569666974856846e-5
2.8143406452410616e-6
0.0001350683117320818
0.0008538470684223014
0.005640593800499871
0.03307198933533263
0.00699165642622068
0.00022954173856627912
0.0009295434779469002
0.00013137675733393514
2.2483569499739008e-5
3.212814302392466e-7
5.340041335045464e-6
3.391123754593579e-5
4.057379223218129e-5
0.0005555539126025872
5.422405172851092e-5
4.629066230200062e-5
0.0006218254887375305
7.482853466476003e-5
3.426176180247274e-5
1.0143976060149834e-6
5.913429941370204e-6
1.0509849284583924e-6
2.917979420186554e-7
1.8317680579113122e-7
4.327721887590739e-9
1.0481287303352071e-7
6.040204687759385e-9
3.264062692038835e-8
4.031398825530728e-6
2.5394864277240815e-9
2.129943105888952e-7
3.808754345805771e-7
5.091024990143767e-6
2.5329520934807475e-7
2.4827810173181496e-6
0.0002543113498470824
7.698879854790738e-6
0.00025629106312454017
5.937232844123399e-6
1.4733706852071324e-7
2.2647924435036315e-7
1.073586880549349e-5
5.192638753911e-5
1.6464740070973115e-6
4.808562837814254e-5
0.001140908416970867
0.00037038975837800275
0.004313581183821538
0.0005126364326298855
5.437721261682288e-6
0.00026055469665545015
0.0007503378461732232
0.0007727703928093124
0.041689416129105476
0.0008906643824077638
3.42276751541828e-5
0.0006053704090532328
0.0009550462371396546
6.917342145763622e-6
3.2986399410684542e-6
6.171072213768843e-6
0.0004866030026368026
0.00021235495989470717
4.862347501643795e-5
0.001236799126207356
0.003851409139449408
0.0006989700928252061
0.04159307780360676
0.000545596974152351
0.0001831578072939401
0.0037550538057918915
0.041892285634285036
0.031360110559264257
0.5128089264057124
0.03218406907961944
0.0029517337986924848
0.04252907590214933
0.003975222514070167
0.00014790974333535117
2.635979452563057e-5
0.00041224485281377173
0.003083640370980989
0.0005716179731293231
0.04118616253535346
0.0005920698498871711
0.00042321292717015235
0.004021776217027202
0.0006778802248715564
0.00012249254358128332
4.0461219065226616e-5
0.00023281140035334437
4.77233065008263e-5
4.933424076588009e-6
4.460590542917327e-6
3.176429950688467e-7
3.410058933790814e-6
1.0957304117761771e-5
4.129869919244697e-5
2.4821547089794015e-6
5.791504082214781e-5
0.0005935856570500454
3.9119947164292137e-5
0.0032223978832230595
3.2225501154739294e-5
9.737539920538866e-6
0.0006331149334022265
0.0006208001536812508
0.0010003523011212375
0.04135780153053857
0.0008256959443815374
4.0015826570347645e-5
0.0007806013199546951
0.00028032279001151335
5.331113161099547e-6
8.341343479955207e-6
8.429991806354237e-5
0.0005392791285779279
0.0005598536238317058
0.004281137570023041
0.0002673294515906665
5.755561391452761e-5
0.0011754776270928508
4.1063957362424284e-5
2.636121662396823e-6
1.150980820670507e-5
0.0002943841910849649
7.324876338485916e-6
5.284490054105002e-7
3.7238961695597324e-8
1.1222876676830606e-6
7.014471188870103e-6
4.093373102610688e-5
7.867890188786943e-6
0.00020976697334500882
5.024931411335704e-6
2.5131907833723193e-6
5.70950306220122e-5
1.6419223978296302e-6
2.200573736820261e-7
2.8783877587225006e-6
4.715208339657573e-6
1.9143918426240996e-7
3.682021196977051e-7
5.550156008651946e-9
3.346851150984938e-7
2.813288692148636e-6
1.1607460981309203e-7
1.9285309871972203e-9
1.371533442465808e-7
4.1634904335801255e-9
4.831193426033878e-10
8.060004386234267e-9
6.707543687507327e-9
1.0735372655920962e-8
3.834289119126389e-7
8.23290783326126e-10
1.511423942194765e-8
8.426484995865551e-8
2.9421921549063296e-6
2.7480840876466768e-8
1.776994870160289e-6
9.575017434895256e-6
4.312655279476768e-6
5.34280939453023e-5
1.270717861378126e-6
1.3958823799847185e-8
2.3176458895841178e-8
5.068694155649413e-7
3.073211007181748e-6
2.708487164557872e-7
1.0566406999333941e-5
5.842282342847527e-5
0.00018174011983723568
0.0005477891591927843
5.241605493604969e-5
1.5367204054936173e-7
8.518931275498883e-6
4.182120914581671e-5
0.0001740964692493749
0.0028356530264369772
0.0002464608216005148
3.611417610207465e-6
3.225632907004501e-5
3.308404434814057e-5
5.680304305327292e-7
2.467585842754402e-7
2.276289393824495e-7
7.0870972266314844e-6
8.756108905857076e-6
8.317133017428514e-7
3.8710799549655366e-5
0.0005745923297256412
5.5741364789990546e-5
0.0005723453388842227
3.998246012032417e-5
4.424936245448708e-6
0.00016764666130319238
0.0009551291465845583
0.006575377596595038
0.03088737281880507
0.0056000502571634265
0.0001646010456008774
0.0007765159478931948
0.00011771008666018079
1.0906259704855686e-5
4.4434810173028054e-7
7.182934822425733e-6
3.5327138302985664e-5
5.170921455728003e-5
0.0006487636240183778
4.843221335195506e-5
8.671037715733337e-5
0.00037587585156403816
7.018381378788288e-5
7.056396869410283e-5
2.2050962328611604e-6
7.0672891179377064e-6
1.7248660270424725e-6
7.271040917605066e-7
2.687065050209821e-7
4.5493148579679304e-7
1.8758887242296502e-6
8.542797187256861e-5
8.704424143367575e-6
3.701212991362157e-6
2.182362368154446e-5
8.560715913884683e-5
6.556738278511029e-6
0.0005408308959847064
6.254138129881671e-6
5.611567562156868e-6
1.9230220853602137e-5
0.0006970558917767525
0.00017960242784571337
0.0034930205495529243
0.00014263828343451108
7.819353701107749e-6
0.0002605877733818971
1.3547762409152865e-5
3.5126587585604105e-7
4.434943651792065e-6
2.749006169618008e-5
5.7181578092231034e-5
4.25112667405189e-5
0.0009867958991380441
2.299155009423966e-5
8.628824766735962e-6
4.3360604610922714e-5
2.7776807427164567e-5
1.0494718817974356e-6
1.8480310397903446e-6
2.4751446556631634e-6
4.4446024768356776e-7
7.476948429106233e-8
5.756219233013817e-9
1.8573950592294227e-6
5.606229556929192e-5
1.1983667330030187e-5
4.745314934566184e-6
0.0003722457551232738
4.320057185054738e-6
3.762216037533076e-7
8.780492031279693e-6
9.937332996707263e-7
7.127117929498288e-8
7.274473643620488e-8
3.326866900780154e-7
4.243155479797078e-8
4.425825047878293e-9
4.717991652363808e-10
1.0116787525755232e-8
2.4881965493143928e-8
2.421898057496668e-9
1.9345128807000149e-10
2.5054513971975094e-10
1.7201965797803105e-11
2.2187047795737896e-8
1.2832942066666517e-7
2.2468533601759747e-6
1.1726186053327707e-6
2.0155060491697446e-7
5.245521266227003e-6
6.812583476123338e-6
4.4629211384719986e-7
2.5184624701225846e-5
3.0778169461681053e-7
9.583919372327537e-8
6.25571765115742e-6
1.0456289213722928e-5
4.9417305108988455e-6
0.00017859549506062352
2.774958199868021e-6
1.5588192947358303e-7
5.127482427632293e-6
1.2463166749409538e-6
2.2800125663195347e-8
2.693163217971481e-7
4.1226427204657225e-6
2.742428805227976e-6
7.963245115339742e-7
3.741280763786242e-5
4.897556308653543e-7
2.648104147963737e-7
1.5684971972804492e-6
1.912856931570575e-6
3.1710711601044914e-8
2.883118618839414e-8
2.621871119739904e-7
2.2266833133318215e-8
6.051398509809435e-9
3.051690377983419e-10
1.2421298496610839e-7
1.765163945113478e-6
2.5722052228510854e-6
3.3482972539834614e-7
5.727762394719218e-6
1.6335846916428557e-7
2.7328802053861236e-8
2.3981921405326487e-7
1.2846825600742426e-7
7.80453342638294e-9
1.4564145086019493e-8
2.007313500977508e-7
8.031621178148559e-9
3.04315855770403e-10
1.5305125681865387e-11
8.208442608586343e-9
6.360502860387695e-9
2.43076953066771e-9
3.4480511937283628e-9
2.9963353090651316e-10
2.82057134751687e-12
2.557883307856514e-8
4.3802759509142e-7
2.989750012964368e-7
2.0498574268742933e-7
2.6772416775077893e-6
7.942906110586795e-7
1.1782425442375172e-8
1.0894600736681155e-7
3.866103361216108e-8
1.6932968321634484e-9
8.200721510296077e-10
1.9007204155683975e-9
6.34806488829383e-10
4.5053785332725016e-11
1.8698889135126375e-12
6.385432056205012e-9
8.304480562305553e-8
4.009022866580293e-9
4.240833975022917e-11
7.131701683151877e-13
2.109640142327205e-14
3.951263793551587e-10
3.447095976584758e-9
3.569548055567089e-10
2.861174082134634e-11
3.112703090215947e-13
2.2486584956505724e-15
1.0763507029987418e-16
