8.430209496419221e-22
1.7324944698519676e-20
3.241317555806705e-19
8.352626576836172e-17
2.252559277122432e-15
7.5572332126071e-15
1.2779680251194155e-19
1.1494661906232031e-17
3.138095385283831e-15
2.4599653989046824e-14
2.445181650653791e-14
2.845842428934592e-16
6.747972725127806e-14
1.0691607246291065e-12
1.4100979924919539e-12
3.4464294864804603e-12
1.8771603022646902e-10
1.3674634015961112e-10
3.0532470870923737e-9
4.6640722240614775e-9
4.301921633044622e-10
5.504363344323779e-18
7.861641918820213e-16
1.465691858562175e-13
1.375148294469247e-12
1.617469704690486e-12
4.101296519857885e-14
1.3284325708224945e-11
1.4753030452952877e-10
6.553777916531474e-11
1.0817345323117974e-9
2.4343356524261718e-8
2.2262878017805603e-9
1.0746460398377272e-8
1.254524827164126e-7
2.991099484300428e-9
2.3808860790135957e-13
4.475583657306788e-11
7.635424413084936e-10
1.0315231518280792e-9
2.675992580803219e-9
1.6831005526697588e-7
6.185553545370585e-8
2.201631943392392e-7
1.963407707740749e-6
1.6781086928233693e-7
3.829091621290687e-10
4.097501140020168e-8
6.148271161297088e-7
4.844724837846981e-6
4.0360619806109085e-5
3.991512840174301e-6
5.1838043869242874e-8
1.0454669338007189e-6
2.8496805799587748e-8
2.7582392949063744e-9
1.8766750026565244e-16
2.568560048591493e-15
5.130116680090799e-14
1.891878450417423e-12
1.8121138184478263e-10
1.541644610211147e-13
2.6820460870313703e-12
1.522523020890062e-10
4.4209453887811614e-9
4.5535000166993847e-11
2.6472176735620507e-9
9.745661162204496e-8
6.181877897608556e-8
4.4458099943521085e-6
5.886822423377136e-8
1.2738913142757596e-11
2.4333538154309773e-10
7.64269565787566e-9
9.808249193790833e-8
4.2001490242741005e-9
1.6109498700828923e-7
3.5478262085571143e-6
2.7956807225339157e-6
0.00012444523687300251
6.28486436519864e-6
2.480241794493717e-8
1.224112874823378e-6
6.803951556765475e-5
3.043575384179574e-5
0.0017813762096406539
3.105510911600733e-5
2.0062095720541957e-6
0.00011558203875066241
1.8862140227444745e-6
3.084522067178786e-8
2.9186932431674606e-10
3.2563193735425785e-9
2.4412545550510127e-8
5.944495914667095e-7
2.766849402268596e-8
2.002510199611436e-6
6.252583835665584e-5
1.4880482676429942e-5
0.00021357598330202937
1.3253894987775373e-5
3.479790339376445e-7
4.903301679884911e-5
0.0003120923699737692
0.005565941027206015
0.025649366520434515
0.003471109467453186
6.115633996750248e-5
0.0002978186991430011
3.0437207089634686e-5
4.083587615711061e-6
9.575616275280706e-9
5.454519012609929e-7
6.684594844081542e-6
1.9103598153770462e-5
0.0002072442538739845
1.3234634028310435e-5
1.101773585925156e-5
0.00032534649939589244
1.0845532666672935e-5
2.2791504556204688e-7
6.496751660250911e-8
1.731955236849726e-6
9.47205697863418e-8
4.162155754156279e-9
5.080249094923768e-10
1.1169771077695046e-14
3.880797048449358e-14
1.9359086322794305e-12
5.348659368309351e-11
9.758313411117565e-9
1.6081336613330744e-12
5.953323302969732e-11
2.9848310476049373e-9
1.959612651595349e-7
9.36599320813103e-10
5.352652665742519e-8
2.6670587795319967e-6
6.31264370147361e-7
4.75523620121314e-5
1.0471164372101492e-6
1.8831215155374533e-10
3.094789791681698e-9
1.1685702693534951e-7
6.062228762565968e-6
6.53813887854503e-8
3.5433476427027564e-6
0.00013923600098589644
6.853337091275887e-5
0.0016867725770862083
0.00017652374772415656
6.413645239590962e-7
8.18268050503771e-5
0.00020570009961119384
0.0002801846861547512
0.030351091514678144
0.0002858300780606575
4.7976767440548676e-6
0.00022704803988399103
0.00018697074977096713
1.2822169516369116e-6
1.2303152864610093e-8
1.099455650543629e-7
2.491930447009647e-6
4.991864231371123e-5
3.6054526999681198e-6
0.0001163658167699269
0.0018732958521512516
0.00019471835130975288
0.033126516499253904
0.0002041999630032778
5.097645740425136e-5
0.002176107374000074
0.030717264730833853
0.024056026066298416
0.6626697412494524
0.025638681596796997
0.0010345373442319562
0.03150999892968059
0.0017188398834117316
4.208239669489255e-5
2.0426348663485716e-6
8.374346452770034e-5
0.001559352944525997
0.00019295743930735672
0.032892134841554024
0.00021587743846465627
7.584499176757326e-5
0.0019971946277860335
0.00012002155848175425
2.050550293000777e-6
2.070190537537828e-6
4.931918434148576e-5
4.1465605081508775e-6
1.3161215561948849e-7
5.234044545723641e-9
1.3121990597824734e-9
1.0236358856350682e-8
4.625627950377781e-7
1.998585699375784e-6
9.512281814018906e-8
5.825267911458464e-6
8.032492643658883e-5
6.432555341386432e-6
0.0015014054792153373
7.437074888183784e-6
1.6557164249207116e-6
0.0002002935600963268
0.00023615118277292785
0.000320538996087172
0.03267868111683978
0.00030642060969187523
6.1167828653525e-6
0.00021721379261462566
7.426136186453523e-5
6.29279239813523e-7
3.766738392565959e-7
1.288053343268964e-5
6.68605443312908e-5
0.00018132098385599605
0.0015908591943287775
6.212607404673188e-5
5.2614810495964e-6
0.0001218227810466719
3.837054564777255e-6
7.160306615061022e-8
9.418775828821485e-7
2.3057660330620646e-6
8.21839446355351e-8
2.434460798576194e-9
9.938306664299714e-11
1.1709802200058253e-8
5.763179980708058e-7
2.075169887335272e-6
1.2925957132978013e-6
4.7882104435989404e-5
5.2280972657206e-7
7.509308802645252e-8
5.29332478108504e-6
1.0324314138732767e-7
1.1099510500579715e-9
1.1297446606163885e-8
1.558614402393242e-7
3.643859709899922e-9
5.963444755315267e-11
1.3733049544547552e-12
1.375587615538454e-9
1.0186924608921475e-8
1.686745584893663e-10
1.4524383326318665e-12
2.402631006373823e-14
9.894711100526451e-15
3.0036324048335067e-13
4.558890098721623e-13
1.1203576091116703e-11
1.3673819193231982e-10
1.7376914878642356e-9
5.968014858894982e-13
5.4482200243093653e-11
1.5949288811942868e-9
1.2472987137079447e-8
3.331559292575877e-10
1.1131598331831987e-7
4.008884041112935e-7
8.050969564355511e-8
1.678972729392812e-6
4.3944053553309125e-8
1.944601801071088e-11
4.950609931185258e-10
5.927573498051414e-9
7.375355067329443e-8
4.138184578990931e-9
1.439666078538332e-6
5.454479119997234e-6
5.676164927901937e-6
4.7057728771206014e-5
6.175317461014784e-6
6.326459477059856e-9
9.93602219984827e-7
6.273441474007562e-6
3.857248669655152e-5
0.0010455060887118888
5.856306699212779e-5
3.2512770249101836e-7
4.651614942970962e-6
2.524160683376272e-6
5.017003046002439e-8
5.753858471815036e-10
2.9000921380146223e-9
5.26408364381278e-8
1.370023376900486e-6
3.59672326037747e-8
3.2581907213981573e-6
0.0001804214054868161
1.1788715293770671e-5
0.00019626324351249716
1.5686094054866413e-5
4.5389564566905416e-7
4.475409167353748e-5
0.0003015278108979738
0.003338376555470282
0.024366936838615398
0.004835780141996729
3.92211965818302e-5
0.00028407118976173573
2.835744652725747e-5
4.437642374663015e-6
1.3289872139403876e-8
5.801217793396958e-7
6.330753513922647e-6
1.2575135233550684e-5
0.00019287692692613773
1.4695157087866158e-5
2.4166740107342323e-5
9.518710484225613e-5
3.8085737753172576e-6
2.719052891867068e-7
1.7053907086299955e-7
7.681835562428425e-7
6.842442394450844e-8
1.1031613047719216e-8
1.6657935725016627e-9
3.483020642226745e-10
3.3700461289468484e-9
2.129474851066798e-7
3.2004259235436034e-7
1.5204476524467787e-8
7.441856778646569e-7
1.2039724924727932e-5
4.863694356516734e-7
5.524673466252005e-5
4.4350548675517266e-7
1.3550723968291242e-7
1.7087712279607437e-6
0.00019160498587896893
4.008937088154672e-5
0.0017088326630012747
4.478532858461574e-5
8.351689610307458e-7
5.54436972626601e-5
1.2163677737034867e-6
3.9055422549671864e-8
1.9778764621641704e-8
8.641813568016266e-7
6.27332513040392e-6
3.1037865207042232e-6
0.00010935970330487347
1.908743890676878e-6
7.097497898883404e-7
3.6874910133635823e-6
1.7314949301937162e-7
1.2260228498615983e-7
5.38080517008002e-8
6.700414735056006e-8
2.66036918887694e-9
1.07719567745338e-8
1.4728611152238997e-10
3.6865045764034577e-9
1.1029835649047908e-7
7.292213621717403e-7
4.5245388224675645e-8
2.7328049235389765e-6
2.5828706093552832e-8
7.454400085371503e-9
1.2188833038339506e-7
5.816507091867659e-9
5.920580489450536e-10
1.0617365390753895e-9
3.752984606664078e-9
1.6140828522828453e-10
8.371362256042546e-11
6.979319964142587e-13
2.3927461621789966e-10
6.462691370208853e-11
2.151586044345288e-12
7.279744199115739e-13
1.6403022013909726e-14
2.8146912194220065e-15
2.2986629110553424e-11
5.337515590010325e-11
4.373647797785666e-9
8.949394533332933e-9
3.82497770062043e-10
2.2426211246605744e-8
3.316855329928279e-7
1.0950261532859475e-8
1.6043351779266873e-6
7.950260365453416e-9
2.9124708824863335e-9
1.3139759774227055e-7
1.5223361184134285e-6
4.388135534673284e-7
5.064666155587836e-5
3.406365345678616e-7
6.210746899865884e-9
5.958237835051815e-7
2.9365488390388104e-8
3.5090831353787087e-10
3.611455789679044e-10
1.9741043938033437e-8
8.359916692598735e-8
2.5445975055402295e-8
3.944267308996326e-6
1.8999877631128314e-8
2.426231860159952e-9
7.337920474114993e-8
6.5786007017628714e-9
2.680574140285692e-9
2.0376670101800546e-10
8.401784624910714e-10
5.0703065245279914e-11
1.0402147176758754e-9
3.5171266729403995e-12
7.25791281063617e-11
3.6005836389644886e-9
1.2198068116635273e-8
4.508231893611038e-9
1.2884560743048908e-7
2.227673564153761e-9
3.0091683999717726e-10
3.3081769433358317e-9
2.5331513782385756e-10
4.375154763445718e-11
3.274492198458969e-11
6.667109013699269e-11
3.1892744823132407e-12
1.0740802591805021e-11
5.753546271599421e-14
1.91959609311716e-11
2.1273563444312257e-12
6.48775367490543e-14
1.0036023245199651e-13
2.1494195816907295e-15
6.616796263998282e-17
2.423046783478123e-11
5.679753017237158e-10
1.7204923519001255e-9
1.6141696818631104e-10
7.543292065192654e-9
2.1599770842287872e-10
5.546014390394731e-12
1.341491874272019e-10
9.137316077547586e-12
1.81839706906915e-13
3.342020940337184e-13
1.5079711334036192e-12
1.246713780480774e-13
3.189748366823739e-14
2.3259749249446883e-16
2.8758637449337966e-13
3.7554097183866023e-14
2.3599217773427287e-15
5.826147648279587e-16
9.0102672885346e-18
2.9652177361477195e-19
2.8358402430601727e-13
9.655909567959616e-15
1.8470251235317283e-16
4.089962401656344e-18
1.0672147411679254e-19
2.01875047872319e-20
6.808212969344356e-22
