8.47412967285584e-9
1.0744238966510711e-6
1.573581248803745e-6
1.957553583932682e-6
1.2897556342926993e-6
1.6928142238335066e-6
2.2447909463253334e-5
8.222281319201458e-5
0.00010107302335577184
7.220546372188968e-5
8.167576621462336e-5
2.8221850260594492e-5
8.497920462262157e-5
5.567089184067199e-5
8.64823916441291e-5
4.561081135984061e-5
6.782886069544376e-5
8.632734064482996e-5
1.9274818311100744e-5
6.938335047081912e-5
4.343815021005239e-5
7.922016053872927e-5
0.0005559429391862873
0.0007318256833385409
0.0005217299636453902
0.0004991795700507852
0.0005636521198603285
0.0015253129907632067
0.0012277830838343703
0.0014033309543843707
0.0009506441816045658
0.001364225631475132
0.0014885049632903816
0.00042583865806417444
0.0012987887757562734
0.0006907830534125188
0.00010159504301262954
0.0005789710970714205
0.0004888313818541837
0.000805071486378488
0.000684001665789022
0.001019270262679876
0.001353266237418708
0.00040888141454746725
0.0011667812233010098
0.000784843085892381
0.00017909983025251973
0.0006245106037973554
0.0008485293288977773
0.0005269680952740545
0.0017754068833127745
0.0008513831230908123
0.00011787646789775248
0.0006018333862099179
0.0006460885479518983
0.00026065680005386675
5.305357646940482e-5
0.0007126324996565998
0.0009034280228672099
0.0006533412577043736
0.0005239685742040939
0.0014991002466671686
0.0038055380056783014
0.003481087928740683
0.0030270003354778306
0.0025925145386851106
0.0034020329304085615
0.002772683658199197
0.0013981350945002286
0.003070546570504726
0.0016074956984256246
0.0006826867909024768
0.003794029643058284
0.0037593092847863063
0.005027408949941577
0.004749558499445293
0.006742830600237677
0.007322977855445812
0.003010115407930839
0.006051844329471636
0.004510060534276284
0.000884843710334568
0.004035006177061845
0.0050011304039996145
0.004219045973825543
0.008387813709796733
0.00506649702876047
0.0010971232512972885
0.004358266818407409
0.004481897025432388
0.0006372552107192217
5.2863756930889466e-5
0.0007390010956149817
0.000675115610547321
0.001070269041652689
0.0017510994577791868
0.003182175966281431
0.004357983180468739
0.001385583436490413
0.0037121673403568236
0.003151754424309635
0.0007852653736487882
0.0036357482268820195
0.005607977835657176
0.0031324413451039837
0.013735994991203471
0.006739561416950843
0.0007929513216448679
0.0038808790847843235
0.004925392146999201
0.0008231591769112446
9.484083948400174e-5
0.0009397113599511428
0.0011821946253275813
0.001541657974265637
0.004627903043089458
0.0031753790371384645
0.0007561083497540489
0.0038176587231616307
0.0045653123303670395
0.0007618549609619287
6.323888289610443e-5
0.0006618402434525996
0.0015977506281231438
0.0006933791146844394
4.360123078548956e-5
8.0052816261603e-6
0.000214231463706196
0.0002264703330478753
0.00022050812251697116
0.00011955465592184303
0.0007083746484171969
0.0018729034069412053
0.0023768526297099223
0.0014701573582338928
0.001511977975856665
0.0024271717541431864
0.0013245263337374339
0.0009427866135016961
0.0018116571700400297
0.000657803983052391
0.0007056012698135012
0.004441071778143269
0.00501374653246644
0.004192925266682896
0.006026172041616769
0.010108796932938811
0.006473099903618289
0.003276715026649563
0.012190065922400394
0.0037419947991435393
0.001115828241882816
0.0046803012944067
0.003965813019930826
0.004564069119593707
0.013077966419091992
0.003862936311531544
0.0017802926626753635
0.006663321733685048
0.004438101133030782
0.0006075744832168164
0.0001581349408355834
0.0019077816982345772
0.0020716456061979334
0.0020565058349550727
0.004895470176866963
0.006919455785485015
0.007666781481727787
0.004010798408568337
0.011290285468590821
0.004627719880183067
0.0024217642142981945
0.009571317600646943
0.012982686727930038
0.011045320010866888
0.059759973159668786
0.013873590775271434
0.003271927685855862
0.013336319962884485
0.008445740851679416
0.0017788191009978605
0.0002824187451741178
0.0026139028895264334
0.0022140168909935607
0.004263155794776924
0.01127001159913736
0.0037797922852550654
0.0024819379562525954
0.012128735236824182
0.0059640447473219725
0.0011539529086215413
0.0002054956049367268
0.0018116299238244656
0.0030406403399350344
0.0013116956777767912
6.98404987387694e-5
6.515938551069255e-6
0.0001739928478109643
0.00018173477270022476
0.00022784133087969685
0.0007500701544559237
0.0021197606500355827
0.002611553041293302
0.0011595313149600822
0.002178736382767977
0.0012160681813373738
0.0007415811379422751
0.004159706663400082
0.005111539241040899
0.003360511123652819
0.013096885737284245
0.005481460132428723
0.0008255975793243294
0.0039732898858915065
0.005031299306236392
0.0008399900587946129
0.00020819619487934837
0.002275923353699233
0.0025697498573676175
0.0037590171852403247
0.007599747978901992
0.004334363218490479
0.001732553590742783
0.006466882181460192
0.007430864919599597
0.0014124915603101315
0.00018548537381855187
0.00134110021998811
0.0027596755524045245
0.001473720477470519
8.584214205696142e-5
1.0215708795337088e-5
0.00020266547248244416
0.00022144856268493154
0.0007194597554963319
0.0020416358066827215
0.0011050214084084471
0.0007646353747339647
0.0041925863468091455
0.0049595957734130435
0.0007932114864367849
0.00015331092342375452
0.001463040926488616
0.0030820758443432373
0.0014017876501568737
8.5586866734451e-5
6.177511340722783e-6
0.00011848690977118015
0.0005306773638619776
0.0005028765370339782
8.255800056186612e-5
1.711170187987069e-6
2.2547008753151544e-7
1.028745123354875e-5
9.593909579402314e-6
1.34559180206711e-5
6.190169532765971e-6
7.427448859493373e-5
0.00020434574344436185
0.00034781534181843225
0.00015078832780762697
0.0001285560759787471
0.00035700915041524594
0.00018382926516256003
0.00015397230647523015
0.00020475273402168758
6.28832601360591e-5
0.00015021549768940408
0.0009011187666517668
0.0012991226507436877
0.0007553407200086063
0.001104537896643412
0.0028967430262718074
0.0017504406594192517
0.00145454490942841
0.002426994011108014
0.0007371283907682207
0.00021799833212476306
0.0012372041923073341
0.0008144668232957157
0.002095714247563491
0.003308435651265433
0.0008115008737710732
0.0009146435616930645
0.001760323566762318
0.0011183336229545371
0.0001201236924842166
7.812543220186498e-5
0.0009240527331721732
0.0010968728728461344
0.0007270448964285069
0.0020548226392348664
0.004055763124285987
0.00377835704648024
0.002572836143785924
0.004267599498801958
0.0015139687131722778
0.0009758179888546185
0.00516209148764444
0.0033046133860366177
0.006065367275286787
0.011109716443285771
0.0031882289714893933
0.0021081487583934654
0.004609001426384582
0.004315198692263224
0.0005454314888395015
0.00011001556759326371
0.0012202960564930056
0.001148682023245362
0.0025241945418791093
0.003911481552195089
0.0013947458613109318
0.0014511587440129996
0.0032205402368265736
0.0030326986011307107
0.0004082312967639751
0.00015719473335967083
0.0009366380247037742
0.001398096871067981
0.0004216876641238357
1.930534394475524e-5
8.246282596862703e-6
0.00019933758304765858
0.0002632494726181104
0.00020415686463982338
0.0008138707233805567
0.0024031275401658796
0.0022747341876916635
0.0012028247705082513
0.0025960963014059583
0.0009467374364060464
0.0008328590838888993
0.004477213123088602
0.004100477254136635
0.005138923397074525
0.009479682019807917
0.003605103555645924
0.0012566945109827193
0.004702026677301724
0.004035565621048325
0.0006265954835156763
0.00023671327150423936
0.0024064270803603282
0.00210492305434097
0.0040666009782097555
0.007050831996074145
0.003130444877199866
0.002907274158611412
0.010334130285934145
0.006730225840939033
0.0010253206199346623
0.00036386606981315896
0.0024352975127171542
0.00341680397204954
0.001390464278469008
6.894247173055888e-5
1.207379340948332e-5
0.00026271115177651963
0.0001793279567017955
0.0010924417161786537
0.0020898038200752576
0.0006857336772889312
0.001302410535474778
0.00487918611668572
0.0037957752843648628
0.0004844404422788447
0.0003410290740969943
0.00231432903399007
0.0035011840835134597
0.0012448331502643007
5.627211538575985e-5
1.31471860529431e-5
0.00022088142179285696
0.0006793583591135452
0.0005382445151960298
7.463348685494727e-5
1.3344634971623956e-6
1.9405200609863963e-7
8.869755400708624e-6
1.2107044906588188e-5
1.0321674850349761e-5
7.537253375126394e-5
0.00024056879835980007
0.0002126499505867807
0.00011148300353159913
0.00028041123485754633
9.581079208052158e-5
0.00015693864994363737
0.0008403461345648818
0.0007442993063808529
0.0009767771824522767
0.002369610743110902
0.0007824171136453713
0.00022052505323986977
0.0010736323725952807
0.0008486535364854312
0.00017655844791118685
7.55917541356252e-5
0.0008129689394993951
0.0007704049089438779
0.0020184708854868224
0.004876299532393637
0.0017419413365259413
0.0011121011404815358
0.0060219855845615525
0.004686122998687009
0.0007031134857149108
0.0001280920435226714
0.001476441507214836
0.0025501417137571807
0.0009802876663294352
4.701388216491911e-5
8.891245980078473e-6
0.00019811936739008856
0.000177540928329047
0.0009216922251484665
0.001933967609877175
0.0007448193592579882
0.0009194642056081883
0.004425202252531095
0.0037455994683590864
0.0005870230064063785
0.000205070386098768
0.0018412802910655424
0.003759062747401812
0.0015543017538208466
8.437743494089089e-5
9.520549555668047e-6
0.0002288234901025672
0.0009216396061910796
0.0007473407047746666
0.00010000998235128376
1.9039708230785496e-6
1.9393104880531738e-7
8.063177163934971e-6
6.802927597961534e-6
7.591718299530557e-5
0.000164169059520853
5.427204247350581e-5
0.00014813354541698173
0.0007075227776854947
0.0006723994705662134
0.00010218764244217051
7.322598939330653e-5
0.0006981601306909579
0.0014922574535315327
0.0005742326759340798
2.91310013687878e-5
1.0109279387291394e-5
0.0002084095176561967
0.0006974456416491211
0.0005658620395917795
8.53188999816696e-5
1.6213778063487559e-6
2.242842301502333e-7
7.951328000731514e-6
5.28737162004386e-5
7.849776339961687e-5
2.1902355902570796e-5
1.0427653321992637e-6
8.253838176841863e-9
