3.339831908194473e-10
4.0544152561187835e-9
1.221515286967112e-8
3.0801244156190173e-7
3.868889470064547e-8
5.263860213864123e-7
6.427464211145635e-8
5.399216897862709e-8
3.319616441355769e-6
5.505088033534576e-7
1.5161701112436148e-6
5.139941163120244e-7
6.829650100980378e-7
1.5434435659677191e-6
2.6964380950211664e-5
5.4258160956414295e-6
1.7026593168088774e-5
0.00015575327548136852
1.2208845947386577e-6
2.935377644163978e-5
7.693787330656733e-6
6.380812525604194e-7
6.129188014661536e-7
1.3912836861491505e-5
7.722622188487932e-6
7.843406101154463e-6
3.4551351764812353e-6
8.001883869634755e-6
1.3588187965200853e-5
3.851611017506382e-5
2.352152365100766e-5
4.0632466769051585e-5
7.022051766193634e-5
1.8051317794821075e-5
0.00013482594434349884
2.0523864222234286e-5
9.795899585680443e-6
5.030681431001447e-6
5.267401971586429e-5
6.243294798992805e-5
2.5054957285115775e-5
5.991138369809859e-5
0.0002483286268355902
0.00021545394719215424
0.0007407608654328692
0.0001478467895749908
3.930163009673249e-5
8.957501306296152e-5
0.0002660393599813264
0.0002575608852409185
0.0028903482873000124
0.001274340304329296
3.7353864278993845e-5
0.00012221803055351672
5.1205722624675174e-5
1.5101010602028229e-5
7.387404799609751e-7
2.957394453896297e-6
1.9464109117887545e-5
6.115218644025393e-5
2.0942606067054335e-5
5.560502456708546e-6
2.6639232256344714e-5
0.00015531341606685393
7.33217677761411e-5
6.707796113639013e-5
0.00015111237803619971
0.00024989314765478857
0.00012675677656738432
0.0005635839396635854
5.352584361567613e-5
1.416011869073304e-5
3.12139732379523e-5
0.00032889001401922136
0.00028473899911483344
0.00031542260171080254
0.0008500468961607112
0.0010535532134742776
0.0013717238837200308
0.004931420118101495
0.00046148024154584643
0.0004365909724325878
0.0005965855626224565
0.0019707446674539467
0.0011455573147223295
0.008996108240935736
0.001495139595571209
0.0014142640439290786
0.002676044027549922
0.000456229447217658
5.092652759828391e-5
1.5059053019875306e-5
2.4410121411250057e-5
0.00022924478839295756
0.00032584678262761264
7.639405110164719e-5
0.00043664762789587133
0.0011345060541165363
0.0005101966638769519
0.00333883269424812
0.0005466905285915289
0.00023830194262849109
0.000887049661563056
0.003269139955657658
0.005800660250740586
0.03573087152335374
0.011023272715284884
0.0024098020635639505
0.00581963407272266
0.001417900593755121
0.0012937448729885034
0.00016028021465544064
0.0002474630295991545
0.0009232795069458496
0.00030582195437287783
0.003144910660062283
0.0005599155349707116
0.00025297358574815417
0.0012922542265820698
0.0004929824156174456
0.00016389553018385196
6.266048013020133e-5
9.484870094445382e-5
5.163654921237957e-5
2.0532552726725117e-5
7.566481918602685e-6
3.20707309690408e-6
1.524222111878057e-6
2.0610238194384265e-5
0.0001081762879052238
4.479540808058831e-5
5.742892340802771e-6
3.1786911419557444e-5
0.00018044767489994813
0.00013165703850658017
7.524897800338864e-5
0.0002231236260434566
0.0007611543409266948
0.00022046280191661443
0.00239229701512162
9.434250366000659e-5
1.7820666364287187e-5
4.1257088586275876e-5
0.00033834533268853795
0.0005755085096904298
0.0002908779225839271
0.0007828474479261871
0.00412024202421039
0.0012389462434136888
0.00738570013651233
0.0011923895440089341
0.000378630823178453
0.0013205134323951743
0.003085727057626929
0.002807894525071441
0.04301965865467286
0.005686170296493674
0.0007733654803878662
0.00286627691914161
0.0027215660470278056
0.00011878998311037008
2.01354394166869e-5
7.238332845327212e-5
0.0006278585346180534
0.002554789510205087
0.0005683817926460702
0.0036520006946097403
0.007294033803779777
0.0029446784111725375
0.04136304361078242
0.0031069683401707413
0.0023845965371388916
0.007197999809575066
0.03341848520418333
0.026985923069969896
0.23696505227205675
0.036256940942974665
0.008880587073811324
0.042871300017664975
0.009138779662798186
0.0029565952701388685
0.001684439402149516
0.00366835538041544
0.01109930515672476
0.0027059325528790523
0.04319526830188691
0.0034568941446099246
0.0029510540537705204
0.0075411558112081865
0.005194663530187226
0.000749693655765082
0.0016134000722663434
0.0022724037729585896
0.0005494247017164799
0.00011612980163382877
2.5348819427487668e-5
2.5899334417440412e-5
4.812621080526085e-5
0.0003966397304140938
0.001833752423570835
0.0002384407234240736
0.0009912426278611164
0.003945281332996247
0.0007494620089977156
0.011352354027521114
0.0009268758062698078
0.00024325628299650982
0.0012136593464961993
0.0030920687255452583
0.003767632285785896
0.03266907071752117
0.003239264083719979
0.000779334328883134
0.003254221695933562
0.001944659081457181
0.00026648037233659036
0.0005149777693188096
0.0006346279521237548
0.004225807456642119
0.0007520852512781346
0.007585340936230753
0.0011361248330054102
0.0013879710662758448
0.004291496975840253
0.00101531000757661
0.00026928013237740114
0.0005402247239131746
0.0008010602488614768
0.00024353674400384235
7.049737825398629e-5
0.00013632851191808424
0.0005454394607830052
0.0005644369561865175
0.0018553794597483324
0.0002410320968575435
0.0026783824071475943
0.00032663870095430277
0.00020120755342295166
0.0006323335180473059
0.00027743219434110374
6.78396680997633e-5
4.805608160354559e-5
0.00012354005029358302
7.288861714883975e-5
3.599645119180204e-5
2.9972695286511942e-5
5.1072603663551995e-5
5.052791006414637e-5
2.1064496112490245e-5
8.644374984921583e-6
1.4764626238482853e-6
5.283991668771413e-7
1.3221544871793895e-6
1.0056180045668298e-6
3.1758534561001736e-5
0.00015750728203583228
6.921622422901796e-5
5.556170904349684e-6
4.0891325354513545e-5
0.0001193430123626465
5.160284193863937e-5
5.6727815847038704e-5
0.00023692377470898484
0.000543813441603023
0.00017891522746283194
0.001732406593521732
6.207924191220659e-5
2.5112019824910332e-5
2.5807512079261826e-5
0.0002448609388685453
0.00020704973731565377
9.794659137296591e-5
0.00044644439117379127
0.0013662749795722042
0.000847350309265208
0.0026601442930293973
0.0002417228004748644
0.00012407424957445827
0.00039457670475640287
0.0008890840759169825
0.0014931289763059723
0.009208900243793389
0.002628128672209851
0.00034225905266497435
0.0007648558272137134
0.0014499370179990487
3.836585511479661e-5
1.4902303378217183e-5
3.0773747983081944e-5
0.00019113654438602588
0.00022336826174007047
9.522850536472408e-5
0.0005684950216573352
0.000768604139527539
0.0004717338134010931
0.0026741280375763747
0.00030159637973532587
0.0005013679252316741
0.0012120318156104786
0.004015493708589382
0.007827433934142414
0.026739351449912508
0.005815990492528508
0.0014053571361015138
0.002795403948780411
0.001168171361859359
0.0002559234221969325
0.0002849882715352972
0.0003280262864913266
0.0007776444566715455
0.0004794258569601953
0.002978377226398334
0.0005652955973364612
0.0009414221404235962
0.00148792606546075
0.0016905227184571454
0.00022316741546908245
0.00017153980161709062
0.00020941280511816335
0.00012161563685688568
1.799169215636253e-5
1.2101165758856212e-6
1.153338466087664e-5
3.230270534919917e-5
0.0002571243397947819
0.0005181925709122672
4.7817770227231184e-5
0.00039107928677995917
0.0005868820164754088
0.00031349449114534406
0.003777802538965237
0.00024044820582285866
0.00029868550304662105
0.00044287865744664016
0.0011340774669112387
0.0011370358508317688
0.007147903740403135
0.0008143363977304453
0.0003508877110838921
0.00119017635672697
0.0006406487705439234
8.669814983227739e-5
0.0005855081401219639
0.0004191053362790884
0.0010003131390889657
0.0005940207209637019
0.003929314103397392
0.00045059472205909705
0.0004481022736782142
0.0008331990407079783
0.0008984095318087268
6.277308338320823e-5
0.00021452944998687134
0.00020870124372218568
0.00014105427549488168
4.2142238041368346e-5
1.730233707073339e-5
0.00038450660044702273
0.00025895994995693886
0.00039755934248286154
0.00020069381135004444
0.000646908425331601
0.0002638963351497905
0.00027475070086603625
0.0003707673407059881
0.00037378222582411686
5.795146151823057e-5
0.00012194704103830232
0.0002097999949766791
0.0001747486495434808
1.4979019172499981e-5
1.5080092903151852e-6
0.00014503802125522266
0.00010338517880546817
5.589334240043694e-5
6.465455554843088e-6
4.3287940488730995e-7
3.0868271169275265e-8
7.1943212267696374e-6
1.1356872290635081e-5
0.0003648234870574844
0.0004829139565521707
1.0427380915318258e-5
0.0005168256602475034
0.0004621696502549277
0.00025947956052764775
0.0015446693035225955
0.00015396212928711552
9.4529218862502e-6
0.0002922615798185068
0.00023725444291982753
0.0004546520941503465
0.0022049578605579678
0.0002295614792669724
0.00011358058755084879
0.00038410134603965903
0.00042566026445196354
3.991991446226132e-5
1.1401660798630315e-5
5.04855995670692e-5
0.00023517077854077816
9.36761232729878e-5
0.0005652517857590497
7.897577579027082e-5
9.348450418947427e-5
0.00030789297161834756
0.00033556915875676633
2.4115685588851954e-5
5.252242169508415e-5
8.027594201651856e-5
6.617256685378313e-5
2.4222484162176364e-5
4.999177881364064e-6
1.2398197545212885e-5
3.466052430410193e-5
4.9776722614438426e-5
3.3805445035451734e-5
7.809883834567394e-5
2.6065670018112856e-5
2.2100560641561444e-5
4.1595994568953755e-5
3.267564332388303e-5
4.8976101264908946e-6
2.5548113354193633e-5
2.716351908133985e-5
2.3925181714983005e-5
5.535781778043988e-6
6.454543580288029e-7
2.2905961394503214e-5
1.8154622965428777e-5
1.7919850464667358e-5
1.2700352141735482e-5
2.74391797333225e-6
2.792857464956621e-7
8.380472535594037e-6
1.2903572058470355e-5
2.817096373556978e-5
1.692117470453142e-5
2.2079624087395233e-5
1.7905349752711143e-5
2.6528659267595838e-5
2.0831469478954025e-5
1.7273949894649248e-5
1.2481418390670211e-5
5.780096519362517e-6
5.913572448660793e-6
6.0270571569289905e-6
3.778178908961912e-6
4.5294015693198655e-7
9.898658329068368e-7
1.4250478935649611e-6
2.8495744715980222e-6
6.161540117061351e-7
4.975092352072787e-8
1.1062227643369175e-8
1.2468314572817369e-6
3.112732464561754e-6
7.016664071213769e-7
6.131240643968853e-7
6.271758243254305e-8
3.7193476929947485e-9
2.748000446673872e-10
