3.079486158046235e-17
8.055176761436306e-16
5.482023016965467e-16
7.253439742730069e-14
1.190043085254645e-12
2.4767856771148993e-11
6.650038693347557e-15
9.30889291713873e-15
2.7770386696355395e-12
2.3296259032310964e-12
2.6338615486159755e-11
1.1733891552856266e-13
1.557865961180768e-11
7.426233957513355e-11
7.167031735607466e-10
3.0558684411159637e-10
1.4899595956722413e-9
4.4865557064259225e-9
8.256564799952506e-8
3.9423854499150334e-7
8.081074355435436e-8
5.545145586356287e-14
3.736415944202371e-13
9.486558089035685e-12
9.304880415112777e-11
4.766234530226715e-10
6.907745373438794e-12
9.83823602071742e-11
2.309467418130086e-9
2.5078768891183075e-8
7.000138449598905e-9
1.9661999735451683e-8
6.699319258047429e-8
8.88867620886103e-8
1.7690454562912598e-6
6.812499068267539e-8
1.1934274174013324e-10
4.172191988952354e-10
3.564965548519135e-8
4.8195764775800866e-8
2.0131306040061636e-8
2.3069688490562917e-7
9.499369926683924e-7
5.30357050667759e-6
3.997140717119939e-5
5.111331071644123e-6
9.746521264653931e-9
2.2005370234589395e-7
3.24207476564041e-6
9.417896180704719e-6
0.00011190488234471924
1.631694077235762e-5
2.787356056097915e-7
4.250936403358933e-6
1.9594377572481914e-7
2.7030105134512897e-8
1.4672086280836822e-12
4.907837667349667e-12
4.6313798454910655e-11
1.5245726175126463e-9
1.9713463849332325e-8
1.5570244739454467e-10
5.730493607234162e-10
4.9389183740866786e-8
1.0736093056584253e-7
4.872770719155879e-9
7.801174671432147e-8
1.731824818428609e-6
5.56736570104409e-7
2.4730656036742504e-5
4.6477590855432784e-7
3.6082211006533247e-9
2.4555690846815388e-8
3.347932660258711e-7
9.140270991849729e-7
4.110902056544435e-7
5.851909249213454e-6
2.696582601325125e-5
2.2268938440856756e-5
0.0004612519393182894
4.1962761702709454e-5
1.0929507066311165e-6
8.813347709788357e-6
0.00021727513985658295
7.878008130384091e-5
0.003365670656938915
9.642586432068749e-5
1.351704916895938e-5
0.0006197235943288254
1.549120182854848e-5
2.1073230519135017e-7
6.372606347288386e-8
3.846320968979741e-8
7.758835537222886e-7
4.470867301000781e-6
2.3208445308484788e-7
1.2769637011478886e-5
0.0002544387226884315
3.321526925376009e-5
0.0005199744453737649
4.0868617181977355e-5
1.7033511835682385e-6
0.00010533701283824643
0.0006651226192545263
0.004840986293651403
0.030340834548556316
0.006070283643292228
0.00018711616775695335
0.0006677316650021368
9.10539903902418e-5
1.7124401510268054e-5
1.2436659246814377e-7
3.2521760049936177e-6
2.3409690363188154e-5
2.9758851301197652e-5
0.0004687694026766872
4.1814831372881044e-5
3.6476555687488606e-5
0.0005116201557835077
4.657796911947926e-5
5.994069150284192e-6
4.4436851538936205e-7
3.743948957619174e-6
4.821300097978316e-7
7.115064720532038e-8
7.813487541821087e-8
2.334265376274486e-11
2.1211895884806588e-11
5.736478991191185e-10
4.12053406143247e-9
5.248225056478552e-7
3.0580552720900885e-10
8.50546501359246e-9
8.922127918128735e-8
1.5648800697553358e-6
5.42479698609445e-8
8.011021378341027e-7
5.387946345069657e-5
2.7962743629458344e-6
0.0001354884822738477
3.4960424527676523e-6
1.800496458975994e-8
6.518834571946242e-8
1.5814297025922236e-6
2.767186721867978e-5
7.86379289176673e-7
2.4276299590114855e-5
0.0008540055117128456
0.00022064317804131189
0.0032478926606559167
0.0005149989945233758
3.7003908450423304e-6
0.00022561388049135945
0.000614243127978641
0.0006174053097257593
0.03819952834401232
0.0007180733835583518
2.23989942334026e-5
0.0004770957971174767
0.0007084846843689174
4.738217208300734e-6
5.284339262177038e-7
1.1211283293896715e-6
5.2140580005896724e-5
0.00014395810277023356
2.0193831893621343e-5
0.0005917479760959698
0.0036139524025166317
0.0005248219337518223
0.03905126639969761
0.00046970318483552733
0.00013725991922200576
0.0030758872749054654
0.040979661237079204
0.030713454551358408
0.5509719663007415
0.03202197488826761
0.0027148085416624133
0.03886230862041327
0.0033244890037695666
0.00012157436831647993
1.3134643997940646e-5
0.0002806963855624372
0.002880737528721961
0.00046007509278991144
0.041532752580086665
0.0005476464902501516
0.0003452669470868239
0.0027720738414491702
0.000565315164408689
3.866132751092048e-5
1.3874111738510898e-5
0.00012724461582796243
2.1933058814879997e-5
1.3551268178668376e-6
5.611418870338598e-7
2.928666221315909e-8
3.1036863724109424e-7
1.7482621578961756e-5
1.5854708292783875e-5
8.912825385868278e-7
3.4703111852419e-5
0.00038207649242564097
2.226252934322723e-5
0.002485799612907735
2.2612922735339946e-5
7.252684076694655e-6
0.0005758222268331542
0.0005517880353318509
0.0007532468462276097
0.040708397808571224
0.000697680833904165
2.781736460902087e-5
0.0006138701549556709
0.0002045168343591011
3.3608137928899294e-6
3.367563874160148e-6
5.2026714531206304e-5
0.0004400508011944958
0.0003604914629177208
0.003184803824999441
0.00021891264976778524
2.9053854625083627e-5
0.0005962627790625164
2.47858678353302e-5
1.024427652587823e-6
9.846512553315973e-6
4.870762208692185e-5
1.4768486262953053e-6
6.663325340005804e-8
4.639902810411642e-9
2.8664386111247984e-7
2.597602421644552e-6
1.4242046768671115e-5
5.0928879198664e-6
0.00014308532447316263
4.307577464448397e-6
7.312449050454393e-7
1.8967695311056334e-5
1.0161054174126325e-6
5.6547553966116606e-8
4.670469717014705e-7
1.4617310725406583e-6
9.121938269985254e-8
2.0827347189181947e-8
5.467780603036425e-10
5.039073391864725e-8
6.78137823638384e-7
2.4071225098489732e-8
4.6445656586832237e-10
3.558681569473499e-11
3.834177950870361e-11
1.2898975552663926e-11
2.3545297396345763e-11
1.0711295846764737e-9
1.9327868282245723e-9
3.4237350812027845e-8
8.960958474187783e-11
2.1307531359593636e-9
2.8537496073635633e-8
4.3184995223295876e-7
7.627304705879084e-9
5.749850388867766e-7
1.1929619966405804e-5
1.2395510973017097e-6
1.4323108522563074e-5
4.358953994605113e-7
1.4260471534729347e-9
1.9009040222654615e-8
1.1674660094966651e-7
6.306676677029374e-7
5.679410499177681e-8
4.742220136805171e-6
2.975356268178669e-5
8.665755060882639e-5
0.00023873953246788228
3.144994337543396e-5
7.777221160646727e-8
5.133476012785937e-6
2.419596123662518e-5
0.00012568916235452255
0.0022371675920782002
0.00015692603178073708
2.167837240299476e-6
1.9063012600191937e-5
1.4211445857378581e-5
2.9593227868989487e-7
2.7315813784692647e-8
2.8519945175760904e-7
9.99653224666938e-7
4.650818346305018e-6
3.1148436675425567e-7
2.2683869420202654e-5
0.00034035078313215126
4.201048247012077e-5
0.00045190118376348197
3.102973179463655e-5
2.784521243609176e-6
0.0001328788713413789
0.0007557182029938417
0.0057355646804827555
0.030474855881231097
0.0050685223084236015
0.00013970517200181685
0.0006183838465653928
8.090587175224325e-5
9.902552473739215e-6
2.133210252988661e-7
4.924500735126251e-6
2.5843438186404882e-5
4.277445407884809e-5
0.0004910642284970457
3.477806037892717e-5
0.00015777599799616867
0.0001931368082603291
2.5283797212203e-5
5.769009671962896e-6
2.0700320920178203e-6
3.026291741888039e-6
5.701285621522097e-7
9.370351068380304e-8
7.084283650766594e-8
5.372940661402787e-8
3.08199931243129e-7
1.919358667611886e-6
3.675765331472914e-6
2.091512392543234e-6
1.777159875988076e-5
4.6801777288288016e-5
5.753530453448283e-6
0.0003969759488875857
3.7825861344040054e-6
1.9478697675056754e-6
9.544058027575706e-6
0.00046023396676236964
0.00013938056958424203
0.003505468181008462
0.00011780308482157753
5.615603379799441e-6
0.0002159027123084521
8.108179864511461e-6
2.377932187841924e-7
7.114617163333201e-7
1.791321684145965e-5
3.416222671069134e-5
2.1613689853266428e-5
0.0005301395487287058
1.2554270704800819e-5
4.313915192712542e-6
2.5975905716388164e-5
5.699589195648922e-6
2.8164176056512646e-7
4.189831457659968e-7
1.0140065931884151e-6
8.010223470754281e-8
2.507607833655865e-8
1.4902105007172172e-9
1.2170403353611925e-6
1.9184418264787223e-6
1.8359803929756053e-5
1.0941690045204923e-6
5.6804456871771074e-5
7.998409793324642e-7
1.5972124153948432e-7
1.802135737180571e-6
3.861833392748108e-7
3.3327242547074555e-8
2.6923531653231633e-8
7.438185524098544e-8
3.711383510494609e-8
1.8973169035175343e-9
7.1299208604157e-11
2.0329190227994677e-9
4.4143745644187765e-9
1.55091677563923e-9
9.9271568737462e-11
2.377827522629819e-12
1.0935021236355492e-12
9.620629365229155e-9
3.6805116159542065e-8
1.0571269814028937e-6
3.3159002040586413e-7
2.4708234208797202e-8
5.447981404243654e-7
2.602848568378044e-6
2.0192267970832082e-7
1.607112673954018e-5
1.3453352780905727e-7
4.118389680731711e-8
2.194470258908257e-6
6.121327170144127e-6
2.871029182376628e-6
0.0001522570344275447
1.8426424971575899e-6
7.797205207415818e-8
3.5234552967164923e-6
1.2264628368612048e-6
1.2751310655680274e-8
2.3575063199730565e-8
1.982735902334062e-6
1.1510386222302263e-6
2.5994478677079673e-7
1.4995293553627015e-5
1.5846121634252802e-7
5.02462378472991e-8
8.373918640244309e-7
4.263356980955246e-7
2.6653645689089712e-8
6.0224491948326236e-9
5.9345762105115814e-8
4.280920415027044e-9
9.633660712208314e-9
3.7402637508005545e-10
4.818818564790023e-8
3.6586142938641015e-7
2.8288733255387413e-7
3.384528662396094e-7
1.0559204312125443e-6
4.662968166815838e-8
2.1957776570594274e-8
6.160815011381712e-8
2.5615955105389287e-8
5.278371207698539e-10
2.0428268271906285e-9
9.328870566006032e-9
5.614308848365945e-10
1.2520767303218117e-10
1.7181453765625797e-11
9.50658448684084e-10
5.563480735930572e-10
4.0194201179339485e-11
1.1101061019912158e-11
2.2210688594899783e-12
6.061839070036777e-14
1.08306399313734e-8
7.366652060170388e-8
3.4329881055164214e-8
4.433667002442147e-8
5.58921566759463e-7
7.091012561107587e-8
2.4348207591100014e-9
2.0179741351103544e-8
4.024191504374933e-9
1.2534309725076167e-10
9.434480524669272e-11
3.232801818403321e-10
1.706949972511115e-10
7.229369936344696e-12
1.2530915105320755e-13
2.8030171889041458e-11
2.5480751083208453e-11
6.13537270123732e-12
4.966470332314737e-13
1.1232777479282714e-14
5.910303893770229e-16
2.2953085464333558e-11
3.6484559590542516e-11
2.46616908783739e-12
8.258722399546506e-14
7.191432411136726e-15
1.0201660096885341e-15
4.22318774773038e-17
