3.082028388285821e-11
2.5819801729575903e-10
5.559505846129662e-9
1.2848993382189985e-8
2.500071624543181e-9
8.162569054737968e-8
2.5808373162372896e-8
1.1795536725676121e-8
6.731697177083105e-8
4.342511053255454e-8
2.765052926620261e-7
1.9525442943830178e-7
1.3374671911678808e-7
2.8350776335094244e-7
3.390990601851744e-6
5.87666386205607e-7
7.603236050843009e-7
3.6763445235993212e-6
7.502297329451314e-7
4.091292143613273e-5
2.4240659597755917e-6
6.682768936725617e-7
7.388889778035066e-7
1.113226115145225e-6
1.3807768080192007e-6
1.1710277335026438e-5
5.67953305158757e-6
4.683111835991895e-6
4.597650528854188e-6
6.238961652176417e-6
2.2136310810436466e-6
1.4096703713168426e-5
2.91600245954429e-5
1.387188653391126e-5
0.0004687053734759713
1.8977076812500996e-5
6.112319405189465e-5
7.033643353447865e-6
4.5709804067724755e-5
7.191445755055013e-5
3.860291666631135e-6
2.8085786385337036e-5
8.245879098396792e-5
0.0004328652249292628
0.000967566598256191
0.00022896945069533534
5.622696611640818e-6
1.645193843602475e-5
7.231503440648438e-5
7.553228234639406e-5
0.0009885957577529501
0.0003200515170219653
1.2843399325144146e-5
2.9786389862136442e-5
2.955670913581239e-5
4.398500384726956e-6
5.597320584789595e-7
1.2475475898724054e-5
8.346746031213733e-6
2.0952582568937286e-5
0.00015354417014310182
4.549982784392249e-6
6.672333496882283e-5
5.788862620993329e-5
0.00011101871887122779
1.668844178831618e-5
0.00011116353959607124
0.0003201468989943686
6.010155362454892e-5
0.0003708442495925488
1.781829565805588e-5
3.295858969049734e-5
7.192910781957969e-5
0.00017426999419337588
0.00020198119981451067
0.00016079082638250584
0.0007396704104014005
0.0004958915855986869
0.0019314470048253163
0.005469355488913915
0.00047512850415561597
0.00010536425564541555
0.00022460076267877862
0.0010614499115039187
0.0005484720383772565
0.007051200655620544
0.0008041470648643598
0.0002315008401588036
0.0007800510957572028
0.00019228755819833843
3.136423307719329e-5
4.522121121158085e-5
0.00028090084370978525
0.00012222908155244027
0.00014199386386565705
4.1006403018875203e-5
0.0005164499940028359
0.0010350857919159124
0.00031081573367353147
0.0021090310671841527
0.00028592101737676617
9.644972253366683e-5
0.0005271905046740647
0.0023875724042811105
0.0058278943307237974
0.038036113919329005
0.011869678511060699
0.0018317036659688526
0.0032391586382189224
0.0008476107257416277
0.0003132425777930783
2.749267674556322e-5
8.975585087436346e-5
0.0003000180989337315
0.000149543311557375
0.0018618593535802968
0.00028560760479513634
0.00019839775028558743
0.0006543719850196083
0.000436557809600973
0.00023365181763282224
1.9203210142855366e-5
4.602428642983912e-5
2.098716358094414e-5
1.6696562033383708e-5
2.182132508710565e-6
2.7603286809895615e-7
1.7754403220703316e-6
1.987781181117183e-6
1.2616605875973641e-5
0.00015766357746567936
7.296297655673889e-6
1.2044289845531963e-5
4.751834712744545e-5
0.0006087612738583747
0.00014405346664956746
7.790861783609568e-5
0.0016943286850857272
7.230800288015717e-5
0.001164067350379638
3.882709564896611e-5
9.928438186947787e-5
6.692205465442537e-5
0.00021270558071321205
0.0003806751004080127
0.0006786533313368323
0.0005558003648433124
0.0072784976573818175
0.0018659176591132292
0.007566714455884111
0.0007166354562386796
0.00020008243461519575
0.0009292162820430515
0.002197249047537941
0.002009412028302294
0.045128322299416004
0.003060396414519936
0.0003051260325150945
0.0018120940542767426
0.000726183791913246
3.0452388520812418e-5
4.237959719826002e-5
0.0002695533589468824
0.0013555818451543684
0.0012683709611269983
0.0007653256377479495
0.004977630399411832
0.008828695215585464
0.0018179819918843023
0.046528198868311624
0.0018133106285690367
0.0011800149223178508
0.006227492701844141
0.041557685328622765
0.029567693774160127
0.2923963085933521
0.036688874586704195
0.007195033770586618
0.04506324092381141
0.006844348032682175
0.0009809603036851076
0.0004657174859116502
0.002680971024281484
0.0076726758884054095
0.001687237523039294
0.04718624797859862
0.0021171102696719434
0.0025103643511998753
0.007483099573356639
0.0053408474993725885
0.000999643259624674
0.0005322773935661832
0.0011801127557317511
0.0003647782167250797
0.0003449411312375592
3.063727283804099e-5
4.418789941395865e-5
0.0001478074490802551
0.0004404572669195325
0.0005542428986141843
0.00026587390464437777
0.0007943366875300361
0.0033668635088761178
0.00029157925119305505
0.007642497258783992
0.0002900080283154892
8.782788956409025e-5
0.0005268256696592142
0.0021615957276562817
0.0027482385072189696
0.04162082671332741
0.0023707793549690667
0.00031963097532686625
0.0021463952945658987
0.001023131607002345
7.012660331313885e-5
0.00014893850474630518
0.000291509612076908
0.0031483227107375715
0.0004916520802765291
0.008667997972175967
0.0010347352523633765
0.00045251849252171705
0.006756266702726496
0.00047017586552043443
0.00013090256462208906
0.0002453616864833866
0.001593401808648925
0.0003056147792142665
2.674715335922978e-5
3.7768542487459466e-6
0.00012173181327607622
0.0001941924656738675
0.0005734205149817626
6.954278414136093e-5
0.0012944938182977176
0.00012819393209092012
0.00011403475331980133
0.0003595791221387243
0.0001861842522736786
7.264121651147693e-5
0.00018106531064985803
0.0006325719744011575
0.00010746598296960459
6.1411537742753255e-6
3.1190010023084303e-6
5.4800030081932825e-5
0.00016716264741819078
0.00016389491051157639
1.2474739913232576e-5
2.897813598031861e-7
1.0742492642806219e-7
1.4594996206693824e-7
1.8169976163470548e-7
2.478023171350766e-6
2.8522585358535768e-5
6.155804077795596e-5
1.3643043876706558e-6
3.8801878844340055e-6
2.8536157789924484e-5
0.00020742657674636134
7.429778404720198e-6
5.229626727622181e-5
0.00023753644919875648
5.255887053669412e-5
0.0004846652337508444
1.8489974298730533e-5
1.631859273725889e-5
9.953247271775788e-6
0.00013408251591669223
0.0001243489320454085
2.3487776249590953e-5
0.00020283855617811902
0.0004854742165818218
0.0009199668332618269
0.0027402994514981356
0.00023079007303341856
2.0992549017114772e-5
9.978574192598286e-5
0.0003111218682050426
0.0007697009379564095
0.00644883031844109
0.001547290746305756
9.795701350437727e-5
0.0002733719547231786
0.0002057343339739031
1.1260696462595399e-5
3.1436362994637544e-5
7.5802011574831e-5
9.225708850259529e-5
7.033980023870189e-5
2.2061820430929815e-5
0.0004052343473289652
0.0005056862283235052
0.00027359018132888646
0.001656849338941759
0.00014106969489971916
0.00011531271953796911
0.0007014393247242014
0.0028765627923002086
0.008002270407831037
0.028354636249177476
0.005744757128880867
0.0007997307813351679
0.0020193690452684
0.0005309071405391622
7.522552684419511e-5
4.4138408673412693e-5
0.00014053558685723054
0.0003139604657428662
0.0002683079349901225
0.0018322560466786486
0.0003077778202919443
0.0008774082971889957
0.001933836633070188
0.0020370857040388343
0.0004748221885303357
4.748743095408848e-5
7.773847968649935e-5
5.581021383455873e-5
1.3746619476518986e-5
7.477758419293694e-7
2.153469565377795e-5
3.1558543338474756e-5
0.0004897390415227765
0.00018316056290956074
1.0957647321653367e-5
0.000254794441789964
0.00026766990292409313
0.0001843485846407095
0.0026698844978279733
8.569462156652482e-5
2.569222130276235e-5
0.00034047818725432214
0.0005063391862018476
0.0006899162972316072
0.005992836030789988
0.0004945461085766457
9.799809922482045e-5
0.0008779243461588781
0.0002361198469254017
1.6280160854286593e-5
6.942784732113297e-5
0.00022110658544326127
0.0009142179558775346
0.00037069958730750455
0.0048706541252976545
0.00047442048615150135
0.00021456272538308938
0.0005814141144188804
0.0006537587754078739
3.096678499189391e-5
5.103222253933325e-5
8.210623979286748e-5
0.00010528822746871955
1.3229737367541534e-5
7.580689213928941e-7
4.797608296335487e-5
0.00034230816911897906
0.00047015145043633697
8.734497120311336e-5
0.0014539309969851429
0.00012295082817369592
0.00012532364086254407
0.00018674765908637485
0.00016929020556262107
4.3612952270542695e-5
2.985898612714398e-5
4.823443770543487e-5
6.118157290867888e-5
4.639199767795269e-6
3.155140715912125e-7
2.6893241603037454e-5
1.4145753986641318e-5
1.8838589646988857e-5
1.2489191260900791e-6
3.974646061628267e-8
2.618890558947789e-9
1.3636064134086725e-5
2.135020960456751e-5
5.446112419274751e-5
0.00012669960977953245
1.0795201142387659e-5
7.118077073979313e-5
0.0001749404856805467
4.714894661239846e-5
0.0004961014473556111
2.829919872171808e-5
2.0079443049950046e-6
2.6230754912678984e-5
7.940306606382859e-5
0.00011290363265532702
0.0011720033473002977
0.0001023606555745905
2.045056294514078e-5
0.00017131875549861018
0.00011159000840796595
5.82149466778623e-6
1.1782284249508532e-5
1.0158298007025703e-5
0.00021072152565548925
2.1591991191483183e-5
0.0006841761467863929
4.010224580951323e-5
2.3937625840678077e-5
0.0005580033339184111
0.0001494009004484232
3.972058706452849e-6
8.038726148672425e-6
0.0001487691637376349
1.7147915101108097e-5
2.528970717331242e-6
6.232215229416708e-7
2.3479407380523036e-5
3.210069973659546e-5
0.00017586798586716974
7.843134457304877e-5
0.0002917205994036043
0.00034170662197774486
1.0326780749284376e-5
6.438600495001975e-5
7.647356103955905e-5
7.024625181699288e-6
3.289258511578999e-6
1.2219681041142764e-5
6.154124754603853e-5
4.306890964818632e-6
1.262555600702556e-7
2.007389011984583e-6
1.7130676091015348e-6
7.957268795033862e-6
1.0249805074289623e-6
7.133068047105847e-8
1.1152492343201042e-8
1.4274586727634631e-5
2.588798688446081e-5
5.3327200388591435e-5
4.217942211256316e-5
4.4711682648721296e-5
5.6935075308262376e-5
1.7785697166702925e-5
0.00010299789671485873
3.65009835774468e-5
6.347221335021397e-5
1.3042711332240347e-6
7.480604859795878e-6
5.927197421304569e-6
6.139756301808332e-6
1.886407370284034e-7
1.9948921777522736e-7
2.165668595400586e-6
1.5035634350786852e-5
8.72102712224331e-7
1.3047791698454852e-8
7.15292716385842e-9
1.4999301450892395e-7
3.4316405587490007e-7
7.052825473678891e-7
8.284884044892986e-7
3.1950107835414655e-8
3.079508991855715e-10
2.734866894917266e-11
