2.279869822472012e-19
1.2356939744328364e-17
2.1295112997251454e-18
2.0925363084176343e-16
4.850315410007305e-14
6.014919706644518e-13
2.7974627803870542e-18
1.0663436026716543e-16
3.269469631833705e-15
4.569521327220293e-13
2.823914082993081e-13
1.5761514371866017e-15
8.835090462004032e-14
3.839809140619172e-12
7.0847576334181464e-12
3.3357600277560716e-12
3.5036333196502024e-10
1.774968574705475e-10
7.095802952203144e-9
2.8071490411142392e-8
5.4298569571944716e-9
1.923720382231125e-16
3.779997773921808e-15
6.171511983781844e-14
1.6080374733397253e-11
6.58416233548588e-12
4.042863075137008e-14
3.0148492075675198e-12
4.699399351974433e-11
2.0392997128610286e-10
1.2045686333914648e-10
1.7022714101722343e-9
5.88905001544976e-9
2.0423579359905083e-8
3.007851588485051e-7
1.1430807502667472e-8
1.5783049189842172e-11
1.630884191428783e-11
4.2210638907842097e-10
5.302375540022563e-9
9.134694215670261e-10
3.0042738679411806e-8
1.1046395977790737e-7
8.782165114154307e-7
6.7339483639942145e-6
6.05783361757314e-7
6.375834965257119e-10
6.130689846001483e-8
9.327599410471184e-7
5.85164640486293e-6
5.6632499203235616e-5
6.493216093180577e-6
7.958695938601506e-8
1.3847265659051713e-6
4.591925733442412e-8
4.658788915552463e-9
3.064826992526146e-14
2.318939336613931e-14
1.110356538838505e-12
8.377115777295196e-12
7.188905501758534e-10
5.418381598976521e-12
1.2725377173701383e-11
4.332158204624283e-10
7.833070774759077e-9
1.6653651962678237e-10
7.241330274465852e-9
2.0094317232400944e-7
1.2161519578553924e-7
7.3578339650302835e-6
1.4952218342643756e-7
6.898068351943704e-10
1.2081795704777148e-9
2.7611528444560108e-8
1.7068722291647086e-7
2.195061901854925e-8
4.96069972544069e-7
5.474652109000592e-6
5.523980899179786e-6
0.00015352703432669192
1.477349269548454e-5
4.267730061612421e-8
1.6869455744842956e-6
8.267545317763369e-5
3.526598269159409e-5
0.0020245002483256663
3.8982170528803664e-5
3.0307859648600935e-6
0.00024533159742981525
3.867662932554342e-6
4.485051112470358e-8
7.729163257976326e-10
5.956929774831507e-9
5.9326031600347695e-8
8.402148663639536e-7
5.9142742347867405e-8
3.6836871861925144e-6
7.048666283471877e-5
1.9404258915761267e-5
0.00026404027904092643
1.6688148591302782e-5
4.699350224248471e-7
5.7105664697932935e-5
0.0003845926216530231
0.0046085597807172555
0.028599712609177347
0.004232411471889077
7.53069952097682e-5
0.000390795334174866
4.435628491566655e-5
5.8522335066717774e-6
1.9208528506491525e-8
7.573855719824811e-7
7.986459379077774e-6
1.4749881533554272e-5
0.0002536456074484975
1.6844302785826055e-5
1.1605495809971862e-5
0.00040717466448715145
1.6043286968007597e-5
4.4965446137081444e-7
7.808715675155481e-8
1.9050456528613423e-6
1.3786139839101307e-7
1.1998599088897794e-8
5.811339613800743e-9
2.2328585462953616e-12
9.51635507791162e-13
1.1740078439270192e-11
1.935924466063705e-10
4.441898268039299e-8
9.103996723824128e-12
2.1148626351992495e-10
7.4010556239009304e-9
3.4829499596182583e-7
2.774565924607513e-9
1.405029091027088e-7
6.784275678958622e-6
1.0004476960809785e-6
5.846736826151706e-5
1.7437741391000933e-6
1.1142315497064653e-9
8.513089635169338e-9
2.6661222595783905e-7
8.443285008174202e-6
1.4176249761127517e-7
6.87515221361779e-6
0.00020693036302234645
0.00010045216207630106
0.0019981883507131336
0.00036587688570802597
9.044656232216398e-7
7.764417291752498e-5
0.0003051564993067012
0.00034505196635937325
0.034256006312113695
0.00039147482996873133
8.196110577449831e-6
0.00025090386665772927
0.00027843728000779677
1.5857240726654168e-6
6.854236191922254e-8
3.0594571999831196e-7
7.3622456831110505e-6
5.441425093407363e-5
9.270942976680663e-6
0.0002508865056481741
0.001906284426026501
0.00026908985536356456
0.03417360554591809
0.0002483786582744392
5.8153225675072336e-5
0.001963949256701678
0.032555507501232865
0.02660879626803003
0.6364865745853675
0.02734757160615203
0.0015254333167602822
0.03296382498752833
0.0025072709792981758
5.2914254507901674e-5
3.814890668615436e-6
0.000123988958959478
0.001421187414269128
0.00023603495115287048
0.03396953664106909
0.0002587856767836557
0.00012639636533629038
0.0020763850916730533
0.00018127741096320252
6.571761458935743e-6
2.9122130244923918e-6
6.193177644547001e-5
7.5089536296875e-6
3.1684028844185697e-7
3.5718943563976747e-8
1.5273375321713173e-8
4.064433531574276e-8
2.4470140179664535e-6
3.2032438532055485e-6
1.1418540099278859e-7
9.038254969364278e-6
0.00010835306354913324
8.172746055052869e-6
0.0016858950984246987
9.012869534099305e-6
1.6225501617303877e-6
0.00018862907417604866
0.00023518835960749062
0.00040127342220909495
0.03361724936848267
0.00037882920181680113
9.778816877528646e-6
0.00029403088059539774
9.994542099319161e-5
1.0096299131158788e-6
5.41087154802536e-7
1.9075509917777073e-5
9.765077268295048e-5
0.00035858203776536384
0.0026108195692318087
0.00010504260158374373
1.1151500508666605e-5
0.00018314045420517538
6.167401907390778e-6
1.0358482505641497e-7
1.455607292367095e-6
5.787817637395769e-6
2.0682591757180356e-7
7.075865894177392e-9
1.960605547229831e-10
2.0590151439038766e-8
7.224464621449215e-7
2.965582898745108e-6
2.4627488124375812e-6
6.280594646693688e-5
9.520132783693444e-7
1.479361729189527e-7
7.740878636862283e-6
1.672027814869543e-7
5.000868672926504e-9
3.510468645497807e-8
3.19769732101776e-7
8.235051789527151e-9
2.063566264115278e-10
7.135186849370426e-12
1.727667944747753e-8
4.249851269270682e-8
7.189791500746246e-10
7.010553785792932e-12
3.6238586648779847e-13
1.6354899289946576e-12
7.037560823181112e-13
2.5983704351273233e-11
9.542314649220905e-11
1.731191161202597e-10
2.0888429737921722e-8
1.2910731308270807e-12
1.4137183049490667e-10
2.377898933541092e-9
4.5789754951773246e-8
2.0503542185528097e-9
1.0969444561632931e-7
1.8225903307712872e-6
2.3855648902439075e-7
3.1227093941937268e-6
1.1713078360531511e-7
2.8653487052761314e-11
1.4335376089823396e-9
1.2984412176266252e-8
1.340977223061355e-7
6.2217234363976656e-9
1.4488264655421978e-6
9.776158517445041e-6
2.509869764245782e-5
0.00013426391022446397
1.543423726467735e-5
1.0182047299242162e-8
1.2123011320183856e-6
1.0261440750596084e-5
5.528736194984777e-5
0.0015179486602298058
6.752774942561708e-5
5.608419831596736e-7
7.818907441875066e-6
3.598602097719286e-6
8.107646339561405e-8
1.0998816097879221e-9
3.7330389176556195e-8
1.1789996776885463e-7
1.807201680370531e-6
8.285181408405956e-8
5.999449288496331e-6
0.0002637888453094167
1.6174697728856037e-5
0.0002292901492628028
1.2320844591499988e-5
6.12714602485771e-7
5.281670732442943e-5
0.000381430176824978
0.003989438074193037
0.02569002242641518
0.004285720715333359
5.494873700771593e-5
0.00032857524192012294
3.8222470900048014e-5
5.5669617752680675e-6
2.7828493387601348e-8
1.3355560537802337e-6
7.394864210037047e-6
1.7025707952572874e-5
0.00027090053012692703
2.0118140911411015e-5
1.9581986361782854e-5
0.00010504502132263476
5.326990763511614e-6
9.400959638472696e-7
1.8688981814485346e-7
9.833455449562236e-7
1.1602712407456018e-7
2.0122933273376267e-8
6.652314909707348e-9
1.2762777268076193e-9
5.765534463090532e-9
1.4477860797909627e-7
5.3352414619464e-7
4.150699187029457e-8
2.548013929709223e-6
1.87752572202445e-5
8.711214168523185e-7
0.00012251601671411848
7.986750303733008e-7
2.753881947287186e-7
2.197987451316272e-6
0.0002501408395302393
5.8367890406273254e-5
0.0024730551427922186
5.913133582511448e-5
1.4700138985182763e-6
0.00010863301913643303
2.1234863053476865e-6
6.106880043064425e-8
3.944914252529167e-8
5.892171678917958e-6
1.0570239819358303e-5
6.472514970506251e-6
0.00023111471765687377
3.2888250893594105e-6
1.8650457760026512e-6
6.6547005884980825e-6
4.3931783898632215e-7
2.8745376913198758e-8
1.5107928101738605e-7
1.2791505590460943e-7
5.956913769194784e-9
1.588155508330919e-9
3.7096142040395623e-10
7.856403120646644e-9
2.1358494151506434e-7
2.2508586282653176e-6
1.195759273913789e-7
8.90341875500941e-6
7.185358005544876e-8
1.2312783303374456e-8
2.4372078180671253e-7
5.004685448671638e-8
4.597793660767951e-10
2.5369019950522035e-9
6.816686368160816e-9
5.141072988694084e-10
5.20768880663987e-11
4.436367632675669e-12
1.4869148878849075e-10
1.8908697839292673e-10
8.08098616073402e-12
1.2369560640932291e-11
3.624202509925107e-13
1.2478381708632066e-13
5.095440745089552e-10
2.938642462939158e-10
9.54136546624867e-9
1.8093086571864004e-8
7.173220463912195e-10
2.9139779097251397e-8
5.10603900361333e-7
2.339953243117464e-8
3.1431611323136862e-6
1.6962399672978865e-8
3.281527148724022e-9
1.6167497429030168e-7
2.0039428007293536e-6
6.92174120775765e-7
6.023213073024088e-5
4.770553636223579e-7
1.0961705946327636e-8
9.980310092995966e-7
4.8899988871710654e-8
6.722619824993547e-10
6.206095662997431e-10
7.809168878705259e-8
1.4114705580117384e-7
8.409210358287226e-8
9.383540934759796e-6
4.7099573080243975e-8
7.691879219838387e-9
1.513142975679183e-7
1.946207350636283e-8
7.784132528330704e-10
1.7588851092869664e-9
2.8455693436687595e-9
1.417289157611234e-10
1.3711278342156651e-10
3.181703640515314e-12
2.664740930340823e-10
6.822130813432736e-9
4.1204016095281963e-8
2.4305544627452513e-8
3.148361404236041e-7
8.222889549846084e-9
1.2011919405504848e-9
7.76231128317178e-9
1.7693723564641712e-9
1.4659881107897475e-11
1.3020668648954035e-10
1.8818465688244596e-10
1.5411918623912238e-11
3.2767458735997034e-12
7.93668000565197e-14
4.750779758452148e-11
1.1854436218523484e-11
9.3310500880046e-13
5.533920306615101e-14
3.3658991447127772e-15
4.0414947885182613e-16
3.040426975809032e-10
1.4577979900515565e-9
1.5069906911342443e-8
2.0984534823898308e-9
5.9188227817515725e-8
7.490488843075022e-10
4.3377559507248066e-11
9.564907083335935e-10
6.422909935022451e-10
1.451838518192162e-11
1.3468755114158163e-12
7.591491910855778e-12
5.172752832962651e-12
4.7633179960938287e-14
1.5658802416873937e-15
2.0935504281040504e-11
7.346947833988513e-13
2.0700784270942034e-14
3.7375936260814275e-15
1.0944410479694334e-16
2.7443029547967427e-18
4.961234169694948e-13
6.219083574134928e-13
1.1485722308885069e-14
1.0305204326772679e-16
2.4664126913683236e-18
1.863513403562235e-17
3.3904537348464234e-19
