1.640137406506945e-15
4.0221903528050334e-14
4.0679544973265723e-13
7.813971746884999e-11
1.0113170754852876e-11
2.0115723295968943e-10
3.220726938239461e-13
3.0457322553629054e-12
1.5509047593914028e-10
2.7546824888754345e-10
3.983884514109204e-9
6.335949367446083e-11
1.0340531027969807e-10
1.2618824638073457e-9
1.5778448673355447e-8
9.118960341661792e-10
1.2755112844963786e-8
6.363748949323626e-8
3.075511066282269e-7
2.114367619639009e-6
1.89002851128398e-7
5.126878300790432e-12
1.3865669230967452e-10
4.691307470366173e-10
3.61319746561975e-9
3.6345181080211673e-9
3.28904435957103e-9
1.5828112392906117e-9
2.061446524868026e-8
1.0733949598816509e-7
2.6578790061147956e-8
2.427152154751658e-7
3.7355213092388674e-7
1.4114745578335032e-6
6.428970999236289e-6
4.078268446523144e-7
1.97266384246082e-9
6.983612188746381e-9
8.758080603348506e-8
1.5782037229985317e-6
8.37481518856368e-8
1.4599153895565316e-6
5.5175952024802775e-6
2.24521933811571e-5
9.416891147507246e-5
1.8086369599640294e-5
9.398308570648535e-8
7.019550221620754e-7
9.966485316031024e-6
1.5831552521109924e-5
0.00019793783918634788
3.6901511396072554e-5
1.2114072691557007e-6
1.1989304989437363e-5
8.855423177177907e-7
1.0868296186298146e-7
3.608055802105458e-11
1.351497621987284e-9
4.2383154049029634e-9
1.0274589898337775e-8
1.1510154367849064e-7
1.9470635982044496e-8
1.543399977695901e-8
2.62272198406738e-7
1.0699831390666082e-6
1.1730684176168121e-7
2.8107264498864638e-6
5.849499169386385e-6
3.634506815066977e-6
5.7905612371418285e-5
1.7225327739021005e-6
4.1511354136096305e-8
2.668427171767691e-7
2.126095830551705e-6
1.15271455267363e-5
4.630003665175389e-6
6.171699320885006e-5
5.668190156480061e-5
0.00010584650387872813
0.0009682825409653145
0.00011672021988163938
4.5181988347767445e-6
2.1401186518202373e-5
0.00036564043641891487
0.00015144518463296763
0.003889749500333961
0.00018616560002153004
6.144447843399013e-5
0.0014564656622664755
5.772392738703728e-5
8.860748781100675e-7
3.5655709833405573e-7
3.8118907503643895e-7
3.10825348479325e-6
7.39975800597109e-6
8.342051405494031e-7
3.1785345437951865e-5
0.0002972339923839835
7.220976863102886e-5
0.0009386200084805452
8.820508837087485e-5
5.356675751121909e-6
0.00020051373335557373
0.0011023702862815502
0.006069268093501895
0.03424798844874691
0.007773969682445447
0.00036778262524806706
0.0012278354426552489
0.00019922542378740906
4.3401781267030806e-5
8.76892841467649e-7
1.3964708273190933e-5
5.828686924146836e-5
5.20119059246845e-5
0.0007646256841915022
8.967343777540918e-5
6.262052404651199e-5
0.0008325167404652095
0.00010173153651806327
1.7111632285538372e-5
1.92063732053492e-6
1.036852617239412e-5
1.5892772758879423e-6
4.0008584154713736e-7
2.2251490587549024e-7
1.1301823268667524e-10
1.569809946199367e-9
1.7676936237717275e-8
7.071569262301893e-8
1.5693511649376018e-6
1.403250828845007e-8
8.63301365315755e-8
6.431124164164612e-7
9.374516670658187e-6
1.6817210124179762e-6
5.687790455505436e-6
0.00013181927368845025
1.1781116605262765e-5
0.0002702187016891099
9.595208250875727e-6
8.565650556691604e-8
7.655102147406865e-7
7.259610454231731e-6
5.954401076009865e-5
1.2580992759118109e-5
5.888423600988313e-5
0.000923316709534323
0.0003922333072336754
0.004139822492635324
0.0008660899855739879
1.2898476107769084e-5
0.00029568233927415805
0.0009239978404768648
0.0009292538257918705
0.04235714514289246
0.001190263651613647
5.1164627806719636e-5
0.000827345946325521
0.0012029371225686627
1.141838543042958e-5
1.0012733751099607e-6
7.628121691758182e-6
0.00013980314219569557
0.0002698090353189341
4.934375265267129e-5
0.0006338168297754547
0.003958349785153473
0.0007133911970693223
0.044572791205486316
0.0007582090201817187
0.00027887724720887714
0.0038045260192426248
0.04600423137955373
0.032481768285452926
0.476174184732315
0.034090117244241006
0.003602400150189719
0.04441130105976216
0.0038588745527636963
0.00021859967092245633
5.795302091536392e-5
0.0008325410297251153
0.004417070687642701
0.0007604406031073163
0.045420498722008776
0.000977262860535141
0.000444837250139146
0.004332481852305711
0.0011406962136241853
8.868407449925371e-5
5.6707135997682894e-5
0.0002989591041813841
6.858530906977479e-5
7.769957172731518e-6
2.9970887255336296e-6
6.591373358060313e-7
2.908358113905157e-6
1.5079213318960162e-5
5.31963823973256e-5
4.193416082621033e-5
6.659258935755487e-5
0.00069929506930571
6.687948820526935e-5
0.00416098980245856
5.7646427674695466e-5
1.731429578052681e-5
0.0006836039912766667
0.0009355752347017314
0.0013213530595696462
0.04539785742423112
0.0011374162829921343
6.042189868214891e-5
0.0009444236165875202
0.0003097967474595509
9.937386857229946e-6
1.5584194357893354e-5
9.375550465089468e-5
0.0007860783187536158
0.0004080268150987701
0.003855423439514274
0.00030448596053090184
7.5801201638483e-5
0.0010096358405458767
6.442195839429487e-5
5.54545352535917e-6
1.6171648068146746e-5
0.0001253702416728942
6.112844563455906e-6
4.428402969124126e-7
1.0234544517822163e-7
2.502252978899214e-6
1.1288994876900476e-5
6.21935769841487e-5
1.157577876080117e-5
0.00028275441579396986
7.116462220437293e-6
4.942062872837608e-5
6.516615848329956e-5
1.2980081180013342e-5
1.519630909775173e-6
5.326863094317695e-6
1.1315156482294083e-5
1.0907642243347324e-6
1.1211864888813764e-7
1.9010179218934717e-8
6.967516458395518e-7
1.7667931901259733e-6
1.1898913880353246e-7
3.763507323284048e-9
3.648969003643582e-9
1.94965849642269e-10
4.624510584663247e-11
5.587175547348676e-10
6.528718769373811e-8
5.01077110013558e-8
5.732044999962842e-7
3.3491570802260514e-9
4.8682976958498194e-8
2.502226977932145e-7
4.309930991662981e-6
1.1186794674109011e-7
3.907753869330995e-6
1.989014705894235e-5
4.949837405338164e-6
5.511891836602006e-5
1.8984826200693931e-6
3.346659924633512e-8
1.0328000274046928e-7
1.9641497239038494e-6
4.292183880965539e-5
9.812879380129756e-7
1.5303157400392737e-5
7.472039682557224e-5
0.0002015732154989108
0.00045168692641156614
6.908969011100274e-5
4.890407635904237e-7
1.3441680377211651e-5
5.957576326257559e-5
0.00023997406921100653
0.0034229103551887334
0.0003127359850917133
6.981103713988249e-6
4.932521640407933e-5
4.749750625822563e-5
1.0757426927214076e-6
1.9619558917634563e-7
1.0530632069325334e-6
4.7737527814977204e-6
1.144716178036467e-5
1.2892419400224605e-6
4.91016041519362e-5
0.00041227677156614105
8.382729624793335e-5
0.0007408598922075753
4.8326335163847405e-5
9.780334297978964e-6
0.0002578849462253938
0.0012904792168671102
0.0075015626700485885
0.03177938655423794
0.005615094610734766
0.0002477463486719635
0.0009486495295847363
0.0001411938126204121
1.7188666424291808e-5
1.3542334606910246e-6
1.6491151023967466e-5
6.688875214469382e-5
8.510959821723106e-5
0.0007108370106303859
6.837757994956422e-5
0.0002577719813924939
0.0003925447620241174
0.00011322365131735706
1.9421721530843708e-5
7.559073772224472e-6
1.1750659718449804e-5
3.8241626880631284e-6
1.3679749934358991e-6
3.501502181438106e-7
1.2658889150987423e-7
6.708572172631295e-7
2.31839668131279e-5
1.1891473309125874e-5
1.257558724935202e-6
4.619479318918565e-5
8.789366145686921e-5
1.660916898007214e-5
0.000746315146431042
1.1206283967205108e-5
2.0998974727720775e-6
3.630700373797931e-5
0.0006056029270445738
0.00026625056177196927
0.004044963601803067
0.00019250820955295288
1.4313437524194724e-5
0.00033855171479310847
2.0705159697964006e-5
7.746450857653855e-7
2.5345075428407938e-6
4.8861620273611945e-5
7.61551406901474e-5
5.381713420671562e-5
0.0007138263008140109
3.767468140099175e-5
2.094508889018469e-5
6.628075924822574e-5
8.455819143891721e-5
1.6374672056539174e-6
4.648509545260648e-6
5.992396019145515e-6
2.4451777600770577e-6
3.0438950648927984e-7
2.9361614456145507e-8
1.8753485694326013e-6
2.471715385513991e-5
2.099077275509078e-5
4.579686008162437e-6
0.00014388279873184395
2.9735281725502776e-6
2.535491415895973e-6
8.120799352901254e-6
2.384042398437635e-6
1.1082222103485763e-7
3.138476199624583e-7
6.767474229455746e-7
3.007141576825738e-7
2.1906002057426202e-8
1.5120684444640016e-9
5.6567773935757635e-8
1.0667292468948578e-7
1.3982036120745163e-8
3.754176922444115e-9
2.7615366764293533e-10
1.0629179222458328e-11
9.302932105676245e-8
3.733344126228498e-7
1.9505786647502617e-6
2.4992227608592333e-6
2.940428713624658e-7
2.439982913903529e-6
1.3909828728223426e-5
1.4450107385572565e-6
5.925202142661103e-5
8.485920300143763e-7
7.388224488471381e-8
2.0855329685449627e-6
1.619524454416228e-5
1.0667284107997058e-5
0.00029139805748733824
5.541064471531446e-6
5.128247719675143e-7
1.2941031353345049e-5
4.850011902035174e-6
8.946102905374928e-8
3.192306438519517e-7
1.2234159673074308e-6
3.492182921586276e-5
1.3698437466050046e-6
4.4811664091196546e-5
8.071174640996494e-7
1.0834681401859334e-6
1.0255765799790867e-5
5.537215859218844e-6
7.456375953980905e-8
1.235428460125886e-7
1.5211920949045798e-6
1.2166806085503842e-7
3.319634974213353e-8
1.468619837424909e-9
2.8791109194189564e-7
5.231724740903194e-7
2.208762070292164e-6
8.032433582937006e-7
6.9723375153995e-6
2.4578378828179304e-7
9.67174707243777e-8
7.558888865367465e-7
3.1312516482749987e-7
7.643313213180362e-9
5.421047615939367e-8
8.401098737070646e-8
1.9463115001365265e-8
1.7877933876750746e-9
1.1943393999514649e-10
6.964202147935257e-8
1.7151961354357264e-8
4.530930807609626e-9
4.750503029466582e-10
1.65543756556918e-10
9.125987018604166e-11
7.416953130123038e-8
1.0921007639598174e-7
5.32999573496402e-7
1.6575660047180778e-7
9.454921124999512e-7
3.1888489548965294e-7
4.0259012169902826e-8
8.011997014382585e-8
3.931186398165378e-8
1.961911430834631e-9
3.040603591039753e-9
9.133445835930904e-9
2.427167146036498e-8
1.619026716296755e-9
2.0507936073203487e-11
4.71300701931405e-10
1.55672452774689e-9
2.0278690854035975e-9
1.2726334006281346e-10
1.8751052879095968e-12
3.914389871977869e-13
4.497322754616314e-11
1.2574077486102235e-10
3.7076745575132435e-11
4.8620028808034985e-12
3.232399474373844e-13
6.669607690446604e-14
2.403263658828944e-15
