2.3573426181153946e-11
5.120340110471247e-10
1.2992541502040017e-9
4.3559560986425195e-8
6.8053669782755495e-9
1.1644283589150698e-7
1.9327813196895323e-8
1.713424659286689e-8
3.0210337685183684e-7
1.2038412136849807e-7
3.249951441699543e-7
3.904200091234557e-7
1.0306210440267595e-7
4.177189267507116e-7
8.307062889631435e-6
1.622929436904754e-6
1.62851905830036e-6
1.0119390830960649e-5
1.4670097768786137e-6
7.624818743416105e-5
3.02547239902773e-6
4.78351763894644e-7
6.065869893437583e-7
1.563531158071172e-6
1.1733003048399197e-6
9.024722020480363e-6
1.305295070535529e-5
1.6840351839189976e-6
7.080261778300336e-6
1.1438956092838272e-5
7.87488965933752e-6
1.4716836485562838e-5
3.065115894432519e-5
2.117646737768718e-5
0.0007451899444071233
2.4349850804245327e-5
0.00010900066264790876
6.939356406980429e-6
5.4412402483071326e-5
8.194538338343744e-5
7.86482718541561e-6
6.783738310656266e-5
0.00011139114952654611
0.00042294932348309875
0.001028788805375253
0.00028591654311147245
1.1580148559765592e-5
4.0559234349011296e-5
0.00010006783133611357
0.0001286274020678563
0.0014122959484923615
0.0006558982525970102
1.4814257182124854e-5
4.400733509841586e-5
4.740210527963107e-5
1.059027738974697e-5
6.515532856862428e-7
7.1916358805509285e-6
8.19269160729085e-6
7.327042866593735e-6
0.0001231674363307643
1.5706558374871525e-5
2.277222101726828e-5
4.606174609739554e-5
5.1780003951089546e-5
2.997945129169409e-5
6.836956169077126e-5
0.0002742189497419841
6.224912995941842e-5
0.00042632406287241426
1.8213531160538885e-5
8.93653065493575e-5
2.9162497436677115e-5
0.00018839729043690115
0.00027677290175369694
0.00022648196753978275
0.0013625946202456616
0.0007327863408536687
0.002486925321332245
0.006182334485889295
0.00047702281420167105
0.00017509798309910972
0.00032244217630500617
0.0011954728119990324
0.0006592254078812144
0.007369613187272425
0.0010130879030328438
0.00030444328341181555
0.0007639723472319197
0.0001469777668830936
4.700510172144094e-5
5.904311565045406e-5
0.00010678002800557107
0.00011685106208551107
0.00018150025606164432
5.3949964989685234e-5
0.0005327334653787124
0.0010426135991766963
0.0003536079357441343
0.0025756404776175754
0.0003823590849486263
8.621471095616273e-5
0.0005702164137487729
0.002655296260160147
0.0060020060173794154
0.03735215650021497
0.014099964462535858
0.001766236663850097
0.0038731046516700183
0.0010815657795169521
0.0006491158017333354
4.564625420984155e-5
0.0001287120544500363
0.0004121992387961647
0.00020626534899727402
0.002084348473810629
0.00039275836545461416
0.00019848687044008597
0.0007170368614801106
0.0004753584087986632
0.00029697129346991844
2.439857125658661e-5
4.5794975464467335e-5
1.8736929837706297e-5
2.3587233163089083e-5
3.0326634292536067e-6
3.8947706544208625e-7
2.0405602053388047e-6
5.4114695206154086e-6
1.4334084222470076e-5
2.675014449393174e-5
1.0575087947418955e-5
1.6063058553170337e-5
3.425715442343016e-5
0.00015180469963671872
0.00015038660640766146
9.945916722192657e-5
0.0016147695276003558
8.522813210862476e-5
0.001274350060157936
4.3103589468844115e-5
8.489132192572268e-5
5.486821106005364e-5
0.00014662472018529894
0.000424370242365625
0.0004909537107305238
0.0005892817652770735
0.005378032766387675
0.001573195019384956
0.0075741027028670025
0.0006855565193692298
0.00024771087917071566
0.0009190531067601038
0.0024354339740028275
0.0022938996655406945
0.04470029098425485
0.003955550086802582
0.0003891012906039034
0.002031620393598974
0.0008119265145445394
4.2618524942743114e-5
4.331187389005548e-5
0.00010015483031094892
0.0009140060711836748
0.001453632085298213
0.0006536691400021846
0.004148821019299706
0.007295290779816014
0.002326909974482101
0.04698621008529788
0.0020976265243617723
0.0015195601165087424
0.006288925816879312
0.043911751599635576
0.0292057031491011
0.2726021626347682
0.03763638008751088
0.007400647389136816
0.04369955967455745
0.007763434928801025
0.0013782443750227735
0.0007975924337358813
0.0030050356997143837
0.008821665937176105
0.0019353406273593722
0.0462095642209453
0.002511947202806521
0.0023520280799432607
0.00747339071628227
0.006263799296643999
0.0010016905128740524
0.0006793393027119758
0.0013009338684628138
0.0004219039759640565
0.000757723738380552
7.894834688114449e-5
2.107832594425821e-5
4.9919959001838954e-5
0.0003883588468750365
0.0006692541078034415
0.0002466627958416318
0.0006524446324397109
0.00268216220226303
0.000419372223085997
0.008942175224578602
0.0004016988874259741
0.00012198394362215582
0.0006815812382216724
0.0021500557782868847
0.0032966238205957075
0.041548836756612854
0.0026163141876601823
0.00043797784930892146
0.002386748696617724
0.0011447700321861446
9.592429158898809e-5
0.0002163813337912446
0.0003596461035147742
0.0028948906643023443
0.0005051591369773433
0.007295961911896311
0.0010848762435326593
0.000684584789042277
0.005880704398145484
0.0007117826135915389
0.00010671196997736831
0.00030260176174451946
0.0017734026211506657
0.0002681125358994051
2.894814614281209e-5
1.0626453721555093e-5
0.0002565641966752654
0.00024676315490252055
0.0007207421384778579
0.00010226250038493851
0.001493864060502233
0.00020616736223068655
0.00015388107015648392
0.00042191713773508354
0.00026729895444445957
7.782798641315661e-5
5.581713712797159e-5
0.0001448530585806672
4.828598617108519e-5
1.0447572738564705e-5
6.104875929628094e-6
2.10727839361632e-5
2.3758064222278444e-5
0.00011453097863543989
8.607030898813628e-6
3.302189735729131e-7
1.078687078172577e-7
7.202948514611815e-7
2.769050468962941e-7
4.4913223705865425e-6
1.4368138321150917e-5
2.2247632987454053e-5
3.096447005438167e-6
5.645350613038517e-6
2.2971257587827452e-5
6.092985599393106e-5
1.4266020157377312e-5
0.00010984498034963306
0.0002889003836687622
6.49311590585973e-5
0.0006122838642427105
2.441811586391615e-5
2.8944605407101888e-5
8.19315703969119e-6
0.00015109892652563018
0.00015025278950438637
2.943566709925888e-5
0.00026762182267028796
0.000616878333097901
0.0009444759827219645
0.002352458890733826
0.00019357138662102406
2.7462597000298564e-5
0.00016882669882213006
0.00044527138840009595
0.0009382801412314032
0.007458279359511895
0.0016997824765619097
0.00017504088662666844
0.0003715917260380254
0.0003533635896347646
1.4814787796066899e-5
1.740369519803225e-5
3.896347845857087e-5
0.00011245204512992222
9.984450023562296e-5
3.638443736075985e-5
0.0003707054934627667
0.0005014294719664986
0.0002872380995638449
0.0019089108940958366
0.0002021836617222035
0.00018824085730475255
0.0008871878077772974
0.0034154343757198894
0.008266923511518233
0.028844553789057863
0.005849152052221771
0.0009357118175640056
0.0022137455497131414
0.0006918388219716071
0.00012747062064743936
8.901430213667931e-5
0.00021826517289955943
0.0004399113922376689
0.0002913132393343054
0.002290025683539363
0.0003289825501063194
0.0008782846611727426
0.0014931701577388407
0.0022891693930506456
0.0004132324625209371
6.22186658221814e-5
8.017593291897948e-5
5.883458635038716e-5
2.0723916027951237e-5
1.4875612598468505e-6
1.355698413133015e-5
3.175774342461686e-5
0.0007124001876069113
0.00022487916947822387
2.840377439766652e-5
0.0003595372549077411
0.0003262404997798914
0.00019898072975824157
0.002746909142378608
0.0001221005850605013
0.00010513016078798151
0.0006024322597654994
0.0006141939594262838
0.0008781005416574228
0.0062456703428521824
0.0005601866039411598
0.00016098335027948685
0.000912061192265572
0.00033642852148034946
3.899814670180801e-5
0.0001442216104774163
0.00031320600481872627
0.0006507414256977579
0.0003581813960850607
0.004080809155563094
0.0005274684987925481
0.0002895511926942474
0.0005897294331512865
0.0012763740810646388
6.667307969144824e-5
0.00010510427876789037
9.043559853562263e-5
6.515689422254962e-5
1.3429070092759011e-5
1.7769770973183331e-6
0.00017424099481821946
0.0006203304709490627
0.00044005631299141835
0.00010704541026308436
0.0009994272737405832
0.000122542941077378
0.00016219719066288069
0.0001443056589867425
0.00019127442912163936
5.4986959469323624e-5
2.221935818728158e-5
3.691373063437529e-5
4.570792610379301e-5
7.2501190502860055e-6
3.9085103044233756e-7
1.4335391337239355e-5
1.5235281654884215e-5
7.338417820678243e-6
1.199818553437452e-6
1.2018468819901036e-7
6.361581479418481e-9
3.390914660723969e-5
1.1561494677621004e-5
0.0001837763955975171
0.00022050454008690006
1.0264507005937491e-5
0.0001487835874785714
0.00017479052244000987
8.962573160960482e-5
0.0007503206858424511
4.410909590425071e-5
4.0405728665636584e-6
0.00012117057141147779
0.00011902234667951955
0.00018628891685794468
0.001433399852217598
8.644348931524926e-5
2.8183198455119208e-5
0.00022342607362060284
0.00020214964684366632
1.0829411342306113e-5
1.0594750091702364e-5
3.0088588491284716e-5
0.00022993968550269635
3.681268435870051e-5
0.0006829755729800688
5.5265866114920296e-5
3.1881617977375315e-5
0.000517198470619072
0.00021439157668010292
7.722512776972769e-6
1.384680240259556e-5
0.00015376099722881148
2.9361823574088733e-5
7.231973078813257e-6
1.6282432699311894e-6
1.291774468744225e-5
3.170493914714598e-5
4.874603788732751e-5
3.7453253322342726e-5
0.00010250659384946324
0.00010192772412472066
8.675239212825078e-6
5.728588444069171e-5
2.7518440894035107e-5
6.530154884571066e-6
5.774458567626297e-6
1.623476989386791e-5
1.7979200045070646e-5
1.4815026579695767e-6
1.0406046051305444e-7
4.501835029883356e-6
5.468802303198529e-6
7.232904466922838e-6
1.4121393588442647e-6
2.9205495591566766e-7
4.320595152320959e-8
3.149795565494061e-5
1.3668433577087084e-5
2.400627779038389e-5
2.0501821114537786e-5
4.282914592339401e-5
5.2755938430054285e-5
2.832977553031365e-5
7.8779513608397e-5
8.222698374780518e-5
0.00010014164024760395
3.0386708735920908e-6
1.1139888809155111e-5
1.4343850207184167e-5
1.184863889282688e-5
3.562721642226587e-7
2.8317757269683786e-7
1.9186808265561306e-6
6.267335946326965e-6
5.304523523152228e-7
1.5772605806274954e-8
1.1556676404970855e-9
7.64530062265371e-7
3.8154402533065255e-7
7.380482443339767e-7
4.4850906761402344e-7
1.8589951274450246e-8
6.59914175452662e-10
2.4958732604741424e-11
