7.050511640097156e-17
1.389897883364397e-15
5.230724931495435e-16
1.468236591006584e-14
2.396538400360436e-13
1.289190734539879e-11
8.669755462952427e-16
5.145103531351081e-15
5.566639845886255e-13
3.838474110595929e-12
2.295902310118976e-11
8.698461310054294e-14
3.2954500423848033e-12
2.378329938633722e-10
1.163755570313002e-9
1.8112901893009528e-10
2.926580299198186e-9
3.6848125788055464e-9
3.1588863092573084e-7
5.980224724900975e-7
3.932549035585266e-8
1.7672772509682442e-14
1.993138037598812e-13
6.021420940689352e-12
1.294700601667427e-10
6.379660009192467e-10
6.0859299432259575e-12
1.9036704245023528e-10
9.900915052307757e-9
5.8288935334861826e-8
1.6280508757386068e-8
2.7652464268222648e-8
4.795736927745215e-8
1.5253621112407334e-7
1.1990444890574964e-6
5.281040815753302e-8
9.464866946278153e-11
7.753640848131879e-10
1.3486085444696158e-7
3.439366389043185e-8
4.0038002877890574e-8
2.5263581209006953e-7
7.107675319576906e-7
1.0653191876022445e-5
2.5069822930461724e-5
3.6373580634387852e-6
4.588393424290454e-8
2.190631111606621e-7
2.7001090913610963e-6
9.911155950130555e-6
0.00010514967792024657
1.484367764068345e-5
2.5869710437122207e-7
4.012393976546854e-6
1.7029754066675282e-7
1.9677093938519353e-8
8.373130770504928e-13
2.459357474800821e-12
3.5104416545551686e-11
3.182776826158214e-10
9.465218101048078e-9
5.2875733005699004e-11
9.222450138465469e-10
8.717380425268447e-9
6.278543352381309e-8
6.519049547724212e-9
5.194212153277645e-8
9.989411048732957e-7
5.718019098122304e-7
2.1063132431627914e-5
4.638425415800637e-7
1.6405431960658345e-9
2.9445640552888744e-8
4.093852223825859e-7
6.951280269855408e-7
6.989487599886518e-7
4.4194583350684106e-6
1.9137931484804786e-5
2.1529507395019046e-5
0.0004817114011045434
3.579371136225425e-5
1.207680961088452e-5
6.222735310699889e-6
0.00015582797090560007
6.913174164591703e-5
0.0030390321812877106
8.679210083942742e-5
1.0067086237980758e-5
0.0006341846491874034
1.2243124518732849e-5
1.5898536745332526e-7
2.1922486604125936e-8
2.937784015251123e-8
5.104551253208164e-7
3.1195308165125815e-6
2.1748981072195974e-7
1.0513318850734462e-5
0.0001607698035750286
3.473279630130779e-5
0.0004548882878687377
3.344100588777873e-5
1.6200414489679125e-6
0.00010297439972010612
0.0006461652763037096
0.005202553106840975
0.030994893749646757
0.005532705424874524
0.00014314802460944087
0.0006451895302734854
8.296502355099141e-5
1.3318620239425556e-5
9.883700282815807e-8
2.741234367915817e-6
2.278711299188359e-5
3.1210476225746176e-5
0.000446016492395532
3.441319276750537e-5
3.6302593572961906e-5
0.0005497643039768758
4.2467398651704094e-5
3.749595312842525e-6
3.868668594695218e-7
3.5790034918595877e-6
4.858015041508615e-7
4.798718761199508e-8
3.043284640549615e-8
1.215516834816044e-11
2.325211708544394e-11
1.204839021265153e-9
2.537494416121653e-9
2.9449148609609015e-7
6.630110486193963e-10
6.185735690329865e-8
4.9898302363545606e-8
1.1606562693549657e-6
3.351777246860804e-8
7.239241651523332e-7
3.5157709823346215e-5
2.6901865478864264e-6
0.00011957867800993056
3.023256941817972e-6
6.946158394438056e-9
4.874027822514649e-8
1.1959473344001179e-6
1.728460725528656e-5
6.77963980675718e-7
2.0593246401248103e-5
0.0004957024406940723
0.0001838344392516228
0.0029319139896609985
0.0004177057340877831
3.6402374985924887e-6
0.00019317069043217117
0.000529639581189074
0.0005495864598649636
0.03690664397064509
0.0006269476445891718
2.0246815241307495e-5
0.0004664351667606461
0.0007120848223104592
3.840515277113759e-6
2.3279697105211907e-7
1.1498692012798146e-6
4.34513205945682e-5
0.0001258476297997104
2.1477682981772816e-5
0.0004912147877928863
0.0029161033635124864
0.000476871692931359
0.03971297807668647
0.00043211811425215944
0.00013639555339096856
0.0030587891245072467
0.04060167509346464
0.028331750590524906
0.5658336560105965
0.029483473505009503
0.002267824947965817
0.038669677124882534
0.0026310092094576267
9.742664883354014e-5
1.1104134790898528e-5
0.000308805205446464
0.002525463665302094
0.0004200088248902078
0.04097922033383196
0.00047895432797776053
0.00021835678398142091
0.0027974196658901544
0.00041498873625772854
1.9084704782523722e-5
1.310526412816264e-5
0.00012159356027288685
2.3696128955656637e-5
1.1632982839554669e-6
4.37515741336441e-7
1.9155642061838062e-8
2.7573730191168635e-7
6.793542976517392e-6
1.3345170527921042e-5
7.726747703447287e-7
3.688947762923593e-5
0.0005040616570909755
2.4379170615402677e-5
0.002655046856623972
2.3187374910017704e-5
9.338176147341006e-6
0.0008677035807356486
0.0004958286568993547
0.0007266453341043566
0.03865920403458334
0.0006267436322399652
2.191531135829745e-5
0.0005037812886685287
0.00014126864298775807
2.2081506842777088e-6
3.3426716915756733e-6
6.45054968199632e-5
0.0003496525599766482
0.00046264450145375136
0.0025854481092417994
0.00013735265057668078
2.758606345398802e-5
0.0004441110073267524
1.9528682368746197e-5
8.466269270466265e-7
5.229908611775282e-6
3.702063722420461e-5
1.1761577709105329e-6
5.300500890007002e-8
3.1046299958570666e-9
2.1929152248821e-7
3.6707590970575417e-6
1.2031324284775611e-5
4.881401308612291e-6
0.00013002782161432297
2.8584970561169373e-6
3.963195005500721e-7
1.6012816003274654e-5
7.274000580596594e-7
2.862493621568521e-8
2.8880814589174305e-7
1.176451276437541e-6
6.708236677555883e-8
5.457253671383267e-8
1.1069280864861082e-9
5.36962957387507e-8
2.726376661119512e-7
9.04158166886779e-9
6.216805041337846e-10
1.978930563465886e-11
1.3055561931928243e-11
1.69606567451701e-11
1.4152455899610438e-11
5.244078496253905e-10
1.7596561166105817e-9
3.206562633643064e-8
5.2238058045136114e-11
1.881069354596757e-9
1.66275355936177e-8
2.4190750889781775e-7
4.4285603233069254e-9
3.862332416443493e-7
4.6620911520220465e-6
1.01221972008306e-6
1.3297647250511476e-5
3.424960473823851e-7
9.213283286501434e-10
2.0323994012104894e-8
8.753472210467685e-8
5.517950313488542e-7
4.1913497381450424e-8
3.81130050962646e-6
3.240283437338496e-5
6.013131938708429e-5
0.0003355044561656879
2.920860577982457e-5
6.233275012974413e-8
4.029296548538128e-6
2.1760977908750977e-5
0.00010966361090105152
0.002376806308861679
0.00015812548553692938
1.9037305807760502e-6
2.112185366972406e-5
1.0511440185573662e-5
2.1562342194736973e-7
2.1363872890885716e-8
3.411793029693921e-7
9.685688042363208e-7
6.978352012673545e-6
3.249964443482999e-7
2.1570598817543025e-5
0.0007292466068978707
3.420228422248482e-5
0.0004036678614749995
2.8682647379860915e-5
2.439932646600553e-6
0.00011194221727723203
0.0007280987014832056
0.005433763353729435
0.029684778007563004
0.004809232827665965
0.00011362736482333688
0.0005932264662873713
6.788212055799493e-5
8.422407175679134e-6
1.4831103458789468e-7
4.557834233909423e-6
2.250007112708123e-5
3.2947941594460965e-5
0.00043840277426683967
3.175760955023433e-5
6.808402059337907e-5
0.0001515622618269409
1.7475698453726192e-5
8.26574961904362e-6
1.0383195984414622e-6
2.663873272655475e-6
5.789849841241663e-7
1.4918069140709164e-7
4.241112947456065e-7
3.286057099703581e-8
1.4236508334747436e-7
1.4852444052452868e-6
3.5563222389657795e-6
1.0343094486347923e-6
3.4937139310795777e-5
7.986939362654267e-5
5.493553567366601e-6
0.00039339160717162113
3.082316071244742e-6
1.4729776663502731e-6
1.1692545731809715e-5
0.0009642837517704006
0.00012731910855175497
0.0030312712907303342
0.00010006105043553165
3.995967228765247e-6
0.00017603594930381083
6.3571426586253314e-6
1.856729717108042e-7
3.368665803077637e-7
4.027924230870354e-5
3.425096732993246e-5
1.6824644597412296e-5
0.0003715498426124508
8.59430339007446e-6
5.007584479570434e-6
1.8669519836229462e-5
3.0375681161702374e-6
2.3363204214144646e-7
5.306490714323528e-7
5.970247870725526e-7
4.32104608912037e-8
2.2628920723802946e-8
3.724301237854042e-9
1.8051154868327252e-7
1.4191755908996075e-6
4.816905613290382e-6
8.326399175605257e-7
3.930176790965297e-5
4.2088266408571235e-7
7.914516831616038e-8
1.1043158692146231e-6
3.032185271967541e-7
7.931517952788339e-8
1.607009063991956e-8
4.957314653579507e-8
7.234149512625959e-9
4.431556618019459e-9
1.6583180271534466e-10
2.1878017730492405e-9
2.894937705896509e-9
3.725880350526853e-10
6.750264752707155e-11
2.515116208503987e-12
2.545850905626173e-13
9.815681930217301e-9
5.0609606446730604e-8
1.9803187056871403e-7
2.0890889463191572e-7
1.3865746917168061e-8
3.159368240129164e-7
3.011339349740348e-6
1.440771966398263e-7
1.0916117656946657e-5
9.867488013734966e-8
2.7495645489005984e-8
1.4899261479699146e-6
9.76606221406916e-6
2.4883839961772223e-6
0.00012134152502668535
1.5309014895529495e-6
5.9216392421304796e-8
3.1308895868267466e-6
1.2014420687231374e-5
4.3581024500760286e-8
1.2915539381787652e-8
1.043673239940296e-6
6.678379306822011e-7
2.1915802857241812e-7
1.4642631217423502e-5
1.703073630110446e-7
4.944283378905353e-8
5.280594970987688e-7
6.933637936279647e-7
2.8951545842389374e-8
4.900470958926206e-9
3.339500825925728e-8
6.544138773435646e-9
1.1347348815675075e-8
1.6321066956086502e-10
2.361066803040134e-8
9.213409334589405e-8
2.2269223853096963e-7
3.760140510702259e-8
8.720930274533396e-7
2.5843700997885747e-8
7.611986701258305e-9
4.1991078454302714e-8
2.3847667412689463e-8
5.544715758259942e-10
1.7290951898390098e-9
5.8349086952774505e-8
8.717851443608222e-10
1.484084806753775e-10
4.4172921687706645e-12
7.047833683377558e-10
1.1488287734626665e-9
3.440200195930026e-11
4.590960065879478e-12
6.262726445879302e-13
1.394291904379207e-14
5.272616891006319e-9
5.390267042992352e-8
1.534489370889846e-8
1.7579944950758774e-8
2.0373833350905765e-7
1.620588602241034e-8
8.604366345752108e-10
5.930676360347466e-9
1.3912894003074712e-9
6.094742584411133e-11
3.6511358207310946e-11
6.146263378617068e-10
4.6010526139221675e-11
4.3128815309544566e-12
6.872281928128904e-14
1.2276142555683083e-11
2.234016413483106e-11
2.3935041962815213e-12
1.8264110253181542e-13
4.964137712374256e-15
3.11973402186243e-16
1.3513373967378987e-11
9.468078664122398e-12
6.687368340634064e-13
1.5239672807635986e-14
1.5785572229088868e-15
9.771676035092131e-16
4.470641757363394e-17
