1.7469816009275976e-9
3.1030030083299057e-7
2.041976636154694e-7
1.4081821981675325e-7
1.0573322995926452e-6
1.3745062063294797e-6
1.030815384980942e-5
2.1137338516686414e-5
8.713188091099033e-6
3.5172988860590235e-5
6.577948259992012e-5
1.4030131658834625e-5
2.344937591280324e-5
8.423975955490097e-7
6.351979201979518e-5
3.340445269908212e-5
3.37117703771615e-5
1.7602950891780492e-5
5.528607738780122e-6
2.0182268545461524e-5
2.8474644629183927e-5
6.168139713355681e-5
0.00029144539210657983
3.961159895813754e-5
8.113278296046816e-5
0.00028656109247556194
0.0003582714510346289
0.0005334038991565985
0.00022961373985269293
0.0028107116266390224
0.000962972845101772
0.0018127882003996626
0.000369256411204999
6.338377336760118e-6
0.0014526775849884558
0.0005470258386309418
0.00016085378521501638
0.0006238794414097191
0.001118268656867371
0.0004687215303155471
0.00011677083490863754
0.0015371815904713106
0.00029169786445647705
0.000288513338674598
0.00150596873072259
0.0006542965633241206
4.811465537086692e-5
0.0003961643496043216
0.0002019759916647747
0.0002143410233984044
0.00022411623610447815
0.0008631001248842837
2.704047602541758e-5
0.00011975177650350845
0.001134136135212554
0.00024685198176211125
3.0429975773946235e-5
0.00016184615270681705
0.00019333201322396904
0.0004953516246395116
0.0002333330162135337
0.00043421468140859214
0.007349721917316553
0.0018182059425758854
0.0063029638636928
0.002486037532696005
0.004485307528876142
0.00038190884819456507
0.0015927424906335974
0.009063893775440217
0.00012210693448374567
0.0011308834256384603
0.012208172731791766
0.006986472267328729
0.0025560949557188028
0.010816585280869801
0.003806897743498171
0.0017186156826487576
0.0018307380540588695
0.021023001031354918
0.0006772029603840118
0.0016179846666742638
0.0020615405884144276
0.004907276558933995
0.00013767869942421637
0.0051393054158648584
0.003993711313104817
0.00015965897076690092
0.0072137745947275875
0.010987299128811906
0.0011341361352124144
6.502332140810973e-5
0.000861858397949453
0.0007274314642182173
0.0010478928999300343
0.0012372770005116063
0.0001719427425028225
0.00018799310778059767
0.0042276199729263325
0.0002424615273323025
0.00013481226049799633
0.0005791882903848507
0.0025106450536380004
0.00036157893329006826
0.007094687619285928
0.012579953187030963
0.0025844574970435015
0.0007764527851436405
0.008128134681200112
0.003993711313104778
0.0008631001248842831
3.179086184524625e-5
0.00010054663066650029
0.0012550666717248678
0.0005290149009102011
0.00812913569369464
0.00013481226049799752
0.00046674003757640005
0.0016613516551960948
0.0006772029603840165
0.0006542965633242575
2.0126108701928972e-5
2.2396295797165465e-5
0.0001221069344837026
0.0005470258386308656
2.8474644629177432e-5
2.006851044804233e-6
2.5126779735112282e-5
7.69098653610297e-5
4.193941810698037e-5
1.9766168739038323e-5
0.0001756318395803035
0.0010519297480128832
8.129091512914209e-5
0.001369936029627547
0.0016309755940412632
0.0029234072475678324
0.0017307038582695569
0.001062355160439568
0.005331317871329273
2.239629579717179e-5
3.951885257888476e-5
0.004809798327780754
0.0017638100813734
0.0032811931924934777
0.007744458601845051
0.0036012903084046617
0.0013548484816801453
0.007287440857845663
0.025476239771615623
0.0016613516551962988
0.0010860364408985098
0.0013782749887594886
0.007179600449826155
0.0003298964977623929
0.023070556372625117
0.008128134681200137
0.0003846708031416762
0.007281369435423848
0.007213774594727561
0.00011975177650347401
5.360036439178232e-5
0.0007273598754552851
0.0033263875251836688
0.002707165012565404
0.001478585596133303
0.013951713413355788
0.0017677851190880383
0.006090447419945462
0.0007147612416895608
0.008129135693694669
2.470905218884738e-7
0.004760501819010257
0.009016041302126392
0.00863574783694424
0.02878416521216003
0.012579953187029598
9.802910643859896e-5
0.02307055637262509
0.0051393054158648584
0.00022411623610452488
5.855265180575363e-7
0.0005521024715804388
0.0036104435837260637
0.0002860720286532268
0.0007147612416894208
0.00024246152733232697
0.0006996112477238492
0.0254762397716156
0.021023001031356785
0.0015059687307226253
0.00016935939007180366
0.005331317871329275
0.009063893775439412
0.0014526775849882788
2.0182268545461626e-5
1.0693576839239582e-6
1.6024220156025542e-5
0.0002947869478566732
4.6181089726921894e-5
7.18474176329329e-5
0.006867700432141728
0.0013475432511149018
0.00021502809586711416
0.0036104435837260654
0.001255066671725
1.2544843666289354e-5
0.010048736256506452
0.006875667544729779
0.005590894276704639
0.009016041302126446
0.0003615789332900394
0.0005213543043303975
0.007179600449826157
0.004907276558934357
0.00020197599166478514
0.0001581659049533223
0.0008766604397938566
0.0013475432511150572
0.0010029702122378832
0.0017677851190880404
0.00018799310778059674
0.0036251724702358614
0.0013548484816800963
0.001718615682648724
0.00029169786445649775
1.9654204764456152e-5
0.0017307038582693554
0.00038190884819459245
0.0003692564112049896
1.7602950891783555e-5
1.3740773839528657e-5
0.0003038688712762703
4.6181089726917394e-5
0.0008936340623200614
0.002707165012565343
0.001047892899929994
0.0011780277920627384
0.0032811931924934807
0.00255609495571879
0.00046872153031554675
3.358293019674173e-5
0.0013699360296275716
0.0063029638636931
0.002810711626639339
6.351979201980992e-5
3.6617403583889617e-7
1.9766168739045767e-5
0.0002333330162135769
0.00028656109247560065
6.57794825999209e-5
1.3745062063296557e-6
5.272461341521917e-8
5.523403445611199e-6
7.644262251296337e-6
1.4710630054677715e-6
3.661740358389991e-7
9.27760362600115e-5
0.00019015907499114293
1.7081073914792436e-5
3.358293019674459e-5
8.196359955703403e-5
4.286178800134513e-5
1.965420476446309e-5
1.7299593602431886e-5
0.00016935939007178922
2.012610870193607e-5
0.00015563049951635693
0.0009546663667416274
3.255773935970604e-5
0.0011780277920627744
0.0003798701291040389
0.00017736408051161065
0.0036251724702358722
0.00023207000641994784
0.0006996112477238492
0.0004667400375764019
7.260869784472804e-5
0.00010753010634562093
0.0005213543043303139
0.00031140748160052577
9.802910643862676e-5
0.0007764527851435569
0.0002290208691405091
0.00038467080314174396
0.0001596589707669169
2.704047602541101e-5
0.0001554176483017154
0.0029348162058902053
0.0005368092253792665
0.0008936340623200292
0.005611845958945626
0.0071745746437171165
0.0010029702122378336
0.00103107657151602
0.0002860720286532269
0.0005290149009102012
0.0029490057100050606
0.010690986071413272
0.005590894276704641
0.00640314683105051
0.008635747836944298
0.0070946876192859495
0.00031140748160052035
0.0003298964977624841
0.00013767869942421689
0.00021434102339836173
2.2777036219154394e-5
4.058513077663002e-5
0.00021502809586713842
0.0010310765715160174
0.0060904474199454635
0.004227619972926374
0.00023207000641993386
0.007287440857844761
0.0018307380540591696
0.000288513338674589
1.729959360243012e-5
0.0010623551604395656
0.0015927424906335716
6.3383773367552875e-6
5.528607738781071e-6
7.860081019932243e-6
0.00023527548137458517
0.00044552600193051013
0.00030386887127627037
0.002732658867182728
0.0112953729098398
0.0008766604397938454
4.058513077662274e-5
0.0005521024715805393
0.00010054663066650019
0.004548022691451042
0.04263257211839691
0.010048736256506464
0.010690986071413276
0.004760501819009838
0.00251064505363805
0.00010753010634562142
0.0013782749887596096
0.0020615405884144276
0.00039616434960434847
0.0006652399298637497
0.01129537290983964
0.00686770043214175
0.007174574643717935
0.013951713413355599
0.0001719427425028172
0.00017736408051159468
0.0036012903084048486
0.00380689774349823
0.0015371815904713375
4.286178800134505e-5
0.0029234072475680458
0.00448530752887615
0.001812788200399664
3.371177037716563e-5
1.62258168573793e-5
0.00044552600193048715
0.0002947869478566733
0.0005368092253792678
0.003326387525183679
0.0007274314642182708
3.255773935971445e-5
0.0017638100813734702
0.006986472267328712
0.001118268656867332
1.708107391478868e-5
8.129091512914276e-5
0.0018182059425759498
0.00022961373985271087
8.423975955491785e-7
1.4710630054677711e-6
4.1939418106985604e-5
0.0004953516246394513
8.11327829604772e-5
3.517298886059648e-5
1.0573322995926107e-6
5.167068212008018e-9
2.808994161490955e-6
1.6225816857379292e-5
1.3740773839526364e-5
0.00015716739428422893
0.0006652399298637338
0.00015816590495330564
2.277703621915205e-5
5.855265180583878e-7
3.179086184523825e-5
0.0004891512363972278
0.004548022691451043
1.2544843666290235e-5
0.002949005710005008
2.4709052188802723e-7
0.000579188290384869
7.260869784472539e-5
0.0010860364408985096
0.0016179846666742703
4.811465537086969e-5
0.00015716739428423105
0.002732658867182926
7.184741763294498e-5
0.005611845958945595
0.0014785855961331567
0.0012372770005117484
0.00037987012910401186
0.007744458601845133
0.010816585280869746
0.00011677083490865128
8.196359955701368e-5
0.0016309755940412582
0.002486037532696188
0.0009629728451017605
3.340445269908083e-5
2.8089941614918225e-6
0.00023527548137458978
1.6024220156022462e-5
0.0029348162058902196
0.0007273598754553569
0.0008618583979495466
0.000954666366741518
0.004809798327781169
0.012208172731792366
0.0006238794414097361
0.00019015907499114404
0.0010519297480128752
0.007349721917316552
0.0005334038991565823
2.3449375912800818e-5
7.644262251296449e-6
7.690986536102122e-5
0.00019333201322392938
3.961159895814192e-5
8.713188091100181e-6
1.4081821981681207e-7
5.167068212018066e-9
7.860081019932672e-6
1.069357683924005e-6
0.00015541764830173107
5.360036439178156e-5
6.502332140812036e-5
0.00015563049951636918
3.951885257889025e-5
0.001130883425638468
0.00016085378521500302
9.27760362600135e-5
0.00017563183958031964
0.0004342146814086877
0.0003582714510346938
1.4030131658835018e-5
5.523403445610618e-6
2.5126779735109992e-5
0.0001618461527068629
0.00029144539210663426
2.1137338516684215e-5
2.0419766361545645e-7
5.272461341516035e-8
2.006851044803781e-6
3.042997577394658e-5
6.168139713355959e-5
1.0308153849809496e-5
3.1030030083285435e-7
1.7469816009231755e-9
