1.0586277078833429e-9
2.307935029496226e-8
2.2216254227630126e-7
1.1928690715099363e-6
1.0230225528408325e-7
3.4649357300349798e-6
1.5054965178810808e-7
8.341533780993675e-7
1.3005390838932963e-5
2.750250532924857e-6
5.941445482908544e-6
3.403625326169893e-6
1.1987043855378277e-5
6.017618366068623e-6
9.43894000243416e-5
5.1565582160112894e-5
5.1342889410942055e-5
0.0005345199746644284
4.6543436254130774e-6
5.753987423354281e-5
2.663126356837831e-5
1.5493951235050332e-6
3.0453627187049095e-6
8.716480444843473e-5
8.38121537242387e-5
2.6366544519505885e-5
1.2345987460892593e-5
5.086481195933732e-5
7.521670129594702e-5
0.00012755588609256576
0.00033273400997432817
0.0003974501572161558
0.0007264918468404478
7.88454489831008e-5
0.00018808025725424257
5.623182190107368e-5
1.8817960343952862e-5
2.56023563456579e-5
0.00011912946600166247
0.0004133488481947214
0.00010179335191118259
0.00019706874137873423
0.0007569439616148997
0.00028816310566917434
0.001105429480554875
0.0005513547385434365
0.0002811285292391475
0.00038061734065439134
0.0006915311612779782
0.0004839759950592505
0.005610039380186976
0.002294939054351089
5.2422337713660185e-5
0.00027577202758141206
0.0006325346499047516
0.00011158091692124696
5.1340602392618424e-6
1.1270720426868291e-5
9.361944004121398e-5
0.0005545970564699583
0.00011858502352564273
4.262871768736749e-5
0.0002638853516807705
0.001093423171225525
0.00020636182683242359
0.00041131091818487515
0.0005607566454086817
0.001212498524598882
0.00048672920962904235
0.0014075934536589634
0.00018786157211222174
8.985724013058503e-5
9.837819319393532e-5
0.0006548118714469445
0.0008303953227276961
0.0007437108136126662
0.0014269604277073581
0.001871212544933329
0.00174205201762803
0.004156895521999745
0.0010835163742211127
0.0008847788090475549
0.0012529088526316865
0.002333818662823764
0.0018100782080046791
0.009934580257671766
0.0027158616363215805
0.0013375622114295568
0.0023531950523638686
0.004954457649319927
0.0006300721797720775
3.483936793485871e-5
5.477375953826271e-5
0.0005148474445812722
0.0010259576075859487
0.0003918704267168916
0.0010882853801792195
0.0021580649249518754
0.0010520028972909868
0.003993031873346952
0.0011240098261051188
0.0005775231351509005
0.0013441397730253096
0.004142084333995058
0.004971655701248576
0.027383349119940153
0.011520347658998837
0.0026066527543359926
0.0058840023167135835
0.0026350189830941233
0.0021025316287538636
0.0005510971355591304
0.00047053638615277086
0.0021693851129718205
0.0007016604196681902
0.004651724674617762
0.0011200689540933739
0.00027986650030158166
0.0018301955524356345
0.0010733887505450393
0.0005668072334169218
0.00020531666431631378
0.0002902715988691919
0.00018731377372722084
5.4769920191225535e-5
2.7653127836727282e-5
6.5693858961164524e-6
1.0518227043943999e-5
0.0001346427098630874
0.0004170730429942321
0.00010265991954275915
3.447454622363768e-5
0.00017590387292831968
0.0006550506658386863
0.00024365911367832627
0.0004060581553651286
0.000828344297784145
0.0013293629458078972
0.0005934882119684644
0.003238165533866553
0.0003258763556088129
0.00012099999247862709
0.00021459074646608146
0.0008510825903126655
0.001449332212632606
0.0008620091051395288
0.0014869977926704428
0.004097288981611501
0.0016577728304957259
0.008271260914098051
0.0018234802110147664
0.0007569762687110863
0.002365711216085848
0.004644822357289553
0.003694704663621791
0.031164068400319194
0.0061284085048757585
0.0014366048136152854
0.004213849098634832
0.0022068901149516163
0.0002766107264565549
5.523669703057793e-5
0.00018800443495748555
0.002003227904881458
0.004141783547622767
0.0012633278591835796
0.0035916243511055755
0.007720872390313508
0.004023040891936452
0.0327563827493046
0.004560681709747923
0.0028570693804596545
0.006442111562281976
0.029136901164387784
0.020815971600126094
0.14111945511417587
0.02782779299841343
0.010690798553695084
0.03246886553206724
0.009855388055763092
0.005289107371017591
0.0030658421283297557
0.003043062786968346
0.012662878554797979
0.0037017680368595664
0.03374543326838962
0.003972280810984177
0.002948294011806085
0.008329397268377848
0.003978154619128474
0.0010990336020396648
0.0037470394187038084
0.0031851603980661736
0.0013945804899142434
0.0001859483012235839
5.7202231254732864e-5
4.802144406072476e-5
8.228917967819349e-5
0.0010987146530409058
0.004669932686147175
0.00040786599522567773
0.0017479774977970978
0.003931906065446616
0.0014846977945574072
0.012557995668827666
0.0020475782439474868
0.001702977489269672
0.0015636407079369198
0.0038637422082885148
0.004315123413006345
0.029452551850484066
0.003995598718887563
0.0016615052783069558
0.004613199838697474
0.0022629672740687003
0.0006515991928911086
0.0010189434416536156
0.001171235042012183
0.00398078176220499
0.0013478505391245625
0.00785923015489369
0.00219869265588583
0.0014872955296317317
0.004255512968694153
0.001882686952117084
0.0007287683989701223
0.0007807885253899775
0.0013136770836570445
0.0012066743507437455
0.0006690560064302332
0.0005367944919229639
0.0008331274425613673
0.000965833397872737
0.004659056991736719
0.000863913389184388
0.004106498942420724
0.0010150705657389503
0.0003150273024063823
0.0014502231304730198
0.0008496520559033111
0.0003961756198173506
0.00021262685719008453
0.00024828992758197033
0.0002167769437465784
0.0001446053218878818
0.00010504702348257053
5.3539003991202656e-5
0.00010933916368457249
0.00012927963350271735
2.6100529757549203e-5
6.227062537036677e-6
4.1555698321777705e-6
2.8523272872302953e-6
9.080818434474688e-6
0.0001308732884911539
0.0004714389918039058
5.26281089392603e-5
1.0245316171483066e-5
0.00015058290096212767
0.00048499100109583864
0.00019871784574028174
0.00040343797928471943
0.0009106754766738674
0.0008109604617508882
0.0006227881697688363
0.0036076281683654074
0.00020218521444867005
2.942269982393435e-5
0.00013756073141411016
0.0005959655736712525
0.0003100759956269067
0.0005553916644510595
0.001382756825377743
0.001433338943972112
0.000977408882127608
0.002796255051023014
0.0002850744261850455
0.0004944196766971246
0.0011216984486333045
0.0016734354688836728
0.0023706263915834577
0.010312566767846964
0.0025369982326310025
0.0007901672666917047
0.0014482474944919395
0.0013776924213455542
5.266185885976425e-5
0.00012416491429442984
0.0001478867287398471
0.000889303853899694
0.000945017797925623
0.00039921123202963515
0.0014477345313334876
0.00134563938233465
0.0012017035515085913
0.0034590798056755665
0.0006620925457663471
0.001068621126436775
0.0017934819474899632
0.004310430803749855
0.006920229086081407
0.020950246139290776
0.005095170523476176
0.002493313979063498
0.0037944658523252077
0.0018491957940036255
0.0004771966729650432
0.001047264880668909
0.000959648704055559
0.0015208368147173006
0.0011589921122934141
0.004127626735603428
0.0010954903097822749
0.0010356932821817798
0.0016914556088740227
0.001776576235298147
0.0002883557970291653
0.0007064136504445131
0.0006066507593528593
0.0005164183949499766
7.720499704993209e-5
4.459723634617212e-6
7.218107651587251e-5
0.00012901093665163533
0.0007274222197722185
0.0010377861186041727
0.00012788707540965446
0.0011137929187962597
0.0011591867688965558
0.0009412940384566968
0.002920704844076108
0.0005102710006450914
0.00048426493937596106
0.0012881941244468073
0.0016404291632903085
0.0018433106200264357
0.006712567411649436
0.0014104645835997175
0.0011402615658530305
0.0024361218333779416
0.001269401730215651
0.0003835565536207185
0.0008716846050244331
0.0010739571477536261
0.0017733018422012264
0.0014266169056074407
0.003670353108050579
0.0011096070292645629
0.0013299112303574172
0.001571277122866092
0.0013695016224701797
0.00017421131638017528
0.0009660727188467677
0.0008502849422547946
0.0005513443420319127
0.00038279568039112886
4.499765346356207e-5
0.0006073561747105444
0.000723876115951363
0.0010909439134388912
0.0008614371369329636
0.001994896688921214
0.0005148723168641058
0.0005805840825150096
0.0008263334501090521
0.0006394692198354132
0.00011285518481699011
0.0004751516190151651
0.0006451692899783858
0.0010416851865869031
7.29039467980882e-5
6.35134611391601e-6
0.0004193731526493965
0.0004251561312907742
0.0005436828829185543
8.128997477454873e-5
2.6783235406106723e-6
1.1060798421472845e-7
8.508115720081252e-6
3.642875046153171e-5
0.0005848757901665742
0.000831140634594454
3.635905919564467e-5
0.0009379621585545349
0.00113323131858854
0.0010708295851041137
0.003245496905028308
0.0005923768321016422
2.6991559610492853e-5
0.0004954807121881448
0.0020260214813037744
0.0011173385957404674
0.002963404668836516
0.000555451903044248
0.000516521524419247
0.00080915074278848
0.0008891122193110941
0.00026711422735885325
3.381507703427299e-5
0.00012922527166881763
0.0004606791982187249
0.0004214761369952341
0.001305771121007642
0.0003956564739743216
0.0005284177880179673
0.0008661066644781828
0.00072518352737045
9.987485088775725e-5
0.00040696121099758996
0.0004268593840868609
0.000417337248076642
0.0003624336097623269
5.881978149179928e-5
3.2467908292903495e-5
0.0001400953103219091
8.197849472638896e-5
0.00015482494839983907
0.00018331410804672094
5.901147688772143e-5
0.00013173054004352893
0.0002054391842904802
9.515427199018105e-5
2.618929382363624e-5
0.0001455300855147098
0.00016527053322394674
0.0002635091302150953
5.185019781478271e-5
1.1997452884561156e-5
0.0001179848635517696
0.00012511696358849972
8.840666361851129e-5
7.927303313879825e-5
1.1921185430672724e-5
1.2381003836311546e-6
7.763910185044079e-6
7.886255472177594e-5
4.8848644349413836e-5
0.00014430994736510012
5.4683480235598024e-5
3.7218660200229346e-5
3.315924005565888e-5
0.0001351980354610767
9.808112405732223e-5
2.036473026915505e-5
1.0216377761934965e-5
3.8252981823881974e-5
4.34514036434346e-5
1.2392814784604011e-5
3.058752898412036e-6
8.101563734177807e-6
1.060778896614701e-5
9.39202008381069e-6
2.804333533850163e-6
8.831393164118388e-7
2.646122636348512e-7
2.356034397850789e-6
5.741047737455834e-6
5.521826438464772e-6
1.5510840546474625e-6
1.4692158032241082e-7
2.5346687732828294e-8
1.197624718365543e-9
