2.0047464251606055e-10
1.1286074441310335e-9
5.305590149360887e-9
3.561091177534288e-7
6.744091157212674e-9
1.0789987638616267e-7
8.501892352810452e-9
1.785731902093376e-8
4.039878215908611e-7
5.632098938490712e-8
2.981703865405301e-7
5.009308167909166e-7
2.0457867237736072e-7
4.7665944785967697e-7
8.260568754430419e-6
1.2582025438198837e-6
3.879870259547307e-6
2.247571418099646e-5
6.780607898015237e-7
3.4995925294792744e-5
2.2439791807060184e-6
1.0784585265130806e-7
2.7788630342669136e-7
1.3669674625794441e-6
8.835089095260152e-7
8.893486216420468e-6
1.2935961333916098e-5
2.36123626203535e-6
5.918771679839346e-6
1.0168121077409929e-5
6.584554939163987e-6
2.3117085663627534e-5
2.726730366433761e-5
1.2605948634018878e-5
0.00028628949127218386
1.2533860443598537e-5
0.0001244710012141832
1.2679663345434392e-5
6.474598898379342e-5
9.657987500167409e-5
9.046220378039884e-6
0.00010272996412450397
0.00011266201492252594
0.000375790626139919
0.0008490020565754715
0.0002622067561364913
1.553675881570536e-5
5.3384323343385645e-5
0.00012170324248587747
0.00015578532411422718
0.001448184248303006
0.0007554886441946329
1.9739603515382833e-5
5.0389935480809036e-5
1.878841229107838e-5
8.655413128932022e-6
3.4455137060701837e-7
1.1190358656552598e-6
4.519078042224719e-6
1.0464095327216442e-5
0.00012796982435989615
1.4218893762727752e-5
2.3453549444752568e-5
4.7025184766827954e-5
3.8607130801681706e-5
3.0853227887477285e-5
9.889906654832886e-5
0.00029018410440506063
7.453404437452355e-5
0.0004912368980420588
2.1503311884224752e-5
0.00013519884690254107
2.5642020304311153e-5
0.0002631906399181677
0.0003719998940879052
0.0003223386935516073
0.002199096642400298
0.0006931615704400149
0.0019572585318862142
0.005075250667366447
0.00043509605318399377
0.00027138860260958377
0.0005539281607663389
0.0014978121413168986
0.0006791670729619876
0.007701228813788705
0.0010652779515478734
0.0005613296955592506
0.0009611888676289212
0.00015625778495951788
1.93919449452506e-5
4.451605561760625e-5
0.00019178464481747133
0.00013869564369390836
0.0001947808724386087
5.112541699724281e-5
0.0003969750822812392
0.0009753579520367322
0.0003531212095136147
0.0025084176260145967
0.0003778917196470966
0.00010097172140511833
0.0006837688573503611
0.002827579561427837
0.0058565587772158294
0.03795466741327969
0.01241446673597663
0.0018697035496284512
0.004215332504277646
0.0010908888185950758
0.0008405516640517715
5.250235003571666e-5
0.0001301492282890434
0.00043500050894173495
0.00019503317385957057
0.00223059284363803
0.000384188980733167
0.00019572876694045076
0.0007104664858470451
0.0004305582723136225
0.00025021004288701924
2.8083077390579055e-5
5.0989612562704136e-5
2.0649030962326637e-5
1.2615390207248868e-5
2.282331674999856e-6
1.44222135000297e-7
6.787088672793143e-7
4.81109490792786e-6
2.7667249164946028e-5
1.5343250644557615e-5
1.4017781833327672e-5
1.1025823889973401e-5
3.425979793935688e-5
0.00013028461058237108
7.965266572883733e-5
0.00011405017218863428
0.0009169805999153022
9.276987875670787e-5
0.0013901188634539876
5.1856211792990216e-5
0.00018542727380238124
3.232655310949613e-5
0.00015951623680003068
0.000496011392507319
0.0003637920812787125
0.0006969303469651077
0.004170267010813563
0.0012869376526661541
0.00691382120410282
0.0007116016714963707
0.00021631729642221923
0.0010354007696401525
0.0025729981689581465
0.0024281398408959793
0.0430840838289455
0.004167554298038155
0.0005106980162656383
0.002343474065175228
0.0009077943250886178
5.01561449290531e-5
2.2190310435228124e-5
0.0002643874324950106
0.0005716608796106765
0.0016791214151869653
0.0005382046283187816
0.003653094032894147
0.00716502376608382
0.002730329225511625
0.0460474853653763
0.0021991521908373357
0.0015988682764845213
0.006720489127092113
0.04271641520284747
0.0304283361304744
0.2735830160358195
0.037228036707018915
0.007651074913807132
0.04311055211497068
0.007728422822882311
0.001541305363120988
0.0008074117831697776
0.0031289543476051484
0.00914238460351047
0.00211312910186484
0.04487836008660196
0.0024948157101575565
0.0023914406608482844
0.006814690818255063
0.005183588028648947
0.0009154885205116879
0.0007028298312100647
0.0012939426431023509
0.00042493484550322377
0.00025268009119609107
3.06426737614837e-5
1.663618488197825e-5
5.853527049386062e-5
0.0004104179437079334
0.0009541856880135825
0.00024780457851767345
0.0007705886869322703
0.003075217846219742
0.0004868939260764319
0.009384212845149868
0.00041884840773724873
0.0001018822540267453
0.0007575621065111577
0.0024230368171007668
0.0034070455062149797
0.042487657744591026
0.0027790021170255265
0.00048758481020091254
0.002658884128746887
0.0013159521736387444
0.00012499836169088178
0.00017243357449410056
0.0003844213480913076
0.003059009366630336
0.0005202304960883614
0.006886317278634658
0.0009266021257213137
0.0005909658680871833
0.004250627444025036
0.0006827464445397719
0.00010710968995025278
0.00037473153205332723
0.0009843114446457513
0.00021872431349942125
2.3825413512382752e-5
2.287870304176051e-5
0.0002563178677958686
0.00024940873825464747
0.0008967754498649674
0.00010057042345270562
0.0015243218577845013
0.00020508239590150633
0.00018897983174182218
0.0004739757789395197
0.000368831903896258
9.104859098204143e-5
5.370208398614114e-5
0.00011849068310708117
3.7365926449722506e-5
1.0193283351788265e-5
8.433696250282394e-6
1.3706038541575871e-5
1.2625081330447294e-5
9.551961310511944e-5
6.708717391483739e-6
2.9263616622164906e-7
1.3958690937136072e-7
1.3349883360693447e-7
3.2161174002380813e-7
5.933445041049817e-6
2.294079240586894e-5
1.3801475152949659e-5
3.106287309637826e-6
6.176814962956287e-6
2.9610540434731786e-5
5.3647107814009534e-5
1.6224108417249122e-5
0.00013209257139802598
0.00037834337791393697
7.236228111394729e-5
0.0007290673332350862
2.694344547955504e-5
2.082560909150719e-5
8.701201919245464e-6
0.000185607045757046
0.00015997792937494883
3.2033581253593796e-5
0.00032683414299640456
0.000611067355816529
0.0008113706288784937
0.002352232602573152
0.00018613389302903167
3.898624228058594e-5
0.00023022971332372803
0.0004880293502560081
0.000983610276614988
0.00751118130750575
0.0018223917958910573
0.00023557188527538312
0.0004745577426128378
0.0005223993095311434
1.9217472962616824e-5
6.118210113329099e-5
3.8369830637543365e-5
0.00012406391553873832
9.413169483577325e-5
4.0426434404317905e-5
0.0004340996988644894
0.0005560626015633385
0.00032339650450302816
0.0021402258253668412
0.00019093728774384608
0.00022832462438595962
0.0010194223092532915
0.0034427827974043705
0.009224633197037842
0.030175335654786667
0.005872746776874482
0.0010043890711793247
0.002423582807561605
0.0006920461638473122
0.0001776067283959316
0.00010066413266165072
0.00022808972216262736
0.000497223047434667
0.00031894382402029256
0.0027090997052833746
0.00036103410734942204
0.0007891728751349488
0.0013212756725399547
0.001958924937925416
0.00039020798687841997
7.318665235707319e-5
9.820624464145992e-5
7.053858622255387e-5
1.255948879394351e-5
6.534278275059203e-7
2.134342011290983e-5
4.3780507439237023e-5
0.0005316819359945774
0.0002419074247146988
2.113058295188182e-5
0.0003612216413938755
0.00037829951705997005
0.00021999557973323758
0.003189980747800009
0.00012521440405312978
6.542741285759216e-5
0.0004782455264025214
0.0008077435657991522
0.0009813351634728746
0.0064919313054491
0.0006387932741758436
0.00022631088955191986
0.0011220251665475778
0.0005196874248211755
4.9864253362643164e-5
0.00015540464151017448
0.00040858393028503224
0.0007332575543802217
0.0003934457596299337
0.003497621758830461
0.0003602166158240232
0.00027620399609092425
0.0006438834187382804
0.0019043476823988402
9.476921413781332e-5
0.000143181627960193
0.00011562968564531899
8.604131937262951e-5
2.0026973078758478e-5
3.7951739107597904e-6
0.00014881623096133992
0.0005309657992593857
0.000383220089967721
0.00012002551641583736
0.0005651982140762872
0.00012542691523875521
0.00017979146821814733
0.00015371579467024062
0.000224713782284446
6.111937261087595e-5
3.269395401681288e-5
3.703028072260032e-5
4.488265984514371e-5
6.410767212316953e-6
4.899005161114451e-7
2.2985442043068037e-5
2.5448193502578785e-5
9.423129207992458e-6
7.898072516510893e-7
5.179874960889752e-8
7.083761481608128e-9
1.7407916802671596e-5
2.0476471509213433e-5
0.00012794837411721422
0.00028861960224798
1.8445974398660026e-5
0.00014194456327169596
0.00020317232273089404
9.709332996252273e-5
0.0007681690428637655
4.911446359300939e-5
4.290682249521862e-6
6.190693265175593e-5
9.910187582127762e-5
0.0002087299433524421
0.0015214695551372976
9.407572939435523e-5
3.8554858708441055e-5
0.00020651710469586797
0.00023411766351706822
1.5005959639375752e-5
1.786489260114023e-5
2.345886576653151e-5
0.0002523541789973181
3.664054092234373e-5
0.0004917700031160627
4.9015490239126737e-5
2.9851397106409722e-5
0.00032841379163292626
0.00033473423716192963
9.102643033419425e-6
1.6427183886950274e-5
7.106233198310769e-5
3.0720962349574416e-5
6.5241392623596335e-6
1.3803068000534277e-6
2.152657695570144e-5
4.4619287708093516e-5
6.572031102791413e-5
3.784189133935166e-5
0.00029330497725868097
0.00018752267444647908
8.754067068033982e-6
3.4924906418214133e-5
2.5367356806470027e-5
1.219166875217433e-5
6.294470324230023e-6
1.0557542434877093e-5
1.8527964520984935e-5
1.9996885663907845e-6
2.1984756718084335e-7
5.468317770976307e-6
4.804188431371666e-6
4.209147166367113e-6
1.2775703723011936e-6
3.68931004645675e-7
3.0508279658518437e-7
1.669524038490941e-5
2.1350813627250972e-5
1.7568508146777808e-5
6.217298436485428e-5
2.4837741746912253e-5
5.2773480588139845e-5
2.480861316445336e-5
0.00019761364943977373
0.0001441149238673107
0.00011907127759479955
3.0146464599575246e-6
1.4440579048230848e-5
1.7569753714838488e-5
1.327825216600381e-5
4.977088318058025e-7
2.621368349434851e-7
5.647180036821046e-7
9.983679964406028e-7
2.9417344016068716e-7
1.8063567168973282e-8
5.084615851101308e-9
1.2392363747100392e-7
1.290481736970367e-7
3.010744633588567e-7
9.106647099416564e-8
7.766237769112602e-9
1.3117035195898515e-9
3.0902065757710566e-10
