2.4614894177534034e-17
4.4040426582695016e-16
3.432626582424996e-15
3.8683134423395407e-13
7.307319406743467e-13
1.3564777253488059e-11
6.615758893193178e-15
1.1274449682762234e-13
1.7161990801186582e-11
5.2934997835355615e-12
1.6170051954566762e-10
2.8744029180953097e-13
1.8926342567276006e-11
3.0508050420204086e-10
1.9434518427566194e-9
2.0431994061549125e-10
7.47013855447019e-9
1.278738839134409e-8
4.0040914039766966e-7
1.9581395358806774e-6
1.9837286337790076e-7
1.0062390636339894e-13
1.1148188676414e-12
2.5590032817211297e-11
2.197150058921054e-10
1.1813628431546427e-9
1.8731201034098357e-11
1.199877141977606e-10
2.0610150042954104e-9
6.903681662265178e-9
5.205843904123842e-9
2.8056979437227883e-8
9.00952087908613e-8
2.0808537335913178e-7
1.7423777568389544e-6
1.1550922713604628e-7
4.723397382459278e-10
7.486048085209897e-10
3.848323345206355e-8
8.980524257941014e-8
2.631324500137217e-8
6.602714740174818e-7
1.3697393629269675e-6
2.951831008479099e-5
4.515280003627779e-5
1.1978127037680012e-5
1.7123725075023462e-8
2.9889153210978394e-7
4.408205355145959e-6
1.1627240356888187e-5
0.00012377253881636202
1.7777351895511034e-5
3.7292192989924823e-7
4.798383961125646e-6
2.5508961293419164e-7
3.369008566782128e-8
1.235894204950005e-12
1.9565943811198075e-11
1.804619871278844e-10
3.2221213828057776e-9
7.260166539982383e-8
4.805179566522965e-10
1.0332438124334155e-9
2.1069688979998703e-8
9.566560753190359e-8
8.63181367376676e-9
1.6757811268054423e-7
2.8676450621461522e-6
7.986752080020313e-7
1.6893937235857695e-5
5.527911457744617e-7
1.838451596740507e-8
5.040603476061186e-8
4.2486952512801107e-7
1.2822258630811442e-6
7.815304941771056e-7
8.487760214852888e-6
3.22618736638667e-5
4.003556196704052e-5
0.0005341313316717147
4.894577310583644e-5
7.685633204862177e-7
1.0430973247957011e-5
0.00023667173781780984
8.451367717223297e-5
0.003604099164840466
0.00011160230833904628
1.096098020840137e-5
0.0005840657864761383
1.4039406767095122e-5
2.575034303731758e-7
4.0092066477098934e-7
1.1360300217126364e-7
1.2067319756176546e-6
4.0283940268567835e-6
3.944539520660154e-7
1.360438121285223e-5
0.00022413577422599563
4.517591174118087e-5
0.0005875481970139486
4.526391004968559e-5
2.185641792754524e-6
0.0001195464650043787
0.0007723670274825454
0.0051017324184071105
0.03073607944952448
0.006365840726907334
0.000179448803869466
0.0008031006641978235
0.00011927345320882456
1.9559937445520303e-5
2.172032122256007e-7
3.5757702601928684e-6
3.097138308270794e-5
3.080405536231668e-5
0.0004828642797781181
4.8156158500809846e-5
4.3339187403753526e-5
0.0004277796298897193
4.803671979361338e-5
9.893381395703803e-6
7.253309159942858e-7
4.5505875242871045e-6
5.697421194923481e-7
1.1708332898814476e-7
1.8759846024547095e-7
1.2169620331016438e-11
1.6178777031548651e-10
1.7577477825445694e-9
1.4656157217235747e-8
1.881468258526308e-6
6.79148503723823e-10
1.0314042493325595e-8
1.0358473538304008e-7
2.1338996885673534e-6
1.1123455083577052e-7
1.2968523076656965e-6
9.677956810263857e-5
5.300826124457725e-6
0.00018685080345844454
4.347819484559777e-6
4.5898921418868815e-8
1.2447194630252798e-7
2.83108167961515e-6
2.681247239710189e-5
1.0876567464830985e-6
2.9190166402072294e-5
0.0004827539126261197
0.00025175737674634443
0.0036083244779921047
0.0004221980913810832
4.416772652439443e-6
0.0001945139960939332
0.0005646973259578668
0.0006801265122400971
0.04111807858421012
0.0007769306256962578
2.5165489103772898e-5
0.0005736958694327525
0.0005336957776655492
4.686788508685657e-6
1.095200013810165e-6
2.4967564775866804e-6
9.965461451143278e-5
0.00015236466197102066
3.502974125234154e-5
0.0004832221444284146
0.0035021018627556483
0.0005717546865401314
0.04109478487530125
0.0004835550962971643
0.00016294602747513585
0.003104496803326745
0.041799415614509346
0.03044072188856993
0.5363615618824742
0.03114087777079473
0.0025335993930438896
0.042001668558552974
0.004057299780785256
0.0001287919810292924
2.1935507304190923e-5
0.00039972666745507373
0.003118800081250003
0.0005312010217082939
0.04230527691670768
0.0005794742293476513
0.00036189158892509655
0.0036283943937971304
0.0006136747454973015
5.020320014107315e-5
3.52766443099174e-5
0.00023345717399511195
2.4993385738676182e-5
2.7240816716018127e-6
1.6950522541126864e-6
1.1670115947773708e-7
6.038813609484938e-7
8.214137821867295e-6
1.985518484374367e-5
1.3043950847290854e-6
5.296873130785766e-5
0.0003406301456421966
3.085694441912265e-5
0.0028856060456702646
2.768392942827919e-5
1.4679989102209384e-5
0.0011796678483447709
0.0005537350034359835
0.0008295799081915804
0.03774551924607413
0.0007415724048707414
2.7643149918349134e-5
0.000588499645225652
0.0002905625237150365
4.566476763292807e-6
6.736385058611784e-6
0.00011446869490824757
0.0006181826859608735
0.0009951338767365423
0.0033003018380735752
0.000244718152368126
5.158048586687333e-5
0.00046918125722157286
3.096464147773062e-5
1.391314135840364e-6
1.0659011616958135e-5
0.00010284360864377594
2.809666772843764e-6
1.0191149332363739e-7
1.1725455263624235e-8
6.383584118422366e-7
4.762380530663768e-6
2.162218970780224e-5
1.0935465292161113e-5
0.0001596586672149252
4.375619664702678e-6
1.639793377325729e-6
2.1598841083928845e-5
1.2625846964889463e-6
1.0190885117757665e-7
6.697969223825604e-7
2.37902930167795e-6
1.101089924785787e-7
7.997410985403755e-9
1.4146645092466707e-9
1.3813963651634943e-7
2.1093989696609026e-6
8.087945719911268e-8
1.1866679621009482e-9
1.7526872172248331e-10
1.3370253255889106e-11
1.6850908173433928e-11
5.209022992041285e-11
2.064118867984955e-9
5.13336387341035e-9
1.153316457617679e-7
3.1564044300040773e-10
3.1511253615699343e-9
4.2458181123438916e-8
5.805096079448908e-7
1.4084000781481417e-8
5.99431200807024e-7
1.0747660065771862e-5
1.7147897098163366e-6
2.4634488935583974e-5
6.149604660321185e-7
1.5661108099615857e-8
4.145542689921379e-8
1.8991028333002236e-7
1.2204901565162239e-6
1.70276769198166e-7
4.293552719504411e-6
4.392849441420908e-5
8.397044534386668e-5
0.00035249013470812357
3.0817288025225184e-5
1.1474898259131356e-7
6.596657540753105e-6
2.9736682678432618e-5
0.00015186052155066526
0.0028658545700556847
0.0001830855972168819
2.728225686500216e-6
2.6131997492872827e-5
1.1155211225724717e-5
3.546911790095815e-7
2.7579903659829237e-7
2.106635274279454e-7
1.7447257361581844e-6
8.643116992647475e-6
6.615791002698554e-7
3.1988823822621347e-5
0.0007223533838860395
5.006949635499839e-5
0.0005229065612176634
2.9850838192933014e-5
3.5941224536663723e-6
0.0001465788547490935
0.0008803612569907301
0.0061366677884552075
0.030339615356644457
0.005131195122841056
0.00015251583720569899
0.0006984029199125021
8.980973083854262e-5
1.0577583281816524e-5
3.429734758336009e-7
6.707639197478526e-6
3.410236077897234e-5
5.226250121337432e-5
0.0005590936661661488
4.3846097632158685e-5
0.0001151046986605185
0.0002866888533139307
4.081216945334989e-5
3.0709339347524954e-5
2.0031196891345106e-6
6.159421675849049e-6
8.427065570239511e-7
2.222738423274929e-7
4.4999570550903257e-7
1.1575916945263878e-7
3.176746511516855e-7
1.028748126691249e-5
6.433012450776649e-6
1.6013051616455916e-6
1.3509582255732944e-5
0.00010797825578035232
5.9986475896936965e-6
0.00048783355966823235
4.525925759819637e-6
2.968131824390916e-6
1.8470223532868008e-5
0.001333913100436311
0.00014886645541511132
0.003223062834727805
0.00012513026324385406
6.7979338116051895e-6
0.0002780013660416295
1.120637935016719e-5
2.9995866388001145e-7
1.0855667709723764e-6
2.1251436729946946e-5
6.0162799048723324e-5
4.010740092213837e-5
0.0005537296045966851
1.4617908658363781e-5
6.778336355002659e-6
3.11469511911128e-5
9.928175434569533e-6
7.240345518038291e-7
1.0256607125799543e-6
1.289464314133502e-6
1.6857962521073998e-7
3.522508286684904e-8
7.391579961229873e-9
6.541428195668341e-7
1.4130541203354018e-5
7.4062776802282975e-6
2.2149287759747507e-6
0.00013136396455376906
1.3641898538448196e-6
2.455441963502051e-7
3.2638639770843334e-6
5.983764763328124e-7
3.895910240964705e-8
4.2078352563537016e-8
8.958804024320286e-8
1.9490063588337837e-8
2.0464747177016677e-9
2.3042559218959395e-10
5.465223574323482e-9
1.4194832524666602e-8
3.276776693169993e-9
2.1394998414932036e-10
4.796393069311778e-12
7.06926390255738e-13
2.571998840019807e-8
3.8367957209449125e-8
8.093629216024758e-7
7.108112860251444e-7
1.1560506066613663e-7
7.501112089499892e-7
5.442769953039831e-6
3.602610520819695e-7
2.4079173439103873e-5
2.1423897824470521e-7
7.792807022945363e-8
2.683402294050991e-6
1.5219067200986059e-5
3.6836013503331794e-6
0.00015698836527192045
2.079752907060149e-6
1.1632301991438053e-7
4.471486787438448e-6
9.935716217735789e-7
1.7201795946040046e-8
1.321153021044264e-7
1.8592888485092863e-6
2.7438711514001686e-6
5.908553731333606e-7
3.71388892447781e-5
3.6030120097298815e-7
1.8877002353297814e-7
1.0891156093790494e-6
8.892787893584385e-7
2.863784029899349e-8
1.681862530112235e-8
1.2889963380084947e-7
9.49721500358715e-9
5.178441672998282e-9
1.8240812682721728e-10
3.9941702287359175e-8
5.580986047963098e-7
8.274618300148975e-7
1.953119796551963e-7
2.8122269806336403e-6
9.000203153001474e-8
4.298745384737243e-8
1.0993052200735196e-7
6.261942115622009e-8
8.204567362016357e-10
3.0127868193751484e-9
9.241793607343835e-9
1.3121441989561602e-9
1.2752111473544313e-10
1.560864968903004e-11
2.8119083379699483e-9
1.5926019657452143e-9
2.1532717641382431e-10
3.158490781329182e-11
1.6364828395685815e-11
3.6996642074804083e-13
2.0551438817780278e-8
1.7506053175432914e-7
1.0974868433656025e-7
5.599923088414172e-7
1.2825763488695754e-6
4.3122509994619963e-7
2.849894263078004e-8
5.0535676076111984e-8
2.0017308035756975e-8
4.5318294585681096e-10
3.775920039060665e-10
6.949974870709537e-10
5.329294089821028e-10
1.914820093493179e-11
2.615470393224466e-13
5.2308673628510197e-11
1.222923778789997e-10
2.059572566593518e-11
1.1451048366790994e-12
1.1363639407699657e-13
3.614624737011043e-15
1.768535849530053e-11
1.3539289093099407e-11
1.4045960070114983e-12
1.0675824163960164e-13
4.192081587141272e-15
3.797592891488813e-16
2.495953538656258e-17
