1.7177762916590096e-17
9.729276670102647e-16
1.9155942834510543e-15
3.2850426933359446e-13
5.422904425557117e-13
5.592296451719693e-12
3.3786665028639994e-14
6.658574221005966e-14
1.4275755639013021e-11
1.703473206528362e-11
9.059906293121548e-11
3.3041359971452253e-13
6.364973443673797e-11
2.108571636635546e-10
1.0260536411646706e-9
2.295627095999504e-10
7.886877991412875e-9
7.465034718217294e-9
1.6394137641737447e-7
9.943184308746874e-7
1.3476389410555178e-7
2.2595348170973953e-13
7.167006586412179e-12
3.436731628437087e-11
1.6038399091391105e-9
5.773329141181993e-9
5.009140752051344e-11
1.173551914405356e-10
1.9317702341714737e-9
6.909609694913903e-9
6.140399231562121e-9
2.8139118617314805e-8
6.408780037973226e-8
1.2735913002740357e-7
1.5553253792404966e-6
9.37658408962084e-8
3.06230165657395e-10
7.115501321866273e-10
3.235881732351276e-8
9.554428055539446e-8
3.150082407368378e-8
4.01906186732892e-7
1.1268999167538069e-6
7.844247225423105e-6
5.821669558882197e-5
8.005919847277112e-6
1.5195906012642932e-8
2.66417925031169e-7
4.148520740160834e-6
1.0554218042556052e-5
0.00013277883202843325
1.8112631097057238e-5
3.390172647966169e-7
4.558783655774389e-6
2.46905330757412e-7
3.153224249239866e-8
1.2649213047565569e-12
1.3286020485965025e-10
1.0844111186921015e-9
2.3685986227381508e-8
3.1430859766989253e-7
6.432620813076067e-9
9.994535773853875e-10
1.452007488098166e-8
9.814963820270836e-8
6.485691239007496e-9
1.217384794664156e-7
2.3312280675471004e-6
7.326557255172861e-7
2.2633098993529298e-5
5.599356163532251e-7
1.2893714367633499e-8
3.852451070246935e-8
3.5115317461654765e-7
9.472703476964331e-7
5.298354164341247e-7
5.556225084510912e-6
2.7218359619904987e-5
3.190282859926125e-5
0.0006603239408627945
5.1738898476855265e-5
7.573149296325079e-7
7.4587739214298694e-6
0.0002267263366336131
9.403328366838411e-5
0.0037788355749622904
0.00010207782633629166
1.212650518339276e-5
0.0005575545214712834
1.3299896589613634e-5
2.433962549330621e-7
2.3877966338544665e-7
9.63772738186679e-8
1.0826701327864022e-6
4.746805554680754e-6
2.8476423601686763e-7
1.2760997777702503e-5
0.0002449066696008704
4.350322274481312e-5
0.0005699828532976991
4.9631656850655484e-5
1.947879371346882e-6
0.00011454893341368135
0.000743538998026285
0.005205851925828402
0.03279844836823089
0.006208091870878118
0.00018133386118235887
0.00077696942945895
0.00011229741521157577
2.001830228690739e-5
1.938938844688586e-7
3.671106297984043e-6
2.6857561541650307e-5
2.804053421487372e-5
0.0004848163114942288
5.194431834871786e-5
3.444419561297331e-5
0.0004850476749722825
4.859506107697112e-5
7.430670114715539e-6
5.989640591825816e-7
4.258970155657944e-6
5.563989082671684e-7
8.904197028348533e-8
1.4711297692896096e-7
4.997804482874338e-12
8.014697542299086e-11
1.497036195431964e-9
1.322673706340491e-8
1.479360575409111e-6
5.014913349593187e-9
6.981521064575785e-9
1.1452860058936212e-7
2.129511352480402e-6
7.835823073508589e-8
1.321539356268003e-6
8.893352895705274e-5
4.367377403390596e-6
0.00017622764224262837
4.6386951667727115e-6
3.279560403125381e-7
1.0386484235461787e-7
2.294877581707852e-6
2.8556384318969524e-5
7.840338017326455e-7
2.4233486494068344e-5
0.0007491038557999273
0.00022928790601466558
0.00371178257596657
0.0005069264880489119
3.918793236505347e-6
0.0001900900855596799
0.0005806096013527461
0.0006606933355536452
0.040741028887263095
0.0007543651344593244
2.5699839821104602e-5
0.0005492957036803318
0.0005425099028008596
4.266051644525238e-6
1.1524898462692078e-6
1.8918338282566503e-6
8.530378920709015e-5
0.0002186266532949349
1.9701850410902112e-5
0.0004361753485729021
0.0035179613166166
0.0005425014776613699
0.04149395363731542
0.000491942970139631
0.00014537824899900074
0.0031625980402680666
0.04043668011906006
0.030161461972417238
0.5350171065359303
0.03130646750089906
0.0025096209439661623
0.04197317337101575
0.003839224971322953
0.00013373034445090894
2.1522181776071925e-5
0.00046626330134377233
0.002681164762080607
0.0005071358707834338
0.04081324823028934
0.0005686213392161943
0.00031858301205985365
0.004136866759769957
0.0006596288990405006
4.918855564000882e-5
2.1332619101733615e-5
0.00018193353136187535
2.5719815093588747e-5
1.4343260042504647e-6
6.330690462591078e-7
6.150500102264803e-8
4.4154982141507973e-7
7.549977081738085e-6
3.2444657708981044e-5
1.0835825283037333e-6
4.468739359392195e-5
0.00040170299067243686
3.519760654406887e-5
0.0029019638119751417
2.8694715111747877e-5
9.967854401043962e-6
0.0009491899681335546
0.0005590549769010123
0.0008273846520733759
0.040609319717011094
0.0007416849500353174
2.937952864688309e-5
0.0006041364448279561
0.0002550946386831871
4.069045330509081e-6
3.184153432591094e-6
8.043638463887312e-5
0.0005996276209800352
0.0005667281933154072
0.0035171287209136318
0.00022789844371491857
3.952069547465304e-5
0.000732269317580549
3.1499147870484416e-5
1.4741809128716602e-6
1.4291999842682832e-5
7.071352127861546e-5
2.4154702095841366e-6
9.183488377573003e-8
5.840764002215384e-9
3.9311638909089955e-7
3.764917621861485e-6
3.535745192779771e-5
7.3686096406431575e-6
0.00022409615576730486
4.513139295289354e-6
8.425723605460952e-7
2.462704054299808e-5
1.0335468401801216e-6
7.862787167389776e-8
4.823829894013245e-7
1.9660145087461437e-6
1.0435624279667508e-7
7.416046812894888e-9
1.0518978030603753e-9
9.548975432564618e-8
1.2772456497945511e-6
5.80451718741236e-7
1.1004993288163199e-8
1.222571353931034e-10
6.090543119758444e-12
1.924711362733495e-11
3.882382369393039e-11
2.3279130648877185e-9
3.8520490085718504e-9
8.163329074734858e-8
1.870752717409017e-10
2.5022402886275672e-9
5.3683430198371136e-8
4.5913907677685257e-7
1.3369175291979066e-8
1.0928720745012778e-6
1.5349019500135256e-5
1.5958854013278527e-6
2.2242445762019614e-5
6.73117064666815e-7
5.702370534831674e-9
2.330241378569089e-8
2.1388872184368215e-7
1.202420018348428e-6
7.593958630473273e-8
6.1925141518720575e-6
4.193007401339429e-5
9.739054902804215e-5
0.0003949656758314951
3.825510211919202e-5
9.193072013731891e-8
6.074452838169236e-6
2.975580316525474e-5
0.0001408875065767679
0.002588077642798726
0.0001782451555939612
2.5601901534525767e-6
2.74916733922783e-5
1.21625838723323e-5
3.1411189650693026e-7
6.98573643797288e-8
3.54220425107261e-7
1.694247329395406e-6
8.302021914928407e-6
3.70647750053571e-7
2.7420864289815527e-5
0.0007014034288282432
4.8265120475823687e-5
0.0005128252406259607
2.9126601171626913e-5
3.211441587443664e-6
0.00014628244321796563
0.0008201088499246138
0.00618367239187164
0.031234788381402964
0.0052118243298369575
0.00014073605857890616
0.0006833878465496927
9.049937629525966e-5
1.0498249673612275e-5
3.004114217703832e-7
6.2865135724265315e-6
2.9662448004078955e-5
4.8448893396719154e-5
0.0005081123942103307
4.688752029855435e-5
8.489142599246216e-5
0.00023973497263996728
2.8147583082906932e-5
5.082773653180426e-6
1.7005437248580923e-6
4.064805452560772e-6
7.265993278234955e-7
1.0871805681154065e-7
1.7295505441049208e-7
7.68634948195371e-8
3.2375814708897545e-7
3.987172881648497e-6
3.733063249493332e-6
1.3409503217123876e-6
2.322961520392153e-5
8.571847803093922e-5
6.987835523421085e-6
0.0004116247411378366
3.809215857062166e-6
2.0289588216136483e-6
1.6165198931866977e-5
0.0009380790118570558
0.0001524207827157674
0.0027576584033261325
0.00011369335851365108
5.716395762959774e-6
0.0001706164066386476
7.88353734698767e-6
2.509438792908953e-7
8.409138760213321e-7
2.417773363795332e-5
4.136949062326585e-5
2.3391446630926308e-5
0.0004227604880693317
1.2859863460823946e-5
7.283361292563762e-6
2.8047337870494824e-5
5.899388096234469e-6
3.828696568772072e-7
1.0980092373985953e-6
1.4086267084749602e-6
1.2555723972973134e-7
2.4473541159198036e-8
7.196489023587298e-9
6.578551345709104e-7
3.7449056890584623e-6
7.89079338489221e-6
2.075089175836219e-6
0.00011147281313689779
1.2289253668831372e-6
2.0099685519581008e-7
2.791278214591616e-6
3.9792399219768725e-7
2.1172232569038644e-8
3.7893234877760155e-8
1.049396405888768e-7
1.5870903395270267e-8
1.57665929767265e-9
2.2185343826951594e-10
3.8236606300525935e-9
1.2258217379181065e-8
2.297897480091477e-8
1.52432349184576e-9
1.612152285918571e-11
5.689438585065129e-13
2.0803220267726245e-8
3.974728937887677e-8
4.5747602602445906e-7
4.206748214730394e-7
7.219116082285025e-8
7.495699919235177e-7
3.5068985611331773e-6
3.0872352496290716e-7
1.911526507141483e-5
2.023239094532915e-7
5.2585481491443356e-8
2.532012266679332e-6
9.787368570054025e-6
3.6676886935686187e-6
0.00015560004856605576
2.0377110675500975e-6
1.0006166654432384e-7
4.054619675310656e-6
7.362602875248827e-7
1.3904345646254338e-8
5.607369211593864e-8
1.2808022583599702e-6
1.3098262856735357e-6
4.765424254985017e-7
2.7972055522016918e-5
3.2687611125893136e-7
7.899443301248489e-8
8.769680460072568e-7
5.748809572550984e-7
2.3812710703297e-8
1.2084561386120574e-8
6.502650667431619e-8
6.986120147498065e-9
4.863526773262021e-9
2.2901755118026426e-10
5.3244204967494184e-8
3.305151126780425e-7
3.9880311683331527e-7
1.8952889923063803e-7
1.930828204409469e-6
4.886984214399275e-8
2.1077558840514228e-8
9.324223004298898e-8
3.699587871678283e-8
5.544402407123163e-10
2.8942186948273575e-9
7.742441630547726e-9
1.0525922131626882e-9
9.84950472021767e-11
7.220067307661722e-11
2.2204161340244057e-9
1.2320515655512765e-9
1.9843190014249168e-9
5.128257990570069e-11
1.1349612952772072e-11
3.0349355454372237e-13
1.8481683427610304e-8
6.632912900963585e-8
5.7916756473228166e-8
4.398590304747137e-8
1.1787511688857237e-6
2.0326122021241684e-7
5.577780121534374e-9
4.841051251761514e-7
1.1859597999294252e-8
2.9402532688059655e-10
2.1180371821633037e-10
7.463784559579954e-9
9.546476026528868e-9
7.065161809691606e-11
3.823581267738814e-13
3.31342897984216e-11
8.981221224277321e-11
1.9006001403358222e-10
9.882471205259535e-12
7.783922219318556e-14
1.7175022787311707e-15
1.8319329182414116e-11
5.1648042972563534e-12
1.5961932059774342e-12
2.4639928595056236e-13
3.206385133543573e-14
8.90352937066135e-16
1.4743934300631997e-17
