4.966367109158903e-9
1.5244097373820098e-7
7.789994004137063e-7
5.85120208518869e-6
4.5730587284638525e-7
5.216201269771892e-6
2.083421736437938e-6
5.210855392783537e-6
6.487721801503163e-5
7.6881640923046e-6
3.4955825673186526e-5
1.7999753303798024e-5
9.75974338995916e-5
2.641372613226701e-5
0.00031962278191626176
0.000366181675477226
0.00013614299742018771
0.0008253160906427452
1.2414755527036179e-5
0.00014447325997980455
8.139251616453105e-5
1.4377550289564504e-5
1.9781065493740465e-5
0.00027545013238810834
0.00012492664647980386
6.905680251751072e-5
5.777647936577504e-5
0.00021638999890031657
0.00021781490704391848
0.0005424285719598885
0.0008008024449624443
0.0006865557988433155
0.0010842033590147048
0.00014768031870674616
0.00041366637076177196
0.00014304813443724243
7.337448848198172e-5
0.000166895968320828
0.0003326978041661418
0.001243088803230667
0.0006377228416359078
0.0005759973678935444
0.0015943561243616112
0.00035940732632976693
0.0022742409743176893
0.0014071801724178101
0.0007660634479918304
0.0009537257036527574
0.001422101231109163
0.0006287903694757399
0.004930078126758105
0.002270824866508688
7.723542669241744e-5
0.000387159207754932
0.00022725168045131027
0.00018658571751673588
3.358674970823939e-5
4.8464047718847966e-5
0.0003732491274657196
0.0007192675291492922
0.00014333936493586254
9.330939095624059e-5
0.0006208999639851482
0.0018379674710344567
0.0005230181817731783
0.0008731450169468181
0.0013145872375292733
0.0019065821751738572
0.001085028424925622
0.0024010971891749314
0.00034773695068320243
0.00014760105401955567
0.00029960689078451376
0.0014051437732430728
0.0013972441223575262
0.0014133773879477182
0.003006743221517879
0.002846257239003177
0.00218102756783262
0.005139196586582095
0.0018740651094367746
0.0014641390180379801
0.002411300282066431
0.0031963565511685986
0.002618485196829435
0.007804674327600796
0.0029520443060366648
0.0015807455656585223
0.0018558686985574273
0.0008384819018555136
0.00022473615521873694
0.00015513755511129486
0.00021932398645821448
0.0007469979437444652
0.001750638580898889
0.0008116699916846601
0.0014242296238575472
0.0031090329879059197
0.0018156107213899652
0.005188130795820047
0.0016479261082497146
0.0011304282423464356
0.002128478205811051
0.005279747433013742
0.004081113714394836
0.022006696387885456
0.008817674171946694
0.002450221438015063
0.006056624538707401
0.0029884841374276548
0.002356158577792175
0.0014877697524136797
0.00105706379624408
0.003552426384725336
0.001211652782870973
0.005814457912106749
0.0016359258163268788
0.0004945312347049637
0.002628086125253484
0.0018369644929570924
0.0014073500843628127
0.00033234261573793363
0.0004687040916007074
0.00035615524270433415
0.00015060638648641437
8.39324175578539e-5
1.869683696991198e-5
5.285498001849197e-5
0.00040941797054844465
0.0010404699757586495
0.00015365942922600598
6.467702804894875e-5
0.00058662880074793
0.0010550193649797506
0.0005070365377492493
0.0012113792551669577
0.001987565509392279
0.0019027300038683915
0.0009984746567667895
0.003283135366852177
0.00044563078879145005
0.00014646272725326085
0.0005846964540335588
0.0015043030565462987
0.0025957849541389045
0.0015174605680309944
0.0027564042570350847
0.00541143283752048
0.002415649344096674
0.008767786839489118
0.0026516554602521686
0.0016133523085175615
0.0028239882366436217
0.005089820979233734
0.003962318547701802
0.021409073581725363
0.006017372024596446
0.002539191391321212
0.004483656508203738
0.0019224964034393079
0.0004013812665143074
0.00022594292617188422
0.0005030602057435771
0.0016652659697075488
0.004641644916388759
0.0020566653165934113
0.004441769342226737
0.009343889354566343
0.004293737850433287
0.023475202763997404
0.005901574271127672
0.002592328610822095
0.005838919405199161
0.01795095796020229
0.012860010024536727
0.08790523159509094
0.02214444096684368
0.00906614231279956
0.02166212447811688
0.007944042999740952
0.005397269750950463
0.003533862095623092
0.0044253459618218555
0.010966296172498207
0.0045110753885463754
0.02329426569352626
0.005119378292910145
0.0033020839693873693
0.008692225281849
0.005183080705487638
0.0022504970345003468
0.0046623137377333115
0.0034209407984146646
0.0024658628233481155
0.00041201852279487987
0.00014816457801521693
9.088285895906619e-5
0.00024271914791911307
0.0009747045364070611
0.006637165697019763
0.0004920488766850521
0.0018164935640580704
0.004659119600906666
0.0021061342969634377
0.010602666050178471
0.003663885964116524
0.0008713100561964733
0.0021462261353842717
0.004702516742001558
0.0034969144531773492
0.01776838026476517
0.005336590563727115
0.0030032517770005583
0.005084094253627843
0.0033259230009902853
0.0015422635400467993
0.0008049057144600954
0.0012534233761570081
0.004514511645623242
0.0018796877087323162
0.009272598783502312
0.003129905139024803
0.0017959627937168142
0.0054345224407041145
0.0028646418853831438
0.0016188905583498327
0.0010770262601833035
0.0019212076269225482
0.0018555847931893093
0.0010632992291005902
0.0008872148002047842
0.0005647888567249359
0.0011242569341820836
0.0067212163200484724
0.0009828624842171275
0.005040785830624537
0.001752243930419583
0.0004957699752175712
0.002678452875808676
0.0013901257506574545
0.0012713210932964675
0.00023264187881241153
0.0005196177057498734
0.0005200338678308545
0.0005393478659394575
0.00032741219329025263
7.398737390457278e-5
0.00015154957246237395
0.00014407278399070975
7.041740523136531e-5
3.536372947043807e-5
5.116343312348042e-6
2.4494710535260065e-6
2.754234919784519e-5
0.00022145994058214407
0.0005678513900866003
7.59885648181585e-5
4.692774944126331e-5
0.00042439332199861865
0.0008429081392026655
0.00023922893510804107
0.000985639900985067
0.0017156834251804537
0.0010509711653109706
0.0012649002485573837
0.004614319461484534
0.00032665151989482306
5.8992755812721566e-5
0.0003906322368836609
0.0010565433703424063
0.0005032773111991754
0.0010001844879880286
0.0016418653484052423
0.001745641857160011
0.0016245845421063076
0.0031687186682851686
0.0004942032413493555
0.0012309296801104666
0.001882682833030164
0.0028022467370327764
0.0028085023765061813
0.008814530947642809
0.002362127867152651
0.0018005974485869106
0.0025362122823948314
0.0015685470238470383
7.69734605864752e-5
8.15657127568424e-5
0.00018535735977146355
0.0011610528924934271
0.001027898212404573
0.0010712773128000977
0.002138817150532403
0.001850594195279412
0.0017070846466940084
0.004582162375291407
0.0012384181466136915
0.0017014335437056274
0.0026958118389762585
0.003511665655869376
0.004381660873490162
0.013394505871053319
0.00417785323523879
0.0028760927488657435
0.004032179658085794
0.0026750078723585956
0.0006488999943092722
0.002115482443277572
0.002046896025011261
0.002102732936738015
0.001710977606001844
0.004402354998151196
0.001815285241740644
0.0015980379945239817
0.002413048948068063
0.0021767337392597196
0.0003659294857802533
0.0012351547078801577
0.0009743966448198625
0.0010499129177323977
0.0001450441800955289
1.2642373020056955e-5
4.116907462821725e-5
0.0001148081445407045
0.0009342282287388115
0.0011630682427222721
0.00020678963803381337
0.001630805004379075
0.0013045394656313832
0.0019765386678758713
0.004409339746625996
0.0010654729902871058
0.0005686108243575966
0.0024116382028805676
0.002092684619735655
0.0026736066945410603
0.0059790440544120515
0.0021811531343523655
0.0018704698129613498
0.002753038649593805
0.0024791860705002215
0.0009898538644704125
0.0006765299237192334
0.0015752287548132038
0.001825913648084662
0.00203789376082317
0.004314507831083187
0.001376434202769541
0.0016932906534229037
0.002755945078854273
0.0029852876888368657
0.0005800071368240223
0.001693063594584312
0.0020358431558075113
0.0013517031065523048
0.0007279430990395485
0.00014530323985423134
0.00030532075989228726
0.0009635947649218242
0.0009828929870331945
0.001140878104052346
0.001661191786422901
0.0007325130704481129
0.001009418001388551
0.0014467090427000675
0.0014143908885536367
0.0003368580931755192
0.0008387489487261852
0.0010397483399524233
0.0017803884381535574
0.00022240477974861615
2.728928414694661e-5
0.0005285996013867036
0.0009464563451885815
0.0007072402176367431
0.00012846444128453532
8.335034165683955e-6
4.921963373305506e-7
4.918248410492685e-6
4.2092491592729085e-5
0.00029727268378603356
0.0005863961788188924
7.419757995621946e-5
0.0006922929171453496
0.0008191932960567111
0.002209831902622883
0.0035527905357624814
0.001591500860053222
5.6001983461966915e-5
0.0005879539454361046
0.0008576578686576622
0.0016792856916352614
0.002604060923451709
0.0011486165365970275
0.0012403325559559133
0.001714360791893676
0.0015523940362367282
0.0008063237948886413
7.541715619875413e-5
0.000203806201220398
0.0004949523408808603
0.001018391028182779
0.002066065352702885
0.0008437848294182599
0.0010360070582569984
0.0015011389881106477
0.0014237101179898925
0.0006440743571111816
0.000969940688413491
0.0012587023734114806
0.0008778990327963258
0.0008303940416936544
0.0003891052068898799
4.245882532916956e-5
0.00011463965958230411
0.00024356077416361085
0.00018116814729896567
0.0005139721172394528
0.00023282056020429868
0.00037457642445350815
0.0005790150327326273
0.00031200994994750654
0.00016659500336596383
0.0004322966659899284
0.0006057415406271129
0.0006496715005329037
0.00021878834900430742
0.00010236845605147753
0.00023511571454427473
0.00042716057914333013
0.0003959761836928424
0.0002771058039314526
6.741759606955368e-5
6.352038422745935e-6
4.495786354108994e-6
3.896421025237486e-5
9.402348510153143e-5
8.202208150581511e-5
0.00023414344013866778
0.00017032451136951256
6.132139415330905e-5
0.00014869443519212796
0.00015390398481893245
7.558147242104364e-5
5.09394079311952e-5
6.737436741312465e-5
9.701202358122313e-5
6.073113340708563e-5
1.8611039971922404e-5
2.8448797805542393e-5
5.627178447782381e-5
5.029472258736339e-5
2.2061608699174165e-5
5.32229560215506e-6
7.973752406919234e-7
2.6830525873173865e-6
1.914298783433898e-5
3.528495987079006e-5
1.578945787276122e-5
2.434933042909847e-6
1.7412269172484624e-7
6.067970783683182e-9
