1.143543234346343e-19
4.6338672311405974e-18
1.0866187095812269e-16
4.0087094118510986e-14
5.783423533559595e-14
4.361586377822555e-12
2.5524733836865876e-16
3.646703240012024e-15
1.5088891453453349e-12
1.2817042967673746e-13
6.797708451907157e-12
8.204204575080089e-15
6.438813376007802e-13
4.648029355040531e-12
1.127893749295899e-11
2.5084264977275218e-11
1.0667676937955911e-9
2.546810344982349e-10
2.6327451845257004e-9
2.1430548026247142e-8
1.4626280695245172e-9
3.937427879493277e-15
7.239643754122477e-15
6.079077929546778e-13
2.0628874917934152e-12
1.37719645319893e-11
6.236783600182021e-13
1.0284791130005874e-11
3.3296373654665786e-10
6.306133360551951e-10
7.369457908570928e-10
3.5931561494272395e-9
1.2919640041323457e-8
2.661947963313979e-8
4.4462504428149425e-7
1.5079263364728122e-8
3.397330072030729e-11
7.468494820947302e-11
3.4225696672162697e-9
1.222572019889529e-8
3.7664404286310266e-9
5.7835567342619963e-8
2.4917443731288074e-7
3.7668380229392335e-6
2.214329305442081e-5
1.4893935125481816e-6
1.6026898149542816e-9
8.264243391299069e-8
1.2798078193119854e-6
6.039085978987963e-6
6.824716116059043e-5
7.49780785463478e-6
1.0488908675970397e-7
1.943016119393952e-6
6.802432872737029e-8
7.84044053510244e-9
1.8109428216940914e-13
1.390741913641119e-13
1.3512172563518437e-11
2.4959424718021814e-11
8.671190226861434e-10
5.740711474273298e-12
7.420600110560769e-11
4.465270250602002e-9
1.5410353613833557e-8
4.832389421559659e-10
1.3908441728069072e-8
5.953666895475481e-7
2.1088257444701347e-7
1.1420466155532388e-5
1.8568156726168794e-7
2.2999702660943466e-10
1.1135699126066285e-8
7.185865877950196e-7
2.548209897006158e-7
3.6773930063525995e-8
9.29868445152135e-7
8.965049080315332e-6
8.072302335795173e-6
0.0003619110563474133
2.2250292390485866e-5
1.0356290238261317e-7
2.2560570001882202e-6
8.794868820315086e-5
4.4381265293481574e-5
0.0024311996554564025
5.377459235380574e-5
4.806049294810899e-6
0.0003419281558575535
6.585249827361379e-6
7.266410868900095e-8
2.0969999749201176e-9
1.3450340205797048e-8
2.0317939439171157e-7
1.414184639032277e-6
6.795881209392404e-8
5.647222831726887e-6
0.00010282948614265262
2.5107958299020292e-5
0.0003441099578786875
2.232011173201425e-5
6.485453376593616e-7
6.202646627004153e-5
0.0004368454600357793
0.004401661794170187
0.0280744643964521
0.004507436325617355
9.196166272027652e-5
0.00045132245181399587
5.143712705740367e-5
7.64523318181295e-6
3.422199932245989e-8
1.8973595352167842e-6
9.706562293445866e-6
1.8682516897592466e-5
0.0002931642718320158
2.1254678914297502e-5
2.2727643024019042e-5
0.00035099695718554557
1.7356511528147153e-5
2.089537696053853e-6
1.7990454763601644e-7
1.7868572485322451e-6
1.8183329173078449e-7
1.5709690979333313e-8
1.4511549889703334e-9
2.8035772189803798e-12
2.53371137268671e-12
1.6806542391264187e-11
2.975910331677917e-10
2.569062135940495e-8
1.409592588052634e-11
6.236620760269502e-10
1.3543186721850349e-8
4.651089347450743e-7
1.6140902816400895e-8
3.2024186229844914e-7
3.1693137437781306e-5
1.3292634261080634e-6
7.683133010686996e-5
2.003189602500975e-6
6.911105695440791e-10
1.4354825977792903e-8
5.125067845746114e-7
8.780333578741477e-6
2.2942465121340374e-7
9.173070814448528e-6
0.0002643733485712162
0.0001219030771255209
0.0026681946159880414
0.0004177554614768617
1.6700029820696142e-6
8.530988704682372e-5
0.00034914984806578826
0.0004207593212628339
0.03533763389621578
0.00046836515122550135
9.814378931848987e-6
0.0003316283867840643
0.00043823821281511376
2.0443654090742544e-6
2.0262001108049594e-8
3.6857078668103293e-7
3.0329085148112726e-5
7.538621343108863e-5
8.465231558756947e-6
0.00026363092054160816
0.002318585344366939
0.0003185806939934499
0.03668161352833092
0.0002978525196480243
7.269249177409328e-5
0.00188259921931409
0.03606388650681793
0.02801456080992296
0.6135002297314298
0.0275979292909992
0.001616869183779262
0.035450455321711954
0.0025126903491398847
6.659660586759582e-5
5.188927560071064e-6
0.0003236506064550334
0.0016096376119041696
0.0002897397251180192
0.035706719113037015
0.0003356049928963035
0.0001910947628023997
0.0019369037484315713
0.00025578142851509706
2.4984383228745623e-5
5.276759301880883e-6
7.376890319407982e-5
1.139384897559904e-5
4.4735126987913517e-7
2.4877748019869972e-8
1.0595961258607285e-8
8.861844307686473e-8
1.7174868108603658e-6
5.107940728682395e-6
1.897027703003135e-7
1.3943433529113711e-5
0.00019991211203479993
1.1506428939807065e-5
0.0016117264180745517
1.0434780860058236e-5
2.7640584633546134e-6
0.0002560183524970191
0.0003569209921422212
0.0004980099042532587
0.03596366646528223
0.0004502378231721902
1.2413720612094708e-5
0.00035933417489983225
0.00011134029570860405
1.3624738711206324e-6
1.0352418504475248e-6
2.557577287175298e-5
0.00015035871734709125
0.00037684838825212055
0.0023168968487933222
9.999951793228738e-5
1.3126969698082988e-5
0.00031784034650792924
1.0113840269436162e-5
2.6728137967229695e-7
1.0924163994914034e-6
2.739817508680251e-5
5.887223695848048e-7
1.181753148275025e-8
2.687849304404933e-10
3.809465639012517e-8
8.624691892947621e-7
5.7516636590898735e-6
3.342080992341307e-6
8.335520418115141e-5
1.5769314807997655e-6
2.3724104914989e-7
1.1603539944112925e-5
2.430382061979127e-7
1.0583700690400905e-7
5.093007354874048e-7
5.875261217229301e-7
1.7328425019350846e-8
1.1318304247662164e-9
1.9827288586916962e-11
1.9045623746160508e-8
2.8281960413585137e-8
9.411412241872844e-10
1.6211635053681493e-11
4.091646961115134e-12
6.00915872136764e-12
6.587803824099699e-13
1.155588710280697e-12
3.7514064666579013e-11
4.126155729600118e-10
1.3982322349007848e-8
8.49517047558751e-12
2.3124777420105087e-10
8.644063574743152e-9
3.3257043455183535e-7
1.1070700350128633e-9
2.456349059258903e-7
1.0179464907602855e-6
4.538720934968081e-7
4.546505950277124e-6
1.5492460267393994e-7
1.9411409186301695e-10
8.935994741930202e-9
2.5859653915891356e-8
2.0256976642999693e-7
1.392999817244396e-8
2.685843482897769e-6
1.6777546677712944e-5
3.558778912168477e-5
0.00020272429384800202
1.848054014861829e-5
2.1355205440458626e-8
1.8810522629373526e-6
1.1406413491906929e-5
7.154007773700086e-5
0.0014315418594527782
8.846699090370726e-5
8.421710513818153e-7
9.449484195510577e-6
5.653806751467078e-6
1.073788220124717e-7
3.2284840107345685e-9
1.6175955258035154e-7
3.95639611466545e-7
3.97739568190886e-6
1.0795202645979009e-7
1.0087509720753532e-5
0.000496828373786726
2.161754315938118e-5
0.00029939336981736067
2.1248107180102373e-5
9.672492698885942e-7
7.407992158325327e-5
0.0004998660178007234
0.004717340703933552
0.02777876126057772
0.004589784289758733
7.430004126527012e-5
0.00040575338575549327
4.8989991681983725e-5
6.508680768885475e-6
4.70755767398035e-8
3.7291237088047178e-6
1.1630902994521188e-5
2.1896275020185033e-5
0.00032816538292782617
2.7225307284612653e-5
3.7419730105217707e-5
8.884828025390003e-5
6.37968857843693e-6
7.148829214672232e-6
4.532526810106027e-7
1.3050931487663869e-6
2.0092474099357178e-7
3.478896789884546e-8
2.46307065164003e-9
1.6964777436433324e-8
4.0052197267244156e-8
9.05540033245433e-7
9.10729432140278e-7
3.6502861408453826e-7
2.7311670170533597e-5
3.841972141689991e-5
2.2122549159860857e-6
0.00013457765402204752
1.1578427549000272e-6
5.573516925744213e-7
6.522369275465174e-6
0.0005720018053172117
7.821037218270823e-5
0.0021975158424233756
6.732635056995856e-5
2.0315329495901816e-6
0.00010648027503856534
2.837789879026993e-6
8.356548296716396e-8
1.9901885272084175e-7
4.1513334474138355e-5
1.659786580306159e-5
9.054724170057343e-6
0.0003237802068348081
5.707805471341847e-6
1.4343659633170413e-6
1.0083620986337228e-5
9.047203429647962e-7
7.62610596962312e-8
1.0476959105006579e-7
3.063213279398986e-7
1.4027636048911254e-8
3.109095830175151e-9
1.4091457132394665e-9
1.1849246776499658e-7
8.00674183368091e-7
1.9867235980494682e-6
2.2634853633468466e-7
1.0982845440600671e-5
1.3547408212817717e-7
2.253419090407248e-8
3.122500162269861e-7
6.382415178377114e-7
6.13742101569499e-9
2.8559568639892327e-8
1.6760569752839904e-8
4.076981875461994e-9
3.230037279876621e-10
5.655035605247695e-12
7.438558934642097e-10
3.2985832039489716e-10
2.2904921863436992e-11
1.9614757319885564e-12
1.377186117344633e-13
5.41554501362196e-14
1.285757751231031e-9
2.5778138776255505e-9
2.0278499332357678e-7
3.931832192702325e-8
7.101750760518459e-9
2.0137588393587833e-7
1.2525679777340968e-6
4.5235123647289215e-8
4.714448223279126e-6
3.238051411052231e-8
8.630289643938213e-9
3.924511467410036e-7
4.711881339347209e-6
1.1288352163097832e-6
8.118896322562258e-5
7.648059801257993e-7
2.2365363829527667e-8
1.7015667441758428e-6
9.565812527348105e-8
1.6827931495555953e-9
1.135066244289869e-8
8.453182334915011e-7
2.0094383339118354e-7
1.121318320881155e-7
1.0239335645748238e-5
8.404363804212745e-8
9.296298494657542e-9
2.644566487105574e-7
3.897298723972204e-8
3.728208427956795e-9
7.788136378212749e-10
1.0314625982975202e-8
4.927702080764346e-10
6.683383859857223e-10
2.609571962210164e-11
2.6988964604392637e-9
4.740751492265668e-8
7.83295652034738e-8
1.3069593013908345e-7
3.0776013132388057e-7
1.1676904252533032e-8
6.814814092755764e-9
1.3237136438507031e-8
1.4247049449085312e-8
8.34698972319723e-11
2.3461271099147626e-10
5.041322160050147e-10
9.455913564380047e-11
1.1566901972762116e-11
8.012797497982701e-13
4.270622616207639e-11
1.5473761048550467e-11
1.2893853764999416e-11
8.670642489448703e-13
3.573096501137026e-12
9.449008246053136e-14
1.331558932849266e-9
7.3043362784255175e-9
8.419291659961942e-9
3.981888115668478e-9
2.3446548185216552e-8
3.519947243313755e-9
2.9654738781825786e-10
7.689536885616156e-10
2.7898211172203607e-10
6.455404573570394e-11
1.1949225180386246e-11
1.4226179939271297e-11
6.744054366423141e-12
1.042081115632914e-12
1.1144871912541469e-14
1.0843438275199706e-12
3.3436231869707915e-12
1.578837886526691e-13
9.984816869372199e-15
1.0362749501190424e-14
2.847341365611951e-16
8.353927398093353e-13
5.042412632896542e-12
3.2779986458746287e-13
7.108594216043203e-15
3.4674436995172806e-16
5.589796236744268e-18
1.3625248399676935e-19
