1.3719719375477308e-14
6.612701962213042e-14
5.370565221514554e-13
4.526807713807615e-11
1.2417512107621078e-11
1.1028403905620974e-10
4.0462782893336647e-13
4.759629950896568e-12
1.835949782333096e-10
2.5327152209784837e-10
1.1791951329853435e-9
9.075728606398838e-11
4.549019376880815e-10
2.7561570802456155e-9
4.517631778630055e-8
1.991508496673396e-9
3.7570150536807104e-8
1.939207451108682e-7
1.9758991124543037e-7
1.2170477489987666e-6
1.7170640995607776e-7
8.902872606276558e-12
1.5734772573934944e-10
1.780165770592396e-9
3.4775271104080133e-9
5.821511109797729e-9
4.371015539454021e-9
7.288248586633906e-9
1.3819752368305917e-7
2.490725316973735e-7
8.650201928320558e-8
7.070788219963896e-7
7.253917300119534e-7
2.381678028094795e-6
1.5545755010502785e-5
6.38351324117304e-7
6.677527021390709e-9
2.031444308817748e-8
3.265946651389804e-7
3.6043900658532803e-6
3.242626280828299e-7
4.563689987148741e-6
6.781588684608373e-6
2.8765651664086713e-5
0.00012860890246666452
2.9636145855361408e-5
2.2714740810233356e-7
1.2006107101219224e-6
1.4051909044229179e-5
1.8991195042790697e-5
0.000270101529144936
5.1276137235555915e-5
2.3606333569362774e-6
1.1486831451039533e-5
1.1623168971263045e-6
1.71322335957454e-7
9.848895584405018e-11
8.456752964470667e-10
1.3920597329140395e-8
3.683202818029984e-8
1.2800643808027555e-7
1.3918901123417852e-8
7.725290250533909e-8
1.4672178181007539e-6
1.522811189779033e-6
4.73160164562341e-7
5.470779052102904e-6
1.1153050289745126e-5
1.075476374904324e-5
7.96284567282462e-5
2.8301087135187996e-6
6.642883288460303e-8
1.8421206873140867e-6
1.5837630165708174e-5
9.313024074023206e-6
3.2566812037055144e-5
0.0006360587160285233
9.059431806103861e-5
0.00023789211207347105
0.0011926287575257377
0.00012910877493413917
1.0879411045027078e-5
5.4275887510597265e-5
0.00041709783962393365
0.00017322144396881417
0.004667952000744184
0.00024520008904963404
4.522980488009729e-5
0.0009411953066532841
5.02352473442068e-5
1.160015369129108e-6
2.5794819705799436e-7
7.599296106185936e-7
5.402247168198646e-6
1.0300824114776825e-5
1.4242349950946888e-6
5.249314149081411e-5
0.00034443098686266234
9.34421123249004e-5
0.0010654275370851698
9.884169474815566e-5
8.568999818476518e-6
0.0002377261875220196
0.0012631360935492933
0.006428711499615213
0.035520249959241336
0.007764380078113815
0.0005509437413488734
0.0014032437929848746
0.00023724127710477526
5.289181743986151e-5
1.9913995273876325e-6
1.327573238383459e-5
8.325949198561487e-5
6.557339119386135e-5
0.0009255531494062332
0.00010208421285538248
6.947739578678675e-5
0.0007786887416853279
0.00013425567212484158
3.277550961004623e-5
4.709374342428601e-6
1.2820589448743475e-5
3.0763544294434676e-6
5.930357920960621e-7
1.7989469042596344e-7
3.644616479958971e-10
1.1012720827860847e-9
5.088927849125794e-8
1.4565581982442833e-7
1.5950180100695339e-6
2.2671514602143113e-8
3.579014268158632e-7
1.4648793855439243e-6
1.4966256408132743e-5
4.742094738677237e-6
8.204588223434316e-6
0.000250391093738684
1.654021770483757e-5
0.0004119542037096901
1.1973679909230512e-5
1.3966139430890566e-7
2.555711666653631e-6
1.2488853021212991e-5
0.00010111100353289781
8.15977866365202e-6
7.908677271941751e-5
0.0010621782510985094
0.0004280793048624773
0.004257027839927208
0.0008169983739458122
1.824140821305936e-5
0.00039163100375586257
0.001073556589133912
0.0011250077275576672
0.04678159437573027
0.001432581993777569
7.397699227498201e-5
0.0010146433691984632
0.0008593464573928159
1.1114644600431138e-5
1.3887191216659495e-6
1.0206510878159362e-5
0.0002189072954525775
0.0003985575518822272
7.081681024128628e-5
0.0010580851509338063
0.004003516178534406
0.0009115085992851703
0.046773130047612466
0.0008957127310735026
0.0004006678680552356
0.004338018533708853
0.04559626770168665
0.03297962993643551
0.4457786136982509
0.034774164569967084
0.004392485226328142
0.04389367253968347
0.004132156327430136
0.00026852575763149604
0.00011653967584139191
0.0006954086821794401
0.005405955560483524
0.0008530997275945782
0.049016010146711066
0.0011348421080162646
0.0005910576269636094
0.004067985738967833
0.001457521457150895
0.00015203940503882323
0.0001735554013538383
0.00045062456039922095
8.82433486972824e-5
1.155044635708076e-5
1.924209917612291e-6
4.5552016032864115e-7
3.429636019608541e-6
4.847886239931165e-5
0.00013104914691701593
1.0345966897235436e-5
0.00010256669018344926
0.0007635818182233537
8.286606261873926e-5
0.005106796617206276
7.698633451279009e-5
1.5137603802586396e-5
0.0006345714945485756
0.0010136839797252723
0.001470072657489633
0.046706947692620605
0.0012823201577259415
8.43891696826322e-5
0.0010637880262018018
0.00038987703979419887
1.3399657556594615e-5
1.595851123955729e-5
9.595931112699311e-5
0.0007469839952911382
0.00036165148055016227
0.004177443959589846
0.00030724436213582163
8.999012596261586e-5
0.0009394819069390019
7.513046937955563e-5
6.563083894526875e-6
1.400391813064212e-5
0.00019089089941128423
8.809620932673271e-6
5.670373458715939e-7
2.3313816630932066e-7
4.051764629400014e-6
1.4339835067638066e-5
0.00011816700395309106
1.0190842490899444e-5
0.0003689967782855557
9.765168277126958e-6
9.821068897214939e-6
9.414670756051729e-5
8.884396856595639e-6
4.237960111926803e-6
3.0846359999681492e-6
1.5318891809455715e-5
1.7533409189582814e-6
2.8305779037735024e-7
5.777443661024344e-8
6.786778394015065e-7
1.2832724171536254e-6
1.0776164679007613e-7
5.797770256811292e-9
1.503947149178463e-9
1.425454779571851e-10
3.411488342032376e-10
1.5378027847880808e-9
4.698067838798921e-7
1.0725776497595055e-7
6.104715532512079e-7
6.615962872133575e-9
2.6388436444962526e-7
1.3342486769294141e-6
3.1033515185214465e-6
2.608364455393484e-7
4.766533794215907e-6
2.4259009619662003e-5
9.320344188978624e-6
0.0001457911103196193
3.959432452904215e-6
4.768733820908631e-8
2.52087951917711e-7
1.991810875809373e-6
9.616734475555114e-6
2.4975371810900293e-6
1.967237581686783e-5
0.00010144891418555342
0.00016884873842013687
0.0005443252481375669
7.399865507830991e-5
9.568007552074246e-7
1.9086171400197315e-5
8.006429412108138e-5
0.0003072042273717396
0.004144307171021014
0.000510760147214007
1.0168991229986932e-5
7.013911084150339e-5
4.542545762584499e-5
2.3973600484088446e-6
2.1859327300370255e-7
6.871925602695142e-7
1.0784503873474908e-5
1.21671271171673e-5
2.4789701518305083e-6
6.679125152578938e-5
0.0005094401706059443
9.23766307913327e-5
0.0008634370204541182
6.140265501107253e-5
1.646503825665479e-5
0.00033791861645578587
0.001467820270364357
0.007855371272473863
0.033191446982055964
0.0061619734656156765
0.00029226954106281673
0.0010957498178296259
0.00016626493876712044
2.002003089701522e-5
3.1509840440779767e-6
1.993936431922578e-5
8.390027805566934e-5
9.089391285317368e-5
0.0009455684431435671
9.01357180702805e-5
0.00017532431866944313
0.00039084222891611086
0.00025576479019206354
3.71836852399441e-5
9.840717942099504e-6
1.744682510049226e-5
1.1413603219556453e-5
2.451932309543632e-6
1.8674265030679586e-7
4.909334997075875e-7
2.17421484148281e-6
0.00014872362725401074
1.4823488077721331e-5
2.5046076853233184e-6
0.00016760231728784163
9.64682940112563e-5
1.8235110003886758e-5
0.0007418103198219767
1.4414479226733042e-5
3.7722116684083284e-6
0.0001152807162630904
0.00046603339434701113
0.0003136943735809434
0.003910094122233678
0.0002309129282009408
1.6987322806045242e-5
0.0003407315952996875
5.448195183558169e-5
1.1736677477097398e-6
1.0643030082883002e-5
0.0002355395594152571
8.163011628425119e-5
6.822440187966366e-5
0.0010149147276190319
4.8968679506286846e-5
2.0883599994861516e-5
7.473724951094997e-5
0.0007253881593995578
4.976596620529126e-6
5.368416283146734e-6
7.67761276531815e-6
5.864088861709601e-6
6.84141765207494e-7
5.043590882694141e-8
7.80665385602203e-6
0.00014781863901613468
2.231387851135712e-5
1.1012818862925432e-5
0.00023775768206250598
5.148540908007475e-6
1.8221610880763808e-6
1.1905286404181821e-5
1.882905813613324e-5
3.4954431728674335e-7
1.5817535959657505e-6
1.318918743661115e-6
1.5772908805094383e-6
1.3331217454049428e-7
3.040539665126773e-9
1.1377018731526768e-7
1.2878018094846198e-7
3.7135689482832887e-8
3.7314020725018955e-9
2.8344753729434975e-10
1.4022329346918918e-11
3.0196124722221947e-7
2.8961676911429116e-7
7.518769372053302e-6
4.434261451324699e-6
3.0145555032472295e-7
1.0082171061674956e-5
2.5094451046100664e-5
3.2911586979995653e-6
0.00012405850132923837
2.36442692271097e-6
7.51957380517908e-8
4.544746049035066e-6
1.328827603855452e-5
1.5048704304623422e-5
0.0003578158281499309
8.323598233589238e-6
8.880614006591062e-7
1.612447083095276e-5
1.2195403105453898e-5
2.242188930824565e-7
2.9498545403004637e-7
3.0915788689799483e-6
9.680041478792642e-6
2.528916367789682e-6
8.115213847503908e-5
1.6749126494999467e-6
2.5249248376573047e-6
8.306659502590388e-6
3.616293945848941e-5
3.4123019500374093e-7
2.627788846492784e-7
3.2565218886322693e-6
4.6930594972069923e-7
8.198470482462301e-8
2.0657990960703294e-9
2.3483825383376208e-7
2.0345915027699642e-6
3.6530990538744197e-6
8.99891733132813e-7
1.1854578110420052e-5
1.038426098362674e-6
2.9771934979451644e-7
3.009637111412055e-6
2.2494159985630417e-6
2.5394081584963814e-8
3.0596227704398205e-7
3.6195804830952485e-7
8.588428495557506e-8
8.490622036696434e-9
5.121164571585609e-10
6.523805754496504e-7
5.605123144879443e-8
1.25118011531911e-8
1.7744931095617005e-9
1.876163216321229e-10
4.5164029662448235e-11
2.5679193906654747e-7
3.9977279945276455e-7
4.912024119431101e-7
2.0850151428449175e-7
1.4619322825698521e-6
2.687481047267935e-7
6.06426147640395e-8
1.545611562654656e-7
6.770690839926163e-8
6.377839191798074e-9
7.247387493274058e-9
1.7263696175718478e-8
1.0810037926088457e-8
2.3132904410747987e-9
4.8211870884447407e-11
1.8381069651420693e-9
8.377592218103122e-10
6.771579355523094e-10
9.397046596989419e-11
2.9577074152308112e-12
5.735671184043876e-13
2.045163514505804e-10
2.1192941957179668e-10
5.414530363365727e-11
6.750745750009047e-12
4.162789153679565e-13
6.973357019442035e-14
1.9125005001683662e-14
