5.7512724146226665e-18
1.5491824990466656e-16
1.1891565405557285e-15
2.273860356798406e-13
6.056365502050791e-13
5.027568594207654e-12
3.842813966081957e-15
4.377660543411492e-14
8.243307793547287e-12
1.817163678402758e-11
6.073344753932257e-11
3.3528192478828656e-13
8.170922463649382e-11
1.2282038012854742e-10
7.427123317451262e-10
2.776893335266976e-10
6.7746291425815195e-9
7.414625354311194e-9
1.0754249947763281e-7
6.956067282252844e-7
8.209084133072336e-8
7.28737866365408e-14
4.443763691517648e-12
1.9198896299244734e-11
1.7706480195501872e-9
1.1401983700508036e-9
3.7226982120327824e-11
9.543497139713125e-11
1.766544021636939e-9
5.4666216427960125e-9
5.704073982599449e-9
2.1715699557509695e-8
1.0175101282208311e-7
1.0311800996194519e-7
1.8262100067517056e-6
6.679306012278351e-8
1.8620366282611727e-10
5.005082311606913e-10
2.297055224112852e-8
6.705758359623507e-8
2.5797631893876022e-8
3.331530308631705e-7
1.2007941657158264e-6
6.792326109104645e-6
4.487491704493454e-5
6.285282690223411e-6
1.2781785711412663e-8
2.546083674447524e-7
3.755550064226178e-6
1.0147016733155437e-5
0.00011811610580318225
1.777053066201916e-5
3.0549061489287434e-7
3.6109120353759545e-6
2.1351320264314498e-7
3.103165443339943e-8
7.635051305364221e-13
8.484993185535474e-11
2.371106486811074e-10
2.581407537050048e-8
6.751209871991087e-8
4.784863551100891e-9
7.018092843296051e-10
1.6762171305116964e-8
8.23408354620937e-8
6.086341818444643e-9
1.0583934799787432e-7
2.0465465541988807e-6
5.073550701189782e-7
1.5919186482070374e-5
3.9834721048166995e-7
6.5939149075145756e-9
2.6356138984666645e-8
4.220870411238293e-7
1.0646833051452357e-6
5.75864078547755e-7
7.196561706217935e-6
2.911401432701198e-5
2.741528445290125e-5
0.0005711527461531462
4.025270049179845e-5
1.091038294032379e-6
9.921381789448702e-6
0.0002368546727579943
8.575984725406773e-5
0.0036746237953920926
0.00011332321127624044
1.0502845723238276e-5
0.0004396290218845157
1.439995099105785e-5
2.466820094210718e-7
1.0567399025960979e-7
4.549954450467481e-8
1.0618787498129069e-6
4.644617915527545e-6
2.448923129611531e-7
1.3183198447049392e-5
0.00021765684962900167
3.893269133788442e-5
0.0005468187249473569
4.199870950557525e-5
2.155355763094298e-6
0.00011135597593764486
0.0007013951592594577
0.004937451428971803
0.03022399460875682
0.005921442459476039
0.0001672675663978466
0.0007408502072780629
0.00011055762270539333
1.7524889853195253e-5
2.2236917428539663e-7
4.298544309698684e-6
3.098505232432066e-5
2.7171913914807037e-5
0.0004696501634571337
4.311794605186433e-5
4.083785600522122e-5
0.0003803207615358392
4.4742224255397e-5
8.51973635661999e-6
5.528690082415374e-7
3.8011327862865627e-6
5.694931373106001e-7
8.371637584668563e-8
8.538216259640099e-8
4.863082253696634e-12
5.5379898139362665e-11
8.106127429492938e-10
1.1566262654811216e-8
7.635965427987054e-7
3.848716545866687e-9
6.913094943513483e-9
8.767441391940607e-8
1.7759527907657289e-6
6.581355319524926e-8
1.0996931496873351e-6
6.873690927404718e-5
3.720012372742122e-6
0.00017220823233433987
3.5857529699507204e-6
2.545403483110826e-7
7.067758685251305e-8
2.311318454878426e-6
1.602375194247974e-5
8.728625655250864e-7
2.6555044834941927e-5
0.0005118349877905983
0.00022509531883357602
0.0035971621404271457
0.00040653902967103763
3.906650108923947e-6
0.0002007029695540329
0.0005705496183528996
0.0006537027851559195
0.040267720976507784
0.0007796274339481664
2.6426444316981493e-5
0.0005380503887080473
0.0006396859267230607
4.83844443488157e-6
9.540026715378544e-7
1.581643564213361e-6
8.869819568816669e-5
0.00017084893781875682
2.1899063811770014e-5
0.0006369573584749552
0.0032181528999885353
0.0005849345214897886
0.04251010439803999
0.00047934272121487304
0.00020280402274623296
0.0030329217293147766
0.03992777147604355
0.03034598707479585
0.541388524859132
0.03143784850212512
0.0025479073527978654
0.03985203864556085
0.00430248076390166
0.00012809943800891414
3.068932798897907e-5
0.0005158140553515509
0.003211203288598942
0.0004855947433477265
0.041323658033119465
0.000580467196395675
0.0003175745834323172
0.003205915393323887
0.0006499612988554802
4.94595456126169e-5
1.9600053475388823e-5
0.00016348222265352578
2.5043251568708292e-5
2.076583373938873e-6
6.688293370458797e-7
3.7452442040369556e-8
3.716421915255178e-7
1.2014151859252321e-5
2.1678353705546272e-5
1.1463679989204234e-6
4.73959249290565e-5
0.0005034992372216169
3.1917379455470524e-5
0.0029030684869475994
2.660335391325122e-5
1.2434226038361526e-5
0.0010711722321324378
0.0005544918583236841
0.0008203766100268612
0.03919772371550952
0.0007071126789707844
2.8445745223295443e-5
0.0006422159465930038
0.0002753762560247528
4.09050605302552e-6
4.562541503605058e-6
9.179055693675949e-5
0.0005949300096752183
0.000714865412783587
0.0037013200113775956
0.0002050040731488824
4.420804713693492e-5
0.0007784891507593499
2.992854761072333e-5
1.530242414240421e-6
2.2313529880844837e-5
5.976678101575562e-5
1.9434243305945132e-6
1.0669959899818205e-7
6.626294301170458e-9
5.111797670977587e-7
4.303859298699493e-6
2.354270056820584e-5
8.055258347879702e-6
0.0001682096982354769
4.252436138368936e-6
8.16658019098172e-7
3.232505062839809e-5
1.043004572080244e-6
7.799412834761182e-8
4.3981842587674573e-7
1.7761535070443297e-6
8.758147923427399e-8
9.276176016572787e-9
8.75307754732133e-10
8.151266260549821e-8
8.126964991158518e-7
6.85262976974889e-8
1.1728303729118796e-9
5.2281355281035084e-11
4.539505131442597e-12
7.668691476907863e-11
6.63020890760148e-11
1.465452945715928e-9
5.356562133175717e-9
8.396067969670566e-8
2.4076899054865115e-10
3.3629345659231427e-9
2.919888001315942e-8
5.668375279008623e-7
1.1318617906758952e-8
9.580272742251367e-7
1.7390453200049084e-5
2.7490187032786523e-6
2.093010783554208e-5
5.840986468353408e-7
3.5055158532124205e-9
1.3763191878591044e-8
1.5606696449508442e-7
6.948438971533178e-7
8.120096698418963e-8
6.3154488306787775e-6
3.328065840241625e-5
0.00015372509604588596
0.00027967118453283557
3.0876191208654786e-5
9.707696362215977e-8
5.863331314871976e-6
2.8803605078953662e-5
0.00014119578924051357
0.002780313812526405
0.0001919958939581492
2.8865497576899564e-6
2.7694908695052326e-5
1.5212255173633621e-5
3.3345571703810235e-7
3.5441081473671666e-8
1.3887819506701105e-7
1.4478826407846143e-6
5.132374083016571e-6
3.4861423913043637e-7
2.461062261199103e-5
0.00033439516285499774
4.50267484515738e-5
0.0005023441310592296
2.720462710099122e-5
4.0929625554381086e-6
0.00014373371445324532
0.0008064662980258511
0.005822987800361389
0.030724610181267816
0.0055224835024147365
0.00013697379903076398
0.0006419403882629533
9.483122041320799e-5
1.0639580309058324e-5
4.2560604426931265e-7
6.8600096857412765e-6
3.36994091999707e-5
4.5731832267122135e-5
0.00060735965194749
4.380180054865135e-5
0.00012405694572154583
0.0002263137000570922
3.085687892379461e-5
6.917522147771394e-6
2.0635047203964428e-6
3.828389633158312e-6
7.784138227027606e-7
1.2738182423629534e-7
1.1863713695567265e-7
6.80804181706924e-8
3.2328928090324456e-7
3.562878986853547e-6
5.363132100774214e-6
1.3205309809730368e-6
2.5294595370351512e-5
5.790237349812567e-5
6.252314037005939e-6
0.0005678389492814253
5.071743640639866e-6
1.5851872666069273e-6
1.4704557280822448e-5
0.0006287840998683737
0.00013895968102500898
0.003125655520933849
0.0001194187544350273
5.577022119351758e-6
0.00019676249090221624
9.89294763688938e-6
2.553253018932387e-7
7.526338209219708e-7
3.314832088056371e-5
4.2940061154920055e-5
3.031735111514597e-5
0.0008390232946175837
1.5071931019877126e-5
5.10663975148709e-6
3.0642854682708446e-5
9.05040359855512e-6
3.9696602997889457e-7
6.85805764211068e-7
1.19293246919225e-6
1.1552961552686477e-7
2.8492837094214204e-8
4.41656154855437e-9
9.347078938400881e-7
4.212641894376153e-6
1.6468748082936287e-5
1.5295289122520838e-6
0.00011135881421721986
1.2836799535857613e-6
1.5087755333836505e-7
2.7998181648090843e-6
4.499059407704081e-7
3.8031530816658156e-8
2.6812906769916937e-8
1.0140154365895338e-7
1.9592500902557285e-8
2.2124237650925026e-9
1.3294507719611058e-10
7.134595164680641e-9
1.767544874518423e-8
5.111534146222149e-8
3.512706128927413e-9
3.344151178246153e-11
7.208564338994111e-13
1.1970241136531479e-8
4.0572433221634327e-8
9.417721808039186e-7
5.217074235220736e-7
4.4846856417955846e-8
8.511403302585623e-7
2.918441850432122e-6
4.4199059340270936e-7
3.505222612236838e-5
2.7982421729483864e-7
3.97853325770567e-8
1.9563957583877654e-6
7.72861650221283e-6
4.173115262419492e-6
0.00021748633920197572
2.375088879588798e-6
9.330229130870596e-8
3.650093137013262e-6
1.2345060648094691e-6
1.3734738122629343e-8
4.08875111250846e-8
1.0208175526114479e-6
1.114257045212658e-6
3.926523052102514e-7
2.684924606135554e-5
3.0993797132304887e-7
6.067865383158555e-8
8.796966906910441e-7
7.11724665548231e-7
2.734078008425562e-8
1.0162987826220104e-8
6.058565300085437e-8
6.4495468650352775e-9
5.206054490704045e-9
1.9333200233452962e-10
2.7368805403076175e-8
2.1987329023520053e-7
4.6311585650468053e-7
2.075379268817118e-7
1.6473238729513265e-6
6.042676557435218e-8
1.714530577433107e-8
7.951280682636312e-8
2.9470466073102492e-8
5.770341138964713e-10
2.6749488156187356e-9
6.058066783391073e-9
7.537373922245062e-10
1.0404579583284852e-10
1.1069057069274977e-10
2.1114455906315356e-9
8.881303463488409e-10
2.6765051170545963e-10
2.1563683917497825e-11
1.0040625779427798e-11
2.6640265276148403e-13
1.372461339206613e-8
7.292671928137581e-8
5.5157949135335957e-8
4.91034494478903e-8
1.060187111688841e-6
1.6409342269947476e-7
3.4096412482797876e-9
1.278979955423578e-7
8.541545022069113e-9
2.87730695864085e-10
2.506519855158878e-10
1.8740433297085764e-9
2.13746945850417e-9
2.1713689614715545e-11
4.1597701881880973e-13
7.44168798340016e-11
4.918633808699326e-11
5.655599090335518e-11
3.3008310413240442e-12
4.6426864772489827e-14
1.5333898529348313e-15
8.63623717664287e-11
4.540455568060723e-12
8.379236132275169e-13
8.970052674187764e-14
6.657533445342951e-15
2.4377984117169054e-16
6.324325485842419e-18
