2.3291226463481635e-11
1.185126465491481e-10
3.1042121438965716e-9
3.59610101202024e-8
2.2261851429106877e-9
6.063185465746644e-8
4.661002070372166e-9
5.8671306079823045e-9
4.885931790628929e-8
3.1498683822708085e-8
2.10121696116046e-7
1.4205885165281433e-7
8.702594969532654e-8
2.566172676954695e-7
2.4928644615744324e-6
4.457254987287653e-7
7.821165017875454e-7
3.2382564250051133e-6
6.299832112635556e-7
4.149744875102841e-5
2.1194305978007196e-6
1.1794554726354958e-7
1.9702107568545682e-7
7.504426614217632e-7
5.128497594618187e-7
6.354164586960511e-6
4.717000642205954e-6
1.8488658652592924e-6
3.7844379518673425e-6
7.009709027057504e-6
1.8874078548492147e-6
9.085216999455995e-6
2.4598542402336645e-5
1.2032053737624997e-5
0.0004972296063950958
1.5830842309273405e-5
4.71952348877647e-5
4.169089012189778e-6
3.129968112630956e-5
5.9544056340854316e-5
2.612680854439392e-6
2.6502480985106217e-5
8.47972399085344e-5
0.00043605394354913807
0.0010082349470110388
0.00024953572644897926
5.016143136026674e-6
1.1442763504899754e-5
6.783952907141629e-5
7.002074033051655e-5
0.0008455833341748178
0.00024342069506718152
1.0211181993238982e-5
2.9211474996579296e-5
3.144048309566176e-5
3.5231676722054754e-6
1.3346745911017282e-7
2.251373356815619e-6
6.365604971495185e-6
6.501861564476954e-6
7.633371131629493e-5
4.138913252078109e-6
2.8834776783641325e-5
4.320708145790049e-5
0.00010429680566537491
1.3614023206155461e-5
6.589949144381103e-5
0.0001930919273341464
4.6959315856123675e-5
0.0003065079207543864
2.640926037566444e-5
2.3614992288712056e-5
4.316710425303201e-5
0.00013055987082583002
0.0002029235420105617
0.00010294494466627569
0.0007747204601451944
0.0004945746600218671
0.0019733257332139953
0.0049392326529490325
0.000512357003097455
0.00011432998484365065
0.00020788914553423972
0.0010644195038901035
0.0004889749812267197
0.006807212559792916
0.0007217073846292422
0.00019381176623295364
0.0008104432032565667
0.00025791948245312883
3.215793897688298e-5
4.126386796772574e-5
0.00020081375919548135
8.839042386698102e-5
0.00014160482252394377
3.3097676565653116e-5
0.0004048884515720044
0.001052847675537273
0.00026664820848091485
0.0019497341412269477
0.00028832961544193275
8.497267809286823e-5
0.0004968435836325696
0.0023119918488379732
0.00566800798114682
0.035695768276893074
0.012485932192093534
0.001230907961917741
0.0028671338832599565
0.0008001236386113632
0.0002449783397973374
2.7472463663545018e-5
8.669202164128089e-5
0.0003365058487781333
0.0001426941367202828
0.0018292292953774626
0.0002804192270877512
0.00020836024417898963
0.0007250650792625546
0.0005024551462001501
0.00020786026800880857
1.9064725350495995e-5
4.985702326162777e-5
2.6825720538910135e-5
1.8593940385245388e-5
2.2436927948542773e-6
9.501057336933469e-8
5.758849504541881e-7
1.6702498847371434e-6
9.212415606946022e-6
0.00012025635580608041
5.942946306483269e-6
9.653052075277816e-6
3.6387508127253106e-5
0.0006027291789793785
0.00013233681589064607
8.089263604627623e-5
0.0017018384024004554
7.661965719741792e-5
0.001263503784919465
4.8707461509162917e-5
7.94033331272408e-5
4.9617516817206065e-5
0.0001517931241072761
0.0003546334923711993
0.0004095142252946156
0.0004987107401915522
0.00708851216178466
0.0018471460434610627
0.007638346058343902
0.0007572915942156359
0.0001556584916610449
0.0007887568784319353
0.00222510307998459
0.0019507418511928573
0.047908075646207804
0.002794516124610655
0.0002771358761522764
0.0019395415162918046
0.0008575113889936794
3.126735803566218e-5
1.7464545985098374e-5
0.00025398651791359275
0.0014145850481227485
0.001182588507038833
0.0006495487197022613
0.006196104874734185
0.009011297155273771
0.0018835597327752907
0.04825862243315495
0.0018367021521831382
0.0012847892571794003
0.007117581036159917
0.04379104624915197
0.029814512241191738
0.2757453880645832
0.03665580807732098
0.007519988173361856
0.04796983177050724
0.006757711129468458
0.0009021665443230076
0.0005737050402500093
0.002988466565369019
0.008836329217131842
0.0017273953882746581
0.0491755241913097
0.0019386936836512131
0.002477510525376787
0.00758737109719601
0.004959086299405038
0.0009240820089581722
0.0005394631890597557
0.0012272033720255402
0.00030246064559132606
0.0006322850680209965
5.149408654742504e-5
3.557149487345417e-5
0.0001797144576350916
0.000706768765688589
0.0005167068965603422
0.00021281733370225197
0.0010862279963917648
0.00367025545500409
0.00033511237739763467
0.008705431094587704
0.0003277833944143779
8.090415509459976e-5
0.0005531720866805625
0.002167227728428297
0.002826262837596315
0.04260768412362176
0.002361869748100726
0.0003440906510958259
0.0021930018066224494
0.001109506265060959
6.912304383507287e-5
0.00016412996860513355
0.00030144846351578305
0.003972631589588496
0.0005062104421401681
0.00896815110919326
0.0010313339404700828
0.0004988787533318303
0.0075829176513296705
0.0004826757190891016
7.660574402535865e-5
0.0002455987445139542
0.0017065472785075917
0.00020083649409902165
2.5628682721196755e-5
3.2026450077494975e-6
0.00011391694628307513
0.00019072656470255287
0.0006420299433508327
7.324244372715233e-5
0.0013495151975954187
0.00016458674485940775
0.00012064972943004251
0.00036945004596240235
0.0001993699661719741
5.688982622389654e-5
0.00020506021204812425
0.0006007542119767109
0.00010697540044367068
6.549720396987246e-6
2.553526050909206e-6
5.349783954674422e-5
0.00011727771211350882
7.102543816877147e-5
6.010286070092615e-6
1.7876844742184624e-7
4.732662963314895e-8
1.1218039826751446e-7
7.799645753856807e-8
1.5880245113515688e-6
1.2619721870059756e-5
4.917829273076066e-5
1.0663907570961976e-6
3.510300227362637e-6
2.7945369783096654e-5
0.00018807112647196796
7.088775353525632e-6
5.4036424819977294e-5
0.00023905908762122266
5.3561499091383026e-5
0.0005845237548399542
1.8849249650125935e-5
1.2095865322982728e-5
1.1658223927613296e-5
8.677201421848894e-5
0.00011445199379030285
1.8827119812971747e-5
0.00022032828400928673
0.0004928658688770735
0.0008395340390800757
0.002265656488093565
0.0002048364606220092
1.8355788190049977e-5
9.769789417148669e-5
0.00033347751316885755
0.000766345752703865
0.007273124069944007
0.0011286101056066648
6.990443998055453e-5
0.00027595646974724463
0.000197817897713856
1.103001604953523e-5
1.358043036737341e-5
9.813818108988529e-5
8.354385018338945e-5
6.443032089640907e-5
2.0936617420239207e-5
0.00036280642118041554
0.0005048845482010879
0.0002728757346363381
0.001687354267059954
0.0001403241185793505
0.00011357290425373045
0.0006813024993793427
0.002846790987611935
0.008648650638275083
0.028749948979543458
0.005324230233114358
0.0007646731474540605
0.001937072467109357
0.0005007323007983163
7.194195497594547e-5
4.4423381044938025e-5
0.0001490507414013389
0.0003360924573823738
0.0002797348696850618
0.001869853776302598
0.0002571396801443958
0.0008360721551523479
0.0017548587950995183
0.001859816777000769
0.00039051821239360104
4.714482730505826e-5
7.259357971806472e-5
4.672759446107446e-5
1.3046305486564767e-5
7.248974392033084e-7
1.1751352905485196e-5
1.8969428594537672e-5
0.0004261834374622662
0.0001537907318003774
9.8652078577738e-6
0.00023863375931658119
0.00027094611736571306
0.00014238803731955163
0.0029308024545710264
8.754452579887639e-5
2.0960167332399953e-5
0.00024847766285433017
0.000571015948352249
0.0006935010616034864
0.007126987180293848
0.0004835945719249788
0.00010108393856388023
0.0008487553673625406
0.00020208068894014703
1.0935602228815535e-5
5.3606564365870987e-5
0.0002418133213077762
0.0009834787314124014
0.00037673380878568396
0.006532928963204059
0.00042823025020205844
0.00019443276852236174
0.0004883229192402103
0.0007011406461564558
2.4897792621898934e-5
5.81330651592073e-5
8.536769787828355e-5
7.159562092524867e-5
9.71728499184877e-6
9.100962940581294e-7
4.029367411198303e-5
0.00039526454598823687
0.0006122024545857126
8.651368327335268e-5
0.0013014128008933196
8.993750436458515e-5
9.005811400375754e-5
0.00014591355889475308
0.00012575728722990365
2.890243910129959e-5
3.4433119041457404e-5
3.897704480936884e-5
5.210048543010098e-5
4.231559934286124e-6
2.4165785240950893e-7
1.556696472267597e-5
1.1364762157264666e-5
7.538337221452635e-6
5.773066296465732e-7
3.4285560356122786e-8
2.261834375173752e-9
1.1439973526126272e-5
1.1629937079948013e-5
4.376445066293893e-5
0.0001089332375766489
6.624116349794751e-6
5.964618712443553e-5
0.00016109594162386882
4.407624762974118e-5
0.0005027732566065947
2.6644328943187346e-5
1.859997015475015e-6
2.2721334517799665e-5
8.28765259920147e-5
0.00011591425822258805
0.0011826624750769048
9.254266620095231e-5
2.013300867920066e-5
0.00014161730441782886
0.00011878362672656313
5.08014881489652e-6
6.5694780275493385e-6
1.0771260032793123e-5
0.00020996672642516702
2.185600285049959e-5
0.0006266954520764324
3.371852333056905e-5
1.843597384120434e-5
0.0004146333636638922
0.00010443252299526829
2.693347488450702e-6
7.012016940530094e-6
0.00011921778956482028
1.2622138519347258e-5
2.1243167425123195e-6
5.737363992793602e-7
1.1180116048550548e-5
2.1410241406758926e-5
0.00017577757619214048
0.00011504275626847126
0.0002494303132806942
0.00020127583212004596
1.1923126910766685e-5
4.6883914614237284e-5
4.3241482501115276e-5
4.209924397063703e-6
3.898002750875796e-6
9.381452813988446e-6
3.058680314055334e-5
2.0291840702820696e-6
9.682181942101948e-8
1.7307444397416857e-6
1.6112983656199367e-6
6.741368805414218e-6
7.605286275158502e-7
5.4593925098570076e-8
3.9965398942527775e-8
1.0514004930286253e-5
1.0830330123015663e-5
3.3604367795588966e-5
1.2104101394169383e-5
1.6245822390852986e-5
3.953703989311463e-5
1.366188948874788e-5
7.910335467305827e-5
2.195766944086705e-5
4.726257976318421e-5
1.1141891082347083e-6
5.869987974617104e-6
4.284428962784779e-6
4.903875862270132e-6
1.412276199711185e-7
8.377073937452032e-8
5.391247664875278e-7
2.2742494153447144e-6
2.0513802225647593e-7
6.8344051042297445e-9
3.498297956188964e-9
1.1547097807460107e-7
9.440369997298038e-8
1.399919061425209e-7
1.1919862863351366e-7
4.759072303413374e-9
1.4960852506207058e-10
3.962293898212427e-11
