4.221893179084168e-19
3.141107333706437e-18
5.3912195924766456e-17
1.7871657296794434e-14
1.4369299523137062e-13
6.8090090550764245e-12
6.429195252643643e-17
8.5799165351282765e-16
3.943069954648381e-13
7.631655763214222e-13
4.516636508564524e-11
6.507324732914301e-15
1.5502517841253438e-12
7.760184619267797e-12
4.147459241546064e-11
1.7374152822654496e-10
5.583906323970453e-10
5.5972412192137e-10
4.862297836738367e-9
4.313411091773689e-8
4.1907960515097465e-9
1.9428753440635375e-15
3.0059982578423484e-14
2.4061058460131613e-12
7.606667909606728e-12
3.413700384285378e-11
1.0321790968595638e-12
1.2797935083256171e-10
9.016528545154648e-10
1.407395801075126e-9
1.140458189498203e-8
2.0238727607672788e-8
1.8733873789813893e-8
3.125284114493641e-8
3.6434088121118767e-7
2.2262392761074777e-8
1.1643747113487171e-11
4.503803622373758e-10
7.523446246398995e-9
2.7717338515906054e-8
2.510508459263289e-8
1.1670825698697923e-7
3.8119964663389837e-7
3.508109258392452e-6
1.4115612441950128e-5
1.5095834600623262e-6
3.078007080398022e-9
1.1944009883855997e-7
1.8585958868091818e-6
7.0101241005324565e-6
7.570255648621715e-5
9.501088248966892e-6
1.3031226398700724e-7
2.2818766607504743e-6
8.867089104961459e-8
1.0905296425954356e-8
8.773463176403843e-14
8.690398843051651e-13
5.049211683651238e-12
6.610507373669366e-11
1.6034874053108124e-9
3.1353604311904005e-11
4.1591854323399625e-10
1.2178810872695417e-8
2.703893713255109e-8
1.0256524762017177e-9
2.047157780779925e-8
5.13903295616138e-7
1.8751477382860344e-7
8.06178852489354e-6
2.310186154547391e-7
9.176446894168643e-10
6.58117122131464e-8
1.7931093960112006e-6
4.39201505624522e-7
6.922052328179563e-8
1.2211929641733268e-6
1.127138598013892e-5
8.91687081118742e-6
0.0002444650097798552
2.1962035947939718e-5
1.5379390145144002e-7
3.0595005896795906e-6
0.0001346504230419406
5.298189329400851e-5
0.0025056332892390756
6.15987222490017e-5
7.0876049111814915e-6
0.00042249869985131453
6.723966567605293e-6
8.848019466790328e-8
3.042586211993478e-9
2.5356581810211514e-8
1.7915727318424002e-7
1.9269348998734657e-6
1.2334977965332813e-7
7.33150185199456e-6
0.00012545023844648702
2.4596977573521755e-5
0.00036895905110630086
2.8451273036607672e-5
8.706141329694545e-7
7.815645431747397e-5
0.0004991095137175595
0.004821016186768621
0.02985189702163832
0.005153254879472277
0.00010170869685412514
0.0005417896653188858
6.212929821762156e-5
9.750435660069611e-6
4.225347038117196e-8
1.496497499830084e-6
1.2933801055779169e-5
1.9911965471550563e-5
0.000326790360008313
2.744798437894717e-5
2.3286671305164845e-5
0.0004824793431720908
3.164218560604121e-5
2.025992457241006e-6
2.1763914134282e-7
2.5987382664969893e-6
2.880714488454397e-7
2.6614810676843742e-8
5.7430172703196564e-9
1.9656096205784433e-12
4.0783203393068874e-11
3.937241007081976e-11
1.089211684133226e-9
5.381279651571588e-8
3.222565255361926e-11
1.130902489115641e-9
3.641330628626182e-8
8.370162509019595e-7
1.3747111858605903e-8
3.8304379929547186e-7
1.728007851270712e-5
2.0839281216582597e-6
8.950670871402828e-5
2.3379229331884087e-6
1.1772337577211332e-9
2.6623607563733234e-8
5.188990287965595e-7
2.0439936978617556e-5
3.754171507790996e-7
1.0418116035684366e-5
0.0003655702501638932
0.00014753095240744264
0.0026671087722358313
0.00037935381465123793
2.387446143932184e-6
9.842372518548381e-5
0.0004439518767239997
0.00047192160729519973
0.036346141164199985
0.0005218470872010619
1.2799866145878457e-5
0.0003582315838534141
0.0003575878545940614
2.092001520949265e-6
4.097902021223684e-8
6.466122793713037e-7
1.5547861588029273e-5
8.721244552794051e-5
1.3268657406145838e-5
0.0002465617057172345
0.0021780100886331813
0.0003530440751137839
0.03521198609123042
0.00032272489821310365
8.433770516478484e-5
0.0020096555843259136
0.03581432823309216
0.028899925954244707
0.59748581352145
0.029351146022006003
0.0016672302447059766
0.037538131975741254
0.0025065990171663694
7.674048769648484e-5
6.5869991571797124e-6
0.00031334817930005757
0.001834359911717186
0.0003503410346448397
0.03772561810265065
0.00041182261730169224
0.00020624754653143348
0.0024660366511572037
0.0004077227646997017
1.4690409316317028e-5
5.6114566130671795e-6
9.492627176868844e-5
1.5975436579161605e-5
6.341097605279329e-7
6.386649007250274e-8
9.846706731441254e-9
2.5028768701118155e-7
1.9644306540577158e-6
7.369424816436408e-6
2.7237273927146504e-7
1.8512318266454347e-5
0.00027039566418114914
1.4187814905490545e-5
0.0018395079173466153
1.2840312063187071e-5
3.934126074909783e-6
0.0003896289401442762
0.0003598411093500641
0.0005476069020872685
0.037004961635604995
0.0005012128418681931
1.414188548775371e-5
0.00041722510787020633
0.00010076321343794055
1.7561074204323877e-6
1.7467068205942016e-6
4.618853906836463e-5
0.00026415904414998665
0.0007377839959907071
0.002471671052448052
0.00010870785383195328
2.2380529279838144e-5
0.00030720304643349597
1.1296603976827447e-5
2.754198164866482e-7
1.261923636455975e-6
2.1306867344402018e-5
5.932247397069366e-7
1.6572992973097787e-8
6.623522134763835e-10
8.755667991623837e-8
1.4848690434761183e-6
6.8714430081941545e-6
5.6651054615115965e-6
8.83359180571978e-5
1.9118163076898414e-6
2.4557486403827923e-7
1.2691205835555956e-5
4.140629482782395e-7
2.3373907792622576e-8
2.857269846046768e-7
7.458280689993701e-7
3.1772856895768487e-8
1.3855224650786234e-9
4.8013660362595207e-11
1.7691055347853403e-8
6.02514326498869e-8
1.6388043890047726e-9
3.334515231356531e-11
3.3103376607166904e-11
9.266284264387614e-12
5.086569476882583e-13
1.7103780563009176e-12
1.1224741557544114e-10
6.420670532001351e-10
1.8929729420837263e-8
1.3476694526687475e-11
3.83651587464028e-10
1.1264008131694221e-8
3.92955218227166e-7
2.172506469737935e-9
4.3809715117310026e-7
1.472460874575519e-6
6.67934842614431e-7
7.3302014830709645e-6
3.1675950365319145e-7
2.449000312857476e-10
8.507929044044353e-9
4.366207069809066e-8
2.787518082615608e-7
2.534987669724254e-8
4.35243837095961e-6
1.8280944494250444e-5
5.164047373428675e-5
0.0002865832292452659
3.632435500593199e-5
3.1614282018561203e-8
2.335529333956537e-6
1.2824340727453594e-5
8.288716263669873e-5
0.0014689431337683594
9.411298747517107e-5
1.0901228373338973e-6
1.175134013481404e-5
5.533375565378802e-6
1.4193354701597039e-7
4.978535004913204e-9
1.7568860290965975e-7
3.7608403882496446e-7
3.3362688871587095e-6
1.3379527069250787e-7
1.0496077906693652e-5
0.0003391661780229486
2.6623845186514223e-5
0.0003255165702361054
1.996239271376586e-5
1.336122595327752e-6
8.915448088036424e-5
0.0005508640115314159
0.005176525012592848
0.028908658867771886
0.004910241634237749
8.419009708589788e-5
0.0004834482007468561
5.40485677132984e-5
7.432449909895353e-6
8.692243674366431e-8
6.793143462580524e-6
1.4617376582515867e-5
2.7359943137464455e-5
0.0003727439324995964
2.4040188269306093e-5
5.649488341760967e-5
0.0001346510137671761
1.1687470599026577e-5
6.29787168976151e-6
6.100072746819712e-7
1.8171470721192032e-6
2.598252381901266e-7
3.80865778483544e-8
5.741958383433125e-9
8.287788254034718e-9
1.02675721532016e-7
1.5358338930313978e-6
1.2341436299416505e-6
1.6703346857523836e-6
7.381006229497423e-5
3.896600460728516e-5
6.341233297837243e-6
0.00038932709788809544
2.0907948818406687e-6
1.5687893719208906e-6
1.0320999944088726e-5
0.0005529711078376243
8.484365866707824e-5
0.0023745171215282493
7.477435188725005e-5
2.6434178100744538e-6
0.0001252180225672953
3.2353614773846532e-6
1.1889783739378529e-7
2.7211370426854745e-6
6.847490781994573e-5
2.0954489709812286e-5
1.599035183565111e-5
0.00034932163986991447
6.6184979500100795e-6
2.591837567929772e-6
1.2771094934983779e-5
1.5410375744523227e-6
1.2365283932174793e-7
2.1477266308993508e-7
3.920600160299554e-7
2.191560812005331e-8
1.611342543615762e-8
4.708868441592583e-10
5.434066678411013e-7
1.4018477345153745e-6
1.8266659101119778e-6
3.98674291164653e-7
1.997642897559435e-5
1.9640848528070882e-7
4.355432423105515e-8
6.121103918829768e-7
1.837215879694633e-6
7.654538296285178e-9
1.1594023487913573e-8
3.5906213960736714e-8
1.2511854531667584e-8
8.821031965456574e-10
7.485009722355921e-12
4.922508890386802e-10
1.1636718780406245e-9
8.023004330007252e-11
7.168025152314783e-12
6.996234678924871e-13
1.8921746727059513e-13
3.0418872050314118e-9
6.2707119762320756e-9
4.023823876262911e-7
7.139550413219925e-8
1.4117510549920303e-8
2.0382941289757747e-6
1.4436305926847178e-6
8.487920925549795e-8
7.412876213830575e-6
4.636347862985036e-8
1.7944173902570437e-8
1.2714851003686236e-6
4.867663384129932e-6
1.3941203919412417e-6
9.15371194789923e-5
8.867381144199357e-7
3.3982835919268126e-8
2.4790210580324454e-6
1.571937206261286e-7
3.0343702758398433e-9
1.7390487457119404e-8
2.198222529208336e-6
3.1456948996393767e-7
2.033810391064645e-7
1.53325442444369e-5
1.1609905424310491e-7
1.6548122231715732e-8
3.1894074231665116e-7
6.899364123691711e-8
1.957806257120551e-8
1.5199825677259922e-9
1.6827222448204705e-8
9.5210218938032e-10
9.008154399892523e-9
1.5613391855668866e-10
7.3661633353705395e-9
1.2543757029023718e-7
3.32320311377352e-7
1.0534136003502055e-7
5.810879573819555e-7
1.5606238717923425e-8
6.349953915657171e-9
2.144012007140787e-8
6.046111128552517e-8
3.8010070021631236e-10
2.6704715878693124e-10
9.321652215011516e-10
3.8935647914559824e-10
1.0436188365857293e-10
1.4505762933564651e-12
8.29553881734458e-11
4.6820139063322714e-11
5.001013150194473e-12
1.5324343897186124e-12
3.039624343019328e-13
1.552127310686298e-14
2.524943991338073e-9
6.620251848183674e-9
1.3008417187041179e-8
6.564738684398856e-9
4.916868872207681e-8
4.5797539532867414e-9
3.1879567812999063e-10
1.3470316218756087e-9
9.31605331762653e-10
1.5246217450558717e-11
1.0285847680386765e-11
2.8114016842695838e-11
3.704582841062271e-11
1.0627540816241732e-12
7.112806263368681e-15
1.5549830629254393e-12
2.2919319993728606e-11
6.976597517429838e-13
3.198011924164264e-14
7.64838669993868e-16
5.518841079505901e-17
3.6221597837832345e-13
1.2419619031007485e-12
5.644302292707404e-14
1.376664020257401e-15
5.503593426239603e-17
2.8051825649543243e-18
3.553285900830788e-19
