1.0454390731412961e-13
4.76965539921287e-13
3.6463572917912105e-12
1.4093015288449522e-10
5.3418404724758984e-11
5.707735562426969e-10
1.7410646201287943e-12
2.963345483343498e-11
2.4394922737674845e-9
2.286070313146482e-10
1.811640763618056e-9
1.3623665050243638e-10
1.0096313438167294e-9
6.326376023125661e-9
8.129325576330518e-8
2.9558960280206465e-9
3.152977098693068e-8
3.9693892448904815e-7
2.986505193137635e-7
2.1362500870826836e-6
2.715903614189982e-7
3.1012359430431506e-11
3.2745353252354147e-10
7.608191689378873e-9
8.003689608778125e-9
1.722686388392055e-8
7.400342958139201e-9
1.7838220101210095e-8
2.5135849847456895e-7
8.014928336422937e-7
7.477432065320165e-8
6.169291339887455e-7
1.7385340221562955e-6
2.8959198583367476e-6
1.5938092153505183e-5
9.139223845302059e-7
5.1916687019816505e-8
7.236082930160909e-8
8.485009643688723e-7
1.946643835948637e-5
2.9596511339841526e-7
3.752496813612379e-6
1.0814117198678104e-5
6.0877454767981174e-5
0.000226499076728175
7.13033179653911e-5
5.380708522095204e-7
1.4236876088996296e-6
1.7141185364484457e-5
2.2621348437073068e-5
0.0003454622108672336
6.406720005166016e-5
2.000528908566215e-6
1.064133007705663e-5
1.3610765455978097e-6
3.7766010040284135e-7
5.685710576391552e-10
2.9272684880929397e-9
4.903263616454939e-8
1.0486279805777626e-7
1.9814530635434748e-7
6.350815000977958e-8
7.56779116486875e-8
3.623781900027194e-6
1.590138903088096e-6
6.725286989721816e-7
3.462565726365872e-6
2.0591416339416254e-5
6.727737548184186e-6
9.643216460094418e-5
2.838002672135419e-6
1.074377151748439e-7
1.103975351051879e-6
9.302120954342343e-6
1.436495804623913e-5
2.107460555873498e-5
0.00022931083024717414
0.00011057454745352177
0.00022037814919783873
0.001174765599196513
0.00013642705960279828
4.711667960809353e-5
4.5831799157290455e-5
0.0004864716990151138
0.00021696876896149363
0.004703464980957121
0.00030169360174691983
4.7303841226332636e-5
0.0007519636255018169
4.922317734346243e-5
1.3774448373419026e-6
4.201189724128292e-7
2.13939302231062e-6
1.4096876564727257e-5
1.3751116273965924e-5
2.2972236516053344e-6
5.756311543094393e-5
0.0004333952548368151
9.060426805614281e-5
0.0011399961735977712
0.0001290915097412045
1.1575845735497909e-5
0.00024043153296296574
0.0014502068142164819
0.005987942998874641
0.036972336839467615
0.009066297156213952
0.0005606710563306178
0.0016990605298550618
0.0002957933866720852
6.463194435592645e-5
3.5848049247061007e-6
1.5038537052987725e-5
9.783065804087333e-5
7.193079999153418e-5
0.0010367128028664658
0.0001314906501663312
6.968348272062071e-5
0.0005641674116068817
0.0001514357487526885
7.477776436655583e-5
4.650237603843378e-6
1.1819923651388299e-5
3.0323578915124234e-6
7.443511875315933e-7
3.9603082495989485e-7
1.6796773702519727e-9
4.920023736413578e-9
1.007420797608557e-7
2.2317192893340141e-7
2.575006332630075e-6
4.278941079773293e-8
5.72100118190778e-7
3.623055313555109e-6
1.70857877436881e-5
1.3509810876663415e-5
1.4666971853165572e-5
0.00043227364834869656
1.937980543370286e-5
0.0005986389558655944
1.2535547937758593e-5
2.17802753111393e-7
1.6879867820846485e-6
3.30932129560563e-5
9.774909046384635e-5
1.2360068130749308e-5
0.00010492745054934796
0.0015204430890109223
0.0004341745558051487
0.004397536991225475
0.0005454964803144676
1.8414332956920017e-5
0.0004288591965944443
0.0013024484159904798
0.0013367176334161902
0.048188096795966355
0.0017523234957840094
8.452477236013755e-5
0.001083409459513114
0.000858134334080261
1.110818716228539e-5
1.8316378286773754e-6
1.7373053338544554e-5
0.0007792166302886544
0.0005418811445472429
0.0001018065721748762
0.0014515197627468748
0.004691590936753271
0.0010916818347856754
0.04749354123533283
0.0010050315904716852
0.0005129646758656409
0.0045698969229826985
0.04753754186011306
0.035154466155085766
0.42065377081621663
0.03636674826659064
0.004274646025190015
0.04504043237555092
0.004703693710421086
0.00033749708132770073
0.00019507296563846645
0.0008876572700726441
0.005058524605435707
0.0009754067075486216
0.046262891285660065
0.0011961468192888442
0.000622459433791975
0.004419727337961894
0.0014278740814991258
0.00022876486922316318
0.0001765675098907647
0.0005076110738592972
0.00010344602447964859
1.3700923324190472e-5
2.3202185364085428e-6
7.270551417481759e-7
3.6588313560163755e-6
5.078994293738393e-5
0.0002036454890618407
9.605628536718986e-6
0.0001279812179346363
0.0008741899350037527
0.00010907714952162114
0.004966869032114544
9.824846822741066e-5
1.9820504968237753e-5
0.0005448244544586421
0.0011429415128143276
0.0016989472989988462
0.048016656512836466
0.0014265125191770338
0.00010359695623910457
0.0012488354696434682
0.0004941943234628443
1.810976791978302e-5
3.4536861820235825e-5
0.00012996859381561964
0.0008069253601679737
0.00047275769451800737
0.00485631633856315
0.0004294807132424491
0.00016069064412068757
0.0015321395787699006
0.00011649667883226943
1.0804616053331936e-5
4.507451278872953e-5
0.00040580266086119235
2.1302678407965886e-5
2.221605220389108e-6
3.780856903851939e-7
1.234206347828116e-5
3.26651070102032e-5
0.00022765318002177678
1.887005097977415e-5
0.0006389670755554083
1.3751782363292855e-5
1.92917237236291e-5
0.00011968177520697779
1.3532307829511713e-5
2.0844954982524848e-5
4.681092056151677e-6
2.102657110778467e-5
1.9723292116354186e-6
8.243352834198414e-7
7.726916854300444e-8
1.518301772417548e-6
3.216261804030763e-6
2.5858180765132177e-7
1.971246657570032e-8
1.981185258181441e-9
8.174385221964537e-10
1.516898521303069e-9
4.9417589223684045e-9
1.0368713166108341e-6
1.239523162170903e-7
1.588360049856402e-6
1.584914757499678e-8
1.4200298122892818e-6
1.5854780699869258e-6
4.442467042935158e-6
4.961070530200878e-7
8.874635750729769e-6
3.0405767678519787e-5
1.2045264436025383e-5
0.00019419952355673758
4.561765068358539e-6
9.5462838084366e-8
7.165713138850521e-7
4.7505720092729575e-6
1.8735564691504802e-5
1.928293203062933e-6
3.804072159661378e-5
0.00015542044828440287
0.00021897146378982543
0.0005266199427785635
6.433760099608676e-5
1.147781911387586e-6
2.622666817596262e-5
0.00010958150448257298
0.00038336898350087274
0.004356491612586518
0.0005487813585924403
1.467607351276926e-5
8.486253831669451e-5
5.649244157225425e-5
2.331593811647708e-6
3.6486177267874176e-7
1.5761166198459147e-6
2.4873056450464726e-5
1.8993116716722305e-5
3.305263846917684e-6
0.00010122366573989952
0.0004827991586150099
0.00011359881785995715
0.000960006348134639
7.021161865666722e-5
2.4108764191061255e-5
0.00034805748261139473
0.0017417484867239044
0.008077095114759176
0.03385021151381681
0.006093386946899461
0.0003639125048335627
0.0013023819345081417
0.00021896650978970626
2.2051841253135668e-5
6.135783983935863e-6
2.7654506083024988e-5
0.00010668062909306805
0.0001239621581768162
0.0010849825527509806
9.331995813954331e-5
0.00032743262385475166
0.0004856803639161869
0.00024146866572246557
7.199524558247297e-5
1.753093884320774e-5
1.6960868567967468e-5
7.2671218842054915e-6
2.542660518104811e-6
3.4999979825557096e-7
9.265062805935723e-7
2.8225602829146766e-6
0.00015928520988002526
4.061250645751657e-5
6.553042763403004e-6
0.00037597318148973555
0.00013745445071434474
3.2287223082422866e-5
0.0010378248205471653
1.596618451180355e-5
1.3209863532439443e-5
0.00021326779960943683
0.00066455138346959
0.0003654747187930388
0.004881754312645802
0.00025273820450692487
2.5601704969491885e-5
0.0004531381610250115
5.030762801006775e-5
1.5456772807950004e-6
1.8135981812759198e-5
0.00019863150083706323
0.0001237432883921047
9.975919327825095e-5
0.0016031357949369705
5.93628671469235e-5
3.9050003545041e-5
0.00010296365810105954
0.0002527552603723578
3.82055493179509e-6
9.640265735538802e-6
1.2547456082799425e-5
3.5806271793405433e-6
9.668584245322604e-7
4.150843130491036e-8
1.356881200540978e-5
0.00017172755130517812
3.847256749271077e-5
2.5004845427725646e-5
0.0008960135372472252
1.5290010233640762e-5
4.790684242613273e-6
3.5494734200661553e-5
1.1192240894761802e-5
8.28604082078551e-7
2.5547781659777365e-6
4.196404548898013e-6
2.9189820961589794e-6
1.8999647544251924e-7
5.883679241630719e-9
1.7263741666776455e-7
2.803610378635921e-7
8.92217416039645e-8
6.1453018289432275e-9
2.4721169223552943e-10
5.832171902551933e-11
5.373371962913665e-7
5.331817278424458e-7
1.301264358460084e-5
1.231882696143489e-5
2.9337851677283923e-7
2.018693862799523e-5
3.111696121941958e-5
5.123002016869773e-6
0.0001714982996308061
2.836586725515857e-6
1.910155447542769e-7
1.356556809750906e-5
2.1494228986324193e-5
2.388530941407451e-5
0.0005010157496188311
1.0807807035208447e-5
1.1430681453753733e-6
1.842880006643135e-5
2.152210097061999e-5
4.093656235999968e-7
2.6433547231920027e-7
4.7332957391140555e-6
9.66052413405592e-6
3.0691344830625926e-6
0.00010334735428253714
2.0479201700917273e-6
1.8342813019840678e-6
1.349328189121355e-5
2.251966921082941e-5
3.265872211687434e-7
5.410060659222311e-7
1.5667392919538768e-5
6.874457247533093e-7
8.976696035879258e-8
3.304691433182032e-9
4.643902091925771e-7
2.0163412707361352e-6
2.545070269727928e-6
9.415015550043866e-7
1.4859732017689247e-5
1.1372377616244638e-6
6.307739025574434e-7
1.4299936029234027e-6
1.2344601553328174e-6
7.834575906988312e-8
1.3721180223447095e-6
6.135210374479003e-7
7.940536731486701e-8
2.1728001823851176e-8
1.1661873492935376e-9
1.237668112657204e-6
1.1854600436705186e-7
5.7647644650901244e-8
8.244293230798515e-9
3.089620045987839e-9
1.6486087714461704e-10
4.632197288281115e-7
8.649711478661595e-7
5.989212543274108e-7
3.073192283199867e-7
1.557376081575286e-6
4.1956099800061886e-7
9.567817170150971e-8
2.1337465504385061e-7
9.382382979883387e-8
3.376783995868601e-8
1.5850464941921067e-8
2.765984968758035e-8
2.1780638922501858e-8
4.189975992229286e-9
8.260680118367668e-11
5.563689462993141e-9
3.8432996257084695e-9
1.7063485330276222e-9
2.0497774354370144e-10
2.553345572756455e-11
5.7890077194527185e-12
2.758123063132737e-9
2.4198344104927175e-9
1.0606509136029243e-9
5.317380881376969e-11
2.3254843830026735e-12
4.744873813821342e-13
1.1247477418151362e-13
