1.9568021050502956e-13
2.2614989820568997e-13
1.898031444808446e-12
9.774102252609523e-11
2.3171828773385706e-10
1.1377708823601023e-9
1.0710145244679036e-12
1.6146304380175944e-11
9.89520137646769e-10
7.815006315795404e-9
2.2468860219269327e-8
1.0621572610429326e-10
8.02512704472503e-10
5.075804825070784e-9
5.4315608575918005e-8
3.4484232003557763e-9
3.028266403522617e-8
4.331410975295997e-7
2.337314805511318e-7
2.002699939013099e-6
1.9007451799724766e-7
2.744739691606438e-11
2.740236393188011e-10
6.136764488018441e-9
3.784097789544818e-9
1.6779761171330352e-8
5.554315562784725e-9
1.0421821653753781e-8
1.1700695053608764e-7
1.1588214893917432e-6
9.952336787120197e-8
6.109638092007102e-7
1.541420388501678e-6
2.235745443001814e-6
1.696364380643389e-5
9.569167424240199e-7
2.481728681980895e-8
5.508816573652887e-8
1.1348230776280363e-6
3.235969254303443e-5
3.0423846143844935e-7
3.403132411880828e-6
9.54225296798223e-6
5.5395175155173135e-5
0.0002140380743617014
6.16363030002735e-5
5.035630675503777e-7
1.3728985940572626e-6
1.575723021668169e-5
2.141279927491399e-5
0.00032552076448882304
7.213960050229188e-5
2.4852153955758075e-6
1.0131980358341353e-5
1.5538997506984708e-6
3.663225919961428e-7
5.474875462734915e-10
2.0812218435455595e-9
5.170449070196023e-8
4.816956747168375e-8
2.017800925647924e-7
2.3214291728933802e-8
6.315893836218081e-8
1.4111708190867824e-6
1.7525763965252878e-6
6.533169203041857e-7
3.12151511728553e-6
1.8183027594106875e-5
7.066464046323678e-6
0.00010104475007405886
2.6851683752417105e-6
9.684289034414607e-8
1.1688840136744738e-6
8.582163072051636e-6
1.2717200093242138e-5
2.128347150671972e-5
0.0002250976434302898
0.0001097945973827236
0.00020235836389883202
0.0012511724365285837
0.00014374770914702957
4.733889754596363e-5
4.3862982784832764e-5
0.0004516823930736971
0.00020126464606821392
0.004593436384007961
0.00027468534671908263
4.3826795557588926e-5
0.0007048362796690099
5.377915042049026e-5
1.4652928208845571e-6
3.507977817117704e-7
1.1641747829738505e-6
1.135820722862196e-5
1.373513857380649e-5
2.0318033716244156e-6
6.02995961573152e-5
0.00038942932566936393
9.328297975821123e-5
0.0011215257330260769
0.00011811159230305793
1.0799621606154524e-5
0.0002443304464375946
0.0014328199781220555
0.005813726034152601
0.036478800403538465
0.009279583065892414
0.0004935212850809802
0.0015728675425962404
0.0002765770510366847
6.661297338524424e-5
2.615449774301904e-6
1.6724940285720465e-5
9.359221680566353e-5
6.927127781974454e-5
0.0010134967659922022
0.00012111777095092567
7.173509501354294e-5
0.0006639970796232782
0.00015921320977292744
6.01666740338994e-5
4.270138350969866e-6
1.1232778716826634e-5
2.842556607738682e-6
8.737981941836994e-7
1.935487095122356e-7
1.4664794494036362e-9
3.2149314955319974e-9
8.708275106552837e-8
2.407303287007972e-7
2.708568386744761e-6
3.2641417271100265e-8
5.486293846414188e-7
4.189556036479473e-6
2.0965147798786315e-5
1.5202186437434838e-5
1.065740675916784e-5
0.0003503152545629531
1.7835651072205034e-5
0.0005222655630728236
1.1061857846173836e-5
2.1922026037262066e-7
1.3339011981491273e-6
2.7515186230547134e-5
0.00011713513580858916
1.0880156818468366e-5
0.0001005178379934168
0.001517685321492126
0.00040091559967922355
0.004227546881137512
0.0006044460338036368
2.00352574074949e-5
0.00039511073641281045
0.0012902679076201616
0.0013053764088298237
0.04805251061069704
0.0016567119500009077
8.655567780465343e-5
0.0010874063650254835
0.0007563019193657542
1.037262081653124e-5
1.324335447740279e-6
1.1865856477026705e-5
0.000643831271853223
0.0006593583000160353
9.379739585627209e-5
0.0016582939688890707
0.004552815717237348
0.0011122212199729557
0.04849863556543988
0.0009958876135507306
0.0004889176082055045
0.004309337079965752
0.04608758053056199
0.033331159893662275
0.42428236058347724
0.03667399258271325
0.004550468477244797
0.04590932236164383
0.004729356318562557
0.00032689606975922126
0.00015429194809553606
0.0008537176041915533
0.005086604340585185
0.0009727115476361394
0.04819670093821922
0.0011517748599366724
0.0005622558147653769
0.004374882251445199
0.00157158723341675
0.00021261762148428538
0.00015519232322916377
0.00046436330394250243
0.0001074213249999939
1.8238440763390267e-5
2.1017986669875396e-6
8.125530950353893e-7
2.634809331355771e-6
3.971598672746015e-5
0.00021961628533165027
8.968365504418969e-6
0.000129733780124528
0.0007733049700076398
0.00011196707543803513
0.005354751331837664
9.640332203050855e-5
1.918992857644883e-5
0.0005821349240433377
0.0010507528877680336
0.001717324082938559
0.04644450504222504
0.0013790407366915266
0.0001017459788868114
0.0013687202125711863
0.000496828760728866
1.4980494779765767e-5
2.6177592043804264e-5
0.00012106010336864705
0.0009367033374704699
0.0005053286861790683
0.004584043516140005
0.00037103923851151694
0.00015411041395214426
0.0019119903642909012
0.00012360146677428235
9.213665238735903e-6
4.205427739034548e-5
0.000339121378947504
1.873926290133747e-5
1.5852443084130798e-6
3.329792809462547e-7
1.1142674288425982e-5
2.3102397759553756e-5
0.00019478157882755253
1.8169684530450774e-5
0.0005643361869636435
1.2756076542705972e-5
1.6013172662771756e-5
0.00011067246814884487
1.076626195141654e-5
1.526866809189677e-5
1.3644066607867806e-5
2.027609919567916e-5
1.7442039059725989e-6
6.51591673293211e-7
4.997951209154697e-8
2.3924609579695094e-6
2.5728833465594965e-6
1.968679196037861e-7
1.435212733651738e-8
6.995310812205446e-9
5.437213194373651e-10
1.5733673486480948e-9
3.0237453422712377e-9
2.9181227151484383e-7
1.5933513515976932e-7
2.4268620601133775e-6
2.161674645048991e-8
8.236385669088714e-7
2.705423359709122e-6
1.2492065947389138e-5
4.979879254842511e-7
8.217475315386416e-6
4.667994437359666e-5
1.0266758723184628e-5
0.0001693352394440617
3.7447790263519435e-6
1.266132496114925e-7
4.776152882556607e-7
4.107821173132199e-6
1.9986472644605408e-5
1.7402791569937468e-6
3.1196493232740726e-5
0.0001443611614759199
0.00018792162321817676
0.00052911729642042
6.751770897646587e-5
1.0985130573262718e-6
2.4927003578738546e-5
9.953571546321661e-5
0.0003496489701895575
0.004248125199715336
0.0005197251048370882
1.2659328051364368e-5
7.959880253806661e-5
4.5532413439003855e-5
2.1476093873375895e-6
3.5347080750751527e-7
1.4091680223574719e-6
2.2840054061183818e-5
1.825705769371582e-5
2.8469199276082143e-6
9.814442846753747e-5
0.0004804775477051498
0.00011160489048467279
0.000992784906428424
6.636432086966645e-5
2.1334400122940856e-5
0.0003565971989667978
0.001709898676734954
0.007900411059982217
0.034228111298240216
0.005475609476807201
0.00037054441837189626
0.001308886271665379
0.00021785540215356008
2.0241636535600042e-5
4.6639060593702055e-6
2.7544606555879555e-5
0.00010963287081515639
0.00011273839978694255
0.0011526404259171136
9.01545262622857e-5
0.0002860913666680282
0.0004294211388883161
0.000256904346797448
4.698242365641294e-5
1.4675466749333224e-5
1.7696023460331122e-5
7.829287005504936e-6
2.384622965397093e-6
2.6901434361021384e-7
1.1068957255375402e-6
2.3034986203960257e-6
0.00019694662391858903
2.5878095351758995e-5
4.002951286933438e-6
0.00021763698823845952
0.00012257377602071357
2.4880799797562037e-5
0.000714659041238102
1.6072983343657584e-5
1.3590264562719932e-5
0.0001531124580657357
0.0005797492263568761
0.00037171551992691023
0.004351777920741209
0.00023739091347262564
2.5893623656330823e-5
0.00039918136045086563
5.091050085816381e-5
1.4313008836539495e-6
2.5232654048441822e-5
0.00022096660273599445
0.00011266438931780987
9.547756535014044e-5
0.0019703447663166835
6.203732130998333e-5
3.647748552111458e-5
0.00011405582095917639
0.0003338444473537306
3.879764231475834e-6
8.083702171988523e-6
1.0916168665625319e-5
4.081666262862182e-6
6.836706156865152e-7
2.9251815294504356e-8
2.7947984210424696e-5
0.0002009330058388229
3.4503093186375945e-5
2.2798917869722205e-5
0.0006582482038013088
1.1513664963192551e-5
4.072721169160264e-6
2.868766894745121e-5
1.2956213300272098e-5
6.541822354748086e-7
2.9692124073625183e-6
4.241376460563554e-6
3.0528537013590193e-6
1.9829291285008133e-7
4.758019347047047e-9
1.4795835733747442e-7
2.3846460564576136e-7
8.258577577918479e-8
6.167828722293317e-9
1.9572948635046643e-9
7.578775964741979e-11
1.0593544542025558e-6
8.805734396626501e-7
2.708819357563046e-5
1.1214116215505408e-5
3.261467056930668e-7
2.5492509030420587e-5
2.661061055924553e-5
6.354151259844839e-6
0.0001942857902289422
3.297388988619645e-6
1.824389811998158e-7
1.385549661196143e-5
1.862192307186888e-5
2.587047007123487e-5
0.0005809267615805978
1.1337220406747673e-5
1.1224701243327483e-6
1.8886312016656878e-5
2.707326046891433e-5
3.7655635966289424e-7
3.07063715487365e-7
4.418888590566907e-6
8.606991747310106e-6
3.4395534577440796e-6
0.00012148794936691654
2.2845315360078558e-6
1.7717170992530138e-6
1.1897347649382623e-5
2.3950184363491558e-5
2.864284591081166e-7
5.168553233128799e-7
1.836545078153321e-5
7.451402230047654e-7
1.1278719404780636e-7
3.619003774879868e-9
7.273125890859067e-7
2.1166316664431715e-6
2.358812137604807e-6
1.4231442979983292e-6
1.379449336665419e-5
1.4770803331182214e-6
4.100494146931964e-7
1.423084935989823e-6
1.2948871515806607e-6
4.9165080997160904e-8
6.523057088572913e-7
6.352292773225574e-7
8.208317533302386e-8
1.1361946897412408e-8
8.57493296550737e-10
2.738974246652236e-7
1.1744946697986433e-7
7.720261571207243e-8
8.987733347612508e-9
1.0520470927362969e-9
9.807046931506276e-11
9.673011798666477e-7
9.121947445648857e-7
7.332342009551794e-7
3.066045638110183e-7
1.4621924028540075e-6
3.7290120934940316e-7
9.10833386181307e-8
2.0045118304654123e-7
1.0098386189902425e-7
3.061944906755358e-8
2.549919530927056e-8
3.959981044445473e-8
2.9863663976779526e-8
6.316831958213788e-9
1.2021440687462843e-10
3.0242900702151255e-9
3.6906908044045623e-9
2.3215224278100136e-9
3.1203221380822635e-10
1.6588760077204453e-11
1.7332139887077551e-12
1.236524029753851e-9
1.1345047800402104e-9
4.983924889581924e-10
2.6399155200588323e-11
1.0115578438620393e-12
1.9377959135538922e-13
1.5525692804992249e-13
