9.258592922247533e-18
5.311164327944344e-18
5.553288988665788e-17
4.55977106769536e-14
7.188901679444077e-14
1.7300781093361672e-12
1.3817695718782155e-16
1.5382959548221522e-15
1.5378989334250871e-12
3.026887611024136e-13
1.696703648325913e-11
4.349239679607682e-15
5.416985994737198e-13
4.347437075922241e-12
2.669953192191795e-11
5.760771501618406e-11
3.7402561184351715e-10
5.629754015794599e-10
4.294312623026216e-9
3.276483749361541e-8
3.039793911513649e-9
8.440658078213096e-15
9.908598341720684e-15
7.566680118280823e-13
2.570453989158563e-12
2.4689860595071178e-11
5.37624752680663e-13
3.639927140974884e-11
1.9476296787307122e-10
9.884178467630881e-10
3.2097801354793e-9
8.558408862112115e-9
1.977392122507557e-8
2.6218131160371913e-8
4.126143407941621e-7
1.7899657357764285e-8
1.6083579696378577e-11
1.7422819020381358e-10
2.5769215241676746e-9
1.7796414515723334e-8
9.72327051458945e-9
8.280358273555062e-8
3.9211083762051924e-7
4.351290930769354e-6
1.6160333879361995e-5
1.6268982807506234e-6
2.127000359621864e-9
1.1414964642738064e-7
1.5441547568139277e-6
7.625792724638907e-6
7.465457132033866e-5
9.83719791238661e-6
1.535764603235426e-7
2.529049919500281e-6
9.347287369393405e-8
1.0295302869575792e-8
4.829763618616002e-13
4.05336302868489e-13
3.59751703690046e-12
3.789997455527829e-11
1.3762791061047253e-9
9.953889771358474e-12
1.6664249863427283e-10
2.4198250243415886e-9
2.52038006651727e-8
6.36695520375821e-10
1.9314135090738934e-8
4.751252396042736e-7
2.2419443901327013e-7
1.4080451626408767e-5
2.109388180881668e-7
4.91537410486293e-10
2.773795765884813e-8
2.674636327844679e-7
3.5651879547093427e-7
6.427042551894921e-8
1.4401625893118173e-6
1.1651860830556035e-5
7.782834973623342e-6
0.00025686889029108943
1.9325909736949075e-5
1.2941009501729225e-7
3.4204891207160326e-6
0.00012460899885677104
5.3929039294611156e-5
0.0022451282527208728
5.725662311839162e-5
7.234529459690149e-6
0.0005575519858298838
8.47191451370294e-6
8.855005932646538e-8
3.0264908310074573e-9
1.5940426045588656e-8
1.6822358875688177e-7
2.3249772127373474e-6
1.135416730913411e-7
6.586173870696213e-6
0.00015702473316789084
2.7543633936797266e-5
0.0003583334035277307
2.547777914120025e-5
8.276989671363828e-7
7.756094362322422e-5
0.000500593884460966
0.004997429227029447
0.029725890019771224
0.005180100320941826
0.00010864636859212723
0.00051845558533331
6.60827295997905e-5
9.78574347446973e-6
4.063583869336364e-8
1.3416813292229263e-6
1.1977241198629892e-5
2.0001788906960097e-5
0.00032490681740990416
2.5564066991386045e-5
1.9184844730863707e-5
0.00037313586556883804
2.4570851910768576e-5
1.8027374922278512e-6
1.9821494375441687e-7
2.1870704762326052e-6
2.2315012274736136e-7
1.7123320750233453e-8
2.6393635657421137e-9
5.350490147671307e-12
1.3781412475248248e-11
3.486061342638199e-11
6.724603565066243e-10
3.712552801148278e-8
2.862544248871577e-11
1.0526555836662453e-9
1.9220987641199037e-8
5.668145912241585e-7
1.0629260494651671e-8
3.303150094066129e-7
1.774915293273782e-5
1.6180905626343083e-6
8.412412108013269e-5
1.9210192379569415e-6
1.4707973323482492e-9
2.1497836477574608e-8
5.02497206075864e-7
1.0809081103284405e-5
2.968861485548906e-7
1.0537053881965375e-5
0.0003117656483924445
0.00011075935519408358
0.002410976216018866
0.0003176419727120362
2.0151534272678466e-6
0.00011767828431943686
0.0004032578052932671
0.00045313597472364784
0.035717003737478485
0.0004954552931223519
1.1831312583600524e-5
0.000342915417232339
0.0003990610721951494
2.185298681383761e-6
4.556067553013454e-8
6.026934497420117e-7
1.5565799943171888e-5
8.996865395878252e-5
1.5914193681644765e-5
0.00024564915071940014
0.002624583570313545
0.00035689643754593226
0.03644649543153737
0.00030546129091540026
7.748242352748137e-5
0.002154532023294891
0.03604045603278313
0.029597933020430806
0.5998518236872025
0.029747377467062797
0.001831365051753842
0.03681885048025444
0.0025340135485840045
7.552615018023578e-5
5.845817231651701e-6
0.00019912050504072067
0.001711904544912786
0.0003353567324074214
0.03754748275352907
0.00037351416487325554
0.00021892784127235506
0.0023112952137697386
0.00030607709540410983
1.435212205381661e-5
6.747711557707243e-6
9.205066064673803e-5
1.3696492170305118e-5
7.293351740131727e-7
4.521292184491845e-8
1.4210089771195409e-8
3.563027869031561e-7
1.7948403943477076e-6
6.129897076289494e-6
2.600866478052413e-7
1.7593426824371415e-5
0.0002711502919001726
1.3537504357396526e-5
0.0017267077989231029
1.2581436270593374e-5
3.905527230839891e-6
0.0004400296058588496
0.00035724519131683034
0.0005491537246340268
0.0345767461555837
0.0004904497726636487
1.4675335401675992e-5
0.0004270361704907799
0.00011367692646553832
1.5668945278811952e-6
9.286131616199028e-7
3.789399888421186e-5
0.00021860918299719545
0.000496155878326975
0.002264885773160551
0.00013559359059673288
2.0452992289753475e-5
0.0003180162304827097
1.1016576503264505e-5
3.373318552095707e-7
1.3512346142459892e-6
1.8774267263933055e-5
4.704653783763207e-7
1.6643305451043668e-8
8.272932756991547e-10
5.1113661986742586e-8
1.264205480402145e-6
6.477854224307157e-6
4.20728792771912e-6
8.468473799018593e-5
2.2353043116967804e-6
2.894126885927211e-7
1.251896572176002e-5
3.820235748372342e-7
2.4164272658554506e-8
9.0588841488781e-7
6.311465067289586e-7
2.5329007654357344e-8
1.3447790799640764e-9
3.2481253151076765e-11
2.633128230034505e-8
2.572526603934189e-8
8.534301418420147e-10
2.383153087310892e-11
2.4830821913931162e-11
2.152845317905327e-12
1.2498629764464253e-12
1.1694946353536567e-12
6.932836881652011e-11
5.233539298525206e-10
2.0840382281099698e-8
8.442713592053773e-12
2.796915130615307e-10
1.807395650414816e-8
6.201787679569435e-7
1.1810340514519866e-9
2.1261134717052513e-7
1.6096109957445023e-6
6.096873424672595e-7
5.967840837849412e-6
2.062848658890671e-7
2.1225127990909001e-10
1.0290743845598282e-8
3.8409422548054185e-8
2.585244749061043e-7
1.4650111059697474e-8
2.4407232588516006e-6
2.157247086996117e-5
5.6540591945455066e-5
0.00021464150044513673
1.9360011555927948e-5
2.7216082649152012e-8
2.2563492046758367e-6
1.2710311770148276e-5
7.879474049206589e-5
0.0015394847942336125
0.0001012869073704914
1.0122257161122326e-6
1.0506105854754418e-5
6.140664417259738e-6
1.306351595072701e-7
4.89816660128778e-9
1.9023508058542183e-7
4.0826647542026235e-7
5.419265156052732e-6
1.7602649825573168e-7
1.475327220087975e-5
0.0007012383205424672
2.7269694046395706e-5
0.0003376623561379577
1.8430172451406167e-5
1.1888351058765064e-6
8.509995813546022e-5
0.0005486118624444317
0.005275670000888529
0.029064666562422136
0.004875640987680431
8.418648479128754e-5
0.00046829970450825906
5.560714923954396e-5
6.935241291172912e-6
7.333724386825524e-8
5.853112385494375e-6
1.2475641730751023e-5
2.71593291125988e-5
0.0003429298493619892
2.8416276970586125e-5
0.00010168672802107444
0.0001391652439082784
1.086175501596725e-5
5.362564440640199e-6
8.775809041674019e-7
1.76128319409935e-6
2.7057079415882274e-7
3.318967475366778e-8
3.779905611795387e-9
5.547555908110281e-9
1.1593934970847892e-7
1.9022875052279235e-6
9.363659308619179e-7
2.143744566828198e-6
9.750408090471634e-5
4.1526044519697074e-5
5.189438666489658e-6
0.0003395688703274811
1.6083598295082816e-6
8.648461321312259e-7
1.2978411714591544e-5
0.00034396241377103654
9.138149389660383e-5
0.0020860237977708604
7.202375498412337e-5
2.322709903820637e-6
8.598733914189857e-5
2.8128089962992394e-6
1.0145927780790791e-7
1.6166621976816395e-6
0.0001112898016657731
1.4213437721454187e-5
1.2246531538490642e-5
0.0002768596940973806
6.302046980766799e-6
3.510749951044e-6
1.00316405078342e-5
1.695189758729501e-6
8.49321768299042e-8
3.4037992702834107e-7
3.7573644641064695e-7
2.1140573287225167e-8
8.362703284436143e-9
1.0486417663960072e-9
3.287472783991701e-7
1.7770043307801537e-6
1.3338630327696215e-6
3.9897843799163797e-7
1.4570103018416871e-5
1.7075272383213286e-7
5.2765125107557355e-8
5.036199370435749e-7
2.852335350077942e-7
3.031656537955234e-9
1.774557754881757e-8
1.6357482075115524e-8
2.157940153240754e-9
1.968609556767226e-10
4.8351301139385195e-12
6.262196791350975e-10
6.130348318153423e-10
3.518722409402921e-11
2.452619126553836e-12
2.909364092814976e-13
6.726095037751171e-14
2.2311317251284447e-9
5.408424928535746e-9
3.277952171322762e-7
5.387180435529163e-8
1.5622305510459522e-8
1.688848878499197e-6
1.29389553901485e-6
7.112597287168488e-8
6.693097993986077e-6
3.826749565342354e-8
1.317014267494155e-8
1.0630392974702646e-6
3.265107029198664e-6
1.2633504113147535e-6
7.731679172984307e-5
7.805386644240781e-7
2.6979038566073265e-8
1.8349178297016425e-6
1.1211912326745999e-7
1.9600476040511304e-9
1.5378088690938204e-8
1.7497762388398426e-6
2.1485479569436592e-7
1.44893230706554e-7
1.4637510855108945e-5
1.3020105976399907e-7
1.8041233912988803e-8
2.861633048630211e-7
6.264423193549592e-8
8.333188649122339e-9
1.749090987383433e-9
1.3029214552271256e-8
7.247419017491563e-10
3.1732058435299475e-9
7.961435031830643e-11
5.8543696521400505e-9
1.1011787516818693e-7
2.902493676790188e-7
2.0791755023863677e-7
6.590905523210371e-7
1.911270955755803e-8
1.1852337544882086e-8
2.4341070905207228e-8
3.064691843445642e-8
1.695527826758533e-10
3.591689516207914e-10
1.2503545422144863e-9
1.809869121258283e-10
4.0590543615421215e-11
7.841223060680758e-13
1.009579332828897e-10
3.219050346003174e-11
3.960893607705772e-12
7.239782113051918e-13
1.3769522004650253e-12
4.132741357812918e-14
1.699198537039835e-9
8.235582250332729e-9
1.2929973114444425e-8
3.928805452833069e-9
4.0445773946225264e-8
2.4042101515733872e-9
2.0333943501420288e-10
1.4584303338713243e-9
4.707435649516272e-10
1.707868435213844e-11
8.97019521732523e-12
3.014009565804521e-11
9.871874552561829e-12
5.689580019220749e-13
5.010305682017455e-15
1.0573999432515808e-12
1.0876218355148883e-11
3.0601891326875343e-13
1.005412679195776e-14
1.72463746752529e-15
5.698172238534644e-17
8.550378058899802e-13
3.3303037902459846e-12
2.791945973455854e-13
4.920577415883895e-15
1.2467235775149586e-16
4.784126064663246e-18
6.22129297447563e-18
