2.569915535389211e-22
2.9181892675394547e-21
3.6064117395899636e-20
2.1007029245802577e-17
2.6493102220187754e-16
1.3224604690804324e-15
2.2273340290679823e-20
2.1582756571537568e-18
3.932790577202655e-16
3.2994007780852107e-15
8.02432699896973e-15
3.907428469310313e-17
1.2193047849717103e-14
1.9573940329509261e-13
6.323976155346386e-13
6.203399015924556e-13
2.986442857244549e-11
3.584994665361469e-11
8.33651564108851e-10
3.51618605231006e-9
4.556490168334052e-10
8.052524681764377e-19
7.807512970905475e-17
1.0329715953282017e-14
9.306766728676386e-14
7.245698492123076e-13
5.326696736254131e-15
1.3651440482194892e-12
1.5999082846664134e-11
3.873363597405063e-11
9.245841890482894e-11
1.9356025716433116e-9
1.647771591834685e-9
2.1304086279473937e-9
8.227713277112122e-8
1.9704311871111643e-9
6.664956070067027e-14
7.88485152685758e-12
1.2594097814354638e-10
6.675552779856727e-10
5.818431600225819e-10
1.8471017613997404e-8
4.353834500412418e-8
1.607345697013163e-7
1.468061988410706e-6
1.101700110248902e-7
1.8806330019313691e-10
2.657272291574782e-8
5.201658996892141e-7
3.1458991529528237e-6
3.7236518698352405e-5
3.135600122434065e-6
3.5519632260233825e-8
1.386748963513865e-6
2.23966742374756e-8
1.93589884830588e-9
1.0270639370108974e-16
4.988798086267335e-16
2.5535587456761354e-14
1.1453478578363447e-12
9.128440882337367e-11
5.25898953139127e-14
1.5236223773697516e-12
7.58756657815944e-11
2.416315604743796e-9
2.8194289682679377e-11
1.6933440223032236e-9
6.013639443920596e-8
4.061567920987884e-8
4.706388450959013e-6
6.829760709251843e-8
4.774285757615949e-12
1.031141523207798e-10
2.1204841312711463e-9
5.453060856875237e-8
4.55200399768936e-9
1.2963263894472212e-7
2.7607192498796907e-6
2.0498300966045056e-6
0.0001025735651769336
5.19497829932431e-6
2.0475948563231585e-8
1.241731022160573e-6
6.192897807995596e-5
2.2945630961016258e-5
0.0018555578650761813
2.5295936929830433e-5
2.1364019992993814e-6
0.00028146790381704267
2.5679105888784683e-6
2.4783507497120683e-8
1.1158632010576647e-10
1.8582297320586966e-9
1.5394875621618094e-8
4.5992547986398766e-7
2.1312066522457403e-8
1.515831574477379e-6
5.753126167498007e-5
1.2380059114481304e-5
0.0001898828336825996
9.840872757229544e-6
2.3587991633203896e-7
3.185024342859557e-5
0.0002677382568853699
0.0030940280035621497
0.024586045833562577
0.0031854480393153214
3.699562983204817e-5
0.0002695708945076858
2.7508009984711014e-5
3.485990678875104e-6
5.907543497081432e-9
3.755415125612406e-7
6.091786657337939e-6
8.520016732228689e-6
0.00018336096140664037
1.0335094101731958e-5
1.22523640621298e-5
0.0001576711562984783
4.914379470006579e-6
1.1307124130628167e-7
6.900244851106108e-8
1.6474724275716508e-6
7.545564546704188e-8
2.1683126297584565e-9
2.4820734694133993e-10
1.9781433746203327e-14
3.38957997340219e-14
9.78560633135105e-13
4.078618102467614e-11
6.162141455587576e-9
8.230164788398984e-13
4.108212144258829e-11
1.990796609465873e-9
8.820449213452279e-8
7.159783921503087e-10
4.067842084450995e-8
2.1152424360480063e-6
4.940671468318669e-7
4.098193262713698e-5
1.1357276438644325e-6
6.744152994003205e-11
2.380134427058144e-9
6.925383525663943e-8
3.61325345693269e-6
6.712564224494467e-8
2.9305064325748933e-6
0.0001188585418665698
5.534870144028472e-5
0.0016503817204661555
0.00016316356259114999
4.3797795601553607e-7
6.634015476275527e-5
0.00022375085083334425
0.00024355287328682164
0.030693701507795053
0.0002621084775255168
4.711724208434227e-6
0.0001799169880537149
0.00020635601379626325
1.1390003765538294e-6
3.7864666296426416e-9
8.416462329509067e-8
1.6930231155017364e-6
4.0396371880760524e-5
3.819952248761875e-6
0.00011259550401505092
0.0018717228230074494
0.00018399612820476052
0.033170809558807274
0.0001853649885661615
3.88689679150436e-5
0.001873766327938793
0.030611804034853047
0.024153819460295555
0.6746766060768601
0.024469493439481963
0.0012530144128640953
0.030372764982671555
0.002033022346454658
3.7459798157529735e-5
1.6707288748852319e-6
7.74845914413655e-5
0.0013107174156981188
0.00017388059683770446
0.03184346785630769
0.00017988809837167637
6.773445121775118e-5
0.0017673164794867033
0.00010736846301485304
1.6871789938787758e-6
1.1798567489834228e-6
4.2679253812110566e-5
2.96584564594019e-6
8.302487538551994e-8
4.0641155252747795e-9
3.022922617968921e-10
5.590242562195235e-9
6.710044614835206e-7
1.5051401878810434e-6
6.823747078584928e-8
5.2885147246231426e-6
7.324424631482142e-5
4.901127845922874e-6
0.0013179356315891199
6.3306543872226105e-6
1.3040972100906132e-6
0.00021714935479575468
0.00017369307244919204
0.00026705075827207774
0.029959083106421314
0.00026204418012967497
6.259574255243652e-6
0.00023250514839569762
6.557329474724053e-5
5.694565096437022e-7
1.572422906002699e-7
9.62391588035317e-6
9.239513372514717e-5
0.00010920851945590302
0.0015823774887170465
5.3152886925503407e-5
3.999577819008956e-6
0.00011964284730882398
2.958690770107939e-6
4.0713660754680284e-8
6.841576619379505e-7
1.9610213761108978e-6
8.257076687127325e-8
1.5806889710906912e-9
2.6397018834325803e-11
4.649991450946905e-9
2.4397554731293853e-7
1.389940079935884e-6
8.932328362610078e-7
3.9806077803654495e-5
4.249861357420003e-7
5.4610816848043166e-8
3.0254801217406438e-6
4.62208183728347e-8
5.185040957917859e-10
4.7481076200166195e-9
6.847899638627773e-8
1.867543413094482e-9
2.861872164204187e-11
8.069621756213728e-13
4.6299040620349254e-10
5.270530852848491e-9
8.086925696887253e-11
6.530187364637095e-13
8.279293996671176e-15
1.3487625666246906e-15
2.6347198978668036e-12
3.4336228497631857e-12
1.218884083762809e-11
1.2473488507384426e-10
3.08219058304389e-10
3.5619306328932013e-12
7.848326869290844e-11
4.3000063947658076e-10
5.661542414878096e-9
3.3009787440970233e-10
1.495603404802551e-7
1.144418936503646e-6
4.4715062389410745e-8
1.1635579349534182e-6
4.172915295769236e-8
1.9732492990308992e-11
8.266205782818749e-10
6.14292643593811e-9
6.762252667699554e-8
4.9445789584762376e-9
2.1401623582011046e-6
4.8349990805964665e-6
5.782439386686924e-6
5.873114764662855e-5
7.370149428252006e-6
4.162482104212501e-9
7.012064676836047e-7
4.5679334799493655e-6
3.0300478019300688e-5
0.0009250329632356496
4.638542251273514e-5
2.4342605726360993e-7
3.9923444248601095e-6
1.8214853988277825e-6
3.483208301630572e-8
3.0193635239822445e-10
7.532400298409224e-9
3.841504251774319e-8
1.1068645268898867e-6
1.8797877670255207e-8
2.4861390959181916e-6
0.00017081286956005534
1.0040470186297868e-5
0.0001709495597129223
9.9617645634651e-6
3.1903232248012366e-7
3.373661994101662e-5
0.0002742871883637034
0.003071768963788602
0.024285268798828714
0.004048477596905247
3.192642447667092e-5
0.00024378664491059594
2.4266334052930406e-5
3.6064933897280025e-6
1.0276193116335192e-8
4.0306651260630663e-7
5.166769164336811e-6
9.660054805889044e-6
0.00018706971451906167
1.6973841466880917e-5
8.842334932591653e-6
6.585213009456487e-5
2.3521075502514608e-6
1.681916439324473e-7
6.386907928333683e-8
4.86156658305911e-7
2.9642321510878553e-8
1.6741451401766832e-9
5.206011340941273e-10
4.907785305323019e-10
2.7873854834767695e-9
1.574929546906127e-7
1.7987876047934648e-7
8.504362442048877e-9
6.812190096207895e-7
8.249398073078234e-6
3.4080290325311026e-7
5.462953701095636e-5
3.0462906222548703e-7
8.469964849911012e-8
9.743487483223102e-7
0.00011202817379725738
3.261885118895113e-5
0.0019371380477434157
3.6606557425784515e-5
8.129367121232966e-7
7.492772605115917e-5
1.1160957975673523e-6
3.024719347098084e-8
2.2851648780853938e-8
4.4014027030082994e-7
4.079076953653276e-6
2.170350128063277e-6
0.00011403989752365232
1.6412452026193047e-6
1.5178530803874193e-6
3.1248606523334366e-6
1.3390271628966532e-7
1.6498336561229037e-8
1.1327711820330812e-7
3.7188691349518e-8
1.9317065188800636e-9
1.5595007945314036e-9
2.8413215203407642e-11
1.9229392629816227e-8
1.406275932785987e-7
6.904405315159178e-7
3.1900993245564635e-8
1.832322387162689e-6
1.6926945493777197e-8
4.3367565670189826e-9
6.49115336661454e-8
2.5927724657143367e-9
1.1632785466632834e-10
4.091907016771647e-10
1.5891238991862346e-9
6.31846670897893e-11
1.466111595261208e-11
1.786603380838418e-13
5.92582600888477e-11
3.34409103213084e-11
1.1349601564776592e-12
9.315147231549757e-14
3.2420119684091457e-15
3.950615290944712e-16
1.6689063032862853e-11
8.917407401715544e-11
1.447838044972875e-8
4.431140167457167e-9
2.6020412846284937e-10
2.1749644033246088e-8
1.8289593410974887e-7
8.673211834891653e-9
1.344819732206104e-6
5.265792257940582e-9
2.055876443992294e-9
1.0685518760090202e-7
9.999938480154214e-7
3.1064775587230974e-7
3.982855471317298e-5
2.375735056594903e-7
4.117775062391281e-9
4.2134120205962043e-7
1.9371168643414312e-8
2.0450400252148295e-10
2.7171868234132685e-10
9.477966518220681e-9
5.306077260200824e-8
1.969391976771598e-8
4.16564358357448e-6
1.9889863317004966e-8
3.548710818568231e-9
4.435559269210608e-8
3.155497178265131e-9
4.507797830642189e-10
2.465754624109353e-10
5.316496978552869e-10
2.3657202390634357e-11
4.010390728997287e-11
4.210319080789568e-13
1.0043302072185928e-10
3.4186922023624582e-9
6.035366565315053e-9
2.7184862983026178e-9
1.0083399941698307e-7
1.9490371362402546e-9
5.033413709425691e-10
2.289464357312501e-9
1.1998499696808157e-10
5.626361004490202e-12
5.123420198517604e-11
3.114170967880632e-11
1.4187440872891429e-12
1.2570158730959198e-12
1.1734694603423544e-14
1.0065271790819735e-11
8.217024058800485e-13
2.450139939893608e-14
8.220970189017598e-15
4.429704094968894e-16
2.050935936652689e-17
2.2823386015924017e-11
3.927763936446995e-9
3.172805196335285e-10
2.2573446021490077e-10
6.692160156628339e-9
8.277380016255977e-11
2.9726198268703295e-11
1.0581481899372549e-10
5.9762597663004745e-12
7.039750041277016e-14
3.153582678861751e-12
1.2529164559477847e-12
6.593933129472088e-14
6.1197002910999004e-15
3.9382731558073227e-17
2.1089991641392695e-12
2.6225711675386083e-14
5.744816389925898e-16
8.830712941101592e-17
2.365434596344915e-18
3.861833213893014e-20
1.5685863482781884e-12
1.2267010079810727e-14
6.939293103687534e-17
7.012795153737263e-19
2.3763122353660997e-20
2.1005595248258486e-21
1.247881260359098e-22
