2.2330262091183647e-20
4.675677912171971e-19
4.097607920334654e-17
1.7261076696551406e-15
6.156111786631744e-13
4.740637963269961e-12
7.279042414196379e-18
5.142078419454237e-17
1.6279502469434476e-14
5.605482748188316e-13
6.709418279890473e-13
1.266531112992654e-15
3.127316745692582e-13
1.3582150218629773e-12
9.49155771294599e-12
5.936283503687114e-11
2.2331773407222267e-10
2.3344278822325833e-10
4.72046745890759e-9
2.421085074993649e-8
1.5187073362712652e-9
2.4758723856794875e-16
2.5576739969297704e-15
3.723627725832531e-13
1.1731043142023882e-12
1.1240385193255315e-11
1.0581949026317435e-13
5.639424673623013e-12
9.368897675575364e-11
3.314143256274271e-10
2.7698228535442187e-10
2.2331460446291658e-9
1.0114257756470429e-8
5.604310724853282e-8
4.731548929217609e-7
1.9060035602911062e-8
2.26273519480126e-12
3.566257391636552e-11
1.0719983189492407e-9
1.1404354687234652e-8
1.5136802647607706e-9
3.467225993831114e-8
1.6113277808748202e-7
9.039384563559332e-7
5.4794595028946265e-6
4.939952540596509e-7
1.028207613753752e-9
7.219636496476095e-8
1.3400547315467258e-6
5.524422656892625e-6
6.260180083921548e-5
7.0597973525189376e-6
8.943553659132977e-8
2.1918014481466905e-6
6.136729590615245e-8
6.930070937877507e-9
2.337632294544871e-14
6.217374132616127e-14
1.5175013562458182e-11
1.3346550447172984e-11
7.832986319062251e-10
3.522973590364244e-12
4.385905060085578e-11
1.2367821767988585e-9
1.1339521823928334e-8
2.4403449281405353e-10
9.531621181819395e-9
2.4335248721074777e-7
1.3564077020527542e-7
6.648332464568122e-6
1.3258934225036448e-7
1.9709212976949102e-10
6.660734830387231e-9
1.701311274084899e-7
2.0380818640891885e-7
2.4162122143059733e-8
5.465391638574175e-7
7.851210682163621e-6
4.814821188820383e-6
0.00015940764929632656
1.1798499570871117e-5
7.439687267912513e-8
2.618623871169928e-6
0.00011913209106085799
3.972467543285655e-5
0.0023561866679340585
4.8897259412931745e-5
5.594277371951321e-6
0.00041760786400571784
6.599328455538552e-6
6.201597687725642e-8
1.2202034014423445e-9
9.690913124929974e-9
9.951825709100567e-8
1.256968068748215e-6
5.189626280149886e-8
3.979955071915099e-6
0.00011420084495448423
1.9345863448992808e-5
0.0002969001839732683
2.057291727025247e-5
5.530143705668527e-7
6.202284502079548e-5
0.00041922264370871976
0.004096307691821549
0.027559914633725875
0.00445540143866037
8.087673177209828e-5
0.00044673349682495714
4.852602301074205e-5
6.7700132964986935e-6
2.2041021797787172e-8
1.019786421320416e-6
8.919104091093923e-6
1.91256931054891e-5
0.00027958341386648803
2.1390852556077873e-5
1.6093625918293053e-5
0.0003105476904943531
1.5021920178033638e-5
5.796342960663403e-7
1.2239418019544565e-7
1.7201067639390118e-6
1.8826795626144175e-7
1.8852594726221862e-8
1.57914751259343e-9
1.118653364363507e-12
5.92392878297709e-13
1.4203160608245075e-11
2.3213631967934008e-10
4.187237147190296e-8
8.183444141241195e-12
3.444849831935892e-10
9.482561852799748e-9
5.765805864946166e-7
4.7117684582161725e-9
2.5059377555840833e-7
1.02072273722713e-5
1.15531974714378e-6
7.181472374663096e-5
1.5879594159154511e-6
7.124088758879882e-10
1.3691181427743059e-8
3.1823785111242664e-7
8.75245381221274e-6
1.8235921972063758e-7
7.256639636830686e-6
0.00023316666117342852
8.344526891644739e-5
0.0021556843884818905
0.0002564369938130286
1.3186706634368771e-6
9.058742017940896e-5
0.00031322285996311053
0.0003947474725616679
0.03521601323250428
0.0004280657732344818
9.295257761679092e-6
0.000321262943842765
0.0004310472845929435
2.074629703818151e-6
3.820667370985193e-8
6.157231640148908e-7
1.0813916460998907e-5
7.312773497519437e-5
8.575347056732863e-6
0.00017793496060721805
0.0024074938338734518
0.000284168586875856
0.03674891011136522
0.0002872068851620046
6.3484061659514e-5
0.002240231124416434
0.03427016032127852
0.028103299738605866
0.6186667995192761
0.028666193427972057
0.0014441975776066029
0.035927410771221066
0.0024497960433750884
6.283980537685871e-5
3.6004468587229102e-6
9.922472820021605e-5
0.0015201199461535066
0.0002591731268364748
0.03495819646921925
0.0003121924420142636
0.00010920333805912257
0.0024265196544788186
0.00025383681582619345
6.016098104207797e-6
3.3131784872627635e-6
7.166287712004298e-5
1.0218749169638355e-5
3.632681983122961e-7
2.7966668023814684e-8
8.392370619572105e-9
6.88663096253307e-8
7.667886970991799e-7
4.287093973098952e-6
1.82456632360508e-7
1.1231041364058801e-5
0.0001078394149698436
9.26387830167479e-6
0.0014028237243394266
8.837011697425379e-6
3.0263884120422647e-6
0.00037674116731814484
0.0003039197519128038
0.00045540614074853587
0.03582237512474266
0.00044271581417034626
9.427916380403193e-6
0.00030693886355505687
0.00011387703994792044
1.3037731157985588e-6
6.638886415723885e-7
2.8912830601917917e-5
0.00010800217839068668
0.0004234652477067076
0.0022461163178339586
0.00011116959299598372
1.2824580250148126e-5
0.00023228191437784393
7.547662792737991e-6
1.3277932862670038e-7
1.1062464231055852e-6
1.1344827566947338e-5
3.1809128997212375e-7
1.0066148654359258e-8
2.2878229979563892e-10
2.757071495822049e-8
9.529492701166073e-7
3.853067266291698e-6
3.019039689567139e-6
6.955772677361491e-5
1.1739546266482276e-6
1.3779320990115815e-7
7.762646120676506e-6
2.0585737198576467e-7
2.107653277911233e-8
9.957388452069133e-8
4.85863366987166e-7
1.2973211107456364e-8
3.813901680939885e-10
1.0176698903054994e-11
1.000200992374228e-8
2.845480630637485e-8
5.930410278776048e-10
8.053602556028479e-12
4.768885992104098e-13
2.1288332842155487e-12
3.970939160536995e-13
1.4485484903377696e-12
6.850133644388543e-11
2.638520294767421e-10
8.759004306901122e-9
2.2555558324089123e-12
1.0768586118861407e-10
5.226765571182479e-9
1.2228781295697316e-7
7.570418092099952e-10
1.5711670394242288e-7
5.844903043604585e-7
3.347734428623946e-7
3.4701474734345895e-6
1.1030499674539844e-7
5.2241566969669664e-11
2.2435542996590906e-9
1.61901486052729e-8
1.300928819775625e-7
1.0707785360616497e-8
2.0490079486998544e-6
1.17017321507252e-5
2.502933068758696e-5
8.792587033097903e-5
1.3802526791183276e-5
1.671756680573134e-8
1.7231095520550739e-6
8.839723956349775e-6
6.739029051733419e-5
0.0016085108311129771
7.781016125617062e-5
7.063216032500416e-7
1.0155922088390687e-5
5.240107094595088e-6
8.981384789757383e-8
1.563367778997051e-9
4.917204023879218e-8
1.9071491603293307e-7
2.534161635953781e-6
7.840775961570737e-8
6.326552473778388e-6
0.0002815152383290823
1.9037740795241343e-5
0.00026875517124853296
1.8095354618924776e-5
7.631551989078796e-7
6.318878741009818e-5
0.00043438163703801
0.0042316834452810394
0.027922130910296803
0.004136633854861843
6.137324935934956e-5
0.00039676836120480964
4.089991378553672e-5
6.050838777942189e-6
3.2481824314471976e-8
1.502413683133603e-6
1.0009828304624e-5
1.8086521750621317e-5
0.00029397813008059313
1.9657172356693142e-5
2.0698858157725268e-5
0.0001051835457024653
6.008920839482769e-6
8.838864492660091e-7
2.699835555118312e-7
1.3020987598183364e-6
2.3987581711497664e-7
6.9721046244412e-8
7.360397154578573e-9
2.2291446581378085e-9
1.4218396983346938e-8
2.442450140165567e-7
7.548087848168057e-7
2.2707381633510027e-7
9.373299152653297e-6
2.390519346567418e-5
1.6782890223830589e-6
0.00014660349891701537
1.055502302323199e-6
3.945056029178806e-7
4.076917119347782e-6
0.0003208316106045333
6.411719685891362e-5
0.0023474374724846694
6.204486293663307e-5
1.8713814583218599e-6
0.00012086263827232685
2.570315516628003e-6
7.225297217071808e-8
1.0238586895798776e-7
2.077534966927015e-5
1.1891676696892318e-5
8.065269347799215e-6
0.0002229803729771871
4.163609657679588e-6
1.4823075397696623e-6
7.845252274916154e-6
6.460082700884264e-7
3.3000175810572246e-8
1.288178512692936e-7
1.8827466841193562e-7
1.0899223455447446e-8
2.401769023353672e-9
1.9803686039263197e-10
9.362966369555312e-9
3.9543982183381514e-7
8.677620752227957e-7
1.6982291582811964e-7
1.1579297991939074e-5
9.945960256705681e-8
1.2773060016661911e-8
2.917326729792698e-7
2.068080451982469e-7
1.4767738127272088e-9
4.295408153370825e-9
1.1108433955556607e-8
1.5382613300846147e-9
1.1890051329763143e-10
1.646606773632188e-12
1.4561559846139624e-10
2.3355477435268206e-10
1.43259542205148e-11
9.667751442268291e-13
8.272336217709435e-13
3.5504165940505943e-13
1.2485750459249472e-9
2.4475174274160455e-9
1.300415537780341e-8
3.879983961876331e-8
2.90641046367693e-9
5.851389328801432e-8
6.357157462587419e-7
3.780632820518911e-8
4.639820975590724e-6
2.6348249358872976e-8
6.364836530491348e-9
4.402446499901512e-7
2.9507718719176542e-6
9.265867994970362e-7
8.071808275825853e-5
6.611103862809474e-7
1.853143736314231e-8
1.4539778757991e-6
1.0315335094876367e-7
1.2509878327926692e-9
3.4768614109405265e-9
4.966475241346692e-7
1.7368904111473856e-7
8.802425556282849e-8
1.0634837776376635e-5
8.136993870319716e-8
7.975890017869625e-9
1.9450970987604133e-7
2.749146395341646e-8
1.2165595783714894e-9
7.800387670001548e-10
5.443539765968077e-9
2.654143930296392e-10
2.7618631055685825e-10
6.228754965775018e-11
1.3980131929841473e-9
2.1909759989584415e-8
8.691855304247266e-8
4.7093350997881405e-8
6.020170444445367e-7
1.257087897491623e-8
2.2429847727589633e-9
1.272879819520781e-8
8.31563531288873e-9
3.6270976731724935e-11
1.0283606363794487e-10
3.0217911087529104e-10
5.2609218408335855e-11
6.191199548647176e-12
2.975253573979795e-13
7.254331911494867e-11
1.2996215573225348e-11
1.2406839661427227e-11
3.1479852870719277e-13
2.2293251870259474e-14
1.4155903437471638e-15
1.0395607653725872e-9
2.3013381678190276e-9
9.949907199735792e-9
1.5019499740597665e-9
3.575532602824406e-8
1.3695935546363874e-9
4.667283454967208e-11
7.279380126067927e-10
2.2448444571523496e-10
2.717926093142323e-12
1.8380052883856962e-12
8.763959833159545e-12
4.0860960005002826e-12
1.2691413918986403e-13
1.3164488246525377e-15
1.7679170237355342e-12
6.494328687033063e-13
6.316878961212757e-14
2.7116116527034646e-15
6.018665866711962e-17
1.855607302677891e-17
3.092685573326832e-13
1.5905685823255694e-12
3.077563627467124e-14
2.9624694746052204e-16
5.834364702933851e-18
3.6335687384513685e-19
2.987947720617202e-20
