1.3665566025175269e-8
1.2757565366328037e-6
2.423057518484136e-6
2.9835351065354883e-6
1.2030391726348137e-6
2.894910156720547e-6
2.026451964740445e-5
8.482976526134592e-5
0.00011871757162333494
5.8979648209050704e-5
0.00010565967283292625
4.765937939259902e-5
0.00013577325971883515
6.944570202209905e-5
0.000141315644164698
7.2381709198358e-5
7.782265381624741e-5
0.00016281557500094014
2.057519592214768e-5
0.00010696459704716754
0.0001150605278798471
7.696481870070034e-5
0.00044072051955786594
0.0007091276757410338
0.0004941194641935986
0.0005150309499192576
0.0005581621760712803
0.0012300051452979368
0.0010699946152791556
0.001524584825591039
0.0009526155784447353
0.001302760074020939
0.0019578306900456905
0.0005121284679143201
0.001459822117814093
0.0011353624673204517
0.00015599391000766205
0.000737240044958574
0.0005635282066926291
0.0008232263201179414
0.0008617712133094853
0.0012446970403414451
0.0024869646073758193
0.0004435067934849131
0.0019521605116041222
0.0022236042758419314
0.00028137913143154973
0.0007860518156534866
0.0016564138262890583
0.0004926212302062475
0.0018295645412024723
0.0019246631160493143
0.00011818677522696221
0.0006650371962180065
0.0010267678913493876
0.000465170191187321
6.719821640055742e-5
0.0005602777494792916
0.0009690584785657727
0.0009163296445156804
0.0005785892359504198
0.0010101140273434666
0.0027535340371052527
0.0029404862176930684
0.0026794059047455365
0.0025820849630356054
0.004764654189545519
0.0032563227398964274
0.00230502936265435
0.0027858145777561395
0.0015545164808308332
0.0006956505377756352
0.0025502972098241893
0.0026130850547858076
0.0036744116740664553
0.003341798312849731
0.005006525952369022
0.008358631018755563
0.002778063076915078
0.0061390924384339424
0.005006174104669338
0.0012726659243530857
0.004180001419382245
0.008513779285017918
0.0038665645876803227
0.008737230457847404
0.0056566787062685
0.0012964141868325551
0.0037858969634363246
0.003128065142022463
0.0010113011890071338
7.930853042095199e-5
0.0006913645437292583
0.0007843722121880335
0.0013302593875642178
0.0016788878440206212
0.0032743219745182397
0.0055725101102805175
0.0018655877421464796
0.005041603194115293
0.004681610550504687
0.0010211695469305529
0.003260765169010745
0.005060899921006784
0.0034183859088072806
0.009834150720372034
0.010627857581361377
0.0008779297881098177
0.004406303440746875
0.005753421685915192
0.0019610110584344785
0.00019603842615073766
0.0014074295561569763
0.0021542525169564717
0.002128933166619703
0.00519043866396282
0.004665242779216381
0.0009899501966592382
0.0032489107072955384
0.004998074473089531
0.002158657409366346
0.00011297210046300635
0.0006749733983764365
0.0015490093240692314
0.001115716159664408
0.00011288552327672061
1.3405565998676538e-5
0.0002371010649252985
0.0003466846259955694
0.000419393130216397
0.00018163423442381244
0.0006091240931864443
0.0019503047648969252
0.0021563590246978788
0.0013641888930950937
0.0018159749564714235
0.003099503493427818
0.0018994912460803036
0.0018221646056593309
0.0018259868830639045
0.0006670579678146977
0.0005876425577820596
0.003096332164347415
0.0038030929618875263
0.003265245733962879
0.004716463115745608
0.0071416387029045215
0.007268927921286826
0.004817075890414612
0.0072785735522186935
0.0032078497789855723
0.0012207303985181978
0.0037549828190701724
0.00539467443911647
0.005118454053687932
0.009688953650794802
0.004292653193482983
0.002102863142125973
0.007593684097709961
0.0037871406587784255
0.0006652690161905632
0.00017726179469017598
0.0013443159148805945
0.0019953408768421327
0.0020535789895089447
0.003720553720035518
0.007124254213033573
0.007844084607790236
0.004499529149925672
0.009701118646868546
0.005235042202543798
0.0022395114141733124
0.009179590800811923
0.01112731445561097
0.00954684225358186
0.03732649457913141
0.009536130288603385
0.003102236753392415
0.009880323870477114
0.008839949980455238
0.001788664568757938
0.0004136562449942271
0.00282463790083177
0.003820954633501726
0.005429279180718881
0.009582627574168922
0.005048092770709979
0.0024672380542982856
0.007164635289277195
0.00625666879162489
0.0019325749856643425
0.00040917373527929083
0.0018695142870646878
0.0028120471327069377
0.0014775443649223572
0.00010723615201898338
1.1468690156554238e-5
0.0002250443139731888
0.00035202640751505807
0.0004054999012807711
0.0008752229822767646
0.0024023215413657662
0.0034293433806268695
0.0013686396145945897
0.003914334255318897
0.0021840860935542824
0.0008115864806426353
0.0034453044795884013
0.006031930932729016
0.003531536728916204
0.01099576021126754
0.005187881490128194
0.0014393951934307033
0.005480419178169342
0.008837346426298593
0.0017430931767454011
0.000312484769375455
0.0018334392239983306
0.003356963868929163
0.003447844777108024
0.0077822139167707674
0.005618307462757067
0.0022424516823761668
0.007247041999514877
0.008219850930887574
0.0025208537500448053
0.00030473989992476285
0.0019983766837830433
0.003253650284934222
0.001972744504136569
0.00016174912666438047
2.4395082614063152e-5
0.00032091313488310743
0.00040045719343197715
0.0010086620141946479
0.0019804369979619903
0.0013031351440367627
0.0009711942098696158
0.003198328511446102
0.003587586136721127
0.0008413992694031048
0.00021249080826731294
0.001374509143064392
0.0026960903536102036
0.0014997765139984894
0.00014085783279608192
1.1083839816777929e-5
0.0001802552046456257
0.0005816434997251494
0.0005146948149831925
0.00010845943131185553
2.973084994137443e-6
4.2017675812590736e-7
1.5736190206725593e-5
2.481681080416687e-5
2.891215382226056e-5
1.123111981651906e-5
8.985407365512781e-5
0.00032569858578363224
0.0004137374592370763
0.00021391501637983088
0.00023223490654662564
0.0006623609811997796
0.00029083145893172657
0.0003228878462933594
0.0004038705480942278
0.00011044349731012257
0.00017289711659484083
0.0009199791074237349
0.0014186702357088079
0.0009980827443914486
0.0014292111575645492
0.0030911554578608226
0.002217504953984889
0.002075488303914589
0.0024767335965453444
0.001003964293999539
0.00046126181940803895
0.0020456006276965387
0.0014332034460601036
0.00371412735773715
0.003032962201202237
0.0008653326657248369
0.000886853483510479
0.0021282478292448037
0.0012968570873740542
0.00011685057501268171
0.00011235346143033987
0.0008465372538697884
0.001604309173039338
0.0010737402882686103
0.0019650165422078892
0.004931988962425335
0.0034501138445765054
0.0035503541041389036
0.005513500304375334
0.00222035807117654
0.0011895620748449262
0.004179997368914588
0.0034854827125864467
0.0090920298400554
0.00956381007153531
0.0034692102139038884
0.0036091093454720864
0.005271768252912904
0.003899485668556145
0.0004968949855069049
0.00019559998044167554
0.0019159336592409052
0.0013452346047129018
0.003468999338747948
0.004474866024972174
0.0018500782853843204
0.0020164253604556116
0.004611663802782549
0.002732467790628492
0.0004400962286589652
0.00032246933165962905
0.0018399054761747576
0.00229842916768569
0.0005136724385731424
2.0692984335121595e-5
1.4657492917146658e-5
0.00020236511052934512
0.0004305096245460069
0.00032942741098666834
0.0007439539927271382
0.0028239111287175003
0.0018424838164361153
0.0018827241447987773
0.0029037233323681148
0.0014300494102564385
0.0008421427732363859
0.004030370187657772
0.003376246025886308
0.004123322069576243
0.009324943477306336
0.003276475657139181
0.0020061277695812276
0.003915192102327184
0.004151713959478018
0.0007963088785479873
0.0002996387907555211
0.00273786160238001
0.002254834690258419
0.004718939166228149
0.0069963862743137
0.003211582580346208
0.003106083102326392
0.007066033368473983
0.005115135635153944
0.0012397596407865148
0.0006865817243134341
0.0031384602785909568
0.004870289983752046
0.0013319612875680547
7.923585837642045e-5
2.235017976072804e-5
0.00041652333044645055
0.000324690137866741
0.0015424277109505541
0.0019032089033544709
0.0007642467241686992
0.001399590135878951
0.003800827069802753
0.002543089801166263
0.0005540329867847766
0.0004292933108178271
0.0022189456290161273
0.0029899129480469087
0.00108876988983565
6.965357103849961e-5
3.042923870190319e-5
0.00043780487382979994
0.000936682138950397
0.0005052013479181041
5.9652880913306646e-5
1.2037985493848443e-6
3.8699051733611667e-7
1.2010550941213722e-5
2.3401607642104153e-5
2.5191579660296017e-5
7.567596645151855e-5
0.0003083073170197412
0.0003258666694386133
0.00019885110982614582
0.00042076770340677315
0.00020287139939764357
0.0001333848028139153
0.0008460400363723547
0.000838387463761529
0.0012195054192089703
0.0023039861547936654
0.0010365885443096778
0.0004754686214983271
0.0012684849246292383
0.0012794730408372049
0.00028241914081326416
7.454635191203074e-5
0.0007366101110607817
0.0008652774360745528
0.001985424033751174
0.0038257156930563154
0.0016834058922062204
0.0015054853782924902
0.004813586648569745
0.003436500832733485
0.0008359212277259138
0.00024855765797053754
0.0018789686792740927
0.0026509945122978103
0.0009834149669132118
7.208090191365586e-5
1.168674514972915e-5
0.00019256530246107865
0.0002177722138961144
0.0008186073159319431
0.001339153905333284
0.0006755707335050352
0.0009479623377785518
0.0031014973428388254
0.0025198225343268047
0.0007240719834735673
0.00033169122860586374
0.0019757597943405943
0.0027532447534787887
0.001238949764087806
0.0001352356316066674
2.4889658295207592e-5
0.0003543533077708891
0.0010046301648549932
0.0007327007291219045
0.00012129637133641616
3.0173731755470002e-6
3.6777361715426133e-7
1.344721502332026e-5
1.1250440887099584e-5
0.00010380962321893884
0.00017190352353770676
7.529131940427178e-5
0.0001705728819599536
0.0005705435353420548
0.000668639886483719
0.00015347188263223346
9.467286456669374e-5
0.0006076724689159749
0.0009868756315719377
0.0005628709291838335
4.873972920705783e-5
1.630502959444814e-5
0.0002379322631349153
0.0005627593573807847
0.000448238253727684
8.61648750364249e-5
2.4245199179740646e-6
4.368793117428591e-7
1.3958518771574742e-5
6.980940013992641e-5
7.919378877256912e-5
2.043030923940689e-5
1.251684725035408e-6
1.3164159696154782e-8
