2.7268239905846965e-16
6.6155010629590765e-15
1.354296374501965e-13
1.0364858893664072e-12
1.0701404412220242e-11
3.0443511892097694e-9
6.530962850291537e-13
3.9744153366343126e-13
3.1954714596804476e-11
1.899371026297934e-10
9.037576015494196e-8
1.5481161987013284e-12
1.8063799768058446e-11
4.933587570198768e-10
7.3086392054922165e-9
2.502908516708115e-10
5.819730002750171e-9
2.5829844150576594e-8
3.225077237504746e-7
4.031980106551039e-6
2.3057148819963323e-7
6.426261491374483e-11
8.720688816759096e-11
1.9568687843428949e-10
3.004420104414012e-10
7.423197662640299e-9
1.2035125468508754e-10
4.777461628100743e-10
6.766551986585548e-9
1.35127534393064e-7
8.264425362584249e-9
8.909621248039228e-8
2.9272482483870907e-7
1.2383637980120108e-6
4.689828315760027e-6
5.913061920986061e-7
3.162814894841015e-9
4.4220699686386306e-9
7.798650657165084e-8
3.3352338998281063e-7
3.471665341991965e-8
1.1939570926163782e-6
2.9114876714197877e-6
9.274237683002666e-5
0.0002136605826231963
8.996622469342504e-5
3.220721422148598e-8
4.543247584992534e-7
6.490859592116018e-6
1.4091358777320566e-5
0.00015881051437409828
2.564757016710536e-5
6.633476003901273e-7
5.9256822807610345e-6
3.7271757686450275e-7
4.933034984542176e-8
7.896308242235123e-10
8.818900206830822e-9
7.229732612444736e-10
3.6795083516303744e-9
1.7256079252121478e-7
2.710701061289677e-9
1.2104096665814382e-8
5.99443640970773e-8
2.7763083019696155e-7
3.208691725798157e-8
5.859179234769292e-7
1.21132522187694e-5
1.6457518734143827e-6
3.41516365203502e-5
9.639083887749542e-7
1.155161540335335e-7
3.453004043757097e-7
1.1064644727008446e-6
1.8607185700908374e-6
2.989213518479208e-6
3.904509116861493e-5
4.934535246694845e-5
9.033656361230115e-5
0.0007453368101525879
0.0001125440198912259
1.2637495958238974e-6
1.4577625237480641e-5
0.0003190244255544476
0.00011547339025207512
0.0042726943503109465
0.00013220710426464666
2.195188268651373e-5
0.0006326715740340238
2.4850000920447865e-5
3.705136224860113e-7
1.8524589393375338e-6
2.3546939366866297e-7
3.1810263199819793e-6
5.424002694137573e-6
5.865700197379786e-7
2.155204567229763e-5
0.00025947407941455733
5.087916033807687e-5
0.0006609092967087451
5.7359696757934786e-5
3.014967253730547e-6
0.00014055324886930547
0.0008847173031343246
0.005268867032891488
0.032833183144222226
0.006438264412665298
0.00021987208818023517
0.0009306339378769936
0.00013168555778886348
2.2851620883042938e-5
3.6618606881883406e-7
5.2786002929745524e-6
3.923636164283256e-5
4.287022356103712e-5
0.0006248982890129997
5.640816815853613e-5
4.426218582662094e-5
0.0006407768019204489
0.0001072259889405976
6.507650791923616e-5
9.408058510233916e-7
5.659033453981878e-6
1.0801440842671335e-6
5.846526126407363e-7
2.527361924014332e-7
7.2540304376348416e-9
1.5897826715594747e-7
1.1407276771794722e-8
4.366840146395644e-8
4.107741014962103e-6
9.50150317177495e-9
1.7849347751741634e-7
3.1686652249664553e-7
9.609490581128076e-6
4.821882608659632e-7
3.3061185018291856e-6
0.0005186377263057125
6.975153487721901e-6
0.00021262438798958435
5.7498204487615e-6
1.2888678801328982e-7
1.0418644320448494e-6
4.468421773292358e-6
4.488630923407213e-5
2.1310262723572726e-6
4.1884969623223646e-5
0.0010920360951607053
0.00035583957551756963
0.00410299079410215
0.0006424755427312671
6.194432402818462e-6
0.00024867310064980683
0.0007749959484675094
0.0007811665484405486
0.04180300920209477
0.0009176423124350754
3.4170301864063876e-5
0.0006481384389703693
0.0008914790098235852
6.757430177404031e-6
3.264438525211449e-6
7.628223313362967e-6
0.00013691573053453744
0.00021981819495764116
4.065463133569382e-5
0.0008035457972216443
0.004412263303433952
0.0006755864325544776
0.046357125199984014
0.0006294090566055966
0.0001947077195329397
0.0035734256862925734
0.04315487370417892
0.03210804075347434
0.4999162510751837
0.03192310722646298
0.0029414815964900172
0.041024206412390296
0.003993017584191713
0.00015202095352451092
2.916770431601196e-5
0.0004455692085787145
0.0031851146124908295
0.0006002481241935296
0.044583357408689364
0.0006702852306539798
0.00039927865392729283
0.00377860783941648
0.0008594568558928574
0.000249639988376021
4.5496915262843033e-5
0.00023642257095293567
4.134652606371486e-5
4.6377600209522346e-6
3.6603218762155454e-6
5.486458795203379e-7
1.0469332959097389e-5
1.1347047476934944e-5
3.303210299724472e-5
6.290508690598592e-6
8.65952633094169e-5
0.0006484492215326327
4.6566016149122744e-5
0.0037617011581153378
4.112296370754125e-5
1.1207274125938559e-5
0.000707965359890571
0.0007085166310902192
0.0010276641456550947
0.04535163160089445
0.0009246048024030301
3.997907264196872e-5
0.0007704790476162564
0.0003021475178871508
5.635465463625449e-6
4.420884507670359e-6
9.424892908959028e-5
0.0005943275247156693
0.0005288399260088659
0.004507160536022901
0.0002999909094597654
7.84096636082161e-5
0.0013290505720413052
5.101021110209986e-5
2.7435321348126773e-6
1.4584734481566065e-5
0.0006101500691492194
1.3949070554708035e-5
3.341245204082087e-7
2.6774417634576702e-8
1.0324187809840424e-6
5.146282212799097e-6
3.352669785056086e-5
7.697744542741295e-6
0.00020423004911509826
5.560737596426071e-6
2.5412690366843734e-6
5.702290471795755e-5
2.17205535631173e-6
3.3200810547065976e-7
6.513181648091533e-6
1.0909385375560904e-5
3.334213112375435e-7
1.8610832515801103e-7
8.8820088006937e-9
4.214267638006155e-7
3.6867329922267334e-6
1.5151432335255258e-7
9.651746323602045e-9
1.3225983209709572e-7
4.44063858625136e-9
8.442987113627079e-10
1.2860569376668608e-8
3.655754187842132e-9
2.8444224005589863e-8
5.945401272149177e-7
3.2110280442166597e-9
1.2032914515988751e-8
1.1210665495872527e-7
8.742759805056071e-6
3.0922968414599164e-8
1.4345315761889802e-6
1.4220220241516242e-5
4.252872856896363e-6
3.2211910539640276e-5
9.035219835511239e-7
1.2681892141601827e-8
3.5340264544070334e-8
4.2197476756270124e-7
2.207907899503123e-6
2.864394507688481e-7
8.809768080073347e-6
8.115835391517096e-5
0.00018050063086242425
0.00038566714347313286
4.164556721402105e-5
1.8661837817735063e-7
8.914482222103592e-6
4.134904457020508e-5
0.00018889987410542714
0.003265347491772674
0.00023327342514543845
3.935808164463265e-6
3.584582372693768e-5
3.415811753433077e-5
6.756453704493114e-7
1.7901803982503199e-7
5.432699068715587e-7
3.9898835664602705e-6
7.130608509998449e-6
7.505420181251512e-7
4.0339727240262064e-5
0.00046002201075580205
5.996371887265034e-5
0.000620579583358872
3.9324165907275174e-5
5.3650533940264925e-6
0.00019672663171449589
0.0010112274831026494
0.006614424205558308
0.031020609492462096
0.0052276183033980374
0.0001803387524451478
0.000754416963479327
0.00011061270102267789
1.3348302645988142e-5
5.266135451612052e-7
9.039760597812862e-6
4.125113594374952e-5
6.215541621184497e-5
0.0007147003827413258
5.1562437265608594e-5
0.00018419338844403874
0.00033423890196529834
9.856748400478263e-5
0.00010784005291196101
4.344132273527967e-6
7.3105881350099406e-6
1.650402310108549e-6
1.189263969611945e-6
3.4755782011573176e-7
2.2027927488770196e-7
1.074392719989307e-6
6.269076153454174e-5
5.390698502212215e-6
1.6798556837839051e-6
2.7706085156762113e-5
7.215175937613818e-5
8.321301824824918e-6
0.0005901320496441263
5.535706725620866e-6
2.9833959196696484e-6
1.773675504827282e-5
0.0003308748847668724
0.00019175582927644138
0.0037769380697738985
0.00013358339630103447
9.004084792690087e-6
0.00027398043642640256
1.6515187373831796e-5
4.0015011772469465e-7
1.948109823138305e-6
3.656713285352415e-5
7.483486740038361e-5
4.135758260870029e-5
0.0007372124521953209
2.1288262842357376e-5
9.40144123461614e-6
4.2159404999635364e-5
3.1710336206787494e-5
1.3379814485049108e-6
1.5932395174028192e-6
3.7126233448439e-6
5.594931018740209e-7
8.355847970835522e-8
6.257862012523641e-9
2.2695452586994257e-6
7.910407192219562e-5
8.834920555532261e-6
3.888921326114881e-6
0.0001170802762687826
3.114037220998377e-6
4.199907040649654e-7
4.016352064440352e-6
1.0047944991439547e-6
9.199717091565402e-8
9.402678061888539e-8
2.834426650427514e-7
5.4427145330438556e-8
7.0455144184586766e-9
4.40265231863915e-10
3.2497506800681517e-8
3.942014818427818e-8
3.3628371951128894e-9
2.74689266635919e-10
2.670889112798414e-10
1.3460737829928692e-11
5.2882038016845396e-8
2.9531834239234867e-7
2.653301269439045e-6
9.925807818753515e-7
1.303979080016778e-7
2.0389380578866084e-6
4.195899353518862e-6
5.092290202803535e-7
2.9062255411797063e-5
3.6326811982616677e-7
5.58232556945128e-8
2.957497207725848e-6
6.994903363344567e-6
5.084335910111197e-6
0.00019279034529009613
3.0063542393291314e-6
1.8337775342018522e-7
6.317654381466475e-6
1.4119211002119743e-6
2.7220426642459904e-8
1.026182620210509e-7
1.7694361004933641e-6
5.7101873735641305e-6
7.104345822010023e-7
3.378383057252006e-5
5.123492908201683e-7
2.5068171800868236e-7
1.9621499977247818e-6
2.5281140542371065e-6
3.153579671510079e-8
3.3715384836445596e-8
4.976220642840405e-7
2.9831937004132834e-8
7.317842335176146e-9
2.344273577981044e-10
2.573899421210303e-7
1.1135961750977586e-6
9.810565883111597e-6
7.982827701864393e-7
6.023538584607214e-6
1.8137296876290215e-7
4.5004976100453665e-8
6.731225087101889e-7
2.6347526454022014e-7
7.763581890391477e-9
9.407418356593905e-9
1.5208952067698212e-7
9.483223886770568e-9
4.2768428364658386e-10
1.6817217325198887e-11
3.5747554978081736e-9
9.54760584091363e-9
6.708946800770507e-10
2.3676859321426347e-10
4.949919759197494e-11
1.498182904897563e-12
4.2150401627377315e-8
4.556357011487662e-7
5.20019196233768e-7
1.8573834335803063e-7
2.7176065248505236e-6
1.7861227930511457e-6
1.322432147957858e-8
1.1001358126348349e-7
1.0078088427013653e-7
2.908291723353903e-9
2.3834193834107905e-9
7.579113453407417e-9
2.0758791942200323e-9
1.1221815199855624e-10
2.315982170800516e-12
9.90796172596303e-9
1.2197879353329597e-7
6.78173907644724e-9
6.80295763159818e-11
4.323134545808989e-13
7.816530610501884e-14
6.532906418316147e-10
5.573873628621194e-9
6.151047193410612e-10
4.970629587567833e-11
5.102823874693581e-13
6.2877236794018806e-15
4.1013262095877133e-16
