4.336223695018605e-9
6.717567358493919e-7
1.2037000641877093e-6
1.0317560136241587e-6
7.179170945019128e-7
7.896495783816507e-7
1.665121294171895e-5
7.869061809649107e-5
6.406440603479757e-5
4.686965855288729e-5
5.369361846377291e-5
2.2707505002656705e-5
4.57326329004202e-5
3.150846551821231e-5
5.311578315381141e-5
1.7688901459848304e-5
5.0366503641420105e-5
4.426164738726693e-5
1.817138064637159e-5
4.9694844845860665e-5
1.704205913759402e-5
6.24709514567894e-5
0.0005946094720688903
0.0004344834761795717
0.0004064954114579114
0.0004597869735138333
0.0005400089611585957
0.001054546843045332
0.0010136403377158272
0.0013580864752647216
0.0004659208515560716
0.0013557805829264354
0.0010385215005716862
0.0004948419730730096
0.001487064276610872
0.0004984173777744876
7.611908958614297e-5
0.0005205403107494522
0.0004272102776097408
0.0004992050655519782
0.0005635866810865879
0.0010064945753764471
0.001177436816001472
0.00040219114453788447
0.0009915440442062626
0.0003438685960407966
6.785929671722731e-5
0.0005511444988800052
0.00042112802774581275
0.00045594715680026776
0.0008796812857999734
0.0004438480894346487
8.260220269450255e-5
0.0003998661368890079
0.0006278407572586516
6.747761346411709e-5
4.286386904618115e-5
0.0007985819821276043
0.0004584621621174659
0.0006416445141242771
0.0006401927305982945
0.0015180514439383198
0.0034509136966485656
0.004044729451942844
0.003428794847249492
0.0011628178928952085
0.004572287341658979
0.0024457813178602027
0.0014315256856031547
0.005147258539807418
0.0018633686676779698
0.0007560616996323032
0.005293275301650678
0.0045869245099297365
0.003934271714850835
0.0046756947716692105
0.011671609496650352
0.0067698250099502266
0.0030000480938880618
0.009125474819738539
0.0031249397424362897
0.00048691711839854944
0.0035465078329240964
0.003426875849097623
0.0034787088636416197
0.008895775265665498
0.0035981121294338197
0.0008825713148205122
0.002807077721630373
0.004216957439422176
0.0006120206936189457
4.799519393099453e-5
0.0007540775808312287
0.0005548576700578098
0.0005289231440795536
0.0016408011678275569
0.0035129799707500934
0.003124689303971398
0.0010330188618322851
0.00282534929883701
0.0010152422357642232
0.0007631086053122981
0.002976566476360108
0.004334970246454377
0.004220744563051598
0.009302051848816755
0.003660827339667694
0.0006302098926434132
0.003915572677634399
0.003511685718110122
0.00043426265829403217
4.452305785452766e-5
0.0007108758807360672
0.0007106254596046062
0.0022571791099834323
0.0036709945844147288
0.0010143505611594236
0.0008839286234895926
0.003030725006508733
0.0031048234545184342
0.00034227279504394037
5.301120324782733e-5
0.0006822345338426668
0.0018232618138755614
0.00048809430214984633
1.6791206522702276e-5
5.026944359805928e-6
0.0001770926096847438
0.00011110972826435852
0.00012449704146963745
0.00012948260209404462
0.0008932320765104874
0.001957316417408241
0.001598151537156496
0.0019259764270455413
0.0005361619180666476
0.0020071840523117495
0.0014745615820925166
0.0007250733733378784
0.0019909294916434822
0.0006787879079833629
0.000813288749614463
0.0052996923398814745
0.0033806245792462187
0.004673201134148281
0.0046800507617113215
0.011825421611402548
0.01000250928307417
0.005084644483279758
0.009366246001232746
0.003044574113727052
0.0008160940247236369
0.005684205801037863
0.0037142827123639974
0.0041532963530333325
0.012694304903800337
0.003930460326448662
0.0009371145736823295
0.00390702901303776
0.0027592074298350834
0.00039146273239806583
0.00013810672241060641
0.0024554125677498755
0.001995840492184071
0.002041869230795792
0.005567249367763491
0.014726972479410391
0.010093489217972203
0.003704882884498266
0.009977307354537618
0.0036769095077021506
0.001853716072167276
0.016597923394796744
0.010365311799457854
0.013378724132044231
0.03619447268700971
0.009187813514233287
0.002225939158280523
0.0127483285032644
0.009047108575203806
0.0008659135855017118
0.00011814169081252844
0.0021286970592476083
0.0017568533058634835
0.006026475311473782
0.010040947120149427
0.0027825521932760455
0.0022894912630412596
0.009386255630677931
0.009038182704690548
0.0009929110282427313
0.0001484175480950197
0.0019586283996112066
0.0050790182084043305
0.001486938867729152
4.997832466440011e-5
4.428682199855897e-6
0.00014753349420582824
0.00010989174431929397
0.00014735354690981043
0.0008205713456406114
0.0017866210498609792
0.002211720609045524
0.0008377811619485627
0.0017969313505310858
0.0007131257409602103
0.0006906546519454134
0.004762458891833699
0.006018053432374773
0.006623148088484529
0.010357648717679786
0.004327130463767613
0.0007812058930419551
0.003709557934045867
0.0034158965190784684
0.00041273682106584165
0.00014725319055992252
0.0025545851737194232
0.0021976831724076673
0.007790811425788569
0.010160523071522366
0.003129464587028144
0.0024785950963934072
0.01010473812620136
0.006752450079753231
0.0011554114030809027
0.00012624865119159682
0.0014613080413381537
0.0024291686361726365
0.0010114000681752144
4.3889323920144626e-5
6.641269313299454e-6
0.00018455168209357387
0.00014549653113226767
0.000830054967360665
0.0020526865929835934
0.000520881967587678
0.0008466833398552006
0.004642633680752287
0.003942519712174602
0.0005013308728027218
0.00013718674768765013
0.0019063354323739462
0.0033740880645594063
0.0013490004175928886
5.325396193023514e-5
3.85538471677142e-6
0.00012477463848201275
0.0006194898093646435
0.00044519306410076943
5.30258539959428e-5
7.866655309919289e-7
9.895604123563956e-8
5.801289147305756e-6
4.404356211798705e-6
4.88299251966923e-6
3.875922109245174e-6
5.8903930895163134e-5
0.0001325088343130221
0.0001395757421340013
0.00013508830164897281
4.228428178578971e-5
0.00014083289538105077
0.00012560406969673452
6.119695509649972e-5
0.00015367183004933675
5.3105450001460554e-5
0.00010799420096566317
0.0007631634061210831
0.0006250811368502375
0.0008515051467734706
0.0009981489270835065
0.0020869118662636614
0.0024445386371367028
0.0013974935171488293
0.0023312593213252932
0.0008850354817508101
0.00015343677328559537
0.0007494536900083081
0.0007853172037973762
0.0010505996901170472
0.0022531881599815165
0.0006352349206700098
0.00029523116960066404
0.0009397568041523609
0.0008714907048680356
8.27347699031626e-5
4.82425872456708e-5
0.0009742462560758915
0.0006339320050348243
0.0008354501598462705
0.0030451473877461817
0.00718392841367277
0.007844157309820786
0.003266010077200383
0.006114990932583105
0.0022815774716860755
0.0012256404427331672
0.007921977608785945
0.006611843207369567
0.007206795195235865
0.013397199371936506
0.004203628875030397
0.0010370346412176645
0.004128707820653333
0.0034458166816309843
0.0004720029832059701
4.687377814089909e-5
0.0009131898432342949
0.0008166597430157783
0.0033088881903222157
0.0037082949480264295
0.001021204308989702
0.0014090842384883134
0.005124751477147145
0.003009346880861265
0.00040723638384502293
6.198847558364029e-5
0.0007154333308211368
0.001419883418856817
0.0004970725666270135
1.852849981431994e-5
5.194274830680759e-6
0.00021243299518742433
0.00016758365581091928
0.00018567965026352237
0.0014267161054419683
0.0025064992051529525
0.0026120911428139065
0.0009109236370901707
0.002179208889764629
0.0007139509229098808
0.001561229110665904
0.008529390394986885
0.004778487721561629
0.007889887515241525
0.016608296928477016
0.0029679467156668218
0.0007446284233715558
0.005671211582404131
0.0035272229307508
0.0005672752468910848
0.0002255548111218303
0.002524697821613495
0.001800916282735018
0.007228432417848992
0.014808844026812856
0.003520357625405735
0.0021298735024044696
0.011873378577127553
0.011527561014001396
0.0010083348760015068
0.00014414863846952175
0.0020502129988155433
0.004615764715111907
0.0013710881811659884
5.09980740399582e-5
7.202355140214533e-6
0.0001737220834380904
0.00011035573403690966
0.0006529851693185704
0.0019337211855704303
0.0005460893594144106
0.0006313389230507858
0.0032768434527984257
0.004538522531218045
0.00042195070913736746
0.00014049849548424196
0.0016083683986506394
0.004047747634422637
0.0010189143849008114
3.111949220409816e-5
4.8847519249419395e-6
0.00012478699397746107
0.0006509029419347176
0.0004085128994878339
4.710189070709318e-5
7.221835567629339e-7
1.0350347501409013e-7
7.078360292392888e-6
7.008057038432543e-6
6.597159182991511e-6
8.424887344021026e-5
0.00022371607482513342
0.00014767478568657175
4.6807351997500145e-5
0.00011665614464546966
4.4407168896506776e-5
0.0002091687367164482
0.0015662752949528506
0.0006971207159181485
0.0012580481814088193
0.0018349851907572118
0.0007608944629023607
0.00015745802951027977
0.0008157030533176876
0.00048173256409107416
6.790836841763596e-5
8.454497252150591e-5
0.001442407648875234
0.0008186048402911233
0.0031205516701862733
0.0055184042961840775
0.0016388489208591908
0.00102147086182312
0.004634842064153186
0.004610488626056697
0.0005646430422070186
4.179985399475686e-5
0.0005285450562521652
0.0011667162607304476
0.0004640670050784458
1.771767181696138e-5
7.05900616334024e-6
0.00021390162216502543
0.00014768894542061843
0.0009908417441095048
0.0024173852714531015
0.0007490288787169254
0.0007674188701273204
0.005235136014888609
0.005123546767523062
0.0005122144891858647
0.00013039463752170333
0.0019215739142758948
0.0033151970575933665
0.0010202523510392002
4.5221158867122256e-5
4.457025118335823e-6
0.0001122053164934531
0.0004492997138240771
0.0004340061579337254
6.480369104531821e-5
1.046889173254947e-6
1.0175993027947522e-7
5.1623991942581275e-6
4.451602657286718e-6
4.811282284003426e-5
0.00013778549039923912
4.785425630246409e-5
0.00010778895868217562
0.000810978890913651
0.0007382811403616604
7.457385001540249e-5
5.895556085351556e-5
0.000884824064601054
0.001508288394171961
0.0005352524667066368
2.2483669067833957e-5
5.782352154061195e-6
0.0001738465336589639
0.0007953302631441905
0.0005938141157061523
7.850119864865766e-5
1.2018495425295542e-6
9.83413716437041e-8
4.946161385200436e-6
4.2662812461029876e-5
6.204852151274801e-5
1.6611756041116282e-5
6.728477739990738e-7
4.354443365532835e-9
