1.4295856356284851e-11
6.350001685532036e-10
1.1138347689189343e-9
9.856618618968372e-9
1.3300188062521277e-8
1.0768089349636539e-7
7.965669057871363e-8
2.4334544352035406e-8
1.1428228645142728e-7
3.831699016114113e-7
4.179166561934631e-7
2.816832434724117e-7
8.007628656712163e-8
2.919997347186033e-7
4.721331635039547e-6
1.5890123279436155e-6
7.141276270594528e-7
4.86589450101108e-6
1.5689779644588007e-6
9.454003785877975e-5
2.5320871584554438e-6
2.2450657525046637e-6
2.2425988523580976e-6
1.1764216101949187e-6
1.2111601982698515e-6
6.808281006804411e-6
8.768441691130958e-6
1.5576709397930736e-6
4.828812349958901e-6
8.063034917163288e-6
3.592876045787378e-6
1.2211282839316511e-5
4.604073009992176e-5
2.417476720516187e-5
0.00110210976909124
2.43545268600342e-5
6.744018218776103e-5
3.929670506051685e-6
5.310934598244388e-5
7.34849499225982e-5
4.641310904675655e-6
3.584853489815502e-5
8.810983772285648e-5
0.00046954093498748593
0.001279475866108365
0.0002420663690430751
7.517579980333651e-6
2.3799053234011773e-5
8.421436110635312e-5
8.922958897656962e-5
0.0010862529679464186
0.0003667510212985169
1.4672830759675197e-5
3.597572278117768e-5
3.452374571066172e-5
5.012927083784618e-6
2.694296205141335e-6
4.298763519299338e-5
5.441339077597437e-6
6.247361007535748e-6
9.639731993247804e-5
1.6216277311031694e-5
3.709270563123465e-5
5.535474462534888e-5
6.79995768616678e-5
2.665970292719649e-5
7.926796345125104e-5
0.00061381026380616
6.20326787045069e-5
0.0006065003217711549
2.3211181521435068e-5
5.604023940154318e-5
3.025892121102904e-5
0.00015785903237687654
0.0002981656287145302
0.00014320899241379516
0.0009561215723636305
0.0006216066149307151
0.00200815041847108
0.006111889951977676
0.0005458047965681128
0.00016233124537597246
0.00029270311393298073
0.0011921703938894202
0.0005882232730394126
0.007445613930000302
0.000936708258277327
0.00029055046970226226
0.0008430166411919899
0.00017173547181434745
3.847617168709714e-5
6.091532307803891e-5
0.00018944784323920408
8.93844074293601e-5
0.00017676577384646394
4.666699044497709e-5
0.0005223159487565552
0.0010486082744761646
0.00029822649776667685
0.0022171757892924734
0.0003318245219680682
8.460461080111302e-5
0.0005483900557410028
0.0024866027781146787
0.005569660467950673
0.03707344283299572
0.012916356744942094
0.0017797143395836784
0.003479032837306564
0.0008931898799149428
0.0003692688093794369
3.594780709324946e-5
0.00010777140169666879
0.0003463872559683929
0.000158143418441629
0.0019068499872060178
0.0003047809769591162
0.00018901478630411195
0.000764742576811117
0.0005346639967310052
0.0002347877453381275
2.335195526290457e-5
5.1487796932923526e-5
2.423833476315139e-5
2.3065428520567057e-5
2.4881974479569316e-6
1.1846427438678382e-6
6.082551652670975e-6
2.980611355462656e-6
1.421729521465033e-5
3.613877493716812e-5
8.007666111350841e-6
1.929852971911423e-5
4.0696763510107925e-5
0.00023960370069473795
0.0002973773128646539
8.906953115683612e-5
0.0015681656874246004
7.422704566433289e-5
0.001264375761946782
4.694736329443456e-5
4.365953180687898e-5
5.462109304556382e-5
0.00022730720385378877
0.0004844329733959398
0.0006863401473828326
0.0006177576321959022
0.008155418697865487
0.001682103369918914
0.008190094909536644
0.0007536135944368421
0.00024155895202698953
0.0009028425272006885
0.0024175739138373228
0.0020800629522551863
0.04454780022111309
0.0036008364639365156
0.0003154761724932082
0.002008727091996727
0.0007615289604118903
3.5944185350514396e-5
2.5375323460114576e-5
0.00013272065031155094
0.0014216393355867935
0.0013210664927992004
0.000834324122617331
0.004790922569923822
0.008277240376861028
0.0020113592888785876
0.047759250861970776
0.0019522741328510894
0.0014507240976637699
0.006185281719841652
0.04411240985661289
0.028885508516165205
0.27438489895701174
0.03898408571108034
0.006924995640884806
0.044102695796447086
0.0072517726144916165
0.0011295910874226972
0.0007234289946656314
0.0026642952253334985
0.007954955975659834
0.0017718484936638161
0.04712179051344129
0.0021933453360405983
0.002033418358391423
0.008104350492353347
0.005642408984082828
0.0011600213221168608
0.000599462314687367
0.0012646917067665798
0.0005711050056836018
0.0010484850885363569
9.061887121999674e-5
2.6351354092661942e-5
8.620908476245324e-5
0.00038420949837917066
0.0006219829506617636
0.0002398204741330142
0.0006441666624829569
0.002875669318121269
0.0003668874796422587
0.007797488978450577
0.00035713079070769766
8.495933037303e-5
0.0005814934699456077
0.00212164375682462
0.0031623587152783514
0.04382722098766399
0.002586657868514977
0.0003969028173010115
0.0023227258514419836
0.0010823049473846005
9.306510990460776e-5
0.00018963263345507105
0.00029435372356724347
0.0028226740301324025
0.0004920672782917951
0.00809367840545729
0.0010802550249453123
0.0006458013874353786
0.007611562620332365
0.0006232102479695658
9.948781693608691e-5
0.00024728117669932566
0.0015094820014573322
0.0005635314429638325
4.4860925470838745e-5
4.944829112758579e-6
0.00017368898001938516
0.00020368260266968855
0.0006120713073681675
8.987593726323915e-5
0.0012910984783609815
0.00016882482149519843
0.00016935391737490758
0.0004320902708545295
0.00026257295606179465
6.928829077260415e-5
8.55181101119735e-5
0.0002249977108584637
6.535279791049025e-5
7.850264494464685e-6
5.52707763738879e-6
2.3876710536126474e-5
3.851093432499704e-5
9.776242642443793e-5
7.097959665721243e-6
3.2015325319941555e-7
1.1003480094360216e-7
3.838021608589138e-7
4.133862331092729e-7
3.3602472609104964e-6
1.4392148894148129e-5
2.1618317421705354e-5
2.2682748005410122e-6
4.953029252402676e-6
2.0141898049256337e-5
8.13783965695096e-5
1.304391370909102e-5
6.34861117974393e-5
0.0002514926146428341
6.160353462269677e-5
0.0006084770509717403
2.3851202100113377e-5
2.051112954152432e-5
6.103789633508748e-6
0.00010889505658445384
0.00016923489640260873
2.708971001013619e-5
0.0002205036899422732
0.0006628330939923268
0.0009068523674108468
0.002290917821162248
0.000202190394591756
2.590080489656681e-5
0.00012405603260255373
0.0003813692893018264
0.0008606816311447976
0.006627599503987064
0.0019617434849666885
0.00011940514397454294
0.0003176413300058243
0.00026160687497228235
1.8078814340282038e-5
1.4205994845839203e-5
4.6262411255009484e-5
0.00011127399439468166
8.83449883036395e-5
2.9493956965483497e-5
0.0004114854739296464
0.0005172935820270499
0.00029324773056630006
0.001774288398461742
0.00016639080751475294
0.0001460290761711832
0.0007259946741978266
0.003064078206145017
0.008022309802820204
0.028958022806282943
0.006022762842149415
0.0008600586189632542
0.0020420719661550196
0.0005804234219381536
9.990224852950568e-5
7.418856102884496e-5
0.00017885785573194357
0.00036340298287808304
0.0002858243966856067
0.0020314776481978893
0.0002905753801229648
0.0007829131336554289
0.0015523065469378273
0.0017532313788775258
0.00042030654562296555
5.398419754916605e-5
7.040150927842341e-5
5.6203228705342415e-5
2.0510817975188534e-5
1.3310548102516033e-6
1.8403572910589906e-5
2.7942981534222367e-5
0.00048057830072949014
0.00018604703998551555
1.3170048636331246e-5
0.0002559046146087808
0.0003013806464089877
0.00021110803254041337
0.0024755123273452564
0.0001060228474176269
3.696294384834993e-5
0.0004304770898953774
0.0005466886837942275
0.0007417187039035405
0.006087213196814034
0.0005644578960332154
0.00012335511828348485
0.0008441700518033482
0.0002692919209012406
2.3540452323830756e-5
7.25095637617965e-5
0.0002878556159607888
0.0006382329644139368
0.0003741049489152556
0.004813457243995328
0.0005544533008622011
0.0001997158130738427
0.0005758028521627115
0.0007625782607083418
3.418856979123809e-5
6.682083625060113e-5
8.713516506557819e-5
7.209385557105416e-5
1.1797625683750139e-5
7.239276773081438e-7
7.012361097179675e-5
0.0005200810481068511
0.0003808982108589364
0.00010247241647023413
0.0013619494273448172
8.799805585836014e-5
0.00010603623693346079
0.0002034185110248402
0.00014917777394797316
5.000986146156609e-5
2.1550666506429883e-5
4.48363950553548e-5
5.22816122208358e-5
4.366284205540411e-6
2.446414893053268e-7
1.3339695535334516e-5
1.2637277435655969e-5
5.658995112779612e-6
1.134920665905705e-6
1.710119245061662e-7
7.386179457644168e-9
1.9503231296456647e-5
1.418480331349974e-5
8.044963592709302e-5
0.00018780989351367528
1.1041207886861288e-5
8.560418231088509e-5
0.00022910182972211968
6.921653739292868e-5
0.0006098224366240132
3.431669628863767e-5
2.25100258848632e-6
3.848515324015959e-5
9.293878302208067e-5
0.0001385419844091892
0.0013598259904013257
8.178593516945552e-5
2.647881717651781e-5
0.00022923021548129112
0.00014764950085658531
7.143268501651173e-6
1.1367258975718132e-5
1.3554732196406537e-5
0.0002595076842572973
2.6805847541485197e-5
0.0007343282299119419
4.294552740196602e-5
2.7385036793122327e-5
0.0006316471379540045
0.00011629629288327968
4.076607662080583e-6
1.2362263671531821e-5
0.0002305164011201956
2.444225017623617e-5
3.704605448695196e-6
1.4119303174939832e-6
1.351345709925964e-5
2.796282462798233e-5
9.546453794465785e-5
5.447737897872396e-5
0.0001394362546006467
0.00022757325168439748
6.472633849119834e-6
5.2015939788402293e-5
3.323172026805265e-5
3.970233719993909e-6
5.211782691767596e-6
1.605681787857952e-5
3.3213707319797095e-5
1.449497099396578e-6
7.339891183073267e-8
3.9750180271295794e-6
2.896270328712374e-6
5.295408975478488e-6
1.13425552520657e-6
1.1197699073116977e-7
9.142427390504791e-9
2.205831961218016e-5
1.908420955460978e-5
2.5409662191865103e-5
1.3968825029795428e-5
2.4484596707922824e-5
6.156307137254411e-5
2.2054300146329197e-5
4.307690113556952e-5
4.9645489895809124e-5
6.51358610927466e-5
2.384453007375239e-6
7.637954487422644e-6
1.5292455343991928e-5
8.319701423207224e-6
2.603048265734153e-7
4.031357533999616e-7
5.651755227354197e-6
3.94197326020815e-5
2.0584231035659016e-6
2.2147247745111166e-8
9.750476682755785e-10
3.4366659952184255e-7
1.1109298412691307e-6
2.497772869367476e-6
2.08843033637253e-6
7.429154918170033e-8
5.885603170595657e-10
1.2234364350916855e-11
