6.778117077488522e-22
2.0440989101494697e-20
8.886071100178268e-19
9.755201355320123e-17
1.0863703961893162e-15
6.260818216383348e-15
2.425340430264254e-19
8.526493484939186e-18
2.3142253261220006e-15
2.975438468789031e-14
2.087288956244005e-14
1.753596014105038e-16
4.3976224399940707e-14
1.0811185414675079e-12
1.4032791365064234e-12
3.65730396035937e-12
1.2902878383948158e-10
5.1442532026553454e-11
2.167634493930774e-9
6.171668858975001e-9
8.042023631724228e-10
6.08152464214374e-18
5.563022009121265e-16
1.1193449654584706e-13
1.8102110781197218e-12
1.4646171147715632e-12
2.4355783868365654e-14
9.966484688958971e-12
1.2382600435430508e-10
6.619481154664962e-11
1.2664620441345607e-9
1.3722582033207378e-8
3.1433806102988215e-9
1.0960460276915298e-8
1.5551489296210534e-7
5.4484265789961825e-9
8.568192940417005e-14
1.0513405235146133e-11
5.611210169785941e-10
9.092730225818473e-10
8.036121937677639e-10
1.3836745230245951e-7
5.513319338793617e-8
2.3424216431862005e-7
1.7557477455139036e-6
1.8576438377347712e-7
2.8347173095388494e-10
4.1179077131687057e-8
6.839163707078698e-7
4.417796036581792e-6
4.169874249353102e-5
4.149437380544162e-6
5.071869956241017e-8
1.442859310194007e-6
3.024559018297069e-8
2.3741901003853223e-9
1.8375462791291786e-16
1.894059456566164e-15
5.989501266949251e-14
1.975453639237717e-12
1.6551951939799167e-10
1.1652338443724322e-13
2.6163545154439076e-12
1.244304678226959e-10
4.1683219542536544e-9
4.735651864774574e-11
2.8447433714806018e-9
1.1554042966867134e-7
6.801954312134018e-8
5.416759141049779e-6
9.220492906628441e-8
7.496879953047563e-12
1.774247435163789e-10
4.520739426610679e-9
1.0205602091849338e-7
5.707916253556335e-9
1.493165204892921e-7
3.8126455125264768e-6
2.843265911640222e-6
0.00013262106142112231
8.622736425771116e-6
2.3833604514386297e-8
1.146045465657232e-6
7.418021973259629e-5
2.777847277905856e-5
0.0021376312808597748
3.083352098631093e-5
3.1141387908603088e-6
0.0001916050450793841
2.3943880258411164e-6
3.0696041171728706e-8
1.2764704144020933e-10
2.171036213784011e-9
2.284107063772347e-8
6.119089357009094e-7
1.4915819582838687e-8
1.7150466623246342e-6
8.355064877497908e-5
9.979041680483924e-6
0.0002284892140764647
1.2753740794136821e-5
2.886194407022567e-7
3.890765897783155e-5
0.00028920502053936877
0.003964621172459473
0.02503924428054294
0.003598030560280688
4.9396048272476544e-5
0.000289554568021726
2.987650266757806e-5
4.102676589044127e-6
1.0713077338225837e-8
5.365751225657227e-7
5.998627872581256e-6
1.6692159782072612e-5
0.00019563171442544105
1.2179528606493745e-5
1.0666589202813119e-5
0.00019118211487635398
6.159712491089147e-6
1.3906132698785908e-7
6.450410101076902e-8
1.3480310459930944e-6
7.482606485636244e-8
4.211650440745496e-9
6.752256366051106e-10
1.09486262051485e-14
3.2958295371064484e-14
1.6901650553563095e-12
5.420759813536747e-11
9.309339861613317e-9
1.2911381672160936e-12
6.141320824768565e-11
2.5842981932909292e-9
1.7432115936004344e-7
8.897030426679122e-10
5.030118826557894e-8
2.6099053890952113e-6
6.315414575459584e-7
4.5619143384050325e-5
1.322931497024752e-6
1.2880294216400902e-10
3.5423727397472345e-9
1.1219949090341468e-7
7.032630668065276e-6
7.368532228012026e-8
2.957174943867657e-6
0.00018515516915233865
5.592494634237297e-5
0.0014669499911521098
0.00025521821740867405
5.290683003926229e-7
5.6011483813497704e-5
0.00023759691486879196
0.0002732883365214977
0.03361861103419873
0.00029836095257726735
4.797811287280884e-6
0.00022557920600006776
0.00023139260232744608
1.7272558091806432e-6
8.77232233223982e-9
1.4909498773168946e-7
2.245928503427853e-6
4.92569268573461e-5
3.1545433233241982e-6
9.80144562388713e-5
0.002340221625257306
0.00018598917890692352
0.033872851436147836
0.000195276318610005
4.308209140012329e-5
0.0016494386596356935
0.03190540476732927
0.023620414241745696
0.6617365109380173
0.023945708788624974
0.0010952912853125234
0.030906459463039784
0.00186553971974398
3.661753790820248e-5
2.3580423308105344e-6
8.304374151410959e-5
0.0012679803614051846
0.00018020226930681903
0.03370694932701607
0.0002121364650080137
7.306299358553462e-5
0.0018894452104645867
9.242790224621992e-5
1.3962941506014593e-6
1.6540286002243006e-6
4.670595594273134e-5
4.027807854444669e-6
1.5002494312229607e-7
4.595079620099541e-9
1.1608912488958228e-9
7.856676938778649e-9
7.737194924971635e-7
2.064859951290268e-6
9.811489169663978e-8
5.622780480802317e-6
8.393002804547552e-5
5.971124876428364e-6
0.0012997702370758134
6.2210674795969955e-6
1.5442282658465922e-6
0.00020111223039854807
0.00023040728819930268
0.0003086266209995658
0.032980357523752814
0.0002962745958523514
5.574257888911153e-6
0.00021974494478899716
6.66646149035004e-5
5.588415206796911e-7
3.183556208495785e-7
1.1693618830106217e-5
7.96732079165149e-5
0.00015278885046244187
0.0019076343910039372
6.154003141692067e-5
5.457975297214648e-6
0.00013433375785658263
3.454773551904558e-6
4.955514723404454e-8
6.961048989130368e-7
2.6516562625454853e-6
1.1697283840183156e-7
3.1191505499943616e-9
3.2021130687840387e-11
8.445411772417956e-9
5.270942012075552e-7
1.945246922714835e-6
1.0476500901014277e-6
4.819283340176885e-5
4.770575734914307e-7
6.670851261195705e-8
5.982364091446152e-6
9.289012375694466e-8
9.488561463849364e-10
1.0914770953823501e-8
1.6709057849815223e-7
3.357828746469285e-9
4.918001179696945e-11
1.1176269559880148e-12
9.77016818611707e-10
1.1836548119106225e-8
1.8545093855618717e-10
1.3744486721222406e-12
1.6593527387248206e-14
3.613046392253153e-15
4.226558896181035e-13
4.728254877051308e-13
7.62107016746399e-12
1.9844999945895982e-10
1.2946552850860941e-9
5.353865452738549e-13
3.102250001610436e-11
6.812057686199644e-10
8.993247391382718e-9
1.8775666531247612e-10
5.7447317606259646e-8
4.497939296240114e-7
1.1253119897408027e-7
1.6485785571996681e-6
4.686528549613618e-8
1.3295964102387432e-11
3.574530448046219e-10
5.844933247389966e-9
7.222602033261649e-8
2.7578795788521183e-9
7.764220106456392e-7
6.146050811079653e-6
6.797565167425984e-6
4.200143500766432e-5
7.438344121582258e-6
5.226871531197144e-9
7.624889314480204e-7
6.033292807795548e-6
4.025417860560934e-5
0.0013702440910531917
5.793911320101005e-5
3.341718967349245e-7
5.114661127331935e-6
4.089656683432832e-6
5.248797233754505e-8
4.04558730834191e-10
5.332926977216194e-9
4.553752612230041e-8
1.4487621858819362e-6
2.5492355838244635e-8
3.0547372525812156e-6
0.00021306440254527804
1.0627528881561062e-5
0.000177439657444121
1.8280781892682007e-5
3.6712428551461815e-7
3.7838196530812294e-5
0.0002987139719066954
0.0032058506215476568
0.023500330842383826
0.004260869847427085
3.933363607558706e-5
0.0002576414237371626
2.6067678429125947e-5
4.066224421093291e-6
1.0457214665084607e-8
5.409531134929271e-7
5.1442115339069385e-6
1.1948959984245168e-5
0.00018820633054501763
1.010149308715806e-5
2.294698427103753e-5
6.91166358136527e-5
2.5098035752130708e-6
2.0848183075316205e-7
1.465891839051376e-7
6.575366257209682e-7
6.795077881248767e-8
1.489057670958388e-8
1.9134448355412103e-9
3.547085315566645e-10
9.07863960812655e-9
1.5232416964755188e-7
2.9878533853115675e-7
1.712551331045551e-8
9.122214443104295e-7
1.312469194603483e-5
4.978689211259298e-7
6.84595581866352e-5
5.086114585009606e-7
1.94409045629734e-7
1.644104733672416e-6
0.0002099385294224632
4.224730058215628e-5
0.0024282521426398276
4.601741088155036e-5
1.1011837256589542e-6
8.098756066084552e-5
1.3696088885493566e-6
3.763831324611353e-8
2.4241534372785384e-8
7.02863332553272e-7
5.758555620986922e-6
2.8009705888203967e-6
0.00012970740711985116
1.7216037128144866e-6
6.397887781931736e-7
3.676561319535928e-6
1.5967042136260884e-7
1.4525479921223575e-7
4.201896151091738e-8
5.276853809148882e-8
3.1485211593696044e-9
2.5294264622880967e-8
1.9326521303920843e-10
3.600095923915526e-9
3.509574668213948e-7
4.6832102370376204e-7
4.0875128858961105e-8
2.1576575821685936e-6
1.742484980946551e-8
6.373903807939159e-9
1.062097163285736e-7
4.572754916782606e-9
6.157269301207507e-10
1.125777147631425e-9
2.2756203165792647e-9
1.0224764073970338e-10
1.4827439027887361e-10
1.1554915657616536e-12
1.804119016913486e-10
6.186437985631514e-11
1.9331834382535466e-12
1.812466307692283e-12
2.7899195947180344e-14
6.845721663966328e-16
9.006132779112148e-12
6.288808244387423e-11
2.0578819846079073e-9
9.904397561599647e-9
3.541883077587251e-10
2.1171348134368426e-8
4.7620483766750496e-7
9.379501731865979e-9
1.7939063343533235e-6
8.664061901685742e-9
2.6202094143520206e-9
1.5869948462963413e-7
1.3094190758028102e-6
3.906270495373087e-7
4.9945928561582325e-5
3.39730601703294e-7
5.8938604458489735e-9
5.642150508848744e-7
2.5613670685054606e-8
3.011930873372488e-10
3.3070129997247294e-10
1.2228601525096107e-8
1.1097393421145766e-7
3.6707816685886876e-8
4.741018563977151e-6
2.1785048336719232e-8
2.4633526771031884e-9
7.729145798527928e-8
5.722361663291685e-9
1.0367054564031336e-9
1.582737897454615e-10
1.0954443908821761e-9
5.6871761867802575e-11
1.9761969811727155e-9
5.381137659522704e-12
9.230854767407517e-11
1.8083192863787516e-8
7.64439942649836e-9
1.1824310150562796e-8
1.938460732939558e-7
2.766208938877973e-9
4.175154386523687e-10
4.040347593286e-9
2.0193307065608215e-10
1.4442088472934739e-11
2.412859771178283e-11
6.887908998097341e-11
2.7804562256276038e-12
1.4700346486612626e-11
5.130427089619655e-14
9.501835773905737e-12
1.9473907753373878e-12
6.288934966803057e-14
1.5094893723211104e-13
2.8270009530658647e-15
1.0562722722404401e-16
1.52945948096143e-11
6.609200434556939e-10
9.981147070828744e-10
3.133991350373e-10
8.196685548531055e-9
9.541610500009845e-11
8.452222584673187e-12
1.24207119345763e-10
6.81993985685069e-12
1.0713064674663943e-13
3.0861548604070696e-13
1.3947098035208901e-12
1.2086674251676265e-13
2.7722629512451514e-14
1.4494545797000826e-16
2.2478881944057247e-13
3.6370540184820635e-14
2.2348537248721956e-15
6.330305536502205e-16
8.961725577334307e-18
7.394896748733502e-19
2.0144817384716778e-13
8.181728484423908e-15
1.419123291523333e-16
7.518061424897739e-18
2.6515656152209e-19
2.1086218521152673e-20
6.399813014057947e-22
