1.6618712049337114e-8
1.3149383851770988e-6
2.8110987687630105e-6
4.875366841916708e-6
1.3244263657617033e-6
4.413691834817201e-6
1.9100797030966336e-5
8.676861571952886e-5
0.00016737424349636004
6.130871787285108e-5
0.00013773958991737594
4.4874575880274746e-5
0.00014227307907575213
6.87531005719193e-5
0.0001882611352112304
0.00010267474011049412
0.00011253063166237873
0.00024001350596720197
2.367651809227966e-5
0.00013656547189635904
0.00014445917550782265
7.808111384768384e-5
0.0004144283909331552
0.0008461452155061462
0.0005331363865389714
0.0005317334073117831
0.0004682279073972306
0.0013138649912970539
0.0010007199025199004
0.0018274108995995255
0.0010715911657077604
0.0015406776125282684
0.0025852532692650886
0.0005591255744667496
0.0016120032594871866
0.0013683631536614484
0.00013655145325827174
0.0007058227201375376
0.0005287534762889636
0.001394847055813138
0.0010070112421468576
0.0012159691317072524
0.0034348306342360255
0.000513734566045062
0.0024319198615396953
0.0018484232465106499
0.00038238972638128874
0.0010365089654488923
0.0025053569632885017
0.0006253088050410748
0.0026224917450184257
0.0019234967274800055
0.00011829391436880784
0.0007614765505283599
0.00115952613332496
0.0004612134034466862
7.702072155441758e-5
0.0005903418387548666
0.0010865520137207652
0.0011722408377829615
0.0005522144339620534
0.0009562055681690719
0.002932272033819004
0.0035963002002108004
0.002616485131081765
0.0022349850978827528
0.0035563951378494276
0.0044726368277945286
0.0023393174615015232
0.003431012414222295
0.0013233602343818295
0.000606073490812482
0.002550980456504553
0.0034795448471400666
0.004366316037265062
0.0030400372993766587
0.005720779730492556
0.008149439428173675
0.003122139111677325
0.006435166054308202
0.003889449245541873
0.0015299342739600419
0.005854577728878419
0.007696168289669126
0.004956028680564591
0.009168821071905116
0.004414682086193583
0.0012440013127159799
0.0032815747672113554
0.0036526562594103714
0.0011503559397732749
0.00011183356042157895
0.000807516683659332
0.000978498515655637
0.0015451579861777334
0.0017685907502531122
0.0030497432492685122
0.0052526135866255265
0.0017163361969298261
0.004643049671065037
0.0037023625986868157
0.0012824055154212676
0.003153765842267601
0.005218969995322711
0.0030496201929142435
0.008836344139315042
0.0063282315037972185
0.0010358131700508376
0.004450508649606056
0.004386403891169856
0.0019948311664095665
0.00033613079697494814
0.0015760931943596369
0.002219618100107621
0.00236640564447577
0.005575483407024815
0.0037383691411328143
0.0010494349895010637
0.0030313598237523827
0.00382396269175473
0.0018545015011547145
0.00014642970701640742
0.000675673028476536
0.0013162277096406948
0.0013179844513417065
0.00013944385442711543
1.5109489608703898e-5
0.00019672750031921174
0.00041668313216047055
0.0005480029584390919
0.00021934492848092645
0.0005870250236139551
0.001739254655843559
0.0022592005542072737
0.0014221755500528096
0.0018484321539698199
0.0026742160854817554
0.002396958412107186
0.00156476394497102
0.0018249088353954272
0.0006902454047838433
0.0006565109625596064
0.002991588311392071
0.00441250512418377
0.0032184816314297644
0.004486820718932088
0.008111660102705474
0.00652667796805523
0.003649069341312401
0.005525360034517584
0.002987364161157252
0.0015366600457977077
0.005991017482408864
0.005718482116398573
0.006201844671444453
0.009099953584924828
0.004531940159354938
0.0027793632035545417
0.0065831217562482315
0.003324553196686159
0.000754408388458653
0.0001825816793534439
0.001356894328802672
0.0022047901909624306
0.0018988936812388995
0.0030430731311091
0.006245554961140279
0.006759895776840145
0.004517568544393295
0.009473704951522388
0.005430211227326393
0.001942755730527583
0.00688626010423466
0.009907636156486814
0.007722538675478603
0.027794063121299752
0.008797884371274987
0.003222012792667597
0.0089890441515818
0.008998846829460627
0.0025845867922110574
0.0005296367326685015
0.0031827865397360427
0.003931010824711637
0.0051679105292414965
0.009608634881888517
0.004704458382837313
0.0030795337670044233
0.00582255769961703
0.00661483600504042
0.0025250105727931695
0.00044070544700148173
0.0018412960009620517
0.003463940189009861
0.0015972157214112306
0.00013295788631362748
1.5058598939282748e-5
0.0002828911567406845
0.00037965769488377697
0.0005762986120342938
0.0008291907200657472
0.002089463143444487
0.004117332013798616
0.0015225543282983917
0.0038437450479892566
0.002217958359931584
0.0009813067130768492
0.00274628955693248
0.005185119424376483
0.0038114800829866643
0.009720516334455212
0.0052585495641619484
0.0015597888544102627
0.005597711184773674
0.0073152231015505545
0.0024045476950290143
0.0003945125182075577
0.0019115839135532956
0.004169240970830373
0.003124680417088459
0.006735548860214679
0.005292897162110501
0.0022084036064812366
0.006483600308165766
0.007900264002096716
0.0034915473284780874
0.00042788065617494755
0.002361647867298135
0.004281285029511059
0.0025483281623736
0.00023194932301594842
3.3782500698456494e-5
0.0003835368364883692
0.0005873064238943967
0.0010074127166925892
0.0019234293520870639
0.001588424682362166
0.0011316405390330822
0.0032935262095719446
0.004237463926176225
0.0013680942531994812
0.00030604017573586005
0.0014191425508974665
0.0025599939801301736
0.0018336439986969095
0.0001880063037211577
1.729972104505809e-5
0.00021827590527060317
0.0005463820621438365
0.0005263213433029294
0.0001376967167863001
4.453756616493607e-6
5.817555944093174e-7
1.76591936652055e-5
3.209732143163438e-5
4.716190497263348e-5
1.764322879539591e-5
0.00011767695974915529
0.00039605532351256605
0.0006030512422408739
0.00031448279672350725
0.00038399606381048196
0.0010124130350461537
0.0004294870138965316
0.0005876631225446478
0.00042933262815589724
0.00014325694854194155
0.00018214788816977578
0.0011203682360477142
0.0020314856613367657
0.0011289192338357107
0.0018475039959493075
0.004880854518193498
0.002267866327775798
0.002930906082078185
0.003061316060653296
0.0010442981549315007
0.0006686741190328478
0.003109821134648695
0.0015905094556056332
0.0036083976085803993
0.0032357503055417433
0.001039408682818263
0.0013751078871873158
0.00288828742631472
0.0012734886322549053
0.00011886096262518448
9.080875717027757e-5
0.0007136843896046406
0.0017250282361392524
0.000990955154891073
0.001819098060957168
0.004815835313940527
0.003117704696827598
0.003568206229781329
0.005064134910467848
0.002349651762693875
0.0013086664681730609
0.004750414285996904
0.0038700562673722404
0.006532323596150874
0.007843932021181095
0.003073871218114403
0.003617434036445747
0.006096251036238597
0.0048893810457290915
0.0005967066102768154
0.00024877422305194557
0.0018617635137935786
0.0016252676947996548
0.0035183420639855736
0.004482725894161574
0.0017529020527243923
0.002870850141762959
0.003804826577685453
0.0032148301253447113
0.0005205650481286144
0.0005740374311508644
0.0015799563357096293
0.0023514265978028205
0.0005579401604356245
2.3275959391153303e-5
1.3563658610586235e-5
0.00019071922040959954
0.0004990370879834231
0.00036963682870916093
0.0006349332013811634
0.002724177215609826
0.0018393688084453032
0.0017728017268201035
0.0031964830575891942
0.0015882167677660894
0.0008576156128646943
0.0040709105930816294
0.0027330674882463306
0.004700813978333335
0.0068785635269987015
0.003188702482799628
0.0030922240220751444
0.005884622060426015
0.0056463302640860835
0.000997380235032387
0.0003542317892864839
0.002850887571253966
0.0020719412416861246
0.004835631102216412
0.006255249239625676
0.0030894852822115244
0.0049583063473755745
0.008217785864964971
0.00575151458438778
0.0011735319790757634
0.0010256434469705724
0.0026755531670301334
0.0035900618401015776
0.001542935516281852
0.00011138420271419064
3.302002341598407e-5
0.00053735562019378
0.0003957539084312415
0.0017917777217495434
0.0022330134570868565
0.0009918250632224943
0.0020664478312957327
0.004473433583683156
0.003459999987724262
0.0005383414744958259
0.0006051826147223389
0.0022861404474735984
0.0034877098956439014
0.0009995044248038473
6.68564561069692e-5
4.6854164966468866e-5
0.0005417355859423329
0.0011741993911023566
0.0005339590291778856
6.0253994842416224e-5
1.3041745564598791e-6
4.4181627104770907e-7
1.314867438643276e-5
3.0503181243277767e-5
3.1596590907355125e-5
7.962552488420354e-5
0.00033938220902798963
0.00036328505950367974
0.0002433683347798013
0.0005080335707562011
0.00031357023543808547
0.00013539447301732884
0.0008323556449692049
0.0009357331568464674
0.0012700919829600381
0.0018769552363200942
0.0012571882278685012
0.0006487909194146551
0.0014652365254439216
0.001401460092731179
0.0003633118218209915
8.310543697301106e-5
0.0006358358415426478
0.0008421048694902743
0.001794305444957389
0.00297503644657568
0.0017581094522411984
0.001779560797460534
0.004319460567719732
0.002998323673703415
0.0009519550936491048
0.00037231117441000874
0.001777516274339694
0.00220550132034016
0.0010466859494136045
0.00010180046473188219
1.4122425080865021e-5
0.00020463102954673123
0.0002911799529975484
0.0007478273417856103
0.0013877095677788907
0.0008062664978588977
0.0011314502727156985
0.0030014315559521876
0.0025517495893088125
0.0007016575046958793
0.0003922483776590094
0.0017735365917216873
0.0028092370048670395
0.0012573911149970447
0.00013689189188603376
3.2350456894182265e-5
0.00042278878459252534
0.001046292434420702
0.000800810588547628
0.00016094554411645733
4.671481788902823e-6
4.6959997230853024e-7
1.4583446004549874e-5
1.5371420010894536e-5
9.590587827363478e-5
0.00018839880182298002
0.00011344578504913884
0.0001846333348160871
0.0006642789677934157
0.0006213235581165642
0.00013997376088651143
0.00011565293216717357
0.0005950508426577261
0.0009522513229055654
0.0004650832957307307
4.490035903512113e-5
1.6772239799016644e-5
0.00019786363154528734
0.0005841991757042632
0.0004136491257379503
8.602976227417449e-5
2.760885616862918e-6
5.49398221814594e-7
1.5075584832034961e-5
7.732750148370524e-5
7.857633726867532e-5
1.877261372326057e-5
1.2981674828170411e-6
1.660119862251751e-8
