5.258113419447755e-9
8.351940817206847e-7
1.3777167950546936e-6
1.3135606500729757e-6
9.185127298639388e-7
8.813267951299548e-7
2.1870932507662253e-5
9.201902102896172e-5
8.771405329578961e-5
5.895580741298581e-5
6.117949643386025e-5
2.07424637449418e-5
5.0839194710959255e-5
4.9805340534797065e-5
3.8155083782723824e-5
2.1212499936044124e-5
5.01732160350962e-5
5.125550921444553e-5
2.004045162264369e-5
5.4858232833235204e-5
2.5916614035691455e-5
9.130334157956737e-5
0.0007418965245768401
0.000760821693368522
0.000469217677985412
0.0005090183130303613
0.0005431293313910713
0.0014006236498056543
0.001365218176918643
0.0010654603233955255
0.0005221714489621813
0.0011891130757174049
0.0013982793873354694
0.0004937816605169004
0.0013039456761817125
0.0006432613763585081
7.532253935760678e-5
0.000558487525233192
0.00042890537868100353
0.0004149730717787977
0.0007183225309190983
0.001374902639779915
0.0009809399220268742
0.0005248480844665485
0.000981505345213686
0.0004445918773486724
0.00011475737049034427
0.0006515515106389258
0.0004171983100492219
0.000528178555653589
0.0009356720910989482
0.0003297302999770037
0.00011032382276364626
0.00042026692088179023
0.0004025762468191505
3.5020922834552495e-5
5.707543413903894e-5
0.000790525145917204
0.0009342590444270916
0.0006079437945048195
0.0005512780738002994
0.0014977671111200174
0.0040356943133963395
0.0037005138144263314
0.0028510885770744844
0.001560304153218016
0.003034728496062505
0.0038260457153695914
0.0010810743038780133
0.0036086054667271356
0.0013977061992311497
0.0008329148373754116
0.004797070226395649
0.0028966536131255632
0.0030919671358932035
0.005269004271428066
0.010842920050323416
0.0059600811803879085
0.003981028386763269
0.008831231656310015
0.0037519614997698256
0.0008142351609459176
0.0044276940537803545
0.0029622666769572813
0.0049408283497355595
0.006036402885057573
0.0031860397922980443
0.0008783057676580627
0.002967367074230733
0.004032851711395509
0.00040280866465047663
4.226810354618991e-5
0.0006131433586033595
0.00052468393929591
0.0004889861722723076
0.0017956882177671005
0.0039095157201445695
0.002643994924069167
0.00178426306077878
0.003643067870138223
0.0015203604342943085
0.0008449910186393307
0.003843474806062871
0.0037513279451026785
0.00423473138276216
0.009864039515708382
0.003902069034662344
0.0007719015128513569
0.0038941388225825877
0.0031495000542928133
0.0003287432265221455
5.352036186466099e-5
0.0009018963420822235
0.0008085413398040547
0.0020867340629223156
0.003928029891626981
0.001498555433325733
0.000666948615276361
0.0031044938961977205
0.0037030831362522233
0.0004415950805060693
4.091288073396667e-5
0.0005717521254974678
0.001391652443846837
0.0006470425138173367
2.6178086349434265e-5
5.820780595333879e-6
0.00015954504321476922
0.00018733802767321604
0.00013964019827725362
0.00010962017670345644
0.0008618646174603847
0.002282010157789455
0.0019924404002034136
0.0012216791444088157
0.000747315826613335
0.001765511923717501
0.0012187132535308475
0.0007965076626159902
0.001681056100985454
0.0005687497596220835
0.0009233707226436926
0.0053538853486592
0.003940506538652206
0.003588731954751565
0.005301621528677662
0.0159879200919255
0.009210203330088944
0.006580613026465167
0.012256102700425944
0.0031450005114810023
0.0007164826764101791
0.0032225252528825946
0.0044914821485203
0.0045256175598941475
0.008143736806134921
0.0038874066060625317
0.0009017029790032116
0.003285049624157188
0.0029496765225371807
0.0004233819340928659
0.00013223253924109655
0.001788479333999345
0.00206735084390609
0.0017387538697343204
0.0047988554973213485
0.01582584538308632
0.010401666534689026
0.007324536175069971
0.012978198836515414
0.004025983408196955
0.0024538080339796655
0.01277026688054117
0.009482736059469312
0.013726168642676617
0.04316491127869088
0.009926578694822727
0.0017399922720032156
0.008117267093982097
0.005988831011393382
0.0009363750725805902
0.00014642520704985488
0.001772071235545707
0.0015202361510587542
0.005661361186596957
0.012926125175960897
0.0036397765782840894
0.0025503308153771074
0.012183745612675292
0.008877858023015196
0.0009774566109658912
0.00012595380233809832
0.0016808245727109516
0.0035966633017863324
0.0013057621834560447
5.472281568886327e-5
5.37142576451843e-6
0.00018719456904738328
0.00015514734382410174
0.00013762150702747222
0.0010253326994589885
0.0021131735260667447
0.002522694513206507
0.0010125894462058188
0.0015030573021391587
0.0008113264453341052
0.0008077248059686121
0.0037528772725508
0.0045157977949950795
0.004446697627150973
0.009334381096202883
0.00368195270688358
0.0008766894991271926
0.004507943772263041
0.002933127361479116
0.00042598496326323596
0.00017060370112729044
0.0017098174915651835
0.0025164989155321464
0.004647521945705898
0.010268540077627291
0.00262626531137546
0.0020098784134601135
0.009416797214157918
0.005928972040178901
0.0009910224305558905
0.00011395279052501803
0.0012231364729053255
0.0038800483625842604
0.001414925363329227
5.152199486833536e-5
7.4709103233996905e-6
0.00015245432426058992
0.00013672857174163632
0.000800695759165208
0.0017454984063304765
0.00048395250703442465
0.0008439493837894992
0.0035736764201812466
0.0030870825268629314
0.00041461593559484884
0.00014239666136468406
0.0012136852873971063
0.0028256509679481534
0.0010354732223855653
3.767336290104941e-5
4.354982910555955e-6
0.0001092452913361488
0.0005453689326803535
0.0004964810210503053
6.0190793103041965e-5
8.739974369660081e-7
1.0813750567361651e-7
6.018660925493338e-6
8.099980409922539e-6
6.783060031157654e-6
4.379839063023251e-6
7.48325040979532e-5
0.00025178292856479925
0.00022737292237748008
0.00014413562171171896
6.909599745136489e-5
0.00018522338680159017
0.00011254506174742099
6.674897102899506e-5
0.00012608692077318868
4.0466812696575335e-5
0.00015701912723136305
0.001152840012672241
0.0010112126369322904
0.0008627586179527286
0.0010034025026459108
0.0028708326862814234
0.0019929107346102594
0.0013592219023378213
0.0026074569654743972
0.0006717794173569574
0.00013600717481405746
0.0009186496125723296
0.0008760857877611841
0.0010788898526409966
0.0017528632978757522
0.0007592418475930533
0.00018573002113685192
0.0008935376105058049
0.0008791710863757872
0.00011030576691319924
6.481981999984994e-5
0.0011635557579334984
0.0008228812228451591
0.0008194498514982209
0.002368578093758934
0.0063732548193017
0.004673159470676146
0.0041541434697816735
0.005738075333627719
0.002122588494454196
0.000801151907911006
0.006130560650189727
0.0044723120152090476
0.008867919138373474
0.013772568663920492
0.004150221157807209
0.0010951379195248746
0.004494042503342595
0.0049934385016532825
0.000536527478219655
6.33336403946516e-5
0.0014085563315931005
0.001027609655837204
0.0040570689795866284
0.00743363044526692
0.001787768562436219
0.001336882834233815
0.006574974528278694
0.004038107318481676
0.0005196402332253207
6.591769432110685e-5
0.0007986091917357436
0.0010764573696427585
0.0004894773641252184
1.9867329985961778e-5
7.023418438919127e-6
0.00025408648337975077
0.00018495496294265628
0.00015418316192459915
0.0014848396395956732
0.003273221313557827
0.001713040829248505
0.0014333540555730687
0.0017567740211240817
0.0009226769085251866
0.0012947501883387594
0.008475614972326373
0.0037200976960603564
0.00615873810038487
0.01269355048527568
0.0038083158395828
0.0009311539512579069
0.0032064806921692215
0.004515127059054259
0.0006652772243886237
0.0002421181775782285
0.0032562386465585084
0.002112318765607592
0.006315933041453879
0.015863411479866984
0.0038626180201406044
0.002836721989552256
0.016077604990534004
0.01093596634249616
0.0013906301117546692
0.0001796741881138722
0.0017387662936100938
0.0030297847810793034
0.0012246492066332593
5.1612531036408646e-5
7.2947251775005685e-6
0.00018340080513809995
0.00015521834294742745
0.0008121102815599171
0.002028233701588553
0.0005165432264037391
0.0010052335915673252
0.0038823377788636576
0.0029164001181214067
0.0004290638006811706
0.0002242042391093533
0.0019579168552883055
0.003661429267346556
0.0013448013956151258
4.925143235528792e-5
6.690576133256524e-6
0.00013975709028568573
0.0006173925558710145
0.00046633549528944565
5.798388870628741e-5
9.019177439918787e-7
1.42679695909739e-7
9.217551546734476e-6
7.456915914603923e-6
7.555114706471684e-6
0.00011321172689994137
0.00024711996681718297
0.00017104273344937493
6.548032833298746e-5
0.00014369950705422414
5.4205433593536476e-5
0.000245448875503082
0.0013038689586619362
0.0008010931399438236
0.0008102161107867745
0.0024224583648786067
0.0008440898871626184
0.00014058071223337575
0.0007151474725304792
0.0008061079336928107
0.00011404517372347976
0.00011283379878739519
0.0014683351539417212
0.001021814693936922
0.0023477825424309848
0.004756664293239994
0.0018317880705448115
0.0010035747093049424
0.005350143158745776
0.00531080674653159
0.0007244774183741403
6.99595974965358e-5
0.0007418742477811411
0.0015387987423844062
0.0005251072137527507
2.1414702260279536e-5
9.144781240870345e-6
0.0002514551016722348
0.0001888675431083624
0.0011503063937491884
0.0017955022786801055
0.0006204943843446718
0.0011527666648431753
0.005332456456158119
0.004768191039269306
0.0005543743372048171
0.00024947189055008064
0.002255150456909083
0.004137327433909114
0.0014011679834390024
4.99435143957757e-5
7.981316365065018e-6
0.00018746977115802844
0.0009548708065147309
0.0007620771782474315
8.689008706683413e-5
1.296519028626308e-6
1.4182344087248072e-7
6.955964936256255e-6
5.3969539047253014e-6
6.394751986589158e-5
0.00013056416341611425
4.2207331560249536e-5
0.000155264973051108
0.000910095376689667
0.0008228681182546699
7.469193679803256e-5
7.348201363305333e-5
0.0008497063677532795
0.0015145958512242407
0.0005438445786111089
2.0409582313348525e-5
5.86129953092982e-6
0.0001564394368128943
0.0007802778896599911
0.0007227101027956713
8.908220641612543e-5
1.334336241871374e-6
1.0646608586289414e-7
5.785154351733272e-6
5.679068978476125e-5
9.036416600370474e-5
2.1494680508765547e-5
8.184590320460568e-7
5.147083623018023e-9
