2.578352713458077e-19
1.4428266908563377e-17
2.0255394792847146e-16
2.0618687398043143e-14
7.84309236921572e-14
1.5162860336120953e-12
7.234293658865367e-16
2.1038854220193557e-15
4.954340727794455e-13
5.701961575572269e-13
6.575310251811725e-12
2.8634340407696204e-14
4.191651345555082e-12
3.702825151660002e-11
1.9069594883498014e-10
4.5375061433039265e-10
2.4082673875235256e-9
1.148676273561826e-9
8.221626344978324e-8
1.3972189592187702e-7
2.502958080906906e-8
3.494282603152774e-14
5.778912723503603e-14
2.4955526387244653e-12
1.2947228647168644e-11
1.0828696710301881e-10
2.0660999463388387e-12
1.46433675657359e-10
8.191961319725188e-10
4.829271679788162e-9
1.475936747979696e-8
2.0098951888512102e-8
3.6286420488782235e-8
6.000666172728183e-8
9.76732389965013e-7
4.498616485507248e-8
3.098123156502215e-11
3.9235726627784396e-10
1.2105439170814515e-8
1.9516070810844358e-8
2.868030126146484e-8
1.7607726672061255e-7
6.235861752876472e-7
5.628386154431082e-6
1.6317987321789622e-5
2.6564086453884e-6
5.4898864164245165e-9
1.6993722170478179e-7
2.426757872213229e-6
9.72945444516965e-6
9.640572618926655e-5
1.3243164736222598e-5
2.1786173842215926e-7
3.0782807544185665e-6
1.27279728270064e-7
1.624113849929282e-8
4.742199320700223e-13
5.473639510971802e-13
1.5451718736093204e-11
1.688919581100352e-10
6.6038599950419174e-9
2.3916360735312634e-11
2.1278809436995363e-10
5.782373505768838e-9
3.65722695631231e-8
1.3650488521693389e-9
3.8766214990696915e-8
9.273783798350353e-7
4.393736707603718e-7
2.062937194113076e-5
4.227491873139046e-7
7.584590849021378e-10
1.9373010690728698e-8
4.801883167053829e-7
6.279814055311025e-7
8.882711403616454e-8
2.3061377443403395e-6
1.6036163518436388e-5
1.5567478973601082e-5
0.0004100319267947163
3.18443063626166e-5
3.807437333533242e-7
4.136054628751777e-6
0.00016710917665643276
6.37351197462679e-5
0.003355781783418047
7.619802243477709e-5
8.790999867952025e-6
0.0004866376266776193
8.966216035020226e-6
1.222087286421546e-7
1.1139294132565339e-8
3.068129845030041e-8
3.5088904098058357e-7
2.543723122743435e-6
1.565260098522365e-7
8.16365324211816e-6
0.00013871146619293063
3.7922192059133964e-5
0.00045280402614987416
3.319759128423987e-5
1.0901169518350971e-6
8.968601468673328e-5
0.0005774237568691371
0.00530085702835227
0.030151521037956295
0.0054881336334452755
0.00013262446271662177
0.000631796411819515
7.497983936386616e-5
1.2137523799141911e-5
7.932843997078163e-8
2.7750730971397753e-6
1.735346461620162e-5
2.868375825704758e-5
0.0003983421276661741
3.2630468933040095e-5
3.607450796504533e-5
0.0003739339977957554
2.756391488268611e-5
2.437087378234587e-6
3.5094053912298536e-7
2.597884587771236e-6
3.397325687190692e-7
3.640942413426704e-8
9.925669596429473e-9
1.46030245464307e-12
5.3180243745517005e-12
2.1283648579060177e-10
2.523711427068468e-9
2.234489254316004e-7
9.893311177277642e-11
5.8256075495112266e-9
4.6856241223322685e-8
7.749656619288218e-7
1.6980024065316912e-8
6.047840857642812e-7
2.7656985483193264e-5
2.255344316813938e-6
0.00010529978649074843
2.729369225719184e-6
4.179291904283236e-9
3.2396409432511516e-8
8.35969404306939e-7
1.661104878784842e-5
4.312648626000861e-7
1.6202902861431426e-5
0.0004067608088544088
0.00016139723381869168
0.0028050643454621154
0.000403737874168377
2.568401323729185e-6
0.00013254789176412807
0.00045299491609550346
0.0005016433873062207
0.0370537466644755
0.0006211007487798159
1.4635810672157048e-5
0.0004156804952968192
0.0004696721743148492
2.8334656491389213e-6
1.6137082802042367e-7
8.460698135754044e-7
2.5591491569317318e-5
0.0001009264526962758
1.4000617063359055e-5
0.00034775530512927086
0.0025962359262699944
0.000424793889122843
0.03965138261574261
0.00039105476547019
0.00010686323271248262
0.0023234125635491873
0.03860153876950173
0.028552716063083274
0.5783733694464742
0.031089310135275747
0.001968082761333255
0.037976082625764816
0.0024614315376635157
9.179789534466077e-5
1.112412764944585e-5
0.00033040924092752466
0.0021901171094045146
0.0003941162974670917
0.04055271300796205
0.0004550538047944162
0.00029715966589939337
0.0030724782736694777
0.00035372734715038783
1.7120007503383205e-5
9.663241589659875e-6
0.00010754423512589907
1.620189668499334e-5
9.316604307391452e-7
8.120099581954776e-8
1.3652655706168561e-8
1.4653702999210238e-7
2.9205667023854976e-6
1.1737942508899319e-5
5.410377368074954e-7
2.463247155446598e-5
0.0004303047676208024
1.6414188736061226e-5
0.001907999001593861
1.6042794849509646e-5
5.526273797531987e-6
0.0005295824054918737
0.0004063653115918694
0.0006123910606792295
0.03577316815819537
0.0005869849888638354
1.787440537615546e-5
0.0004272373295031503
0.0001579596549234202
2.218306079450978e-6
2.6918109916119364e-6
5.6207722994299316e-5
0.0002796296398010117
0.0007067422536869437
0.0026421183868509546
0.00015720104063245068
2.6411862019100234e-5
0.0003832670352369628
1.5369551879700523e-5
5.780225414747269e-7
2.47075666937043e-6
1.9490211224057225e-5
6.671453164125217e-7
3.4672211473038724e-8
1.1253251968512444e-9
1.3284292018619793e-7
2.526854661583459e-6
8.923206671204318e-6
6.000895219929487e-6
0.00010620337888262527
2.2704869003040353e-6
4.0653588443085865e-7
1.3632430752051515e-5
6.034200762791137e-7
2.317786719525514e-8
2.273091130430524e-7
1.0911428366456206e-6
4.770688049774038e-8
5.616717031535191e-9
1.6946802673950618e-10
2.9482178550090926e-8
1.8903924467819505e-7
4.4619972269765034e-9
9.69547264335264e-11
7.753395455229207e-12
1.8191627885164427e-12
2.081232414012133e-12
6.133977903124923e-12
1.7730203394181816e-9
8.589868396802145e-10
3.141862830250964e-8
3.8920093853968064e-11
9.855838338426448e-9
1.546380846684428e-8
2.502435993384061e-7
3.170033419100018e-9
4.929365234893132e-7
2.180591874483329e-6
8.993001351338014e-7
8.169089393809244e-6
3.131411630076963e-7
4.87824557299237e-10
7.409872771385371e-9
6.757304534111328e-8
3.55649776637205e-7
3.0279249941712145e-8
4.305653563692852e-6
2.3834178428566307e-5
8.479431803307703e-5
0.00020158719389285257
3.201003976436721e-5
4.123021289162003e-8
3.1172524962374655e-6
1.723066224917349e-5
9.20774586287089e-5
0.0020017108530279767
0.00012466142262226474
1.4425032835287676e-6
1.5522656072554283e-5
8.064611077321046e-6
1.869579431533082e-7
9.946819587221601e-9
8.724877080757414e-8
6.197121916037579e-7
5.222839659675783e-6
2.0413803936202697e-7
1.6565326310472598e-5
0.0005993027736886481
3.226518841316351e-5
0.0003922390153123458
2.6749993464264658e-5
1.7936804285352958e-6
0.00010186298457322618
0.0006271275108197508
0.005125912395860342
0.028895472598310056
0.004803995517196292
9.130348329404673e-5
0.0005230336320145508
6.0406027574615514e-5
8.639293171697747e-6
1.284013499764558e-7
4.1632196926418545e-6
1.747549902591382e-5
3.261345222134007e-5
0.0004327659341841384
3.4267761101362736e-5
0.000131689910456739
0.00018839924925798408
1.4622897936927416e-5
6.061453754529611e-6
1.4733677283000269e-6
2.4733200673240157e-6
3.6073621245234117e-7
6.102194962249526e-8
2.7099330958988266e-8
5.063227913322412e-8
9.198711605750293e-8
1.7495365952320576e-6
1.8895781789686592e-6
9.343831877717981e-7
5.8500795729149685e-5
5.1163741332375605e-5
4.847737632862208e-6
0.0003867545404227872
2.971968130263813e-6
8.1326204142006e-7
1.0056705084224999e-5
0.0005050786184956003
0.0001084358632501437
0.0024048493554862517
8.600424157022434e-5
3.3543615594486746e-6
0.00014976377437676177
4.8739622088621935e-6
1.6150407987444525e-7
2.408373760236469e-7
2.8357203041093558e-5
2.2524816719994535e-5
1.8153626424872996e-5
0.00037289297059773537
8.418283465661838e-6
4.324065384512692e-6
1.6007105272453817e-5
2.030717479543369e-6
1.9660695442709876e-7
4.0157265544295573e-7
6.350132188466517e-7
3.30936670012274e-8
2.4254705942730918e-8
2.1512093995826773e-9
6.775874568004202e-8
1.2938205406922724e-6
3.0153509018208665e-6
5.6058112900005e-7
2.4730373555038748e-5
3.144799068674122e-7
8.109829885561688e-8
8.150892788298747e-7
4.4366741337585937e-7
1.559030454642369e-8
2.109068226504559e-8
4.805552951122198e-8
5.569752652454707e-9
7.644884999070162e-10
2.820184756685334e-11
9.362269600297244e-10
2.197570361253977e-9
1.6527120069838126e-10
1.3570872239113624e-11
5.644024113709453e-13
7.678100196867084e-14
5.795294688554552e-9
3.736471817724659e-8
4.623121755556133e-8
9.393068932367897e-8
9.185197040990202e-9
3.071427556022491e-7
1.5034448586385254e-6
1.1523335855717372e-7
1.0765744094099095e-5
7.733268549514191e-8
1.6397823498769563e-8
8.358726171856493e-7
5.252655998107113e-6
1.7808861310686145e-6
9.576414465238336e-5
1.1163776063369784e-6
4.28185781520821e-8
2.493357368835843e-6
2.873333125389463e-7
4.853844670423514e-9
8.672841005058004e-9
8.781896972591817e-7
4.223836358881169e-7
2.3056535859396036e-7
1.4263721278605633e-5
1.4745251332919178e-7
2.938361067410875e-8
4.507685460318745e-7
9.201770502582045e-8
6.2572265859504e-8
2.638467519296277e-9
1.7399787272508593e-8
1.3873891125213593e-9
2.0162819642048107e-8
5.349168342581273e-10
2.5206486635986103e-8
8.697523814052134e-8
1.3637300780843392e-7
8.766064807803341e-8
7.747609289564595e-7
2.0579444647390105e-8
5.016984314634432e-9
3.2146212926879484e-8
1.4028604069805703e-8
7.148795263294849e-10
1.097603977207832e-9
8.457257653524381e-9
2.0535906230811135e-10
2.354135119729385e-10
5.197877206763336e-12
3.381020528905079e-10
2.1637579581370128e-10
1.4157681883627967e-11
3.490243562330248e-12
4.818231165415264e-13
1.6621876667314624e-14
4.550646715619861e-9
4.9400936627614376e-8
1.4409314355720214e-8
1.6586715505958928e-8
2.920604834297449e-7
1.511827892951202e-8
7.972742358492346e-10
5.9219110823878e-9
9.223472202007198e-10
3.133898094602754e-11
1.845998485534467e-11
1.2999024733978698e-10
2.177665946070616e-11
2.266549801240713e-12
3.026639061851614e-14
3.330528332821015e-12
5.493547389060996e-12
5.432056415953805e-13
6.681699113984374e-14
2.378630936325241e-15
3.045022501368277e-16
3.2610528705157107e-12
1.2676704953312097e-12
9.470539643781216e-13
7.462402096064886e-14
1.3409176462629919e-15
1.8934137662631994e-17
2.8799779393806673e-19
