1.288283548491456e-8
2.9903325251159116e-7
1.8515164404988079e-6
1.2777899552528411e-5
5.47103090312561e-7
4.525784566410192e-6
2.5560345602638742e-6
1.3836511121579393e-5
0.00017748880495334867
1.3236743344979319e-5
4.4783308189040966e-5
3.671033942379142e-5
0.00012613496505071647
2.8268905630713577e-5
0.0005077640347883075
0.00038021757660662206
0.00016188521981956084
0.0012588299319792524
1.1365396650348855e-5
0.00015367487994626979
0.00015916081686819867
2.0041006810524617e-5
3.301933088739526e-5
0.00037553620574180374
0.0002182315587529238
9.719193537212672e-5
0.00012875738629057558
0.0003852673128487901
0.0002955433372715093
0.0006810084451839581
0.0008841654356154186
0.00087937763214519
0.0012690799566241018
0.00017995167241100326
0.0004582804897706088
0.00025024245116357256
0.00013992623416926478
0.0002277729097566447
0.0003612479514036554
0.0013615178728925573
0.0007633944013448895
0.000631072115455607
0.0021640734162488183
0.00042732502385934846
0.002513722875456787
0.0016441919270131753
0.0007627396935695537
0.0009116012743326644
0.0016471823876190036
0.0006760257370207394
0.003983085280138404
0.0022710145234348432
8.833846086200633e-5
0.00045151815688533733
0.0003218287924271016
0.0002749022139235295
5.279114656729302e-5
8.409915178463966e-5
0.0005136522777528926
0.0011967914546146914
0.0002556500570633416
0.00018436628132499107
0.0009545383432099173
0.0024471026171412587
0.0007095549062160675
0.0011676584441112294
0.0019060936299852612
0.0020867580115187944
0.0014240592343288318
0.002593009719923846
0.0004653192405531655
0.00021153847507525086
0.0006504210066066681
0.0017309290186635852
0.0018998879956543678
0.0019096931778881784
0.0033201465282484315
0.003055998109448902
0.0024810630348567424
0.005735176916508449
0.0020385241546013576
0.001901238599782456
0.002732089063834758
0.0034172475479990025
0.0028962065874108957
0.007647017620616129
0.0032555456907553655
0.001834234741253938
0.0024202755198167933
0.0011513792942516095
0.00033145219117882086
0.00018385591955415737
0.00031594819020091164
0.0009033247813700092
0.0021161372977360282
0.0007806346785762636
0.001355405266524711
0.003377202813454443
0.0019706974539748104
0.005565073450776173
0.002416023094457485
0.0012258015727985119
0.0021448586617598435
0.005093509658254556
0.003421347533461225
0.0181852423134503
0.007807371151986354
0.0021179624076741862
0.005686917065033585
0.0032083245004519674
0.0022505595194545177
0.0012785126758852515
0.0011887655270243361
0.004677209207066388
0.0013341735107175734
0.006299414736631557
0.0023709634245929396
0.0005748468531088426
0.0027779788686517056
0.0020044445260026128
0.0014710426438830958
0.0003445941834826953
0.0004706423627155585
0.0004681658782822946
0.0002543226287980828
0.00016796753660633525
3.1027102789956146e-5
8.978010952044177e-5
0.0006748082282030649
0.0014762764679378956
0.00036742359261883646
0.00011905929796168972
0.0008514479141470206
0.0015132058948356703
0.0007131251216054626
0.0015773736670129605
0.0019415615247674544
0.0019962825420590203
0.0011862523173172528
0.003480904830727951
0.0004868127930183016
0.00021993106890924618
0.0007419188277209826
0.0018001469936831964
0.0029210204557334413
0.0017788107258391323
0.003058637096308817
0.005057230364321116
0.002829940440704465
0.00857366824669042
0.002833986364617283
0.0019306529374719854
0.003261240816178501
0.00518666655788626
0.004222089615293026
0.01908577312762333
0.005780928880089557
0.0027557097707333724
0.003850415159945404
0.002383713684721446
0.0004554941624278328
0.00019800693758522308
0.0004724693200867557
0.001862606648495766
0.004658797187042169
0.0021062124397793988
0.004650351844464475
0.00935760317062279
0.0042416004733323905
0.018679591083023358
0.006640880407135776
0.0028570465053304713
0.006536011777497094
0.014867198483320191
0.010517577243167065
0.06587895474961449
0.01786665271124416
0.007639109473490177
0.019230981594249807
0.0076959968031437296
0.004153807620965523
0.0034184859135190176
0.004069322272194045
0.009635498056132556
0.004420785216298209
0.018955352635956536
0.005498982125245086
0.0034406813074287896
0.00856656819611502
0.005570246828798468
0.002427383565836885
0.004522644847978912
0.0035429080472549643
0.002625602564559192
0.0004629163272285009
0.00015921192662524496
7.342634754621977e-5
0.0002639726124318022
0.001011023707774613
0.007102882518963742
0.0005054164192122067
0.0016507279451125037
0.005451466582297184
0.0028102169984293847
0.009937072100015015
0.004822351140853394
0.0010311989896050835
0.0018524491585122165
0.005418383986354927
0.0030243126675838445
0.015059450800043834
0.005034474018271955
0.002551140711379054
0.005158094506625162
0.003433086122221406
0.001707020158417595
0.0008774867514865437
0.001283521228331679
0.005375659689996541
0.0020509452828262743
0.009275414064290124
0.0032947697733319244
0.0018215647062883105
0.004843254752185052
0.0030365558027227626
0.002125217404897647
0.0012980357114711716
0.0019702286361222635
0.0020714936122655917
0.0013051204377642514
0.0013084874696986473
0.0004103506680703439
0.0011201880977786153
0.006474456551195026
0.0010294584519566698
0.004616233857002354
0.0021226733407001897
0.0005555647544724331
0.0029479983473431177
0.0018698913834156903
0.001329688885863114
0.0003347933961041289
0.0007030999458230352
0.0007022706917242363
0.0006831756145622719
0.0005065843945093649
9.508455494794736e-5
0.00036970833886894756
0.000260428896017262
0.00010370254521378577
4.77016002272033e-5
4.681833263804701e-6
3.139691334719038e-6
3.269024711556452e-5
0.0002349431846180041
0.000672137752237414
9.83379583788788e-5
7.60167941413863e-5
0.0005215468834447157
0.0011967682145126639
0.0003330430160221586
0.0011460338803504183
0.002335041729983697
0.0012571791547382868
0.0020341178211625817
0.004482344068645618
0.00035478311465214597
8.667206763299661e-5
0.0003944996101975274
0.0013063157036330255
0.000553659189862592
0.001288688528754588
0.0021498729782054864
0.0017753308268196864
0.001795004003717952
0.003349762344042602
0.0005750702693449098
0.0019941270365496718
0.0023597961791605388
0.002530546077955253
0.0030628288374785506
0.007527206394240287
0.0021124872103054394
0.0019959639254761305
0.002741017053663218
0.0018372661632077751
8.82901270179494e-5
0.00010037761058194707
0.00027725312397028573
0.0015968174898154754
0.0010432969398765912
0.0011034559279410859
0.0026169311686541122
0.002066057403390903
0.002242568960021278
0.004352505326531332
0.001335851324712728
0.0018744683388903205
0.0030576279939750466
0.0030128929628533852
0.00408651236518545
0.010553151192510806
0.003453133674305244
0.0030635578071623168
0.0042799645363169
0.0029329001160981216
0.000687431632122272
0.002169887677211009
0.002373402011069186
0.002779234313403645
0.002224746937689662
0.0042413005803767535
0.0019251668468682852
0.0018099381563261901
0.0027767394598234687
0.0024592591535131294
0.0004163959518417168
0.002091675724446872
0.0012068748747946086
0.001440923072294241
0.00017988283409541415
1.174184261176431e-5
4.967274986435486e-5
0.0001917104542052891
0.0010199332036890444
0.0011784691536267404
0.00028850336227828074
0.0019920500610081096
0.0012691569587173575
0.002367568264046417
0.00398896262006811
0.0011709791893363298
0.0008102305131865651
0.00309139160036827
0.0018631973065928488
0.0031027318557423213
0.0067185027300495186
0.002181983124813153
0.0024010955381434467
0.0032855758864914547
0.0027230002384016857
0.0009502914738396264
0.0008639715660494024
0.0020150114491845014
0.0016263078040300886
0.0026580242363018463
0.004594955042513303
0.001379500966556275
0.002120036532426151
0.0028828628306984743
0.003247358358114181
0.000624039123341881
0.002346375759421362
0.001994052804476743
0.0018627060830229167
0.0008927872024086155
0.0001745155982717447
0.0002743009544538895
0.001017644288195131
0.0009766673650614453
0.001573471190580021
0.0018432390166402506
0.0009050862795680167
0.0013151906550430865
0.0018002061354006277
0.0016914551574775097
0.0003355270591856409
0.0011667428854443848
0.0015674968237728772
0.0024803872424953273
0.0002866600682947667
2.8144060604232618e-5
0.0006990350452312559
0.0016506164119291591
0.0012742425147196199
0.00022596321615880644
1.3460974353427768e-5
5.57902165075122e-7
4.028420620756617e-6
5.317284591505609e-5
0.00027110094130473433
0.000418618167912236
8.535395320721983e-5
0.0008680055345635147
0.0008899735826681014
0.0021487757922293896
0.0034545441918037915
0.001267801490196963
6.027783103517569e-5
0.0008224753437045507
0.001045652903017407
0.0018978973583756037
0.0029832521501583983
0.0012407028024125858
0.0021089587459371005
0.001967446121353658
0.0018320911305923753
0.0007663499023134191
8.395810628038002e-5
0.00028314616830206664
0.0005106487083044203
0.0011388076723836316
0.0021093668448207903
0.0008724261483674108
0.0012977418414034413
0.001814570252206224
0.0019011504750477953
0.0007975711492174627
0.001147234699350718
0.0016022247788608007
0.0011935100648129567
0.000931022646195378
0.00038513085321188306
4.833102518958442e-5
0.00016507495202455744
0.00026371081979878344
0.00026738774741104604
0.0004610546574591858
0.0003192347070387674
0.0004082840350399611
0.0007591337154122903
0.0006379239417191473
0.0002126231661843535
0.0005109615871856013
0.0008803609364981255
0.000947229467499571
0.0003726864433513421
0.00012662229176604644
0.00023826153783659452
0.0006585006309175296
0.0005367689327269052
0.000384756295042033
0.00018702486795382534
1.392491205009604e-5
3.6204387732732474e-6
4.3545886219714974e-5
6.953599303975893e-5
9.449131147414896e-5
0.00017687497232370139
0.00015954629200577383
8.699540774902881e-5
0.00020839092695936276
0.00019974963675914537
0.00011810092746045399
7.102980010985984e-5
0.000117167847728237
0.00016087462725325515
0.00011646628243097475
3.375119004157922e-5
3.183545793671946e-5
8.741942537406254e-5
8.224735690570737e-5
3.182841265497795e-5
1.3685425933473169e-5
1.9974018357126704e-6
3.1558621165104347e-6
2.912441811116808e-5
5.13334004405238e-5
1.9464439622551425e-5
2.527753899637419e-6
3.1802469934191066e-7
1.4950458734050877e-8
