5.116496180836332e-9
7.15082206606361e-7
1.3368774024727806e-6
1.4149365523235944e-6
8.251746370985496e-7
1.7716964171143352e-6
1.6797098340288185e-5
7.649417848921146e-5
8.229644487805546e-5
5.679274489408308e-5
8.906542358952206e-5
2.5959686396315928e-5
8.966187307624492e-5
4.551426144667908e-5
6.674690558521465e-5
3.498935727967585e-5
6.585051061964962e-5
7.395444633278383e-5
1.91351229368169e-5
6.721034792930473e-5
3.266255085788734e-5
7.079297770800724e-5
0.0006173923362771051
0.0006072929080275712
0.0005351740389080473
0.0005438894580006371
0.000639824978787951
0.001869430961622171
0.0010333767194993227
0.0010878023021975284
0.0007499142021774745
0.0015613589341540279
0.001703691181804366
0.000475221828795378
0.0014500462513000985
0.0006393342584396788
9.306535282028718e-5
0.0006336065043073058
0.00048340899438656555
0.0006405714419899254
0.0005954863722475232
0.00142817395898102
0.0017845960437555411
0.00043710135425169744
0.0012475478699126852
0.0006562739434943586
0.00012456526108033588
0.0006001696684958298
0.0007075922726436136
0.0004847161506888167
0.0013809355055529433
0.0007817771800445175
9.897566139046654e-5
0.0005265919534528432
0.0005272485878675005
0.00015231573126184012
5.648400553057667e-5
0.000941368620170646
0.0007045396071849109
0.0006765891992183845
0.0005743322557178821
0.0019567351805197634
0.004094772783040924
0.003135441622393633
0.0023862776726650556
0.00209619229326997
0.0044633042694621275
0.003528014350887113
0.0014453051566278945
0.0033883833462984695
0.0015056369804729692
0.0007469150308051371
0.0037953348169194765
0.0033827388943648445
0.004464714886175317
0.003735249951403245
0.01133248317610003
0.010973441105910147
0.0037257813490575043
0.007655283057804276
0.0036751664125723683
0.0008766476923017334
0.003755537626173938
0.004458194929454827
0.003747369614909814
0.00972472753863302
0.005261020772103584
0.0007761181595516718
0.003620162692500592
0.004244036830919457
0.0005226190199350408
5.481638488480977e-5
0.0007245927396796114
0.0007508572358645645
0.0008398168340847445
0.0015293709201610946
0.004222088102453711
0.00490024099707763
0.0015853078362463083
0.0039218786304900085
0.0026703203283748177
0.0008035652245254773
0.004400942692996664
0.00526576797137628
0.004123948340731454
0.012375092227824739
0.010777788029500437
0.0007364259568495606
0.004230381344721689
0.0053349403200901105
0.0007931597763665586
9.757935849670439e-5
0.0008724711871985375
0.0009132446017874468
0.0017738651603618814
0.004269825496495269
0.0026222809916275434
0.000856117156739476
0.0036466672472042997
0.0037907097191619992
0.0006612783930586419
6.86905441824327e-5
0.0006784645333391782
0.0015376632823883968
0.0006422535707196806
3.294964305671584e-5
8.56884493873147e-6
0.0002470057208476294
0.0001706515607877386
0.00018240020823568273
0.00012625416128201914
0.0008814485651219188
0.0022069001572427357
0.002084684523102103
0.0012556469080483492
0.001098784511285904
0.00264715791454636
0.0015486883607893499
0.000905807739696045
0.0017266670638842936
0.0006659884824588882
0.0007609457629021583
0.00471864639663391
0.003369942079658083
0.003957657034572048
0.00464596952919472
0.013380827718855529
0.009292707517464251
0.005701897189539956
0.009165801672524971
0.0036195507297772985
0.001027414921701273
0.0055153667822150036
0.00411739328130876
0.004849672283091714
0.009411294841778741
0.004264487484795966
0.0012502385565021144
0.004407573202536559
0.003600655238626955
0.0005265717307310451
0.000164209607407453
0.0022271754021613538
0.0019872954081276008
0.001965752429520111
0.004472258595166165
0.01120692258669767
0.010452241018975928
0.004552710630439709
0.010282183382261495
0.004315058160715188
0.0021012197000906084
0.00997669779253231
0.009778422711685131
0.010155457840016943
0.03678488242132198
0.012405451284697541
0.002032704112695803
0.009335183784491443
0.009586288939780597
0.0014129896351299735
0.00019059520890367602
0.0019560884469823
0.002071517663160396
0.003750290209279764
0.010022538652639813
0.0038933992804131043
0.0024168092503067296
0.00895178620895016
0.007665294827294602
0.0012182142466261275
0.0002208779968104618
0.0016665298250947158
0.0033141696888399127
0.001433624762857213
6.739323738553252e-5
5.633382138193004e-6
0.00015011740425858075
0.0001510989346307725
0.00019189603239524645
0.0006999610790188114
0.0019358122756181924
0.0020062706923051035
0.0007546685298438921
0.002062236151315701
0.0009000316460545376
0.0007864174017680136
0.004766458661954624
0.0032120234205275035
0.0035388722578370475
0.009613769725697548
0.005337338774734711
0.0008046673046362661
0.004148152144840414
0.0045805352642845085
0.0007345374597228949
0.0001964740890431665
0.00210140299138417
0.001999750333647562
0.003681053349792306
0.010396212139745488
0.00496052903211836
0.0020898850181573624
0.009274772782884752
0.010921116148901778
0.0018020253931445036
0.00015142739243493742
0.0015466822366167294
0.003559744813949082
0.0017408338259535935
7.5274018171403e-5
8.318379503196205e-6
0.00018958159987147907
0.0001944520654591065
0.0007308064809965195
0.0019767690507731706
0.0008128399260017526
0.0007328747442935868
0.003967043722946127
0.004294844322465819
0.0006214549720314846
0.00015704266298886217
0.001239691492706964
0.002340445676860488
0.0010778713941978497
6.641553592472252e-5
5.98887570165919e-6
0.00012626031607489236
0.0005752595464281726
0.000535133906346617
8.764518130634234e-5
1.7536390588610306e-6
1.9129715002739507e-7
8.796094939990113e-6
8.531548536221633e-6
8.187124704353212e-6
5.8970146431221535e-6
6.859593657675017e-5
0.0002257037858404679
0.00021970730245505734
0.00015686273736876277
8.881854431034246e-5
0.00025846348558362513
0.00015153961863509255
0.0001254697472275095
0.0002210937392253376
6.878456048359138e-5
0.0001423655676461933
0.0009186150075247342
0.0010107599890276787
0.0007337972367937687
0.0010459037116133667
0.0034357971494418747
0.0020737950840591345
0.0018246109994954588
0.002428980714440444
0.0008648835168347366
0.000258689638779721
0.00176570998384959
0.0008059071145798715
0.0016183540807146255
0.002010034474905678
0.0007139627911232338
0.0004112672012562924
0.0012437415199981544
0.0007690004866384525
9.869897106523293e-5
6.430434175563005e-5
0.0008803393784107973
0.0009867697651255382
0.0007306454556975704
0.002115773420381217
0.005528801283077796
0.0036725710325190147
0.0025673576225748477
0.0038334170705151913
0.0018091144610967139
0.0010888497175211124
0.006354245824808337
0.0034688553437510123
0.00735548087850839
0.00994698301411233
0.004035856502820552
0.0016246413844506395
0.004819834552393542
0.003847803820731826
0.0004857316973783229
9.501949596071649e-5
0.0010717543178718478
0.0007479009957334237
0.002495047316804295
0.0045448713469250805
0.0015957265026382964
0.0017651009676650578
0.0055829164680849235
0.003700631144150832
0.00043282371693008977
0.00012281227685595968
0.0009144314257082334
0.0014583023238864293
0.0004806077380986794
1.9394433207272322e-5
6.955165716296451e-6
0.00019552977103351203
0.0002578842042720692
0.0001948650660041312
0.0010111649086929607
0.0029772374571247584
0.0021608635030961713
0.0010882743869736714
0.001997334571487468
0.0008664289435253155
0.000840107291341189
0.005248885492716748
0.0048541369195005
0.006376010612729547
0.010086120201817574
0.004446214148279749
0.0017348771501736924
0.0056214475597466135
0.0038490738842250835
0.0006087462250460176
0.00020510128410811154
0.002937704472498055
0.0019486385356191319
0.0054062394098482736
0.011074834780032992
0.004169920975729358
0.0033101390768239445
0.01318908272058311
0.011219952268187273
0.0014254563386819452
0.000258486109605354
0.002688555755912965
0.004495707420252714
0.001582332596208696
6.722629335957917e-5
1.0828489924526375e-5
0.00024559277090554956
0.00014931264142266089
0.0009719166868469503
0.0019769810500495544
0.0007558080588351056
0.0010268910890012114
0.0034259932336678897
0.003362697318525526
0.00048635510380243887
0.0002222191243140166
0.0020783286681115704
0.0031083404807970786
0.0010345353342792356
4.557326816356573e-5
8.08007075249861e-6
0.00018219665601259806
0.0006721780270512937
0.0005340733464301445
5.7245183446702786e-5
8.321977119308584e-7
1.8822550917629133e-7
1.052921112710106e-5
1.1617630383517275e-5
8.581965070593484e-6
9.749649000549013e-5
0.00021366202667898589
0.0002004552507182867
0.00010049170204019338
0.00020104640628292297
9.939115678394012e-5
0.00016683208796242739
0.0008551160077221045
0.0007852107064610516
0.0011147470384346354
0.002135648129644141
0.0008208426098114081
0.00026632614734988495
0.0010703868137294124
0.0009290919711621608
0.0001277937602124808
9.506866128085152e-5
0.0010076779191795766
0.0006990866455613539
0.002106859812905616
0.0044656288620847345
0.00153193619834322
0.001032762412180567
0.004799296464535519
0.003889901466957308
0.000601375058765881
8.992083362301973e-5
0.0011333237467193147
0.0021627126089373483
0.0007721352884630979
3.631008751495046e-5
1.0349025000702751e-5
0.00019479681137143484
0.00014986794746964588
0.0008853851981217581
0.0022339520439457194
0.0007108044695701146
0.0009288273133676472
0.00468631267693619
0.003717418844276974
0.0006236039530393621
0.00022903773796319917
0.0021630500303776645
0.004069994219787597
0.0019295253382917476
9.229390375462411e-5
8.635021128501129e-6
0.0001702597107236817
0.0007166670712208804
0.0006107998455182676
8.306983779653396e-5
1.4276302583026207e-6
1.869187566036351e-7
6.925611879736714e-6
5.686242455381619e-6
6.375360825528736e-5
0.00016455411336433923
5.285635100748328e-5
0.00013937595758715441
0.0007470027415185479
0.0007396425137112188
9.206126931991656e-5
6.731282802301044e-5
0.0008669147577944742
0.0019399758549915585
0.0006391405409778735
2.6081750164575657e-5
8.524741014948487e-6
0.0002408801173174372
0.000942002283456542
0.000626277501845753
7.617831304173453e-5
1.3097505138719193e-6
1.8382590011782578e-7
8.330730080817147e-6
5.7099018424869354e-5
7.389724225381212e-5
1.7270129233425626e-5
7.241988635371842e-7
5.141308617255648e-9
