1.082020182418297e-11
3.5745101519295644e-10
1.313913375421353e-9
3.940006336821486e-8
2.453284942992666e-8
9.17465643481426e-8
3.385503965888787e-8
2.0670391519938097e-8
4.222849358194249e-7
7.318501417365245e-7
5.541112848165887e-7
4.0749617675741253e-7
1.2103088121769645e-7
3.907244099801202e-7
4.4064778971204835e-6
2.8206421096872066e-6
9.026409551130886e-7
6.4347605201999605e-6
8.257538310376556e-7
4.902757213831322e-5
2.7107417888544438e-6
8.864097210070745e-7
9.512609332335241e-7
1.5581118353671903e-6
1.5991035130444902e-6
8.930747412813419e-6
1.5151992306835484e-5
1.871226420112079e-6
7.545692444524204e-6
9.686463133911186e-6
5.2573170142827275e-6
1.2070200501118439e-5
3.7671470291079286e-5
1.5482179144984215e-5
0.0005068516699341385
2.271215904465473e-5
0.0001266362290283857
5.422498191724891e-6
7.743523601787763e-5
7.664079506239922e-5
7.1828282774610875e-6
4.63393020108628e-5
0.00014658857409739076
0.0004302997424738596
0.0009757557592330969
0.0002032812385199703
8.943733475792222e-6
3.210177216069838e-5
9.897739265979396e-5
0.00011169999363737339
0.001304290509900178
0.00039765365295152427
1.598020257055415e-5
4.134170218708873e-5
4.1123449883963896e-5
7.325901885068638e-6
9.545940548001272e-7
1.4457500828845673e-5
5.375418706613549e-6
6.6805205369840115e-6
0.00011852200294259865
2.4833983475831627e-5
3.630131736780366e-5
6.005727534020563e-5
7.128880214404257e-5
2.7176067734483473e-5
6.0561829969563086e-5
0.0005297840279390975
6.85637971953813e-5
0.000539597976245491
2.2886786346427518e-5
0.00011383878281228592
4.082267512176177e-5
0.00022919032237950037
0.00033919458826834703
0.0002218265172807823
0.001446086030236698
0.0006719690031958648
0.002305251170822806
0.005169061277872519
0.0004479099274654591
0.00016629664196616493
0.0003487086567307225
0.001212748317635396
0.0006008630021995375
0.006932694981235458
0.0009445092220224175
0.0003410574210165761
0.0008979990096834712
0.00013165103747130282
4.384683013512005e-5
9.787189176204134e-5
0.00020642739181825492
0.00010292164679024614
0.00015298937098452478
5.3754906692596885e-5
0.0006006674486845749
0.0011399445689691111
0.0003442794017858628
0.0021482334467324256
0.000318911139990809
8.211245220350217e-5
0.000551859975516386
0.0025632206455177982
0.005721347257966704
0.03583217906764111
0.012400160920813703
0.0013333101303224708
0.003591611099984948
0.000935539253286468
0.0003929238306502007
4.124070136668049e-5
0.00011467303599989899
0.00039265800379155344
0.00018536030529639174
0.0020007392914027414
0.00031523439781354747
0.00019863964490675608
0.0006692271513528617
0.0004560070418182847
0.00021468026325024845
2.818548001664982e-5
4.651780393756229e-5
2.2011530269183445e-5
2.3420028068025998e-5
2.7352313014592338e-6
5.242810599839824e-7
3.9154915504420674e-6
3.100304504137908e-6
1.2145524290843928e-5
4.056962228310439e-5
1.1506197996100785e-5
1.8013438045069437e-5
4.188788482870554e-5
0.00020962456332431756
0.00022303299735846412
9.811607674598437e-5
0.0016052329919681407
8.141070534346073e-5
0.001383741644590245
5.062779727502507e-5
0.00010397991135558044
6.399064014788818e-5
0.00026414489183984927
0.0005246055266519496
0.0007589542223378798
0.000602541297911261
0.006550986828586649
0.0016188381839202792
0.0076404164773598016
0.0006546553362228925
0.00026192756072815403
0.000882517464309624
0.0023808081291183257
0.002256142591805677
0.04499382908452409
0.003767703165108864
0.00032249406792316676
0.0020259428426772754
0.0008883218987120665
4.002189174211533e-5
4.4653903756860426e-5
0.00013171970890661026
0.0008427228328665149
0.0014484998899972192
0.0008151655541419379
0.004123173362004854
0.007733728762076892
0.0021890569346350443
0.046247780103679186
0.002008129873194862
0.0014500133688511035
0.006148441582773002
0.04627667685810348
0.02905098771040788
0.27536866437499835
0.03625355829013982
0.0075351354647378
0.045309989546693644
0.00717138413361624
0.0013216855557589237
0.0007804759126518329
0.002874763837235113
0.008896334576555733
0.001879645434166692
0.04728755646208825
0.0022385391271303027
0.002448693293602649
0.00768404489455387
0.005503083132401943
0.0009515277403117713
0.0006384411185663946
0.0013657565247765387
0.0005485431559394353
0.00046588773959920735
4.568623635161056e-5
2.9084323533282465e-5
9.883083320777139e-5
0.00041238168087455164
0.0007261812683720813
0.0003277300058090076
0.000633098916630265
0.0027093123290625482
0.00043941297185689376
0.008699389427587209
0.0003987452563866461
0.00011252661825486359
0.0007023683709274632
0.002152257295331646
0.0032320229034277993
0.044886653661546316
0.0025089747585247974
0.00039202815764717954
0.0023863945776091597
0.00114740334534476
0.0001039907935152884
0.00016336125918880976
0.0003094063681676446
0.0028945772600445646
0.00048390112935372165
0.007692136650753424
0.0010563431189766158
0.000638770705100362
0.006276086119043887
0.0006403855957051493
0.00013403404088151874
0.0003333458872446067
0.001660665348592752
0.0005434496439356236
3.644926266758288e-5
5.6909164524546974e-6
0.0001856706120179364
0.0002280381452505204
0.0007428825752547287
0.00012228742203990487
0.0014263389838071801
0.00015518118131377932
0.0002517753350713563
0.000518093408646254
0.00032718080753935065
7.164214062639371e-5
8.145973376790724e-5
0.00021272653179815867
7.324292864826786e-5
8.962801457433085e-6
4.9308010309410485e-6
2.5839031785510253e-5
4.071732560405741e-5
0.0001393489777076983
9.926824452878586e-6
7.077270674563946e-7
9.752544097214592e-8
1.7625555342998343e-6
3.416950053584474e-7
3.7633796637637394e-6
1.3979280175242906e-5
2.7702971032121817e-5
4.3108011269298215e-6
5.500821325369266e-6
2.37637689344774e-5
7.94893316540093e-5
1.5702837634261157e-5
8.14262784211874e-5
0.00032060583364598396
5.6495362408269715e-5
0.00064968369849765
2.6622265763581274e-5
4.849841367527549e-5
1.0406465939267114e-5
0.0001550864831829775
0.0002433818637934613
3.248238357616288e-5
0.00024576733610421616
0.0007049398267927637
0.0008416591518221458
0.002310123867162351
0.0001958893192885036
2.4169618780051736e-5
0.00013130659149704693
0.0004085033852147802
0.0009139112935767966
0.007387226113775122
0.0015240717943731364
0.00011557586038104697
0.0003193652351563198
0.0003447506886326309
1.574060694207021e-5
1.855335426005392e-5
9.418105374313048e-5
0.00011098716089180129
0.00011244532566407042
3.353724476197973e-5
0.000376563360766236
0.0005287574041133412
0.0002845417160864109
0.0018037764939636898
0.00018357659299406078
0.00015854319197567424
0.0007928511784896875
0.0032354172624475866
0.008523167679780142
0.02728830691618428
0.0055064167917728574
0.000884738253533769
0.002148118593097165
0.0005932969874814395
0.00010682161545026105
7.048529961667061e-5
0.00021186346001237513
0.000444747042281863
0.0002988845240842056
0.0022258352121770843
0.0003397165565057485
0.0008144191955917492
0.001552760323490533
0.0020636642694080594
0.00040699625928036244
5.5581033717451827e-5
8.321476189185158e-5
6.596038479558083e-5
1.5151984586934792e-5
8.39303046088524e-7
4.751004380313316e-5
6.900593728732523e-5
0.000543439355803121
0.0002534568751791664
3.1110110829519877e-5
0.0003269884629931439
0.000289459662245754
0.00026096217011509286
0.0027691855054711063
0.00010922018078830047
7.273032263188489e-5
0.0004271372968010924
0.0006720508848557995
0.0007424540671535056
0.005911436192190234
0.0005224765390014675
0.0001311880276245657
0.0008973505453480198
0.00030781040642296396
3.276864518046362e-5
0.00011186452993193004
0.0003266525780590975
0.0006393971749006631
0.0003918467382865681
0.0040980244633098415
0.0005969525034578722
0.0002809885288392147
0.0006292886789580248
0.0009898502472007796
4.251091541492801e-5
8.891386295538014e-5
0.00010554057629120404
5.6506327943637284e-5
1.0812792076660286e-5
9.588520432653174e-7
0.00011769975577590701
0.0006141174237121573
0.00039967343738133
0.00011202867013977584
0.0008766292957151537
0.00010683371483336557
0.00014569152048384015
0.0002443084905013778
0.00022648174222138098
6.844596951529217e-5
2.514441410299379e-5
4.998469778188124e-5
6.130025283778565e-5
6.859217152855485e-6
3.7672546014818826e-7
1.74577265478612e-5
1.4718752684912214e-5
7.386686492930253e-6
1.7677042027183464e-6
8.855515665870509e-7
2.910416715051771e-8
0.00013217608928008082
4.065117017829343e-5
9.928838727414994e-5
0.0001961032197949052
4.1408565022739934e-5
9.717936350073018e-5
0.00016083643424915086
6.883853565407945e-5
0.0007051217626188479
3.9193095306684774e-5
5.998659657640237e-6
6.836544109132305e-5
0.00011993821663562414
0.00015428892570038937
0.0013831645143765265
7.316043177887783e-5
2.361588949420236e-5
0.0002735116670795247
0.00017550853768747723
9.242221135587585e-6
3.703289740307239e-5
3.139512379208108e-5
0.0003590046793099517
3.3023436420180104e-5
0.0008470896906337364
4.93905302195262e-5
3.2150757274418095e-5
0.0008130906006415995
0.00017443584513390995
6.52609432620254e-6
1.4918755149645635e-5
0.00023446268224926365
2.763014874884952e-5
5.515420902459179e-6
2.782364919373252e-6
3.587670347131934e-5
6.459670223537235e-5
8.915351199442544e-5
8.37135297586643e-5
0.00013037027336509403
0.00016696791502478404
9.965336645739026e-6
6.602826262750934e-5
3.416702404451375e-5
5.004920554028611e-6
7.499920961437242e-6
1.8886818117593024e-5
3.4990573629450766e-5
1.8394959464529371e-6
1.2323154400029491e-7
5.894664993408904e-6
3.0821651397303645e-6
5.069192975253279e-6
1.5271528344296756e-6
4.008462768700889e-7
5.128514986672332e-8
0.00011172719075614937
4.302626431816202e-5
2.6837818271815456e-5
1.586699987615523e-5
3.904575780217828e-5
6.651101102913176e-5
2.966741273588334e-5
8.497045277859854e-5
8.720887465948347e-5
0.00011399323980697189
2.828326379614009e-6
9.821261677101804e-6
1.6297727402613712e-5
1.3047503425651415e-5
3.699256835528206e-7
3.2536754019871724e-7
3.8018697842599193e-6
1.5166890469287942e-5
9.373308363097262e-7
1.95221251054238e-8
1.4742379177788866e-9
2.0261383905378656e-6
5.245283648113318e-7
9.498203872269983e-7
9.472033335628564e-7
3.6430159365876825e-8
3.778792621400864e-10
9.979138711434065e-12
