7.361297049355666e-13
2.461517942104488e-12
2.516728829766672e-11
1.365826287421494e-9
1.7675397202849906e-10
2.617830334482017e-9
1.493723166180078e-11
1.2569181143447814e-10
2.9844286265632975e-9
9.982255584121355e-10
8.375844915966616e-9
1.0405597954009073e-9
1.5911725759281485e-9
1.7462808658354923e-8
3.358790437953928e-7
1.2218098799882122e-8
1.1399988368748613e-7
1.345088883186703e-6
1.664279682433423e-7
2.8369953666375037e-6
1.8442900694188135e-7
3.8624240470114566e-10
3.0478413653506442e-9
6.80220084601891e-8
2.708629633688767e-8
8.883495903119952e-8
5.8034813166193376e-8
2.544498088079323e-8
2.609522239550541e-7
2.4039448616101843e-6
2.286472074339924e-7
2.364953646208941e-6
9.913739154634028e-6
3.412947740259736e-6
4.531563475422463e-5
3.4051616470478878e-6
4.278512581302672e-7
6.633810950204087e-8
2.7777480677583254e-6
1.459510056004813e-5
5.475434474832004e-7
9.645921752008813e-6
2.348503350996046e-5
0.00034059035140931304
0.0013808698456303206
0.0006031567043060647
1.1136861943444685e-6
3.104302419492061e-6
2.869764032127484e-5
3.299106606793492e-5
0.0005081469105158661
0.00010856287029229553
5.387309016556469e-6
1.763553576418514e-5
4.218607547049232e-6
5.739820982526954e-7
4.163413519131115e-9
1.97188713289827e-8
3.490614748726056e-7
4.5979893376575465e-7
7.253012062971266e-7
3.506770294301853e-7
3.4439164224281894e-7
2.735818872656401e-6
6.200555148466741e-6
1.6828837301762422e-6
8.38656465610368e-6
9.55786268797189e-5
1.086824649942165e-5
0.00014362047088844245
5.027822714976554e-6
6.092059494002448e-7
2.1618342303431306e-6
1.596089951253281e-5
2.4636131566013573e-5
3.546417076004501e-5
0.00017983720470718162
0.0002025911441505443
0.00036225495064343724
0.0019790852516228955
0.00034266402947534335
8.751252714222111e-5
8.089084616604213e-5
0.0008385839143412845
0.0002982461515766358
0.0059984586125014115
0.00041853390836200596
0.00011565605079594984
0.0011185454857878573
8.843192873454707e-5
3.916289781307002e-6
5.53820351387801e-7
3.7470806846062277e-6
3.6827374653217885e-5
3.7163824462119963e-5
4.431535158884788e-6
0.00012075730957234607
0.000657304807625974
0.00012634570111274372
0.0013626646077573349
0.00015127434889609156
2.1707782823111307e-5
0.00032708340352247556
0.0018445995131864729
0.005572283372899923
0.03484135410533248
0.008541749668593597
0.0007401109671995728
0.0021322620204882814
0.00043291459700955996
0.00011376778561421501
7.643907168535911e-6
2.4984663713547877e-5
0.00014932146261817557
8.522509420488974e-5
0.0012856194964979617
0.00014997740084422273
8.472166250275614e-5
0.0007741387094077826
0.00031894768476873703
0.0005437920273029639
7.348542134194542e-6
1.9546240679159737e-5
4.934234020632836e-6
3.2144741010494204e-6
1.612564284813544e-7
7.327257662660415e-9
3.631837770186321e-8
5.255805440104272e-7
1.6082081281906038e-6
3.6003961644126274e-6
1.2881820057897417e-7
2.099099253639799e-6
7.050313086205283e-6
4.666222500973331e-5
2.6154837852988907e-5
3.983991123901524e-5
0.0019310657764542755
3.073588360760022e-5
0.0007765351760143736
1.9324635783508414e-5
1.040399350070498e-6
4.701468160821144e-6
4.927414000747352e-5
0.00016519818906042313
2.2007338749575504e-5
0.0001986829796066267
0.002278742530767962
0.000723548124876707
0.005783228726894326
0.0007669865919304054
4.193753358144427e-5
0.0006999013988712836
0.0014725512889427945
0.0016011142550781045
0.04652173346283287
0.0021061772261682203
0.00013568876900792737
0.0013177843676667926
0.0011529511336496817
1.7729940552637895e-5
2.2876378785018267e-6
2.281215623294186e-5
0.0009598880551187031
0.0008041171923450916
0.00013127743705254632
0.0022217208335935327
0.006514559024306018
0.0013956567427853338
0.047920311942699384
0.0013235761929608725
0.0007438406877557119
0.00654900403888572
0.04741855058518874
0.034859689508456665
0.37458165569206797
0.03617592705370884
0.005706230446503845
0.046865163971779686
0.006162784325644714
0.0005170478742787268
0.0002844235386819552
0.0011769676784745633
0.0062557927465342195
0.0012419238015500484
0.04682598884309773
0.0013842810416252126
0.0007952185031579213
0.005765436960285776
0.001893005819145468
0.0013650078134647744
0.00029460951915359423
0.0007777773035176719
0.0001495882784100096
4.213203616202702e-5
2.680248037895973e-6
1.3122464029321186e-6
9.730566099037774e-6
0.00031477507891755207
0.00029209368710663553
2.9942228841887675e-5
0.0003630776675395475
0.000973614697833085
0.00018376935045917554
0.006585078053660742
0.00015269675321239506
3.743892052407826e-5
0.0005916298793177396
0.0014577410234010934
0.0021626987269499007
0.04555228850214485
0.0017740982586516348
0.0001645913529230973
0.0014833560721547907
0.000904156954407832
2.7309414426829912e-5
9.806671469947128e-5
0.00029688981872022047
0.0010671376660692689
0.0005115002505832411
0.006376295479041881
0.0006483126912696722
0.000249491635942872
0.0023420075436519313
0.0001893067985686412
2.2406860273991514e-5
9.27794187249183e-5
0.0017954419498256837
9.306877556682467e-5
1.0199723665218356e-5
1.5991771560986518e-6
3.3223618840702075e-5
8.489255054577387e-5
0.000296946875886224
3.2793284749855195e-5
0.0007798126266600325
3.676012367319106e-5
2.1086589376544074e-5
0.0001760610496532763
2.7372919357049174e-5
1.4429605981887665e-5
7.99222713758715e-6
2.9358406179920264e-5
4.6025052609566555e-6
2.30260727431293e-6
3.1192355672544305e-7
3.240562692915733e-6
2.846516251236856e-6
6.929825141564809e-7
8.332438328729192e-8
9.199473452810665e-9
2.362602721069879e-9
3.3815268151546696e-8
4.4416843240976585e-8
1.2062390463558264e-6
9.997442637724084e-7
3.0636434845240444e-6
2.029033526377334e-7
5.400299246362206e-6
4.385351223370502e-6
1.2875208341187704e-5
1.1615302461578224e-6
1.9246749183511694e-5
0.00015628755862902207
2.072228404866237e-5
0.0003043646903852524
7.363857051391553e-6
2.5922914462021248e-6
3.2881008969452106e-6
7.702756613379457e-6
2.032488983837343e-5
2.9300708011316014e-6
6.287660576467285e-5
0.0002940888946972889
0.0002830299997496952
0.0007988301632220132
8.389899869030998e-5
2.9595381361479776e-6
5.066451693991528e-5
0.0001689955862559734
0.000506423972313705
0.00571479971039152
0.0006995697747889354
2.5167205784987966e-5
0.00013692597626538652
0.0001243655258936703
5.083784874147648e-6
2.1169289262626646e-6
7.674771156117785e-6
3.6164393954993e-5
3.253283820478327e-5
6.109315435451324e-6
0.00016738559092460548
0.0005109706467570444
0.0001710251913051217
0.0012115164367383546
8.817610808227886e-5
4.265155214445648e-5
0.0005344907496837157
0.0022749668524179945
0.009043803470652235
0.03320737963304996
0.005646681998947795
0.0004939151879631248
0.0016189669737187527
0.00031125744038167216
3.4171225079515886e-5
1.5052590983483118e-5
8.518134918451325e-5
0.00017605643284493007
0.0001650648346560292
0.0012731136446180469
0.00012230748749558683
0.00025354965655453236
0.0006851738986515933
0.0003988671169183077
0.0003211300708876412
1.986159662522505e-5
3.078415282591163e-5
1.1086739895401885e-5
3.3264385889304672e-6
1.2844954748469863e-7
2.7064920913758997e-6
5.893824229027513e-6
0.00030655514929989197
8.52312499087615e-5
1.2334345105166121e-5
0.0012243102463097306
0.0002601805123261456
9.505347432186176e-5
0.0011345724381158285
2.5911932559973426e-5
1.524873957722416e-5
0.001128908855078998
0.0005147530431843804
0.0005175296809233723
0.005713586945311011
0.00032124278597803007
4.5208891740246354e-5
0.000627505882407991
7.956338930722605e-5
2.978251876664446e-6
3.459415728960622e-5
0.0011779897752811506
0.00028486622635886925
0.0001790821182666846
0.001953871016119198
0.00011857247756214585
5.68922946464696e-5
0.00019080016266937502
0.00018085195718840159
9.342953036773353e-6
1.6797718310814575e-5
4.480237857905825e-5
9.067278241477943e-6
2.5119352203760224e-6
1.1917368042172938e-7
1.6823659112334916e-5
0.0003282348852214741
0.0001467726714707317
3.491892868063526e-5
0.0009174719595252364
3.606706905766546e-5
7.85139570492659e-6
4.792850322677428e-5
1.5460067356159923e-5
2.8833163501904352e-6
4.967630147153511e-6
7.568980561838205e-6
2.625629512200675e-6
2.4997369041722455e-7
1.546920007833304e-8
1.161528307434307e-6
1.6368557846386e-6
4.6911295017627767e-7
2.7433048261080678e-8
9.917643018514608e-10
1.7091512354889878e-10
1.0357352338212513e-6
1.3203769981060251e-6
1.4392417459626645e-5
3.030200628699788e-5
7.036514412561057e-7
3.36410252684436e-5
8.451976459838074e-5
1.4866960869109354e-5
0.00029928981264403014
7.379418996070689e-6
5.125151010684277e-7
1.538441084550966e-5
3.2578148401127574e-5
4.1297619694740355e-5
0.00075376263330354
2.1735808138488662e-5
2.9426983730148147e-6
4.690461631770876e-5
0.00011879398103586305
1.3550931640833814e-6
6.839495538353523e-7
1.1619166184114267e-5
2.3894955872959627e-5
6.197443204645087e-6
0.00012653107634252278
4.320237892391554e-6
2.8644305099187263e-6
2.1486766673044007e-5
4.6847828282222e-5
6.205250553452593e-7
1.081587977539757e-6
2.0967763026753225e-5
1.6861078817496626e-6
2.5736210393344823e-7
1.3859214601432825e-8
1.3267830015965528e-6
5.928992092750941e-6
9.05770349452454e-6
6.8285236258355366e-6
1.67217809880219e-5
3.0266056090243745e-6
2.7385682198229805e-6
4.179092690141886e-6
2.494985376509527e-6
6.76812585937717e-8
4.41272511906775e-6
2.0929740956763184e-6
3.4925812103904515e-7
2.6912961969263426e-8
1.6767292166097987e-9
1.0711172232119748e-6
5.49747932213433e-7
3.705338577612595e-7
6.862606239301694e-8
2.9806792526637725e-9
9.376623211292513e-10
9.53849237812581e-7
2.3997669660671283e-6
1.2030022442511572e-6
1.7273575695657554e-6
1.6778296276108281e-6
5.432403974157635e-7
2.2114940385012606e-6
9.413365083720869e-7
6.352407321304532e-7
4.180635833158227e-7
1.8237592312039248e-7
1.307011386868601e-7
3.2206491046999517e-7
5.7092814349918536e-8
1.0072034278134744e-9
3.573158032549446e-8
3.053413672377597e-8
1.832839595413758e-8
2.7704951523596402e-9
1.2133245249837754e-10
1.9360710161131954e-11
2.6033035394893877e-8
7.207325609463351e-9
3.721581642281054e-9
3.541133522754063e-10
1.3762483526464195e-11
2.1143709688711997e-12
7.115055930218467e-13
