2.8449874827847725e-20
1.612782281692176e-18
2.603634523460814e-16
1.7777817675312588e-14
8.298439304284323e-12
5.248220476095143e-11
1.078405381714552e-17
6.330807528023968e-17
1.662319007011687e-14
6.785262669244964e-13
3.941385248564091e-12
1.086043886545699e-15
2.670592303310804e-13
1.329830805029001e-12
9.382126023187353e-12
3.047757048995156e-11
1.971187970484749e-10
2.791123547354796e-10
4.393030300244227e-9
2.4450489809841042e-8
1.7049979704432148e-9
9.266662921457573e-16
2.6662078011560437e-15
5.370650901911644e-13
8.773150744871744e-13
9.408960596109274e-12
9.52454794545393e-14
4.551466896187675e-12
8.539096833972072e-11
5.677735257702673e-10
2.664799642380459e-10
1.955642834614741e-9
9.09899321557474e-9
3.841002316996471e-8
4.2885424716993676e-7
1.757631962338265e-8
3.188690242610901e-12
3.398419630964692e-11
2.1712606132237402e-9
5.039956728172063e-8
1.5138588533645206e-9
3.374112647401586e-8
1.5530400675009545e-7
8.699497490211123e-7
7.3881375928431675e-6
6.651471797626905e-7
8.475027510030598e-10
6.787983210854543e-8
1.0432742759255124e-6
5.811344478909008e-6
6.270834485552352e-5
7.18079352594836e-6
8.16315799375452e-8
1.629858167122892e-6
5.592747873086992e-8
5.906447497451087e-9
1.2613928488447982e-13
7.898230328136432e-14
2.4855400395380002e-11
1.1497078836986912e-11
7.421726949594377e-10
2.4589532002505246e-12
3.8661501209353764e-11
1.2006680663125296e-9
1.25118292821104e-8
2.701873892970085e-10
8.518635175519614e-9
3.1604701479328844e-7
1.426431920101611e-7
7.635562598506287e-6
1.5516747297612582e-7
1.3109658731244059e-10
5.412059697778482e-9
1.301454794589356e-7
1.785334995934104e-7
2.6455664107045073e-8
5.142549262224775e-7
7.152201771621804e-6
5.75359046636689e-6
0.0002165059808585147
1.759045434387313e-5
7.085369146017058e-8
2.038331277198943e-6
9.927006551388043e-5
3.969573429306036e-5
0.00223015227482422
4.7812707243755865e-5
3.5290565577314554e-6
0.00030542093433379917
4.757237014352899e-6
5.994000616431954e-8
1.7513493972501507e-9
1.017136696247887e-8
7.473965988551266e-8
1.1937273053863048e-6
5.7057400143263554e-8
3.888498649145775e-6
0.00010674310404943644
1.8373709663598667e-5
0.0003076588123600362
2.055107181862004e-5
5.446658895613571e-7
5.762719023219432e-5
0.00040531680163694613
0.004263014063626873
0.028347391999847107
0.004310865296779863
6.974227874251869e-5
0.0004143587333612194
4.742819856981003e-5
6.93991241238627e-6
2.268575130466572e-8
8.58752033146679e-7
8.82235705208709e-6
1.9122269312972088e-5
0.00029113976358872095
1.9248399416215227e-5
1.2340538141768594e-5
0.0004330736851798519
1.996217406435733e-5
6.505428057148004e-7
1.0849644189894781e-7
1.9303623773063968e-6
1.2597387516658654e-7
1.1997475039707162e-8
1.1394136465022951e-9
8.390792591023533e-12
9.30974764348011e-13
1.1598096565282479e-11
2.2509573414934295e-10
3.6171224147012294e-8
7.53031165444901e-12
3.2292801009424836e-10
1.3636616843031577e-8
5.978026017363448e-7
5.560291881385176e-9
1.5193136806447358e-7
1.537094720088871e-5
1.2904653578295864e-6
7.31783824456034e-5
1.976932481619586e-6
6.054518108261105e-10
1.1060143058302292e-8
2.5343891219014973e-7
8.749496133999727e-6
2.0321341614899292e-7
6.88548978592295e-6
0.00021151867467929572
0.00010198925827366168
0.0023496920319091507
0.00037380045017681854
1.1667064739650097e-6
8.540884702038416e-5
0.0002998301355576917
0.0003717707854651998
0.035695330826537745
0.0004216223253062654
9.78830910277777e-6
0.0003118653893740448
0.0003139048448461689
1.6904513294804582e-6
3.3053208247010655e-8
5.340100171009074e-7
6.6780727089325775e-6
7.032946789306907e-5
8.810531584710458e-6
0.000208589439818172
0.002065288034226039
0.00028218055071426893
0.036778498205916985
0.0002822772844356537
5.889873917626565e-5
0.0018612122319665784
0.03351754269645722
0.026662308042013166
0.6247912801711711
0.026678974253621153
0.00152511367858782
0.03502342363389682
0.00222847240549325
5.85984205392914e-5
3.922436465910555e-6
0.00011467732190793039
0.001674011196993965
0.00026476780513718653
0.037030812831822586
0.0003012593850533686
8.905585270895732e-5
0.0022388543639571103
0.00017311711468944005
5.775098103833968e-6
3.224442105547064e-6
6.735118510817106e-5
7.142454507743837e-6
4.1359282281785865e-7
2.296201454781472e-8
6.917918152918052e-9
7.991526086311486e-8
7.928846477770568e-7
3.7916554762003465e-6
1.2645185887763817e-7
1.1507612924284528e-5
9.706901159606088e-5
1.1309779803127896e-5
0.0018561712746176901
9.319550450594971e-6
2.5611322257282377e-6
0.00028898491892610784
0.0002861488500415603
0.00043984540051318903
0.03421541968232169
0.0003905554740428101
9.178947423033471e-6
0.0003090972365872011
8.968829964937954e-5
1.0878492342169066e-6
1.0525709709889212e-6
2.4690737547850734e-5
0.00010299283714591369
0.00040969822568114777
0.0020026115286968195
9.76040621486091e-5
1.2335645496560715e-5
0.00023678993148730967
6.7212793485005604e-6
1.747582465214415e-7
6.15491318746864e-7
8.377979600186087e-6
2.3117040391304511e-7
6.801341708827458e-9
2.2633094605348462e-10
3.505683315674629e-8
9.33739505880812e-7
3.942635404777781e-6
2.9361790013586633e-6
7.422982015284626e-5
1.15670481877418e-6
1.552186622455076e-7
8.589691509543551e-6
2.092777334221645e-7
3.313048140189124e-8
8.215274901966896e-8
4.7655644371575744e-7
1.0344060691079478e-8
4.211657395801939e-10
8.44711987198739e-12
6.974732740972765e-9
3.4961615819869374e-8
6.373014054416448e-10
7.421347324806241e-12
2.4832366964174625e-12
2.967340094563915e-11
7.524048609817436e-13
1.0955310100523674e-12
2.0836660574787077e-10
1.787030362237151e-10
7.889326034854377e-9
1.4445220285709397e-12
1.1074367993377519e-10
4.254283280652506e-9
7.320671447524064e-8
6.771871349090343e-10
8.234912503655123e-8
1.2303913141687065e-6
2.168182371060921e-7
3.1877018506509496e-6
1.3281088978002468e-7
3.056249224289492e-11
3.2624730574534395e-9
1.3637561683899689e-8
1.8218013837413088e-7
7.328521469268722e-9
1.10679126453005e-6
1.1914752291041876e-5
1.8023213654180577e-5
8.8065395699206e-5
1.5110308583772487e-5
1.5120717416342302e-8
1.5858715475209424e-6
8.83492736599486e-6
6.63047138035728e-5
0.001634994504044903
7.027739015665585e-5
7.963696286927678e-7
1.084615804802808e-5
3.607343704324269e-6
7.762687615402558e-8
1.3257307667904127e-9
8.540297557611469e-8
1.1543116015092943e-7
2.6241017472877067e-6
8.472391730931712e-8
7.55509899035142e-6
0.0003818728471943049
1.8108825963724147e-5
0.00026288048403926576
1.794651708509002e-5
7.527706793069459e-7
5.8067730080003185e-5
0.000427634416355451
0.004172756939613017
0.02657938370138813
0.004100097096037741
5.9968257960024244e-5
0.0003642434408182148
3.604488385190326e-5
5.4437917198604885e-6
3.366784288725459e-8
1.4382141544511576e-6
1.0347864209308197e-5
1.688316129852467e-5
0.00027440858860807555
1.7168285987224034e-5
2.2502352507316586e-5
0.00010572680874710543
5.738404479356317e-6
7.470108406813682e-7
2.87749522131415e-7
1.1748747629511194e-6
1.5114410633540166e-7
5.690024921160902e-8
5.280965265324851e-9
2.212015841039813e-9
1.521930433663892e-8
2.4500125065571443e-7
7.282072575215671e-7
1.7125423551053107e-7
8.327287099822579e-6
2.472821338971948e-5
1.3873315111528008e-6
0.0001281640486048793
8.999243476604407e-7
3.0385120583227873e-7
3.3107174333704214e-6
0.00032422740445910093
6.0497965613658674e-5
0.0020536299858556427
5.8432578960966976e-5
1.4683854267440948e-6
8.86551099421746e-5
1.8306384304107724e-6
7.072565466949268e-8
4.768710925987442e-8
7.819771385108437e-6
1.2286734088894707e-5
7.307417231373064e-6
0.00019204117114506034
3.829856287190835e-6
2.346457473488542e-6
6.798991559623629e-6
5.038888153727646e-7
3.159097021931858e-8
2.1327056699071024e-7
1.6931119350873703e-7
8.133078945970282e-9
1.7056357854565882e-9
1.3802939405856013e-10
1.449573834003188e-8
2.1157586910760107e-7
8.374216195627965e-7
1.2240027517833787e-7
6.90168064429294e-6
7.475858156188567e-8
1.4541357868167035e-8
2.610717392077747e-7
1.4826580669612664e-7
1.647563608312407e-9
5.660340714508699e-9
9.777484016518538e-9
1.1484375944628874e-9
8.451445959710598e-11
1.28417818426891e-12
1.6312489554858625e-10
2.638132014280464e-10
1.166762209591585e-11
8.172158930096371e-13
3.247805920321656e-13
3.13145580570785e-12
7.075343862482267e-10
1.1464061750419682e-9
1.1879671848779027e-8
2.4956659294297296e-8
2.0539894155267613e-9
4.892789840972084e-8
5.392459189060027e-7
3.0801339286418776e-8
3.90311853437462e-6
2.2980049540313993e-8
4.792448950296624e-9
2.3493889107591957e-7
2.5797093670943305e-6
8.128581716796733e-7
6.535283622521853e-5
5.648902134284304e-7
1.556008289223035e-8
1.1862736895128259e-6
7.075267801549187e-8
8.440849435227395e-10
2.1430175727433545e-9
2.0273956951276923e-7
1.262341968484334e-7
7.32531813059917e-8
7.426783078872535e-6
6.231012211673664e-8
1.0182292958430118e-8
1.6985846077498823e-7
2.124594526280435e-8
1.274736502505249e-9
9.930749636085447e-10
4.395280341066848e-9
2.1650054876621283e-10
2.0856737727754592e-10
2.8519979315319298e-11
1.5550448361736973e-9
1.6031766668238396e-8
6.289169498287143e-8
9.56853090393163e-8
4.06777331147967e-7
8.80945035194062e-9
3.838914586829161e-9
9.820348227041798e-9
5.42531625498517e-9
2.970419365734878e-11
1.5438855999859042e-10
2.8743846079430324e-10
3.6123482673621706e-11
4.170729269883496e-12
1.9789092584380057e-13
2.1919203963968766e-10
1.2187697443684401e-11
4.28217287621128e-12
1.3642555189240333e-13
1.6579403473041512e-14
7.36820442744047e-15
6.613520326991242e-10
2.5949069732061455e-9
6.996764729660748e-9
1.4711012419258338e-9
3.0110993833052495e-8
1.900105461724856e-9
3.799777555931748e-11
6.71671359793571e-10
1.5726598947604045e-10
3.8185790859913295e-12
1.5884759689648121e-12
8.286769644810893e-12
2.6694751427643972e-12
9.532196562073832e-14
1.1323220452707977e-15
1.1538601909247551e-12
1.6301234432412513e-12
4.790068580128553e-14
1.840310789500319e-15
5.285933394599637e-17
1.2457430257111976e-16
9.918750599768685e-13
1.76343387888793e-11
2.5101102053356704e-13
1.6407492426804756e-15
1.2637061247151857e-17
8.773287175025855e-19
2.176534571828058e-20
