1.1809654158724828e-20
3.5372897882165455e-19
5.513470231373062e-18
6.643438097810761e-16
8.933671763888834e-14
4.730122028694737e-13
6.255734969830731e-18
6.908331796648439e-17
1.695947523021686e-14
6.517974918327921e-13
4.301804684736296e-13
2.424621052669384e-15
2.5851762464731383e-13
2.125748267834993e-12
1.7637310437210683e-11
3.194523437389425e-11
2.6911173706398534e-10
2.090288317077688e-10
7.594924005960685e-9
3.159775804307676e-8
2.0055628404057e-9
2.551937290535624e-16
3.873679245448465e-15
3.9720406160957767e-13
9.546951761412827e-13
1.0543346197316451e-11
2.116156709146928e-13
7.611078750505387e-12
1.561758337785969e-10
7.403559814438312e-10
3.9182925659482544e-10
2.1855671375903774e-9
1.0574325487415445e-8
7.742056899574547e-8
4.4832477085761967e-7
2.0210383471196388e-8
4.5886952240406055e-12
5.638625474283848e-11
3.908717007315867e-9
7.170814973512828e-8
1.8827636472724875e-9
3.669808938284014e-8
2.26284993285831e-7
1.116150087186544e-6
7.042067035648147e-6
7.451401560685403e-7
1.2859002423762479e-9
7.19199993733675e-8
1.2725249752753293e-6
6.516722165639944e-6
6.446665264119967e-5
7.61880153074707e-6
1.0387884850650785e-7
1.920622187034651e-6
6.101901627117838e-8
6.893260226705085e-9
1.818386819678523e-14
8.960268997127684e-14
1.4671687047822546e-11
1.205616266819168e-11
9.629348879270287e-10
6.534372696648233e-12
7.152913934183409e-11
1.8435560565933348e-9
1.3292096562041896e-8
2.860005050600349e-10
9.754852771812487e-9
2.8974229984834196e-7
1.7916607065860342e-7
9.16348068074618e-6
1.5015228764922446e-7
4.4181542505450507e-10
1.1550478392172932e-8
2.775585241173172e-7
2.07332259720964e-7
3.5460825885609775e-8
6.155396508646122e-7
7.856953946463164e-6
5.937347677281458e-6
0.00023211016332075498
1.6684340585869862e-5
1.1888536011027439e-7
2.225620957093231e-6
0.00010365231607237899
4.1712697787981046e-5
0.0023022503507463235
4.974400798094722e-5
4.136021021335928e-6
0.0003227992832148927
4.85947905745104e-6
5.7613240672212346e-8
2.7301756733281456e-9
1.017305121667947e-8
1.202465301842829e-7
1.3970086814631686e-6
7.376117741411924e-8
4.859724703157763e-6
0.00012850227710683957
2.1938017463854573e-5
0.00031937101505114153
2.1055692441989805e-5
6.228757537212502e-7
6.0011616858764154e-5
0.00042761510455018254
0.004354642008484974
0.028303415972464007
0.00454247207839018
7.475656298884994e-5
0.0004459158163494484
4.917609338294181e-5
7.4662503457780215e-6
2.4411232197231937e-8
8.449466172749623e-7
9.482569015368178e-6
1.9992555548575118e-5
0.00029797264937208456
2.1225497286867054e-5
1.2644004817877442e-5
0.00031125439550100837
1.5599686799885e-5
6.191693139213482e-7
1.228780909286778e-7
1.7659708842434902e-6
1.7725871086829482e-7
1.8751931004063977e-8
1.718656598826595e-9
4.199649406281848e-13
1.046615248505978e-12
2.0343102825780924e-11
2.120336913975274e-10
4.8342694087440905e-8
1.2939455928582863e-11
3.826648028650496e-10
8.417917532682351e-9
6.827754267854304e-7
5.095108728531279e-9
1.953382800930179e-7
9.338375867626148e-6
1.2641946887661467e-6
7.125342915246452e-5
1.7437778055767392e-6
1.1402252093970239e-9
1.5192677915453134e-8
3.2221149339966745e-7
1.2859752005973253e-5
2.3085951719642624e-7
6.954122451457209e-6
0.0002222924478232206
0.00010469968179635349
0.0023297112616006226
0.0003443236367250196
1.3065535457038391e-6
9.827103738620634e-5
0.00031364258793096166
0.00040264056527558606
0.03593332021739696
0.0004479093318802998
1.0907658901435757e-5
0.00031439687108795664
0.00031991728319756893
1.708913341943075e-6
5.1199900437829805e-8
7.662706310278018e-7
1.5250829354848049e-5
7.221255219995726e-5
1.0566810013836359e-5
0.0002203587013967418
0.002156946196751233
0.0003071033578909489
0.03617945509285552
0.00028512686546727637
7.379588835243063e-5
0.002066665074359617
0.03620282282166111
0.028188934326128404
0.6199440441251941
0.028671011526700135
0.0017729801906005132
0.03541741215259692
0.0023846283112505828
6.464553622859243e-5
4.333495124320565e-6
0.00010749584674706224
0.0015140000634394084
0.0002748134336299246
0.03560983191940454
0.00033068111714454324
9.340433846646056e-5
0.0022814337302719304
0.0003079136497446337
6.967152264886087e-6
4.55615321802995e-6
7.74527159669653e-5
1.2103609209075116e-5
4.5851823232097064e-7
2.1563336745600127e-8
1.4679880430908167e-8
1.328397982919367e-7
8.18386947478197e-7
3.6238481353613766e-6
1.545365537312157e-7
1.3848765260034391e-5
8.999113460794582e-5
1.0800423191527963e-5
0.001738174656368126
1.044448549884784e-5
3.300717540078921e-6
0.0004408575549970931
0.0003031712922938365
0.0004347943448921425
0.0330758140624843
0.0004110211451484303
1.0652675280530479e-5
0.0002917845697184109
0.00010480383087477483
1.28817194987088e-6
9.287918049026657e-7
3.221569590976226e-5
0.00012570297819825753
0.0004752968950349199
0.0021071490548518397
0.0001033972841106365
1.4037801988061254e-5
0.0002594958469475483
8.696068045455876e-6
2.1990790480514268e-7
7.612529476254572e-7
1.3440774607907432e-5
3.255910639791119e-7
1.1996836506524072e-8
1.9028586685372874e-10
4.650957006112654e-8
8.965232602112571e-7
4.648425940062229e-6
3.702063689633172e-6
7.8681273204908e-5
1.1757482490779436e-6
1.5454757368741766e-7
1.065821812430686e-5
2.279279398471697e-7
3.192790274918879e-8
1.2739573856152216e-7
8.659132510793705e-7
1.9124301160469184e-8
5.454332451142443e-10
9.996755474839095e-12
1.4518714452327496e-8
5.7650167430229673e-8
1.0961820998038886e-9
1.1516540878148476e-11
4.898509161772187e-13
5.869634768664897e-13
3.382921563300992e-13
2.3068038924477793e-12
3.481421074230433e-11
2.2592096505039268e-10
1.5450867203164136e-8
3.4516923940396544e-12
1.3613826963669098e-10
6.203845465416446e-9
1.7987546154696458e-7
6.896653226777208e-10
1.577340534886619e-7
8.30641621905008e-7
3.0519433916568606e-7
3.47754807261588e-6
1.215883991922497e-7
7.245205858340005e-11
4.357955015607915e-9
1.3599623734018708e-8
1.4942293897055707e-7
9.25680058868899e-9
1.6042601997426982e-6
1.4532214185683972e-5
1.9634244714160342e-5
9.251503595462656e-5
1.2829904111955265e-5
1.6857674816980456e-8
1.7919131480632575e-6
9.933915181087256e-6
6.0453086306911506e-5
0.0013644879317822036
7.328789669813937e-5
7.250932911628111e-7
8.778389264510929e-6
3.998604118755192e-6
9.28915792051219e-8
2.4414536994315896e-9
9.71978102818592e-8
1.7659744047301675e-7
4.054391382027873e-6
1.0377646320727533e-7
9.30347382475349e-6
0.0005089632674780373
1.9436863021742965e-5
0.000270115965626599
1.7870044765098045e-5
8.97334874634872e-7
6.549697202338113e-5
0.0004632050866386295
0.004168897215904105
0.02632422060183678
0.004062500883930038
6.675094504380868e-5
0.0003868134429558193
4.142668526132003e-5
6.177933119315029e-6
3.9252481607462765e-8
1.7514363106409849e-6
9.710743665364864e-6
1.9364475509681238e-5
0.0002751852751628822
2.089830030588095e-5
2.9999284184030964e-5
0.00010356025829718668
6.759586325301551e-6
8.56429712867725e-7
4.082386196891941e-7
1.2796449371661504e-6
2.1788708720166663e-7
6.26987047001421e-8
5.657835484237107e-9
3.1725114843875598e-9
1.814402502261744e-8
2.447669952125123e-7
9.036767134199084e-7
1.954860233887364e-7
1.0475737451353291e-5
3.0323167492089633e-5
1.471107782318317e-6
0.000122756518540407
9.39904490916511e-7
2.7347820172952033e-7
3.9119191856333115e-6
0.00032693367321719283
6.516916593687093e-5
0.001913470356327621
5.7777097235732066e-5
1.780229066813911e-6
8.88280405021545e-5
2.4218767031868266e-6
7.502689316658538e-8
8.665394832533962e-8
1.7326320691785047e-5
1.2297411522268483e-5
8.382808604186032e-6
0.00020930307851510575
4.32101986023249e-6
1.5601553433625149e-6
7.5504552658630645e-6
6.519970964223261e-7
3.747023219591345e-8
1.343695735389586e-7
2.4201117918123416e-7
1.1326449176091778e-8
2.1019294895900083e-9
3.735835502572946e-10
2.058327746333374e-8
3.564095929061903e-7
1.0560692171716641e-6
1.6625715312272245e-7
1.2436686453148462e-5
1.00489903749966e-7
1.355882991353356e-8
3.0968448201692304e-7
2.4491582845031147e-7
2.1648148189603767e-9
4.375251926255998e-9
9.967167128319611e-9
1.7837873009839426e-9
1.2897272304748252e-10
2.1556429151815066e-12
2.6280782292142925e-10
2.7203436097301827e-10
1.4368917379057601e-11
9.672095214671906e-13
4.688930305456485e-13
5.863953769935462e-14
6.444905890075694e-10
1.7969251460847122e-9
2.175290997997242e-8
4.396236543863617e-8
2.9622648580365195e-9
6.330828812611157e-8
9.282130257521856e-7
4.001033728911369e-8
4.283877756338237e-6
2.4386122087396873e-8
5.895614544589607e-9
3.892076931521641e-7
2.653836791447586e-6
8.707549336788968e-7
6.606636423364352e-5
5.908803955013805e-7
1.686836206737637e-8
1.3467383938410353e-6
1.0781467267601656e-7
1.1479577023559052e-9
5.304698922994312e-9
2.2576018404214355e-7
1.3079930316137359e-7
8.901006605573912e-8
8.473807501152467e-6
5.8709976770089824e-8
8.481644420440551e-9
1.887178866552426e-7
2.850866232256521e-8
1.7076871925560268e-9
8.728549430744006e-10
5.4460631637358675e-9
2.8773772757058393e-10
3.2399719928794954e-10
4.375353986744304e-11
1.9531643243784185e-9
1.81912578270344e-8
9.427939584833494e-8
7.364943548338064e-8
7.676874477743746e-7
8.994677913437457e-9
3.5730203119589958e-9
1.4433725693105174e-8
9.75988943584247e-9
4.645162278824821e-11
1.1581808583653126e-10
3.460088473478647e-10
6.125159686510073e-11
6.4899221044239036e-12
3.5668311360825484e-13
4.4966336085423335e-11
2.173200174312046e-11
2.00737669711339e-11
4.895581694345244e-13
1.9537241833362867e-14
6.705512254042316e-16
1.3310383279012037e-9
3.538171146718905e-9
1.3168884165372507e-8
2.1495949491819983e-9
5.019734606887535e-8
2.110627961918618e-9
5.802160905950666e-11
9.342988901308114e-10
3.7355842590843654e-10
2.7447139486217993e-12
3.32036427379715e-12
1.0603245592678258e-11
5.8658553450239496e-12
1.6873045992430865e-13
2.002913100942396e-15
2.8211274172197902e-12
7.079560807501304e-13
8.861944326199049e-14
3.75856855254266e-15
6.933772854868453e-17
4.167026699989991e-18
3.5394640851336196e-13
5.070063014498743e-13
2.2663515223581406e-14
2.9352348160342507e-16
8.483469924625899e-18
4.666457876453992e-19
1.1861401137876563e-20
