3.15350735734214e-13
9.08840998497694e-14
2.7180590590528222e-12
8.425499024236797e-11
1.0794599650984243e-11
1.7079014339334172e-10
8.219521394422556e-13
3.63651676383501e-11
4.5060540710440405e-10
1.8799580680472855e-10
1.0853528358046433e-9
1.2152575794358312e-10
9.850234406360926e-10
4.317258567493518e-9
5.684703731449916e-8
2.693670836424978e-9
2.816155409922114e-8
2.253870316074493e-7
3.3466712064833734e-7
2.0617440074286852e-6
2.8903511416099636e-7
2.1231042245027232e-11
2.816245151317641e-10
4.745132284409303e-9
3.5598571549584747e-9
1.2193445414015952e-8
5.856963300553978e-9
1.0490641868115716e-8
1.0231514735911818e-7
6.662308934835972e-7
7.79727127894715e-8
4.7250842962512096e-7
1.1179428341609175e-6
1.9686936545048502e-6
1.0372920956249489e-5
6.232660188195324e-7
1.540860985138623e-8
5.4423030564107704e-8
5.701952042010422e-7
1.537896617960811e-5
5.000339104027476e-7
3.193127695799192e-6
9.689983030522585e-6
4.6336426690023813e-5
0.00019114178699010896
4.34800766484084e-5
5.293786937879434e-7
1.3911940389708422e-6
1.548153782913723e-5
2.217381463913974e-5
0.00031108201368388656
6.310038879331855e-5
3.7422399049839925e-6
1.0674585590563079e-5
1.2891794796978028e-6
2.735100802292447e-7
3.5676434798806897e-10
1.6569168172626302e-9
3.5427043770864496e-8
4.4564143442029706e-8
1.6991253369232182e-7
2.0200681634695205e-8
5.791761455760375e-8
1.2289480878663674e-6
1.9745093132681775e-6
4.824103681937275e-7
3.210536154588021e-6
1.3746906350603207e-5
8.417457095775383e-6
0.00010028943707753706
2.8408470831267112e-6
6.579865195959757e-8
1.1322141141604794e-6
9.900855977273171e-6
1.092972018818495e-5
2.0394429933710274e-5
0.00027025159170151396
0.00010260144396427423
0.0003265858283333375
0.0011076917815533661
0.00012517873830576262
3.134044276266467e-5
4.274041450349225e-5
0.0004654116365981477
0.00020013143526157574
0.004281590217364933
0.0002593135988291678
4.424662910140568e-5
0.0007979677784221463
4.5953055842001466e-5
1.31669977768705e-6
2.726313301768501e-7
1.4057264204257574e-6
8.256307555329852e-6
1.1945463081933324e-5
1.6835626101897125e-6
5.426251872646267e-5
0.0003757468623870803
9.158888147596122e-5
0.0010621052100806072
0.00011718662302770171
8.886514916579245e-6
0.00024136385536599198
0.001316096223288683
0.005880106244690524
0.03588446984305882
0.008676440209500882
0.0005579899769285033
0.0016115960456285997
0.0002543022740474339
6.14016745759754e-5
2.4849144687228237e-6
1.3709517208558578e-5
9.645882721121132e-5
6.573305747186546e-5
0.0009654815244297526
0.00011303909344127807
6.539716117690727e-5
0.0006033754447728729
0.00012566554518118395
4.44487415440868e-5
3.7580636373111425e-6
1.1351402823184818e-5
2.4973125331281127e-6
5.596088904037792e-7
3.126768826270465e-7
9.82741644487647e-10
3.917211293234649e-9
7.259584017804853e-8
2.0282120030166064e-7
2.184866503254302e-6
3.507803290372385e-8
3.993770379072519e-7
2.167767250303917e-6
1.762826423099096e-5
1.0018311713097896e-5
1.0894092042674033e-5
0.00028706362381692205
1.7340136952675383e-5
0.0005239850756484862
1.3085711645504127e-5
1.8760477862410495e-7
1.3245498010334139e-6
1.7371921499493184e-5
0.00011026671954221705
8.8965792627989e-6
9.035260553037169e-5
0.0018398480662999484
0.00033119896946810415
0.003961853842988172
0.0006242403324895503
1.7358448062299928e-5
0.0003781999073695496
0.0012516119411917438
0.0012085850089980498
0.045338015657170105
0.0015659172766375982
7.940270164758633e-5
0.0010699598256617333
0.0006684976761261576
9.53485001052325e-6
1.4300585025123079e-6
1.1650470202699818e-5
0.0003471472884023487
0.00045295728113691456
7.956783818802252e-5
0.0012695195829914123
0.004571762280214832
0.0011289941754245069
0.04567898596822437
0.0009595494163778852
0.0003932232294950924
0.003945407996421994
0.04562764127628642
0.03439704010301842
0.4354555068607043
0.03590090919089343
0.0045771863801303105
0.04624589049892341
0.004222933091081607
0.0002936412418408471
0.00014193019073733683
0.0007949287787410829
0.0053060922642864
0.0009136789050345112
0.046491212742138535
0.0010860615699200748
0.0005506218835100124
0.0042558544901575325
0.0010748476919693012
0.00018811554086819491
0.00013787271487840006
0.00041489147421046107
7.851176628010654e-5
1.1235350780161713e-5
2.539638597002603e-6
5.448031371028508e-7
2.3762871842928325e-6
4.8312888912665834e-5
0.000157466976621861
8.29336583761928e-6
0.00013615999666600863
0.0007555171530471179
0.00010213010668936001
0.0054279376025467
9.420808144724973e-5
1.75457776022597e-5
0.0006278737981845556
0.0009942436803178716
0.0016299065104781179
0.046991275962998305
0.001367594153426883
9.75819319481304e-5
0.00126667684556851
0.0004223678286461122
1.5140820161631019e-5
2.444599128893294e-5
0.00011004183930818221
0.0007820761937924059
0.0004811959229739075
0.004741036852561947
0.0004167102342168292
0.00012281118435932014
0.001882863523825544
0.00010819401108885222
8.416025772354635e-6
3.183695188622984e-5
0.0002886729153236929
1.4501208041152475e-5
9.180175854945098e-7
2.5235901250668715e-7
7.1535397644715085e-6
2.194765448956311e-5
0.00019992370154286074
1.4622555291839605e-5
0.0005358409848234478
1.2645633531250221e-5
1.3095038963227209e-5
0.00012005968268157093
9.230244971714183e-6
1.4308217348173141e-5
3.0749040603759724e-6
1.3464443263521727e-5
1.5760022575071212e-6
5.580215117268521e-7
6.765665054446515e-8
1.1067298116334669e-6
2.734738200030665e-6
1.944643883223231e-7
1.2439350532438117e-8
1.1492648201895598e-9
1.450300820304238e-10
9.305875057837535e-10
2.4951566809270867e-9
6.745301597583097e-7
1.299420963590899e-7
9.895382993697508e-7
1.4411181488568391e-8
3.518502745645704e-7
1.2228020623048806e-6
4.102131918807076e-6
4.7628300252007416e-7
8.146884312750969e-6
3.605196494048292e-5
1.0078183378236186e-5
0.00018336434167060762
4.6212443901435376e-6
6.273617112442914e-8
3.656597526381364e-7
2.5148458715184105e-6
1.2458851294899938e-5
3.018056199759899e-6
2.8002995455640946e-5
0.00012464681215992098
0.0001677178233009863
0.00045685815750755256
6.740620716811971e-5
1.0109024671738487e-6
2.3808529891080697e-5
0.00010056882833923766
0.00034668042819116957
0.004793381505872596
0.000558394197972489
1.142083304781515e-5
7.682209351020455e-5
3.9715818095058184e-5
3.179462504562971e-6
2.516458991423857e-7
9.864727602267224e-7
1.7877345138678178e-5
1.3990771187335875e-5
3.0885534570364034e-6
8.32554447568857e-5
0.0004597564890855401
0.0001033150836831579
0.0009114843652463683
6.416698086587257e-5
1.9346186629351348e-5
0.0003395916525070179
0.0015768621981790498
0.007959484644901616
0.03545136621794147
0.005782794004766988
0.0003416323268911787
0.0012513503257718843
0.00019639199509265297
2.1290870485633514e-5
4.598744379177892e-6
2.2665807263369386e-5
0.00010300521272621136
0.00010446002665069458
0.0011693282920928123
9.481046112144544e-5
0.0002678289878106238
0.00041030463763151975
0.00034284010885186656
4.6953260909804215e-5
1.2760075649694596e-5
1.518089899008009e-5
7.69383548072808e-6
1.8828142951396917e-6
3.360799129346082e-7
1.0592466178945013e-6
3.0558304832667605e-6
0.00023849702443354018
2.476743986258819e-5
4.983448415331817e-6
0.0002580040864093316
0.00010727237848596204
2.5980258222833654e-5
0.0008665749545112992
1.4270271098743271e-5
2.6840240973143838e-5
0.0001290456724150999
0.0005713931145500684
0.00034797167859208333
0.0040562266326190305
0.00023735066678799387
2.2064322829458984e-5
0.0003660591787536401
4.337315082842585e-5
1.3017860756415063e-6
6.26506721539919e-5
0.00014796608679530057
0.00013128046685432107
8.237543048764867e-5
0.0014603283417155297
5.9990864015107954e-5
2.569571724960603e-5
9.257752183080718e-5
0.00034119041019692277
3.592692130930793e-6
6.358725462567749e-6
8.640796615065185e-6
3.671827399656313e-6
6.085489949846729e-7
3.498951704058675e-8
4.771677023979483e-5
0.00021032990408228615
4.8058390118430845e-5
1.786615643814563e-5
0.0004292256452335541
8.351703809430402e-6
2.911267825421572e-6
2.0077740251469756e-5
1.116513841063203e-5
5.509743003054874e-7
1.0964943459212419e-6
2.2270144046442653e-6
1.3232542124683699e-6
1.0432713863948911e-7
3.7978268244131056e-9
1.2636532038774323e-7
1.7637904137334434e-7
4.2818188626408804e-8
3.5850541992676964e-9
1.7200041229799474e-10
1.0187140763215375e-11
5.621457223578512e-7
8.469002715318096e-7
4.765861315239067e-5
7.222892628515468e-6
7.500322309250087e-7
0.00010056977950701526
1.8918862829084582e-5
6.664535620167783e-6
0.00019265524261073534
3.170959183397061e-6
4.190091308096939e-7
4.101339003281924e-5
1.6371335835459065e-5
2.2777820213238043e-5
0.00047539247630814434
1.0080623022538182e-5
1.0038443525572833e-6
1.796277018721318e-5
2.9521182267154952e-5
4.82893989243181e-7
4.947332451066259e-7
4.519221614533881e-6
6.79178892343139e-6
3.314218293272502e-6
8.925701309467285e-5
2.0319038086787675e-6
2.011597825054654e-6
8.011386677983893e-6
2.252311201022659e-5
5.189296304894904e-7
3.0776315055623186e-7
7.826213049796603e-6
4.819037053315432e-7
8.431338962154223e-8
2.6107102951325968e-9
7.609760544500874e-7
2.9345067390700268e-6
2.3368742246382534e-6
9.291248013736675e-7
1.1783969617885096e-5
9.404114646907881e-7
3.674785697723286e-7
1.5746904293096183e-6
1.1109944952036471e-6
4.809915994062719e-8
4.315066157900241e-7
3.847218984012131e-7
6.313147021316911e-8
1.0345001855043964e-8
1.0033217186372539e-9
6.280043248876562e-7
7.238854810057147e-8
3.437414472646319e-8
4.555556577688351e-9
3.7652142904396783e-10
8.572134757368871e-11
5.578240063448061e-7
1.0614447260704218e-6
5.955507680943384e-7
2.5143952360834097e-7
1.471220049044531e-6
2.682682020735513e-7
4.1422384488756316e-8
1.8789835639206828e-7
6.153381101413228e-8
1.064772213348077e-8
1.2161938908148224e-8
3.412276074666689e-8
1.957035485625591e-8
5.8510607585341565e-9
1.2074026094557775e-10
2.3669716606468586e-9
3.0893426219368543e-9
1.3914638030079377e-9
2.5757123575749167e-10
1.931132130622126e-11
1.8271315174892164e-12
1.015017764167432e-9
1.0166146700446866e-9
4.0142035701315415e-10
3.043656205926451e-11
1.003757815764061e-12
9.44542649538875e-14
4.898830046847844e-13
