4.119985614306983e-12
2.804607874456517e-11
2.513640642117378e-10
1.1400826103751836e-8
3.1971124404262454e-9
2.289512355694098e-8
4.1367676873958576e-10
3.53739729861689e-9
3.4009581489635283e-8
1.8180722361081318e-8
9.915991286917594e-8
1.1295288933214809e-7
3.6762824838265885e-8
1.13968844742177e-7
1.239251702587122e-6
1.0083334105230887e-7
3.880002622782305e-7
2.9290723896464354e-6
2.6731106731526787e-7
9.7159817617329e-6
9.311684436855268e-7
1.0031430308097887e-8
1.0443431245625215e-7
4.2269624369060494e-7
3.016534828597376e-7
1.7696344148509664e-6
6.236360869125248e-6
5.715925152960927e-7
1.7011433307482235e-6
8.666759494080369e-6
1.2081366656826449e-6
4.1286479251247026e-6
1.5422628258783372e-5
6.124270171587749e-6
0.000145516086115057
5.6328699176368594e-6
6.224958730403642e-5
1.9957709372571024e-6
1.3521155866238012e-5
3.164868628577408e-5
2.8833131981962794e-6
1.653204168695387e-5
4.4811032588736236e-5
0.0003236074933151765
0.000770858816285961
0.00021138471961041434
3.1196957729631932e-6
8.609007813642679e-6
5.935207206239819e-5
5.488362219901678e-5
0.0007956663724976986
0.00019122885189868462
9.485642556714762e-6
2.932066343497643e-5
1.6778487068784286e-5
1.722360042852167e-6
5.880214185636199e-8
2.5851881134097887e-7
2.8461965150717074e-6
5.2782124614889895e-6
1.7783118014609114e-5
6.158781138619695e-6
9.943092356562805e-6
1.6284573006234548e-5
0.00017065855899902805
8.370945039405475e-6
2.82526237961706e-5
0.00010065856014454167
2.273808092247176e-5
0.0001731454310161863
8.062232520395592e-6
5.302583308062275e-5
1.608665523468855e-5
6.545724666647732e-5
0.00010745891709700282
0.00015125262264178852
0.00041989467285376037
0.00035647499498014685
0.0010462483772045708
0.003009625237846681
0.00038818797773104875
0.0001022654733905762
0.00015643016582596414
0.0010463353817572085
0.000435616815091875
0.006575034571097408
0.0005908619274612617
0.00015785423762402286
0.0008737943004101347
0.00011946983441342803
1.7154962292778677e-5
2.1620768902870464e-5
3.962237802617272e-5
5.372300125190832e-5
8.637740520158344e-5
1.4252790053020228e-5
0.000285308304055189
0.0008439955956029749
0.00018528184698599016
0.0018848138421345883
0.00022479015002297884
4.2521086810134115e-5
0.00046589412016878384
0.0021752512279300516
0.005762487908752119
0.03733040293909238
0.011832541497797546
0.0012628936821202556
0.0028660253207517944
0.0006302547688625381
0.00019999484889299268
1.5795369029944986e-5
7.132820524537712e-5
0.00025306927687695834
0.00013010374013073286
0.0016754441957169484
0.00023089939811595057
0.00015501937811135465
0.0007492308691413813
0.0004135863971456744
0.00019665321361341805
1.3585560221741923e-5
2.8426631199363968e-5
8.737552256028288e-6
5.998200275962828e-6
9.145669426653523e-7
8.559976957368583e-8
2.0029302009943463e-7
1.3428997841574384e-6
5.533810575058369e-6
5.240550266191836e-5
1.2169349619461128e-5
6.056150048969078e-6
2.3450719943660444e-5
0.0004048881205195555
7.051176387236364e-5
8.407026211901256e-5
0.00123540645703416
5.037089193444865e-5
0.0009568238816465404
2.6336178326025983e-5
0.00018398849807856036
5.3225375197863954e-5
9.150833622259102e-5
0.0002431206391094454
0.00022496995490828238
0.0004051640743631656
0.005169460087390588
0.0013029854083481064
0.006623700532364884
0.0007911450214137557
8.528874893290883e-5
0.0009318206367311317
0.0020022925996878234
0.001762101292446368
0.047226741442716755
0.002859343330974481
0.000228844239885913
0.0016572223948181286
0.0008656519117955975
2.766079428623065e-5
3.084610662668538e-5
0.00010738461659164817
0.0011377069822926806
0.0010944181078367315
0.00034688850068777586
0.0061678395731966885
0.008437321270196432
0.0019515723956548313
0.04824309554408125
0.001722974863215397
0.0010215392923129945
0.007402785255854126
0.04663189407615303
0.03119959723489938
0.3044536632672595
0.038848265962176914
0.00755540618979518
0.04834844765339486
0.006850003819793805
0.0008272499359260113
0.000429844541745142
0.0035524568691482203
0.008330768149471523
0.0016231862975040045
0.04696983409806325
0.0019196523450643107
0.0015586911307324271
0.007036581070596439
0.0032687067463701112
0.0007860922615619736
0.00043463144923059895
0.0010851467250161517
0.00018472247948035983
0.00020079889939520032
1.319619160189702e-5
8.395543695384946e-6
5.4554770992874605e-5
0.0002910355872487155
0.0004062688345929628
0.00013384962527204832
0.00038167122782356116
0.002543077121023205
0.00027147901149958094
0.008601516574160034
0.00025432640227754166
5.945666369967145e-5
0.0005450842560378006
0.0020656799303307473
0.002482924152908765
0.04485145372013574
0.002160274683102129
0.0002547223148113146
0.001937683448916076
0.0011383928310768005
6.035816950146101e-5
0.00011997034386921823
0.0002998585048099554
0.0026410865910640033
0.0004895039499772567
0.008717885566647744
0.0009245636174591022
0.00037018580972856635
0.00522910045393441
0.00037051761421249744
5.4861659193500975e-5
0.00018354160557332774
0.001325721633962998
9.512355791744951e-5
1.5185821456495517e-5
2.988573145269847e-6
6.980549312020533e-5
0.0001331863081805625
0.0004306137239558571
5.5199284550117116e-5
0.001094564108567516
8.573401479505918e-5
7.599752858784583e-5
0.0002517371647575739
0.00011329820928068413
3.240626480797634e-5
0.00011712769918874627
0.0004410306727568479
0.00015397014859055944
7.654741992380388e-6
9.398695880155495e-7
2.723104367586137e-5
5.715479274914285e-5
1.6430610165198945e-5
1.6872890446200059e-6
8.519514313755617e-8
2.158053977824417e-8
8.832184381588907e-8
1.6537460944402224e-7
1.0103865233697807e-6
6.324694054842011e-6
2.4105162174097e-5
1.195458117630228e-6
2.745231284892452e-6
1.7943530535999814e-5
0.00010786156050349083
4.4875110503391265e-6
4.114532596353792e-5
0.00018808871490677418
3.395512031864722e-5
0.00039583752933135323
1.2164908221762065e-5
1.5531060062829728e-5
4.482968779880678e-6
2.4951299308305163e-5
6.658921744787884e-5
1.7000596424564514e-5
0.00011682168541754108
0.0003809726619673267
0.0005610484624803934
0.0014887950851596476
0.00014433430857850826
1.0418764285946769e-5
9.515718494884734e-5
0.0002558528674344011
0.0006889695777609688
0.0066254455913795345
0.0011364533390973018
5.805376744436187e-5
0.00021713811164941773
0.00014757719409110582
8.346854048325448e-6
3.904366840006777e-6
3.2605594170123574e-5
6.537283726432117e-5
5.60351554183221e-5
1.2422734325399747e-5
0.0003026654643601154
0.00045522574543357567
0.0002415204449401816
0.0015767180910465721
0.00012382142467717882
8.196448679516976e-5
0.0007155078995957762
0.0025649143774661093
0.009146689538227686
0.029353334474344468
0.005775937691892972
0.0007539729643286249
0.0017961105804134034
0.00042919185882769043
5.7105967600904e-5
3.1816567469774426e-5
0.0001318803271896583
0.00027517610446284286
0.00024391383067114106
0.0018709281818538928
0.00019116265676103023
0.0005741876303147327
0.00136025424583776
0.0010622688825529364
0.0003438658989251847
3.7544830404741537e-5
5.7471309120949127e-5
2.39429789123347e-5
7.073862053562275e-6
2.5997813750407163e-7
4.957360614615295e-6
1.0790195176555925e-5
0.0004041154449380083
0.00016245645153629515
5.817283358683468e-6
0.0001840820582310467
0.0003152286100157373
0.00013263019441693495
0.0035896915974205864
7.482334233756155e-5
1.2438525168945076e-5
0.00013804052220800047
0.0005723650830309682
0.0006686523745453479
0.007308192718170194
0.0004670333846491396
9.211799040198109e-5
0.000921659024847404
0.00013963160217893194
8.228742882237464e-6
3.6594721593656276e-5
0.00018478062089428532
0.00041121567424374725
0.0003132332133517886
0.006045343681390103
0.00027805083464372535
0.00010972620774693902
0.00038723224094523625
0.00035670108421717784
1.638216991981995e-5
4.383884792809982e-5
8.606302022603559e-5
2.699219730173669e-5
3.90854389123362e-6
3.998219420425042e-7
2.7431681520455774e-5
0.0005178982330661481
0.0003255800396390017
7.452507861958158e-5
0.0011973839893850695
5.942465240153647e-5
2.71360249677856e-5
9.883033605738372e-5
7.532090478749733e-5
1.4601352501077828e-5
1.5986656809407642e-5
2.6395568490591005e-5
1.4942900310092484e-5
1.5491502686505109e-6
9.153692865351618e-8
5.849788856461251e-6
5.914939498864262e-6
4.742053594710698e-6
2.79519410987318e-7
1.573671764165631e-8
2.9664209274321907e-9
1.2719804537676714e-5
1.2699742571033234e-5
2.6053299991576542e-5
8.484906550610648e-5
7.591220046187664e-6
3.797149219005689e-5
0.00014306385764759565
2.8749076129331384e-5
0.000391582550756941
1.5778396172276097e-5
1.8781375420188838e-6
1.2227465970444477e-5
6.287368343461702e-5
7.417548281001902e-5
0.0009687851348493074
4.2507238223188725e-5
1.0615678399260332e-5
8.51702485923525e-5
9.586634581721218e-5
2.877859422677647e-6
8.661371533117249e-6
6.039098508077479e-6
0.00013132039224164827
1.2345899382056288e-5
0.00033852785391014814
1.4916298962594844e-5
1.4720489005101087e-5
0.0002156206823782927
0.0001572575182692363
3.081606376074841e-6
4.101719586383474e-6
7.915280677560297e-5
9.084694893646685e-6
1.2029828915234925e-6
9.37754416600336e-8
1.7258307073173922e-5
1.5145034865335963e-5
6.80815693942207e-5
4.8765108587057604e-5
0.00013731146051247645
4.6642739333946426e-5
5.334116924358338e-6
4.981430343301261e-5
1.975997170314141e-5
2.6617291880069565e-6
3.3241475257011315e-6
6.2471762239252945e-6
9.435055233088228e-6
6.201136478020061e-7
3.795951068486382e-8
1.2093310961601783e-6
1.2176108498223609e-6
2.9520382918854365e-6
5.089425099028928e-7
3.9463852961018225e-8
1.3539698943743856e-8
1.6605518278076903e-5
6.076563287053922e-6
9.06505543312952e-6
5.0944374329046135e-6
3.6094419625278315e-5
3.112550390511575e-5
2.2070835688289796e-5
0.00024412032394099156
7.18903367439299e-5
8.052877896777628e-5
1.5970072246218823e-6
1.591328209338832e-5
8.066964692474648e-6
8.07104551535e-6
1.4306414258947686e-7
1.5079425561275943e-7
2.4078426150249935e-7
2.7025101423398904e-7
1.2972271350470275e-7
4.383925992401413e-9
2.7204815641278267e-10
8.135817987883201e-8
8.40431113303862e-8
5.6881639216117856e-8
9.61931227779312e-9
3.765042678465552e-10
3.891493332855005e-11
4.262928422251175e-12
