6.1819030219669596e-12
6.872273927505048e-12
7.8726744323923e-11
2.412908792571812e-9
5.135826475397506e-10
7.54763405033275e-9
5.037877268713032e-11
8.102192534483804e-10
6.704332502543515e-9
3.1782253878240055e-9
1.2291224408912103e-8
8.03187826077162e-9
7.868488980748604e-9
1.7518022643374295e-7
3.831789930645136e-7
2.045279511489616e-8
1.311562961347683e-7
1.5807763692398006e-6
1.2509595352709723e-7
1.8180894800471357e-6
1.956417751114254e-7
9.999874882218663e-10
1.437079260581306e-8
9.336320868513316e-8
4.535270956989745e-8
1.279541605867669e-7
4.208209839039165e-7
9.937802165378527e-8
1.0560463843304613e-6
2.6372140862807156e-6
3.2592781842621976e-7
2.1934290481417293e-6
7.687945976308641e-6
3.297280021093499e-6
3.318049905225256e-5
2.395950119619219e-6
1.0493420687403673e-6
1.3376610232321627e-7
1.0841881288557359e-5
2.9729645108866794e-5
1.0303436121657763e-6
9.087882693730887e-6
2.3298610050360908e-5
0.0002551043450425201
0.0007522786318709576
0.0003263364928286586
1.4575137398596455e-6
4.155922230654423e-6
3.882921711236786e-5
3.984769341572222e-5
0.0006032967954740173
0.0001334419348250377
6.254400668469047e-6
1.906981035624102e-5
6.6816799277281295e-6
7.684787040577487e-7
8.396266845143657e-9
6.594909302770077e-8
1.0389179796958221e-6
7.957380977552229e-7
1.250399778023567e-6
1.3892773680803585e-6
1.0274013612328774e-6
8.874804148475961e-6
7.93861135518042e-6
2.804862498001786e-6
1.2937544715534983e-5
6.648349918825531e-5
1.2640137559301819e-5
0.0001549378710620161
5.669212952832348e-6
1.97259579493088e-6
3.966949211070017e-6
2.8045602852703135e-5
4.971369472809529e-5
5.846970960713565e-5
0.00015390255044535423
0.00023479346219046823
0.000536956365485616
0.0021208431567350913
0.00034869816630232053
0.00010415761034119943
9.09223781546671e-5
0.0008431404745528088
0.0003280957499800529
0.006063205685310001
0.0004994615137294266
9.371272586795919e-5
0.0008454825104523059
9.4953833105959e-5
6.437807547107127e-6
7.931032348217003e-7
1.0510530609868265e-5
3.78777020848793e-5
5.571400830794202e-5
6.4511782374439426e-6
0.0001333226293401503
0.0007486582677126216
0.00014176679682101134
0.001497074508299513
0.00018558661126838217
3.192497857092861e-5
0.0003431609796157295
0.002015248095089347
0.00584167516562081
0.03653529493106318
0.010635824818345747
0.0009348301739319677
0.002267942262035605
0.000519358471451523
0.00012871925342972982
9.180412655674959e-6
3.358722213912203e-5
0.00018295652976622306
0.00010273517412350474
0.0014089761025272746
0.00018882495401588545
8.689185459505188e-5
0.0007970795847875737
0.0003372678308485729
0.0003269014196993644
1.0628333149726873e-5
2.3143506052409418e-5
5.770361191643958e-6
2.5228934503159973e-6
1.9568192071209755e-7
1.4463178494029886e-8
5.1217272924058195e-8
4.7108121117787264e-7
2.519093273761619e-6
3.881360536850544e-6
7.2181467279337e-7
1.971810740666444e-6
1.7596127652226726e-5
4.318517966959268e-5
2.948582084729395e-5
9.513619335387763e-5
0.0011745226365403722
3.776729349943709e-5
0.0008747988771148338
2.1900861321720737e-5
3.293590140889809e-6
9.315924066474943e-6
6.219730999581877e-5
0.00023135258378312817
4.485448704070299e-5
0.00022432913111404925
0.002761832452032695
0.0008398555678311607
0.005990931412756659
0.0008125403527890919
4.906371493552639e-5
0.0007248822575926117
0.0017169549474577912
0.0016705916007943222
0.04807671077671674
0.0022179132514275795
0.00015158688739696182
0.0014231187816946232
0.0010478415092050727
1.9460866799016976e-5
3.9502524908609585e-6
3.98439308515954e-5
0.0007699143511564251
0.0008166392155752118
0.0001539412837207378
0.0021688960328410498
0.007660133757224543
0.001374168789093467
0.05057948350316793
0.0014695475268398414
0.0007243126729534935
0.006277161437197764
0.04652354411535173
0.03287659231490211
0.3540217539289179
0.038055331006957814
0.005852731995451322
0.05000944712867954
0.006632791130584712
0.0006026757873930105
0.00027762437467448704
0.0012741629568861139
0.007004241132677744
0.0013440181641990393
0.048811337390863234
0.0014538557880497919
0.0009283647173547403
0.0060879476767242025
0.002070646711884071
0.0007992233351981898
0.0004009309924291297
0.0009198226583598492
0.00016261875314727505
4.691458772901544e-5
2.5474501452634006e-6
2.9588510037728197e-6
1.5923819653360707e-5
0.000223295538493975
0.00030554498318342084
5.127915288039352e-5
0.00033365025925119777
0.0013139478865981677
0.00021034853978702046
0.007214259416409998
0.0001878948884852254
3.656239775255826e-5
0.000510486529922097
0.00155711595524114
0.0022864081317823634
0.04606457954311796
0.0019456696471173416
0.00021097981503969201
0.0016252608326878246
0.0008988873920534078
3.601368375306487e-5
7.433024453082385e-5
0.00021878999362706227
0.0012601319109892457
0.0004234633585551144
0.007254876914125819
0.0007786452931019369
0.0003246608287455828
0.0026534095080101372
0.00023270451998732826
2.3285779362315825e-5
0.0001263721625994368
0.0011055061696904876
6.523610371467267e-5
8.306609602921954e-6
1.5548834951347645e-6
4.094448567874502e-5
0.00010141394541059611
0.0003238555558542953
3.3878220364017795e-5
0.0008346365043936107
5.6601673196818476e-5
3.182813294321389e-5
0.00022288350410323962
4.3659078648105366e-5
2.8001254369278792e-5
2.163303831033395e-5
6.435863399925534e-5
9.412360319921226e-6
2.642659784204691e-6
4.065270724569944e-7
5.484478904343078e-6
6.63203205982456e-6
1.0015675385607473e-6
1.1819549730337442e-7
1.2854704586686892e-8
6.251092522952812e-9
2.968441981365407e-8
3.73702393778828e-8
7.454017270854332e-7
2.7761438260931363e-6
2.949769799860668e-6
4.3949561718259687e-7
3.924502730307361e-6
8.431430413872869e-6
1.401373328017575e-5
1.761548261840171e-6
3.157300157109982e-5
0.00010193805857822906
2.2703778234072616e-5
0.00034141899710273834
9.404664468758207e-6
5.859122173234949e-6
2.4496317475285522e-6
1.0019729830772779e-5
3.027164563694891e-5
4.723365235454594e-6
6.406460425542299e-5
0.0003133401375465081
0.00029546693706865876
0.000937373151392501
9.940594169313455e-5
4.323955475663239e-6
5.8304657095244566e-5
0.00020428738116514179
0.0005640836618285823
0.0058194784039504455
0.0009813194305487794
3.322739933870274e-5
0.00015844437515065527
0.00010841491001543997
5.380906744282635e-6
1.3552563051030085e-6
6.538216971173292e-6
3.0350775264386077e-5
3.837392622446868e-5
6.361047496478855e-6
0.00016844627729446164
0.0004625420556896592
0.00017382171140582311
0.0013719802338262406
0.00010212232381107489
5.134500004514659e-5
0.0005735192496851426
0.0022051421319144145
0.0091510637882762
0.033536047805700575
0.006014573452678732
0.0005642943285652483
0.0017036275629295715
0.0003562345310587439
3.962126285215946e-5
1.5881237659838233e-5
6.158400185867815e-5
0.00019714082659706537
0.00017537962616725927
0.001442372058724106
0.00014058244916410212
0.0002792344663367014
0.0008588298303883664
0.0005659209970229115
0.00029179724053487647
2.6718532573230376e-5
4.204243240729778e-5
1.333950262316353e-5
3.509250550572768e-6
1.2984939258006106e-7
1.6090158961515952e-6
4.277868678997249e-6
5.156231874205862e-5
0.0001334590862340926
2.5537793653901154e-6
9.880880198988915e-5
0.0002757635975010898
5.8556172347168925e-5
0.0012962794983207451
3.4409983947811183e-5
9.813307348940914e-6
9.627364163013924e-5
0.0006242889578597919
0.000589038720301236
0.006747234801759105
0.00037653366636501625
6.268773637880895e-5
0.0007783934747596045
0.00010729524234452462
4.44952407248093e-6
3.4996865813817256e-5
9.867837155300338e-5
0.0002946082899274132
0.0001849087772268615
0.00241167929290119
0.0001342191135999328
7.104141174032461e-5
0.00023025675494136707
0.00016843676720414591
1.031070183346692e-5
2.5671166813405864e-5
5.4042819947959e-5
1.0486463527546708e-5
2.4014477840347416e-6
1.4081926635425477e-7
1.596800969862978e-5
5.421969379877715e-5
0.00015633624576750943
3.083086198029083e-5
0.0008026194586355762
3.8765092969745135e-5
9.829656744342311e-6
5.924028750758314e-5
2.7841471178731008e-5
9.847143779043819e-6
9.95747082460118e-6
2.0991129532055515e-5
1.009219535377305e-5
1.1763715264386082e-6
1.7861435002258146e-7
2.57362413694536e-6
2.848126852061497e-6
1.0107367557288252e-6
5.642814367168734e-8
3.547206914508158e-9
5.263813466443706e-10
1.5690332748351441e-6
2.054541704459423e-6
1.5300146457854487e-5
4.4961865125793295e-5
1.3439943458776543e-6
3.32589805934615e-5
7.790455507648822e-5
1.668725585065347e-5
0.0002939601438441066
9.653987814378274e-6
6.257485216326486e-7
9.648082499374551e-6
4.360895444319683e-5
5.05194606762969e-5
0.0007538420563433862
3.135088364126264e-5
4.726652782110441e-6
5.375499738210191e-5
0.000117404990736965
1.539030441051812e-6
1.3310572134013695e-6
2.4804607401512353e-6
5.542370890302799e-5
6.32528888884078e-6
0.00016237989601301445
6.132419801291611e-6
4.751589185540991e-6
5.0041808083559706e-5
6.300096053196739e-5
9.8958849218892e-7
1.7053167933053876e-6
3.5485660481983196e-5
3.163318781938425e-6
3.778011111223839e-7
2.4570326955931056e-8
1.5973064699733882e-6
3.5999266654800865e-6
1.1918959827968236e-5
4.709928228898836e-6
2.8531248010521376e-5
6.002773162274449e-6
2.0299345851711792e-6
8.111837632597714e-6
3.6710355487537317e-6
1.2961916783023945e-7
3.549566314867032e-6
2.4425604591865056e-6
1.3445756678367459e-6
9.707126036775546e-8
6.617184232287043e-9
7.143253622602773e-7
5.513382258183167e-7
1.4528135023519457e-6
1.2778276463692652e-7
8.167621858347487e-9
2.749757483551128e-9
1.229101198537568e-6
1.7700400893054615e-6
2.0755373392438543e-6
8.465057518634313e-7
3.168975918047276e-6
7.377050598618815e-7
4.1913713123330935e-6
2.4326745983460473e-6
1.984235466221753e-6
8.826293221052723e-7
3.5810591855076913e-7
6.862274118777694e-7
1.5856146399825326e-6
4.5278835002732763e-7
8.53069857236543e-9
4.130510345315392e-8
5.544243581528323e-8
7.746168162364884e-8
1.6022927645556513e-8
7.846498020546384e-10
7.152846062125348e-11
4.1113915687570474e-8
1.7473273470349238e-8
1.0541766615835449e-8
1.2875483470407424e-9
6.84578764440436e-11
6.819316003923818e-12
6.2402839876064175e-12
