1.0422022467185992e-13
2.245975430689708e-13
1.3498762619699438e-12
7.69190623720829e-11
7.993821041211247e-11
3.105276799530779e-10
9.758481388952462e-13
1.6466625798402255e-11
4.6543544229123726e-10
2.727819805527612e-9
7.19049771848579e-9
1.2426205295626092e-10
7.740054300754322e-10
5.304633795132417e-9
7.752526786078918e-8
2.8823877798768217e-9
3.105086895067619e-8
3.3615389089279854e-7
3.1437411017370714e-7
2.7496278875161107e-6
2.4349095412823447e-7
2.9169263724120644e-11
2.5850003180050875e-10
5.006853071901314e-9
5.0377208418608055e-9
1.27192497173655e-8
5.937819265404446e-9
9.06426127088034e-9
1.4052270072878627e-7
5.180243473679358e-7
8.830171844622976e-8
5.925535262937965e-7
1.1849512224132267e-6
2.2902541251686615e-6
1.352018227176797e-5
6.560582848996884e-7
1.6502712111398557e-8
7.616867025786197e-8
4.6005086379805856e-7
1.2208246381130417e-5
2.8993132775240687e-7
3.2309662720054177e-6
8.038765419939158e-6
4.784545636570781e-5
0.0001941062131905429
4.6825855338983885e-5
4.561371417511864e-7
1.4000666855963202e-6
1.5548624286750195e-5
2.169743866829911e-5
0.0002914923636636045
5.8519757402522834e-5
2.930609699521978e-6
1.065511683007138e-5
1.2979753024358439e-6
3.019995748021268e-7
4.292067708636028e-10
1.3140463040826474e-9
3.9870121256504984e-8
6.652439195084901e-8
1.752916865172948e-7
1.983612700884998e-8
6.491353315483383e-8
2.290725374699691e-6
1.5592390246966953e-6
4.618346634158748e-7
3.276401474277823e-6
1.5203391831624586e-5
8.483732382091886e-6
0.00011030932951013835
2.6438462753897375e-6
6.827419058799472e-8
1.272834402803843e-6
7.4806513801002925e-6
9.91666049360727e-6
2.4908312264516168e-5
0.0002735444368502992
0.00010930540950601568
0.0002795754172259688
0.0015692003090264453
0.00013438862742341237
3.472697786194538e-5
4.541102630135166e-5
0.00043358342506695654
0.0001957553844449538
0.004341551094918791
0.00026632296523346037
4.346329729453336e-5
0.0007986173474038953
4.923911898268207e-5
1.3901616170855751e-6
3.271581761138238e-7
1.215040928804217e-6
9.048291832111826e-6
1.1574708096002185e-5
1.8860819429629689e-6
5.715964050012552e-5
0.00037697019452281465
9.397639123172305e-5
0.0012117641667109792
0.0001134492345264055
9.855441481975035e-6
0.0002440898047735136
0.0014126484240564324
0.0055479637009839934
0.03521458816962545
0.008375485986293531
0.0004971518732366273
0.0016100526370017448
0.00026681836140011604
6.198978280655293e-5
2.4831663807785938e-6
1.584624753043486e-5
9.36573151872541e-5
6.523769307643514e-5
0.0010132550915355476
0.0001120305413025345
6.51544886448238e-5
0.0006947076050560501
0.00013886265447200075
4.504156477557605e-5
3.787388553895875e-6
1.1670916528439013e-5
2.83299829062253e-6
6.717195674371111e-7
1.872002096953477e-7
8.783266624042175e-10
2.461166107833531e-9
7.367968844294086e-8
2.42531251394548e-7
2.458012921270715e-6
4.452718230355107e-8
3.5349676988120254e-7
5.166368804583127e-6
1.3759842031039712e-5
7.708310352172275e-6
1.0875407694149518e-5
0.00028061884223488714
2.0920692237985226e-5
0.0005208216524976298
1.1800063520292573e-5
1.7313169836976335e-7
1.3433436576501327e-6
2.248700598767382e-5
0.000117593833685884
8.759643071797732e-6
0.00010493604034944742
0.001639685439837426
0.00039047840537262694
0.004248592320652807
0.0006534533363943322
2.2151753805117845e-5
0.0004572769510958266
0.0012753567115346893
0.0012509560891385127
0.047749839146282926
0.001567174263570635
8.809927825502271e-5
0.0010715194162198491
0.0009883635007453039
1.1822671075725298e-5
1.5754077487682008e-6
1.3169706959261682e-5
0.0004231872103062676
0.000548688033889402
9.626357028090108e-5
0.0014793324714155532
0.004370466018763384
0.0011275942552293645
0.04761576159525949
0.0009870289911673698
0.0004562243494810518
0.004201271657756553
0.04804449508568889
0.03366537334198141
0.42792159480983044
0.03483055712526857
0.004651483998746092
0.04569799351989982
0.004298822738650134
0.00029528748437428334
0.00015808125487672082
0.0008189327092994837
0.005304963590231494
0.0009530689250969317
0.04809793702603268
0.0011733273837558403
0.0004935226983123348
0.004216117914243237
0.0013372029005947954
0.0001917734235544487
0.00019282599549751532
0.0005152188835939209
0.00011624674546829359
1.274970817244354e-5
1.8755674069284589e-6
7.453303121511195e-7
2.166954648620741e-6
3.614770781368313e-5
0.00019444130883739658
9.829029314960244e-6
0.00011897666804669981
0.0008175129628302767
0.00010829601471646108
0.0052002575427042026
9.838272246484973e-5
1.5119659053357714e-5
0.0004968848203613904
0.0010323114516417923
0.00168210512814528
0.04835464852745465
0.0014363225812241245
0.00010742887735200424
0.0013503030619138915
0.0004815709093683211
1.5460075801885047e-5
1.930412387464688e-5
0.00011605323938039961
0.0006429679883199379
0.0004163342666619591
0.004559720104516537
0.0003594796086641269
0.00012431332505331166
0.0017749392003516397
0.00010594231082759222
8.494256511497888e-6
2.877155958658981e-5
0.00028328284120246927
1.4247034652246078e-5
1.1000751022195805e-6
1.8191360263813327e-7
7.956768827679153e-6
2.7847809022033288e-5
0.00015140258649269604
1.3967543306124372e-5
0.00046962548823409155
1.0858979991016754e-5
1.3294279654149574e-5
0.00011031897476484254
9.85695663594513e-6
1.2159313149818972e-5
3.84128768190677e-6
1.6535354819409687e-5
1.927566449484654e-6
5.760091211652543e-7
7.432485861035431e-8
9.069652271229356e-7
3.1188925711275536e-6
2.1433485872111028e-7
1.6199072378444343e-8
3.4871440529348154e-9
2.3605411741068385e-10
1.0775740140883264e-9
2.784730116226685e-9
3.2133200956192527e-7
1.396709467033194e-7
8.865133371313495e-7
5.1096244825153095e-8
5.734606602694876e-7
3.259183215982955e-6
3.4932010452848938e-6
3.74158289360583e-7
7.105866347216064e-6
3.422187865260783e-5
1.4002495520040008e-5
0.00018599509221383487
3.7622537000157533e-6
1.4618504294271326e-7
5.085077906768464e-7
3.543259319421438e-6
1.5383028411382498e-5
2.143559064607421e-6
3.125596857304426e-5
0.00013234083398506538
0.00019976948062602718
0.00047739131286402703
6.083802312520688e-5
1.1632706548848619e-6
2.386163664669816e-5
0.00010174830889478597
0.00035705564873739844
0.004459076637047163
0.0004936169659104535
1.256335240980594e-5
8.195026847000693e-5
5.376183204582147e-5
2.8523967522048973e-6
4.921097772314505e-7
1.570406156790226e-6
1.609537316086226e-5
1.6642775227673075e-5
3.2626306365177155e-6
8.811392256257262e-5
0.0004755712844714522
0.00011096232246999226
0.00094312961438105
6.697700747778597e-5
2.3765012854069575e-5
0.00037181609624421124
0.0016744897038277488
0.00816288119749021
0.034078477268360594
0.005616352576690165
0.0003704316894151537
0.001227088651580111
0.0002028103494817414
2.1877358919650278e-5
5.6388437338765294e-6
2.755372167214241e-5
0.00010635294423859609
0.00011292113600624607
0.0011409181186885122
8.907104279680656e-5
0.00023711330911165178
0.0004142857504729592
0.0002665928260638361
4.672037277303168e-5
1.4082879414656898e-5
1.8726217018740892e-5
7.63437523866861e-6
2.2411197298376164e-6
2.6411102065332286e-7
1.1627083594434137e-6
2.5234310471376195e-6
0.00014013133985928375
3.437433168142293e-5
4.645688891759314e-6
0.00014639619223271333
0.00012079789946611447
2.570927239038291e-5
0.0009701433326828383
1.6934934113296822e-5
2.2835691647028232e-5
0.00015528974911120807
0.0005198575396841047
0.0003747571162959749
0.0043036481680222794
0.0002441728254619255
2.4303199191521554e-5
0.0003951151286940425
4.9877579314808e-5
1.4250393105525602e-6
3.171088279867647e-5
0.0002765255823454046
0.00012523930230571906
9.729381875338953e-5
0.0020536103588340523
6.07705459718637e-5
2.91235131633267e-5
0.00010044134191114558
0.0003465506798853335
3.5798512776490953e-6
6.674183684114946e-6
1.1789112205061182e-5
3.941145757972427e-6
6.359189907155775e-7
3.178320840264979e-8
5.058240649915526e-5
0.00022992730101178773
4.479740187972999e-5
2.08639425391435e-5
0.0004842674245424597
9.150144162158657e-6
3.3720658061036566e-6
2.3776405517845815e-5
8.14653201232118e-6
5.203975517923269e-7
2.8980224517336134e-6
3.932154434611572e-6
1.5638239544184381e-6
1.0722171168467935e-7
4.3354269486319765e-9
1.3280983939730616e-7
2.0408816585663768e-7
4.957459444980928e-8
4.093534628432851e-9
1.1584602514760296e-9
3.919458650464791e-11
8.283496405616854e-7
1.0878698546471415e-6
5.548181927565362e-5
9.479050922087214e-6
3.9211832565120285e-7
3.4380191448318624e-5
2.7438226057382737e-5
5.587763700352694e-6
0.0001698246255074462
2.8214421134515456e-6
2.664126471966165e-7
1.953914778489259e-5
1.5367534037376692e-5
2.1809214054327632e-5
0.0004430842096104503
9.941069199695946e-6
1.1416221208489144e-6
1.9786359747538718e-5
2.410450882294241e-5
3.73166932809159e-7
3.533056789803803e-7
5.039482851798365e-6
8.97535956891564e-6
3.3948248917440353e-6
0.00011298597678212859
2.0095740906584305e-6
2.2812573969797877e-6
9.642682448603603e-6
2.175642796858118e-5
2.7053123018785474e-7
3.5681490281733356e-7
8.298808930413408e-6
4.779889692617454e-7
7.61081734277753e-8
2.5498051456749464e-9
7.99937177322795e-7
3.0322932334410544e-6
2.7158472061325075e-6
1.9117534984314758e-6
1.606176925485584e-5
1.2462921987283248e-6
4.1257177945748434e-7
1.515053314638182e-6
1.1669707053606623e-6
8.141044341432786e-8
4.5145310354542565e-7
3.8535719841277525e-7
6.25320599587127e-8
9.387394515505477e-9
8.485132080166604e-10
1.9286040961226019e-7
6.944939013674561e-8
4.018554349839572e-8
4.926391060984598e-9
4.3013930054008086e-10
8.657921209191779e-11
6.034431770344639e-7
1.1456412816663579e-6
6.707953018008711e-7
4.61213345691399e-7
1.44773851043351e-6
2.4857077343246575e-7
1.4530529658912894e-7
1.9065343974734605e-7
8.493613530427932e-8
1.689434032720577e-8
4.5026533745024846e-8
5.610946852226572e-8
2.6200633153145436e-8
9.14698318754463e-9
1.8520526305875483e-10
2.2829843667429794e-9
2.9297033944037106e-9
1.6105273343224064e-9
3.868765618759978e-10
2.21980427942675e-11
2.9642486493066147e-12
1.0875029555873183e-9
9.393939980451075e-10
4.048963277074489e-10
2.9123341020660014e-11
1.1245733830953273e-12
1.560516322993677e-13
8.828250582118231e-13
