2.436237731872232e-22
7.14243142419957e-21
1.5465932630906586e-19
2.5185664768673248e-17
5.96474858294304e-16
2.5866416526405386e-15
8.218217712443567e-20
7.455924814105924e-18
1.4250142947195472e-15
1.0850528201506982e-14
1.2620818682786927e-14
1.0995164525832253e-16
3.448487575124854e-14
3.796762975562881e-13
1.1758200484718963e-12
1.6534643026022762e-12
5.3636062442879915e-11
3.649600528288039e-11
1.9617195805159546e-9
6.548867264407656e-9
6.754278226970189e-10
2.599962117358953e-18
3.5568595371368544e-16
5.843289139975403e-14
3.408063995831287e-13
1.1173553451900915e-12
2.136446549206766e-14
7.843071955201249e-12
6.166938867067255e-11
5.1623096924138584e-11
4.519909804358175e-10
4.70721223664757e-9
2.606994831802762e-9
5.711844753195952e-9
2.1063397306012914e-7
4.911845491939088e-9
8.197091124130976e-14
1.7900005023998397e-11
2.1969047398508347e-10
6.009106796603239e-10
1.5342294129530694e-9
4.6400929254362294e-8
4.7816578639293486e-8
1.9443355412628372e-7
2.1194283731688136e-6
1.5252989734242863e-7
2.5881162569837914e-10
3.327091206106672e-8
6.261872458144153e-7
3.8297818319863055e-6
4.217027667463374e-5
3.6274018157536375e-6
4.6594743714357136e-8
1.658532424148818e-6
2.8218340015836367e-8
2.0403997727885335e-9
5.608500875278434e-17
1.0637549833329045e-15
4.276170657183105e-14
1.7216839183790693e-12
1.4322992237139745e-10
6.724766467381168e-14
2.042490601338552e-12
1.2345565275167298e-10
3.4754928982218963e-9
3.443874737512951e-11
2.4805585375032278e-9
1.048517100124952e-7
5.411889429295462e-8
5.884036457223828e-6
6.171815234545314e-8
6.7558315379616936e-12
1.6554695990728992e-10
3.943662518516668e-9
6.290247400884348e-8
4.318572705299707e-9
1.513184379702873e-7
3.278539788200063e-6
2.93315355611103e-6
0.00017233151710933602
8.05156281970639e-6
1.9423733975057947e-8
1.0373869292478462e-6
7.195659809659283e-5
2.5493020174432076e-5
0.0019948130270995533
2.8669073330269865e-5
3.4522007518948154e-6
0.00022762753556427624
2.458360445091817e-6
2.4478029561590363e-8
1.168617334026182e-10
1.883253190107862e-9
1.833701398866057e-8
4.58858986819791e-7
2.0340388665954178e-8
1.504876735771217e-6
5.205041658532653e-5
1.2328637335788894e-5
0.000211928171393881
1.1876289527826113e-5
2.6374034419622284e-7
3.935939300737056e-5
0.00028977535910424144
0.003995678936157727
0.026397202472090008
0.0035064374796872832
4.808349970563213e-5
0.0002868217917463606
2.9128643566370168e-5
3.582220295162331e-6
7.891446571076458e-9
4.0813691646615964e-7
5.020841725954288e-6
1.196904298746159e-5
0.00019470136965054938
1.1394794799974495e-5
8.75445615992547e-6
0.00027843677436728147
8.399622314830104e-6
1.5574430545097915e-7
5.239364901006444e-8
1.4492304483030527e-6
7.388119524552705e-8
8.041918096355896e-9
7.648802823930966e-10
5.07630095127703e-15
1.9156665796769635e-14
1.5363258735581347e-12
5.548535770715167e-11
1.1618730845112192e-8
8.297811134372796e-13
5.098510373503758e-11
2.3640490036090047e-9
2.410640591868108e-7
7.474806583797943e-10
4.435551640653626e-8
2.3384940678535893e-6
5.693935779182407e-7
4.700821730832655e-5
1.286826665506288e-6
1.0876655593099404e-10
2.8018366868636064e-9
8.083177090176043e-8
4.238421412975377e-6
5.8414427345613335e-8
2.9776132406558862e-6
0.00014101269555604889
7.067863435491681e-5
0.0016266651136534417
0.0002539597195432723
4.021862009043441e-7
5.5171771611719436e-5
0.00022369581930823564
0.00026182822910419826
0.031869677950945634
0.0002846886705275817
4.6368003613480934e-6
0.00020383983204168204
0.00018282904193830593
1.2079824482668124e-6
9.167073113026384e-9
1.933979532358023e-7
2.2763475700911934e-6
4.452214172531931e-5
3.4979837276647444e-6
0.00011163848514794678
0.001468488184348635
0.0001876894008933853
0.03156724506579217
0.00019246738475922674
4.266441483126141e-5
0.0017615767328667128
0.030080034171694036
0.02363563219882067
0.6685112122937681
0.025282395058993594
0.001000491903891463
0.03261999840911771
0.002222377817079646
3.692854337224164e-5
1.8038024555646081e-6
0.00010132783674457063
0.001367613166231941
0.00017528946872397453
0.03268858163260967
0.00021167139089915544
6.416605577661893e-5
0.0019327898961061878
0.00014080876831189444
1.9420132168264076e-6
1.443305601423177e-6
4.823635610075732e-5
5.938696160561996e-6
2.0436657611681724e-7
8.914933882965087e-9
6.985797742853506e-10
5.0720554861958124e-9
4.87507424261109e-7
1.7119971814310056e-6
7.526746723023353e-8
4.6228286815548745e-6
7.96660936532313e-5
6.474314177221535e-6
0.0012247421427346939
4.83918472431629e-6
1.0702929365253438e-6
0.00014685024062107953
0.0001907793257618271
0.00028076188957920086
0.03077932882118774
0.00027615116035061227
5.2141455475970785e-6
0.00023151118283018472
6.43799804299505e-5
4.966999956871889e-7
2.243064146922194e-7
9.173409404248318e-6
7.20970529077355e-5
0.00014511393111297672
0.0021333751541563577
8.33306823167131e-5
5.027625311637574e-6
0.00014402612263975827
3.4172576646964115e-6
5.681984789943107e-8
7.565600128539962e-7
2.2201085545386266e-6
9.883989143492506e-8
2.905044666200423e-9
3.805137614218705e-11
6.477132916993223e-9
1.9343729842908792e-7
1.6459258116225308e-6
9.36528713876411e-7
4.121192522513921e-5
5.012936016330947e-7
6.480899149656874e-8
5.130459200765578e-6
6.902743448086431e-8
7.234051983596026e-10
6.394786581027121e-9
2.3996261181129465e-7
3.501515778557463e-9
5.167439782510563e-11
1.235766252141854e-12
7.114252331352597e-10
9.770896123423022e-9
1.2840245239624672e-10
1.0722686264314032e-12
1.3544870407659388e-14
2.4270401809807924e-15
4.5318562373231715e-13
4.848949490257653e-13
4.563091865741607e-12
1.4690791760491268e-10
4.618551260374853e-10
4.842209515811478e-13
2.3217098261668137e-11
1.0610160883402796e-9
6.638445088448782e-9
1.3691752312915076e-10
5.025731840780779e-8
2.39468995722057e-7
1.1298459650886666e-7
1.6953744303335233e-6
5.290864423048536e-8
3.702197350186214e-12
2.7309013391445967e-10
5.843176206392983e-9
5.79793495852798e-8
2.319313136706592e-9
7.568241187220282e-7
4.389556380679511e-6
1.742883610075577e-5
6.592230378232026e-5
8.020320256438181e-6
4.2627366941235165e-9
6.987409208658708e-7
4.802869065484884e-6
3.067372226923683e-5
0.000933362407789483
4.099746826495959e-5
2.6926522438814646e-7
3.969487061454294e-6
2.961390155559713e-6
3.605239541189584e-8
1.1430117553936731e-10
3.3034867645804065e-9
3.904899098000687e-8
9.946051759444413e-7
2.431112231043338e-8
2.465006718029269e-6
0.00011962382916424007
1.0130360857444594e-5
0.00017139220282850313
1.0558358079297318e-5
3.4485399604525243e-7
3.342377087699726e-5
0.00028149457921216724
0.0031595155727207323
0.023646855877250163
0.0034881940810996053
3.4256719780864894e-5
0.00026052835727271407
2.4324959788390643e-5
3.3924532543974755e-6
9.855534986801278e-9
5.627550589415632e-7
6.419023128964123e-6
1.1004012424013448e-5
0.0001915627779484889
1.1471496004696563e-5
6.103478068378942e-6
7.027448268180543e-5
2.8137782886382784e-6
1.69365524321127e-7
5.3694768319433896e-8
7.010690411700337e-7
8.006516564884387e-8
7.937494385025373e-9
2.441911877595425e-9
1.4983960010223588e-10
3.4453940854031394e-9
2.1829614224568402e-7
3.8373685198361704e-7
1.22206245637354e-8
7.155261546213891e-7
8.320119927441868e-6
5.083169593606571e-7
8.188374938066641e-5
3.7853278036969983e-7
1.5518940135628154e-7
1.0598165008834663e-6
0.00013876105476625533
3.554346025803193e-5
0.0020594324457564924
3.5906360068619186e-5
7.627478681980382e-7
6.638205425487088e-5
1.1648141505152196e-6
2.919088761910216e-8
1.5709792646021546e-8
6.184253761580743e-7
4.611452296731154e-6
2.592532197488755e-6
0.00012265131046188793
1.6789556852558626e-6
1.1519650265209055e-6
3.3797291304646382e-6
1.4914025635092437e-7
4.523343368373524e-8
7.404818017604376e-8
4.471695436370443e-8
2.474177192323153e-9
7.250049927160144e-9
6.195164544687906e-11
3.0524173807677274e-9
3.218324656379611e-7
4.777245633267086e-7
4.0336400605136484e-8
2.196322452901072e-6
1.7213328865277596e-8
5.277345362372889e-9
9.080984168532869e-8
3.4946434029043524e-9
2.2131984676308522e-10
4.899139465455515e-10
2.3277941532566733e-9
9.534544912451992e-11
8.890551822627972e-11
4.267535549696431e-13
1.0705063307694834e-10
5.97476802239284e-11
1.8729036165159654e-12
4.646224715398995e-13
1.4893291693247194e-14
4.584791404350832e-16
1.0970612827440665e-11
1.2335527331995334e-10
2.26049207294395e-9
6.353205867757436e-9
3.395002954079027e-10
2.145870352015851e-8
1.49885400923808e-7
8.966922945335912e-9
1.6639531735860171e-6
8.114335982896021e-9
2.494147279778193e-9
1.4308548092177173e-7
1.0771751634045925e-6
3.4458286652734715e-7
4.20388779625078e-5
2.532653055186765e-7
4.583900080165232e-9
4.5848034648798706e-7
2.0378418977648002e-8
2.4962937851573784e-10
4.908097706162703e-10
1.0625774458335642e-8
7.957617378255949e-8
2.987894145021095e-8
4.836529580302419e-6
2.05279085346119e-8
3.2509746304282704e-9
6.653658807291556e-8
5.0932088665013906e-9
2.204657422419541e-9
1.9624571495410376e-10
7.338540812876441e-10
3.8606994418826876e-11
3.435595619865263e-10
1.436382242669393e-12
2.404177951016328e-10
2.8954981250628256e-9
7.319200984326543e-9
4.697777315325176e-9
2.449517056575853e-7
2.520159155630013e-9
4.1080177218393316e-10
3.4069264957259177e-9
1.6203531907274574e-10
2.681370903066903e-11
3.331578698715019e-11
5.95121209728588e-11
2.2674380912078973e-12
7.769619816398455e-12
3.725180762414038e-14
3.4883028017659506e-12
1.9391768629674043e-12
5.4014515596434907e-14
4.6042185087454713e-14
1.518358662455151e-15
2.393506575583107e-17
1.6189315857277624e-11
1.5192032553169325e-10
4.486632987044279e-10
3.715410354441321e-10
1.0496002800787532e-8
2.2581307951917688e-10
1.1922204755916276e-11
1.331126803819224e-10
9.419452589880289e-12
1.1917269321909434e-13
7.554588660201957e-13
1.0217023241651513e-12
8.335686314831745e-14
2.3957373348426176e-14
1.2265541813738195e-16
8.178158181144487e-13
2.2623077999275605e-14
9.881653566776578e-16
3.474419296259853e-16
7.425499504458721e-18
7.455776273043272e-20
7.906349137230634e-13
8.478675218824672e-15
9.14447905079804e-17
3.121439544187684e-18
9.066542950972255e-20
8.593490234607589e-21
6.209848989629083e-22
