1.4036088649129876e-10
8.260995470561435e-10
2.388262871728452e-9
9.246164637829599e-8
8.226589894385965e-9
1.971843854172208e-7
8.211417151578672e-9
1.2408498845691683e-8
3.9802254532730976e-7
5.7661239790897734e-8
3.755684523077087e-7
2.891229323632947e-7
2.791724793563278e-7
6.951542627063734e-7
6.93145457444437e-6
1.517347775003208e-6
6.526907227772633e-6
5.0462071578357085e-5
7.251690967311526e-7
2.6515993538131374e-5
2.1063808960231194e-6
8.078624532645921e-8
1.7267989531007277e-7
1.2275234568116863e-6
1.233873370354571e-6
9.101013078583263e-6
6.448668473389653e-6
1.9581699493662214e-6
6.504275860635259e-6
9.683763032516984e-6
6.6401596812713006e-6
1.7844305785478428e-5
2.631192935312715e-5
1.1877938887579172e-5
0.00020352678590879704
1.0289051027037021e-5
5.019908478162441e-5
6.463833724214913e-6
4.2355799103652976e-5
6.20945925780384e-5
1.1003837515276878e-5
8.853603482289035e-5
0.0001321995897886013
0.0003002724569948235
0.0006850807932449435
0.00019864841787407326
1.628320270798707e-5
4.667270275251035e-5
0.0001265422099775823
0.00016282222418976972
0.0017816099705646286
0.000685707357696684
2.2737084096440003e-5
5.907465711538241e-5
1.9654677366852704e-5
1.0823754399538603e-5
2.897763930208884e-7
5.958073958959366e-7
3.7672328088625215e-6
1.7364449939283573e-5
0.00011633393150878563
9.968916174059676e-6
1.7287546420803748e-5
4.925226200627809e-5
3.03868754470887e-5
3.160933083589262e-5
6.821429529922344e-5
0.00022945857968276157
6.769609863521868e-5
0.0004076194614102329
1.952136910219998e-5
6.22412607472789e-5
2.3702776756886308e-5
0.00021225588820513155
0.00025602845922991787
0.00040310958276892146
0.0015683646150699703
0.0008381886929221532
0.001658264115980027
0.004396390559245063
0.00036331558127996667
0.0003287995675022075
0.0005502780473423969
0.0013690612626485583
0.0007115970935571254
0.007637000295059981
0.0011259238890462572
0.0007938071003164883
0.0009518856487922821
0.00017187380290153607
1.9247586462747486e-5
2.4150053661275494e-5
8.156289054850815e-5
0.00013289561014474382
0.00018625186132814126
5.39023973828225e-5
0.0003496748255623893
0.0008912619343790167
0.00033974427743850083
0.0026156010436169334
0.00039221413957703916
0.00010450839695328583
0.0006655575052778509
0.0027884914467457217
0.005850934818600018
0.03862197405326492
0.012921645720042852
0.0017949491117556175
0.0040379266404850355
0.0010539199768652536
0.0006713960455436506
5.3813769300883774e-5
0.00012750188037796085
0.000501136377398797
0.00020996168266370052
0.0024608275989209285
0.0003800485163864371
0.00019998029658787464
0.0006256044655368907
0.0003819276144520671
0.00021059922178688072
2.9575075587530315e-5
5.2977060088775994e-5
1.990419785901191e-5
1.1514034679305055e-5
2.206970587286121e-6
2.0211507456211715e-7
4.4117454106535895e-7
5.8273879628108795e-6
4.308339614565815e-5
1.9323235562225983e-5
6.876328415346218e-6
1.2309387816757334e-5
4.794316564561156e-5
9.278280794687454e-5
6.729144187914442e-5
0.0001435406015329226
0.0008989397452132572
9.71881693141161e-5
0.0015042221214021034
5.287124370458758e-5
7.268864517180615e-5
3.356258022770824e-5
0.0001491625841266943
0.00040318378932910706
0.0002970129835508793
0.000653779246919223
0.004315942835675833
0.00115701523023755
0.00658421379521633
0.000612361857328613
0.0002588040415050266
0.0010793585135543183
0.0025152674277699695
0.002426955324161607
0.04225798365925527
0.00422566118596354
0.00047568062758956736
0.0022303154554360032
0.0009874641166751374
6.271318403506919e-5
1.595586959127017e-5
0.00013119591796076366
0.000723035319854159
0.0016910224983255945
0.00040903193323918463
0.003338185307776132
0.006947524732951784
0.0024778551736315017
0.045970368900968755
0.002468566731879104
0.0014858261692248468
0.006422509806029484
0.04095573253320313
0.030349166272173267
0.2789172717618499
0.037269511389803923
0.007611829672155296
0.042292893602936865
0.007927897258752644
0.0017944694591171249
0.0008769456257387236
0.002929463027497024
0.009341283631609486
0.002150839672348315
0.0456831274718793
0.0025898249189795666
0.0021698951634172604
0.006327429775405015
0.004481343137959242
0.0007135586556084533
0.0007621166950318598
0.0013883587056017488
0.0004125016678248394
0.00021794070224764758
2.845457577773332e-5
1.4910037406517607e-5
4.91102510431455e-5
0.0004823688816359016
0.0009590041639893607
0.00032732854215887
0.0007648052653734206
0.00344982200878553
0.0004764894158594274
0.00947224268839283
0.0005126124834808307
0.00011506379817811286
0.000787638796008486
0.0024584183233817294
0.0033236636808304074
0.04028625289177546
0.002712539316082508
0.0004128655909913534
0.0025365770912945448
0.001413868263153364
0.00013152835885281428
0.0001754698523205088
0.00038868696510447806
0.0033746209135970926
0.0005410187241359721
0.007033531673907976
0.0009122113228678287
0.0005967811946419473
0.004067365626891131
0.0007660856109692148
0.00012789667648590216
0.0004076779374473449
0.0009481814645393388
0.00024671545637332064
2.769727279664183e-5
4.790014507662578e-5
0.00027370916643025783
0.0002201002700941223
0.000949124916131458
9.122017218217638e-5
0.0017922037896652742
0.00018971364346798635
0.0001374380343914503
0.0004291123354004656
0.0002855349206201116
7.082397000898944e-5
4.5036864249400785e-5
0.00010192852373130768
3.22704876380351e-5
1.0594958224901535e-5
8.607289276273536e-6
1.3264712149453664e-5
2.1461977141979577e-5
0.00013831404710286884
1.0666064131534846e-5
3.7491073706311564e-7
1.8305377826115136e-7
1.600660059377853e-7
3.3500926448355937e-7
6.47685970633326e-6
2.7025805673894122e-5
1.5581568000796932e-5
2.4310385449924403e-6
8.220085932857964e-6
3.7092409038899346e-5
4.169643355374052e-5
2.1665861820462193e-5
0.00019920942726736553
0.0004443905645930322
8.460864131644351e-5
0.0008184142764476598
2.9908543516186473e-5
2.6352652528458338e-5
6.411189232385836e-6
0.00016315883287779904
0.00013713388381104798
4.1903786539806994e-5
0.00036444600285473835
0.0005989750287276478
0.0009149286328042678
0.002428713138938876
0.0002101485653113629
3.764503167928018e-5
0.00018439077868216341
0.00042677940776871855
0.0010535699768440363
0.00771315549275211
0.0017633908847012455
0.00023484545291798978
0.0005234917295272759
0.0010043852056197994
2.4038500128368782e-5
5.1029643406111405e-5
1.7239864944741564e-5
0.00011178821459460862
9.417863917210814e-5
3.7391474315000763e-5
0.00042496111195110357
0.0005341712265283093
0.0003379473770795579
0.0021500246846083856
0.0002076299148191173
0.00023618490508331468
0.0009558800338305531
0.003442690208056503
0.009095573726877615
0.0320368051438099
0.00624655342131289
0.0010352421923009504
0.002405560883804781
0.0007588485795771379
0.00015524633115863922
0.00011083040681595468
0.0002088664841119461
0.0004788299686469899
0.00032346255114158745
0.002410063451977036
0.0003475805506130857
0.0009891088269114016
0.001186811237098027
0.0018210074043468706
0.0003399980831687499
8.341074702545338e-5
9.196315821785004e-5
6.710667539476177e-5
1.2655640817086662e-5
7.496553718754664e-7
1.7752271573487445e-5
3.255215982391292e-5
0.0003455360459224491
0.00020735231631127278
2.182114372004457e-5
0.0003700033271172261
0.00037035551231565637
0.00023341640660782607
0.0029251159353560316
0.00012889937206231528
7.965370489063426e-5
0.000441878001665566
0.0008581764399760262
0.0009877592020296332
0.00658020675295908
0.0006889768608076937
0.00017869885413729464
0.001145005984381827
0.0006628962640048841
4.956483920783506e-5
0.00019770307701662187
0.0003451396014504
0.0007924756742953271
0.0004297309661577534
0.003058655077656103
0.0003425307672074756
0.0003953577613236705
0.0006898166792826969
0.0019661067209911336
9.478734294106857e-5
0.00017953939997382513
0.00013408985825538012
7.630117996550014e-5
2.0517247743146314e-5
5.998757319308868e-6
0.00017071218264343833
0.00036175025480531827
0.0005264940214804852
0.00010669313623048944
0.0006400669553251223
0.00012466608054337837
0.0001406159164725789
0.00014584748611344925
0.0002137190349746397
4.614907087611031e-5
3.411519827075211e-5
4.7194867604100775e-5
4.894955356707375e-5
7.670439262766773e-6
8.412759790557379e-7
3.028240980550025e-5
5.072446098381307e-5
2.000286481662175e-5
1.4201890255385468e-6
6.021893679102447e-8
7.681978426499256e-9
1.607337748794953e-5
2.935590006766499e-5
0.00018528960534178787
0.000277843003651829
1.4279526662459322e-5
0.000208749906168976
0.00020125353613470996
0.00011048650885189671
0.0008808710597695722
5.6501286497187465e-5
3.7446558187105534e-6
8.276764739264004e-5
0.00010984364675786186
0.00023598547344147211
0.0014994975306527876
9.801492814890861e-5
3.791206941381595e-5
0.00024642779196426236
0.0003693898998120581
1.5883290996474896e-5
1.4658029135129223e-5
2.1308673863304756e-5
0.0002906887049596924
3.761363608137429e-5
0.00041753075794601145
5.5220678386431024e-5
4.392898812056745e-5
0.0002853404297049079
0.0005095922879526428
1.1350521460795222e-5
2.304992038233141e-5
7.139872997414451e-5
3.877168313968406e-5
7.75010762273701e-6
1.48586335588838e-6
2.914386010040769e-5
2.9272566657460433e-5
4.367400569933246e-5
1.6834725743347558e-5
0.00011620494623963424
7.719789028876109e-5
6.308675126442007e-6
3.088424679637831e-5
2.6915633519766363e-5
6.973411630051408e-6
6.637540073279741e-6
1.2282334713830481e-5
2.2651745635459762e-5
2.4209828184491883e-6
3.0711515965702993e-7
6.548521121489157e-6
5.737969675028119e-6
4.0069087801611436e-6
1.2602227272723058e-6
3.6868167161624587e-7
1.1484918771236757e-7
1.6364933237167074e-5
1.8089800612978653e-5
1.2562289332176655e-5
4.38824650255569e-5
1.3890666386970303e-5
2.2357734425273526e-5
2.0769554197402895e-5
6.602209891242419e-5
6.00350663911305e-5
5.7087916373969955e-5
1.9195183049157484e-6
6.346274410829984e-6
8.738697508931154e-6
7.238432129889135e-6
3.4351856815571535e-7
3.4423745051976804e-7
4.738981164045505e-7
5.786775631187255e-7
1.8949988475907633e-7
1.4015686387645592e-8
2.6458323501513597e-9
1.8208728831921842e-7
2.305760225293643e-7
3.6824112092120276e-7
9.974851600672285e-8
9.694337645868683e-9
9.502306861548688e-10
1.6611675456269227e-10
