3.142882386136599e-8
1.9977850416064934e-6
2.9116153678576125e-6
5.357135272601419e-6
1.3162249442252723e-6
5.378974761812449e-6
2.0622139316608868e-5
7.394284312055402e-5
0.00017302670192529033
5.310760727448565e-5
0.00012979926062257435
6.24060680401288e-5
0.00015461129895880023
7.29484481015328e-5
0.00030787253379522644
0.00013680396736775148
0.0001343134413720414
0.0004309518911817058
2.3302754194557638e-5
0.00017028211642908123
0.0001986316488241947
7.136439151692595e-5
0.000308747316187669
0.0009126399993081199
0.0004980185165581256
0.00040885770006157495
0.00044844060456659745
0.0012091043783378213
0.0009004893864562167
0.0018313280467933948
0.0012719705472541204
0.0013547812744650342
0.003063461566050322
0.0004712852244643659
0.0015914248866733946
0.0014771073025280042
0.00021751214273896423
0.0006944733836240374
0.0006003113934352072
0.0018245906387856297
0.0010294465887399386
0.0011064905889278025
0.003032956763571764
0.0005078953571861938
0.002374224811722181
0.0025924265150871323
0.00046849599163134294
0.0009613985096671377
0.0027992056083480338
0.0005499526378405379
0.002662255357973812
0.0029089515063456
0.00011178292747894672
0.0007327036104007109
0.0011581344692721729
0.0005200701356884054
8.345379632640137e-5
0.0005121030184268609
0.0011204961916637206
0.0013420412296041447
0.0005366103714786691
0.0008135069184599119
0.0027582414518904754
0.002909632323061569
0.0023570731533082835
0.002547597427783311
0.003900963360822838
0.003915201113383245
0.0019315698052783158
0.002996041164484233
0.0013780194761461506
0.000686752686912324
0.0021824669231212458
0.0023401452599294617
0.003783522594364768
0.0026798863955594483
0.0047177591008066
0.0064113157755885854
0.003527304277194967
0.0067916616477322125
0.004507469747771718
0.0017349054787119495
0.0039911570386711465
0.006259299956095867
0.003953447698665191
0.007624074167437726
0.005550888226761038
0.0014428103747655117
0.0031615374160852343
0.0035583938910948723
0.0011491491698774965
0.00014158367526804667
0.0007275639295342394
0.0009312415769371995
0.0020869525181466363
0.0012257949415979475
0.0023561354016780273
0.00554016113393615
0.0020553486137403465
0.005169932223782286
0.0064756188819647415
0.001268949970789972
0.0032015522500462583
0.006173211402204107
0.003324572560002286
0.010334636240108289
0.00838473234390135
0.0011156742348365748
0.004334835119550752
0.005637414940279566
0.002929107803749557
0.0003549107572059554
0.0016118826647312815
0.003014586703659462
0.002116949363545498
0.005501848320378666
0.006510674209789504
0.0009726653081331815
0.003716778889091124
0.0045882153161829085
0.0025445915311962
0.00019487893465296792
0.0007545386824121863
0.0013948936008957003
0.00149962982603642
0.00020212341977045062
2.1390199357007993e-5
0.0002770451833572329
0.00046609995533618466
0.0006928010119861931
0.00023185347928668317
0.0005622435632599276
0.0019938479073694226
0.002321282434400316
0.0013082256645703969
0.0017265292558757213
0.0031477903242677803
0.002307728152710955
0.0023306453933969306
0.002645548708306634
0.0007527286612938129
0.0005882001341302323
0.002420312863868201
0.0037360118759486682
0.003213467600945087
0.0032314637895587616
0.005527936389629312
0.006883863214428786
0.004020931860485675
0.006628695729483012
0.003655843121848172
0.0020543933932480767
0.0054637197292142494
0.004867983385815583
0.006011775771746043
0.008677965449643218
0.004304206513228243
0.003329656506661575
0.003875944683520425
0.003175201316820803
0.0007144736729667898
0.00020478557028688615
0.0012598074577285486
0.002085761562814885
0.002865929617475078
0.0026983193281172714
0.004757651633523963
0.008142494603014886
0.0036166393787528516
0.009845482612261437
0.005522931438488771
0.0020577623107187635
0.006050612006267306
0.009347628803855042
0.007165604406631934
0.028860037958290476
0.010538454638925115
0.0032348707438924758
0.008369030895745035
0.0076489887233957875
0.0027295720873790267
0.0006773859149249708
0.003307228616329291
0.005198561877782563
0.006243897219722529
0.009867968786506658
0.00514629454132481
0.003395029039983606
0.006520022478539812
0.0068630336068167585
0.0023919025508390393
0.0007868690208927595
0.002565589573460229
0.003003294652590822
0.0016301439523632062
0.00017370597054688395
1.8727201612355214e-5
0.00027201073218106366
0.0004439446065622064
0.0009521856509986297
0.0007818471555573485
0.0021616820192033055
0.0038422160046361247
0.002096252004345155
0.0051255606875327585
0.0031732412035868182
0.0007653559137279003
0.0026189755150530444
0.004974062516850729
0.003943969550499988
0.009130275177655373
0.006391234636213614
0.0019066628541427497
0.004886116826799255
0.00634185302943347
0.002867322086288813
0.00042518353146068046
0.001913409809513394
0.003797134234553413
0.00334278098239954
0.008099720984531697
0.0054245947698128945
0.0022928716949646532
0.006750570874882143
0.006468719522182542
0.003030296783513085
0.0005405542860158807
0.002372064361522291
0.0040244776830516684
0.0030026162270994326
0.0004228847523582478
4.9404787393924615e-5
0.0005322275912634699
0.0009024566202853985
0.0011790970135077206
0.0027756661981828855
0.002080386772973857
0.0009712739899484805
0.003194054103134666
0.003818838977994776
0.0017445099467378682
0.00032299128593629955
0.0012818833225165707
0.0023485898558787874
0.001793864526115029
0.0002969580226824923
2.1246339579691324e-5
0.0002320654289861397
0.0005286985708614015
0.0004013931185249489
0.0001252165799990159
5.238910832975582e-6
1.016792194986958e-6
3.008867433496621e-5
4.561087552979668e-5
7.752698704549776e-5
2.1191833742681395e-5
0.0001415992399787389
0.000488903414526375
0.0008213354475437452
0.0003185001974631658
0.0003861766228662036
0.0010627057625042322
0.0005211261989032697
0.0007889044050665103
0.0007754478407794414
0.000196901495208242
0.00021960496774874386
0.0010038061268479277
0.002105467727252667
0.001022849771959014
0.0015893920394716107
0.0032478374309967474
0.0022456548835979137
0.003276866521096809
0.0034088966161859415
0.0009814820690183406
0.0008071343476864939
0.0028431776711751572
0.0018358052498093297
0.003991670427955923
0.003117665930039128
0.0010936304746567167
0.00293310012868962
0.003303009616718129
0.0014205142890946062
0.00010829905870333148
0.0001227727668961855
0.0007915514243797844
0.0019363194515059556
0.0012253881608695377
0.0016601291758104573
0.0035220031286617146
0.0033753997727834373
0.003685386705761201
0.006454821178783954
0.002140497203175072
0.0012947141487947217
0.004223654153116084
0.0040041541231617675
0.0053810716909237595
0.007180331326135562
0.0032287146519115457
0.004007809527228615
0.005989002232531015
0.003974551341525473
0.0005611898192287838
0.00034309357922252047
0.002583615875291423
0.0020980847639522366
0.0035692611833795167
0.0035501943859173645
0.0020039247449764853
0.0033074020425184025
0.00394652229695301
0.003476229117866177
0.0005106122945221283
0.0008003995800597087
0.0022906445829673286
0.0019360892281923914
0.0004731913620390517
2.3742753355862113e-5
2.117443994539704e-5
0.00026099150004673256
0.0006338138942268515
0.0005443283184835604
0.0005952841346500362
0.0026274025340580803
0.0019218392913388474
0.0026304730628199523
0.00336387300136022
0.0016350540403309462
0.0007044361562452443
0.003430533450952957
0.0026621928331953195
0.004265906079628221
0.006093706710577996
0.003092873488076305
0.0029356782868560027
0.005559446663008115
0.004089467157218087
0.000941670801873767
0.0004175810868595141
0.0027045950365854063
0.002146804490473255
0.003561152831925552
0.004661621043966912
0.0023783321914196743
0.003377323150793861
0.00557651782722524
0.004748086032780721
0.0010841244635613192
0.0010770722769801399
0.0031989919455639284
0.003919238951430202
0.0012963316117340785
0.00013214796662390545
4.0786606947634884e-5
0.0006130099444609807
0.00043814303969629887
0.001946756441001085
0.0020809947407653528
0.0009251006905602592
0.0021775882257531153
0.003671623834823823
0.002339481571935055
0.0005973501215782225
0.0008254533605296318
0.002335747913482178
0.002935554942975041
0.0008809022924672689
7.132819856028854e-5
7.882016836241211e-5
0.0006791093423633306
0.0013341916578422453
0.00048477937708770266
5.268347565187062e-5
1.3337727648683286e-6
7.978083980769972e-7
2.086425430820904e-5
4.107962789077393e-5
4.870958706692657e-5
9.450450800111032e-5
0.0004065554152708415
0.00040216739066861935
0.0003573041849230347
0.0006776094383928889
0.0003521892501724709
0.00013793267828652336
0.0007215975963607927
0.0007440567378236488
0.0012716460551924743
0.002049082020104376
0.0012503788576966152
0.000808908974462333
0.0020401559723964777
0.0017622893078269193
0.00048002455403960414
9.53738344782063e-5
0.0005973678752124949
0.0007555118819584449
0.0016583205411372728
0.002734402593247674
0.0011970746735350875
0.0016523869213919363
0.0031887955683661145
0.0026742387156504345
0.001018874580499461
0.00039622252989258364
0.0017708681215280338
0.0026815855651561205
0.0012799386629928874
0.0001361734239501134
2.0572615160136e-5
0.00024956661954872136
0.00026853657799872765
0.0007920046513568357
0.0012608937361836868
0.000731806318845166
0.0009987359176073774
0.0023741926119131922
0.0021475458125093305
0.0006896459341333063
0.0004758882841535135
0.0019620728453676305
0.0027987278064759554
0.001167043505781812
0.00015186791077895334
4.311133574611191e-5
0.00045690474533225317
0.0011065675475123743
0.0009007249493644834
0.00017473701926873204
5.6526607596492175e-6
7.702816637175061e-7
2.0334559748628035e-5
1.8857178737166983e-5
0.00012005387317000815
0.00019929543468061683
0.00013411770338533566
0.00021850891057572928
0.0005671774931552012
0.0006611942683759087
0.00021596412310954962
0.00013989929144766957
0.0005510047984106501
0.0007797912721770865
0.00043612540633470627
6.095799397679531e-5
2.8987815102799928e-5
0.00026837445221244576
0.0004846160699492103
0.0003012472086678411
7.283472790087431e-5
2.880311139079406e-6
9.622622394171212e-7
2.0897333351803003e-5
8.181530795969702e-5
7.132274082827514e-5
2.076036443174362e-5
1.9886727602178107e-6
3.091441212211024e-8
