1.5943212172601626e-10
2.095190664642693e-9
5.452516200008441e-9
1.1943307736275882e-7
5.7437348035525057e-8
3.477079469184014e-7
4.326482307836634e-8
4.337655846996149e-8
1.7080100530259456e-6
1.0215733990426401e-6
3.5507711385402923e-6
7.842050953591167e-7
1.1754994532377522e-6
2.89129976101078e-6
3.651854611741623e-5
5.874523648515108e-6
1.1883076494474196e-5
0.0001019568233849057
1.282798337630362e-6
2.6642070304417263e-5
7.778607844027838e-6
3.1219885102817747e-7
3.6876215837948243e-7
9.607324290565107e-6
9.615057163103156e-6
1.0103404215509278e-5
7.928617298794234e-6
3.1219507292924015e-6
9.479224457842563e-6
2.8598408579519044e-5
1.4789762149946883e-5
2.9019769201066755e-5
6.073037192166836e-5
1.6501455772401767e-5
0.00012850306069738676
1.3395368042785663e-5
3.2064010244087754e-5
4.631753372143672e-6
3.0388335320879348e-5
5.218804816145922e-5
1.961569186871526e-5
5.8539247078771346e-5
0.00019900896397019016
0.0002066190411950268
0.0005918255662652073
0.00016098238409856504
2.977054133697168e-5
6.255035214071416e-5
0.00023134959915206918
0.00024674450323863644
0.0028106653213999496
0.0010051439171215022
3.540239263376513e-5
0.00010540850056242813
3.817637375745996e-5
1.255076073495963e-5
8.540853465917303e-7
1.3223480575653347e-6
1.3886530815549648e-5
4.1979944014415716e-5
1.9185577508007832e-5
9.846659844301159e-6
1.728663477876293e-5
0.0001112389104425529
5.567946233067716e-5
4.833421605738655e-5
0.00012306924387245395
0.0002231449917549381
9.42200940964626e-5
0.0004750973416080588
3.874325382416871e-5
2.16496930108418e-5
2.91878229380061e-5
0.00029252146010033713
0.00024158883668038035
0.0003868473939322354
0.0008888962091305822
0.001032393596612359
0.0014634970062911532
0.004481360725654792
0.0004566970457599518
0.0004404661381168921
0.0005308211667861125
0.001879542816647287
0.0009996194959371355
0.008972449236337601
0.0014515338277670123
0.001325778190485347
0.0019124965599808983
0.00035218477727325326
3.747584008424191e-5
3.540947020310288e-5
1.83853466852406e-5
0.00019527736494266763
0.0002889032852573384
5.6908388396013964e-5
0.00041513018001798185
0.0010496432769567705
0.0004915908524284852
0.003082556576964612
0.0005399141047593231
0.00017631952629366577
0.0007925634385837514
0.003273129626996027
0.006856203770976552
0.03750159614041747
0.014184793021455299
0.0023159059234496328
0.005458924297079371
0.0013398553864569097
0.0008274570121889425
0.00010926735737805193
0.0001978466525962451
0.0008145807642826044
0.00028878501535749176
0.002936209357356846
0.0005596683311548395
0.0002429295898295238
0.0014482499688995185
0.0004821797545940081
0.00017557715785810544
4.7309976880799076e-5
8.322713559166398e-5
3.863756241303439e-5
1.4338301676363952e-5
7.390337017117563e-6
7.007785405909923e-7
1.1656719892115004e-6
1.0695460049677037e-5
6.551573513382632e-5
1.9213532453992464e-5
8.203835485970563e-6
2.3649083087673504e-5
0.00013036830688901608
7.937051152038205e-5
9.790304480126039e-5
0.00020557721480773253
0.0006821414954060744
0.000160268730635621
0.0020684260789954854
8.375862605749229e-5
3.402616721223651e-5
5.17632884984346e-5
0.00023365552899027336
0.0005027003734982898
0.0002666717695228314
0.0008939849134957886
0.004370145718103692
0.001223059548350127
0.007310015872935884
0.0014134924902181644
0.0003281520097067914
0.0011498054389805447
0.00303528618974735
0.002741747594247057
0.04382973049280594
0.005747392634415099
0.0007141896552401107
0.0026653221571945893
0.0021431072792991116
9.958650940406649e-5
4.207201914656708e-5
9.059375985566658e-5
0.0005570966731132923
0.002100214581206237
0.0005036568018113211
0.0033381832554939365
0.0073921818731788646
0.0027481289806188837
0.043717267038417156
0.0028551057859263866
0.0020096536560527197
0.0068739783647536554
0.03593925655884431
0.0275626077942197
0.24610915547363796
0.036352603039737065
0.009300226515920499
0.04159623664018582
0.00887292155180535
0.0026305090463818637
0.0013877346360356964
0.003917161766943858
0.010723433920731102
0.0025680863095878786
0.04233399119474506
0.003075658186539397
0.002934911833037692
0.0070038125538510135
0.004253171203425146
0.0005698871092802511
0.0011400158743765775
0.0020172390080583982
0.000453813034891797
0.0001758838359680971
3.4647634122866706e-5
4.089035255438509e-5
3.8548543282479535e-5
0.0006031506366702023
0.0013759081381084523
0.00014820378484932512
0.0009706400512793296
0.004276626801153898
0.0006497365685479208
0.010708041306656042
0.0008010374132966021
0.0001875554763359746
0.0009411186362651962
0.0028635135117055354
0.0039040278879195825
0.036661829004495536
0.0032211630625336046
0.0006456939779214655
0.0028522649099580245
0.0017393143554589716
0.00020975533373207263
0.0002779551083945604
0.0004106180317126005
0.003677874236947272
0.0005832626449766916
0.0070891045878113575
0.0010165325083966534
0.000975325564622951
0.0038421031610034496
0.0009881031060281291
0.00019050764501331958
0.0004385507034048251
0.0006194700340398868
0.0002106315798673761
5.266874069038376e-5
8.213796486330189e-5
0.0004162348658609067
0.000294513818563409
0.0015023543606171095
0.00014891295620047385
0.0022745947480983255
0.00028439678142990973
0.00012203528859243541
0.0005017924239279693
0.00023994892197163866
4.944922865666421e-5
3.1074224741500056e-5
7.032647603182827e-5
5.2297221239203435e-5
3.400533347774388e-5
3.467502171279932e-5
3.1216192549192655e-5
1.754383912132276e-5
1.6939461357653207e-5
9.089115059204178e-6
3.156976646768354e-6
5.064059230016017e-7
6.336196275614841e-7
1.2701035096138846e-6
1.226027991998931e-5
8.217498819616172e-5
3.583934120287162e-5
3.7254798923734535e-6
1.1208995980348024e-5
7.493539889555287e-5
3.433503820414399e-5
5.305767132777231e-5
0.00023023812001357068
0.00043604122976846106
0.0001448253638762124
0.0012827596983391357
5.087950156820652e-5
2.309171533595283e-5
1.6558097916398053e-5
0.00022053507541666998
0.00013100981346447234
9.756271186125076e-5
0.0006130351983574808
0.0010408112210387105
0.0009657551157559057
0.00291914552719119
0.0002349676380587577
8.398878662541498e-5
0.0002963878159290611
0.0006678640313803829
0.001406253208116169
0.00884687138434319
0.002408673315028152
0.0003035394550032321
0.000718998727715999
0.0013076923277384044
3.362751743265205e-5
2.615583922514176e-5
3.681095137545156e-5
0.00014543936296561893
0.00014938325992189952
6.756640184936913e-5
0.0005804700887277457
0.0006248563431839605
0.00041333051612916404
0.002518102517055129
0.00027878671172044934
0.0003571217839082946
0.001122518408531785
0.0038972560070310745
0.008376691586058312
0.028371965281587627
0.006826231238656091
0.0014390337273773497
0.002796527245360752
0.0009995302310313694
0.00023181941339827603
0.00021041316859002248
0.00028558883633233686
0.0006466379637333953
0.00042882021218360413
0.0026406753422938537
0.0004926131740833865
0.0008900898516374081
0.0011808458217233853
0.0014133050106998697
0.00021063921314811075
0.00013708878964053688
0.00016350407468054265
9.488721691377319e-5
1.6926033663730512e-5
1.414202500728945e-6
4.260141623316402e-5
4.637148422961697e-5
0.00024758166910699504
0.0003006731201717118
5.71598999804671e-5
0.00044715714168765667
0.00040681258166060753
0.00029926672880802436
0.0038105012936792706
0.00020273481566927758
0.00024993319219540676
0.0004825954831950946
0.0008934355932902188
0.0010968950476861
0.006807696383060093
0.0008239199056506611
0.00028263105687252826
0.0011487260331276461
0.0005341557053425982
6.432138358588445e-5
0.00047945266462530033
0.0004247401765354497
0.000980287318388407
0.0005821602032705255
0.0035210807527984857
0.00041032711947492067
0.0005983027758726376
0.0008757278571612005
0.0008951559605867565
6.882303250168865e-5
0.00020397220596119256
0.00019419555766860442
0.00012101474106247281
2.8228010708071563e-5
1.149953633610561e-5
0.00039774076108965836
0.0002076001144246659
0.0006557063098124792
0.00013872890207515138
0.0005375288719529743
0.00020793952472991919
0.00021985613335472084
0.0002315041462700884
0.00031164338663399496
3.0115355489096736e-5
7.23547499640172e-5
0.0001234664596420107
0.00010787122001329946
9.87949251483717e-6
2.6647838938386907e-6
8.369667037671785e-5
5.94867823363138e-5
4.105658729717657e-5
1.0066839561522352e-5
1.1487358363823213e-6
6.623130946290765e-8
2.76081991544995e-5
1.2353213877667899e-5
0.00037543850451590493
0.00040558900616914715
1.5451385890145655e-5
0.0004642203629659505
0.000292472277485771
0.00021654977301410278
0.0013485942518584447
0.00011493846214644405
8.555758712472672e-6
0.00023589814091814376
0.00018984103569292502
0.0003499902093408641
0.0019856159992950487
0.00017874075419863504
8.181588848599482e-5
0.0003170707990420485
0.0004528827981693259
3.076485615108918e-5
1.4591943224302e-5
5.560273492766373e-5
0.00016740872350711017
6.752226197681091e-5
0.0005066918416571005
5.701690854242103e-5
9.899245344518174e-5
0.00027624343305843993
0.0003924881161269465
1.9537430109542972e-5
5.531053885005287e-5
8.26641639423768e-5
4.875149177316107e-5
1.5020834453780673e-5
5.380911577888404e-6
1.2543950960967783e-5
4.370570358181392e-5
4.1568543260151016e-5
3.3050788583378377e-5
8.736950429582696e-5
1.9044720306305825e-5
1.6318369324247134e-5
4.8793261124825774e-5
2.898671746084184e-5
4.281924060966008e-6
1.1122188831174116e-5
2.4395213939465406e-5
1.702781439657662e-5
2.952012342457064e-6
1.0967332981342652e-6
1.230571724783461e-5
1.113548640411696e-5
1.290040096983246e-5
8.572191859763887e-6
1.4374046431408743e-6
1.088153743614751e-7
2.0789883101913e-5
3.2419843359929034e-5
4.242274053902332e-5
2.5094654945231828e-5
4.3288597261690534e-5
3.6355278624409494e-5
2.103502452558709e-5
3.697837558096848e-5
2.204376784333439e-5
2.5619884084627832e-5
3.610119566836841e-6
8.012212429705132e-6
9.299827922181611e-6
7.362446031538804e-6
7.945350295291192e-7
1.0462127269360324e-6
1.1108136204404407e-6
1.410625456454808e-6
3.6139425553664546e-7
4.2810145123077415e-8
5.114429342102479e-9
9.68724311279447e-7
7.082730310983602e-7
7.927611693450808e-7
2.752032881519437e-7
3.873274946218337e-8
2.250139429381047e-9
1.668860783343564e-10
