6.118092199539806e-20
3.935038801669365e-18
5.50848573695012e-17
3.6825690574589224e-15
4.884469195418915e-14
2.213601981724362e-12
1.5516500692313287e-16
1.911921418079921e-15
1.221964791399259e-13
1.597657613499108e-13
2.5641369796402703e-12
2.0390281089351153e-14
1.1075478150335302e-12
6.905969785373628e-12
3.909131261885401e-11
6.855756109920395e-11
1.9609485690869402e-9
2.6730154738517204e-10
5.508095057524502e-9
2.590591734907919e-8
1.3964466072566781e-9
3.372894791641372e-15
1.2226415637192197e-14
1.1896834028753079e-12
2.6631268971342114e-12
2.487668296823347e-11
1.6592619321068937e-12
1.5511013254378824e-11
5.199929043282427e-10
5.215803861918601e-9
6.100758465522935e-10
3.2941274262196043e-9
1.464470811634493e-8
7.440471508385836e-8
6.548740768602418e-7
1.8782354439002518e-8
1.1226755354733833e-10
1.5945302411482719e-10
2.719598009464874e-8
7.964943021323645e-7
2.3859034195248734e-9
1.3039374053668752e-7
2.877535813950466e-7
2.170820987875263e-5
5.094740128786105e-5
2.834921054333479e-6
1.2172660266920106e-9
8.078323953048677e-8
1.276964557441184e-6
6.299674578791476e-6
6.766045043088717e-5
8.616110669372567e-6
1.0439779990748286e-7
1.6167986087110055e-6
6.329823309151451e-8
8.12060683416414e-9
2.1913696635002336e-13
2.290166034672088e-13
5.3175469181822576e-11
2.484293089329041e-11
1.107523574588448e-9
8.476829297168681e-12
1.5779081335726965e-10
5.042755105599305e-9
1.5102539266764753e-8
5.605898963067101e-10
1.4582223804358987e-8
7.9177573327194e-7
1.7949558967981422e-7
9.485755280036377e-6
1.4608357822978458e-7
4.5654501293246993e-10
2.6250653847524587e-8
8.27357973988662e-7
3.0338155697937945e-7
3.522239082220651e-8
7.705465274234165e-7
8.573235505998105e-6
7.044931805255613e-6
0.0002229705835068782
1.69960184462859e-5
9.781774930541972e-8
2.618206689790388e-6
0.00011574630324081741
4.389960712476627e-5
0.0023882780144403974
4.953553881900607e-5
4.471240594862699e-6
0.00031407348780268795
4.730499306033989e-6
6.5938428450522e-8
3.3427352892409434e-9
9.10051003149198e-9
1.9294869237991975e-7
1.3158756223319184e-6
7.50787736993502e-8
5.642851800419221e-6
9.421984778805805e-5
2.486489163853058e-5
0.0003133343602280973
2.1282697995858263e-5
6.621265693656214e-7
6.276113913832809e-5
0.00043016977046733977
0.0044075667453127845
0.028561569927390222
0.00448884548224367
7.825608305865395e-5
0.00045701396292748616
5.190830359377388e-5
8.605968597260822e-6
2.7181919897860935e-8
1.067967370092763e-6
9.55119437407716e-6
2.0720904547403348e-5
0.0002988158851112588
2.312350177896854e-5
2.3397731811521646e-5
0.0003978074198893537
2.0139679072321522e-5
3.37668408455381e-6
1.850046832912393e-7
2.0607455150381263e-6
1.6484545742646164e-7
1.8672783121553812e-8
1.3773657391453915e-9
3.433315686460804e-12
2.216394063632651e-12
1.9103261718174114e-11
2.573234857732303e-10
2.6392273558576443e-8
1.359700152224256e-11
6.443308643707343e-10
1.433328514873019e-8
5.109653398871189e-7
2.0696479645152384e-8
3.415446438133474e-7
4.089388067874302e-5
1.3252783066812708e-6
7.590922524719893e-5
1.8756251862272428e-6
6.938309915708215e-10
1.1807777730477184e-8
5.330675810258831e-7
7.551865912797623e-6
2.2232044026910208e-7
9.57462018751635e-6
0.00019533297983217383
9.658892258152793e-5
0.0020953056042467173
0.0003415403755413515
1.4427922550219961e-6
9.750449297579481e-5
0.00032411866308486753
0.000398129653879605
0.03570268064970473
0.0004573960161914354
9.91414212549417e-6
0.0003435669631348688
0.0002912366976027545
1.6899018920210767e-6
1.9344728522096757e-8
3.2636970564931785e-7
2.600485256679249e-5
7.332370436656655e-5
9.54522609611838e-6
0.0002661539257656018
0.0020382425974750425
0.0003105798877995558
0.03614961123124576
0.00029569959188970876
7.497806105713942e-5
0.001991240136372041
0.03440002965234986
0.027149877830310407
0.6186487444856431
0.02825332284745342
0.001393430045350766
0.03465903610130274
0.0026243113723525783
7.187473278138558e-5
4.748783267442238e-6
0.00016127912242575108
0.001560948696175013
0.0002933526843696839
0.0363956322654585
0.0003311245173176371
0.00018935388658457733
0.002201673279211439
0.000255898297499056
3.795320835295794e-5
5.457379081219239e-6
7.190075544811903e-5
9.709269584497708e-6
4.2523294098285407e-7
2.036032605417919e-8
1.3588281844665799e-8
1.429527191623015e-7
8.755517208923717e-7
5.048496925033968e-6
2.000157821348568e-7
1.0125431971763015e-5
0.0002530051230057571
1.2586083729878321e-5
0.001974095230700786
1.1139250130677531e-5
2.83316753348903e-6
0.00019924101242272071
0.0003328935847227646
0.0004615220363646264
0.035051382520561336
0.00044257778034168546
9.951516939824322e-6
0.00034780539690059255
0.00011843258492549444
1.4969882552143627e-6
1.226526240298297e-6
1.72994729775732e-5
0.00021587326921818886
0.00016826306296087405
0.0021765134684090773
0.0001117332021075569
1.027043805787527e-5
0.0002833396149246972
9.281795189177409e-6
2.8925404923847365e-7
1.253124855903013e-6
3.2931988844445576e-5
5.894048780166241e-7
1.2270152073148997e-8
2.6498675029592896e-10
3.710969750608191e-8
7.075137404328112e-7
6.19413369666304e-6
2.229239206803963e-6
7.956724855872066e-5
1.4900030087058508e-6
3.8347280495639256e-7
9.346465244527211e-6
2.6265158834188497e-7
3.606365534320166e-7
4.4600305548170707e-7
5.046318554558599e-7
1.4596867860047938e-8
2.611000498830112e-9
2.924489772468644e-11
1.58974767816947e-8
1.883058989433946e-8
6.187175717102804e-10
1.3616168450518648e-11
2.6021310852744243e-12
2.0978060309820794e-12
1.2390533098683178e-12
1.5081650893168855e-12
3.123070285074422e-11
4.122642620025913e-10
1.5958544527450296e-8
6.053847444584803e-12
2.241966774349551e-10
1.2860209099660328e-8
3.493035469703085e-7
8.606453113906789e-10
1.550159679040189e-7
1.3189498067936583e-6
6.669407848520714e-7
4.983986694275902e-6
1.5307836055599666e-7
2.1727069405046558e-10
1.1590722372998385e-8
4.325903128974136e-8
4.876444339139809e-7
1.0965245344958988e-8
2.038041130379657e-6
1.3269477150671643e-5
7.272231197782228e-5
0.00019496456892687677
2.0189015481007507e-5
1.7982206123326083e-8
1.7599384319546526e-6
9.900349734642812e-6
6.2379377381172e-5
0.0013285486175006378
7.765752028053284e-5
8.028577385547684e-7
8.723783451209533e-6
4.6981282430905e-6
9.574309362686897e-8
5.39200953154784e-9
2.3928938099389824e-7
3.4306588402835285e-7
2.7848354484846073e-6
1.0761156859102152e-7
8.327780415131339e-6
0.0003340204246079673
2.108549693622818e-5
0.00028831790433620603
1.8578675421470663e-5
1.0089111773358968e-6
7.077969491041668e-5
0.00048016441382139864
0.004327734117024038
0.027655463938412155
0.004336809072794394
6.690984517233405e-5
0.0004001063005158193
4.419198015131853e-5
6.1085946776888685e-6
4.711251239566338e-8
2.469613887852714e-6
1.0546471126316072e-5
2.1891468892619845e-5
0.00034225240354715704
2.4693354858944084e-5
6.772180180770512e-5
0.00011456793800318802
7.439708289268387e-6
1.2594429836809697e-5
7.097977315668804e-7
1.4014890832140913e-6
1.7824351403839802e-7
5.4099819933144044e-8
4.385954632321916e-9
1.6726620539921167e-8
4.919104627509812e-8
6.296249445216846e-7
8.045806560516519e-7
5.418862804713873e-7
3.153219530303285e-5
2.721840512252064e-5
3.2303534876623776e-6
0.0002653560445281241
1.2251301205420822e-6
5.07574370547139e-7
5.3655149321609906e-6
0.0003586753517700797
6.85501164343127e-5
0.0021125406422041505
6.73199492584946e-5
1.8714975797436098e-6
9.829801778069282e-5
2.869419565261308e-6
8.15662074028327e-8
2.140075737058102e-7
3.6908883327470576e-5
1.4033537199317493e-5
6.826060369721075e-6
0.0002754944915352897
5.649392631020539e-6
2.0489890116239387e-6
9.194733165405559e-6
8.867828131762951e-7
9.584140439735042e-8
1.7652417644368102e-7
2.5722402123372005e-7
1.314570466354772e-8
3.0237716434104186e-9
2.1381234147916953e-9
3.0949561018544587e-7
8.639521307852804e-7
1.1305912801869016e-6
5.038782103183724e-7
3.9378182002240076e-5
2.1697801156739543e-7
3.868987962346056e-8
6.235248633549481e-7
9.357130035144549e-7
1.721313172608623e-8
1.6170642217330792e-8
1.628058355778293e-8
5.683433116424105e-9
5.070585272821355e-10
8.057824930459998e-12
4.235494207758045e-10
2.6822452661638446e-10
2.0499333616948995e-11
2.404188602681926e-12
1.4598526077341532e-13
4.507456083484649e-14
1.4912846245109541e-9
2.7398692159886528e-9
1.655405683424553e-7
4.290705814321247e-8
4.735669277898352e-9
1.6987910961485834e-7
1.286597829105966e-6
5.152215921386995e-8
5.4529682062535206e-6
3.0515532982941405e-8
7.879870549513023e-9
3.453228797316341e-7
3.792225529516044e-6
9.856232066253592e-7
7.59680689722483e-5
7.046647122685499e-7
1.941534486578042e-8
1.6833958006921272e-6
1.0178878412707156e-7
1.4046382005052982e-9
1.1578780551525363e-8
5.737238548093072e-7
2.0062595103271902e-7
8.897191308560699e-8
7.927966763634833e-6
7.477996491372038e-8
1.0353082283650593e-8
2.0446046061179844e-7
3.015488534451027e-8
2.3650156060845264e-9
9.129944550464866e-10
1.856420500133901e-8
4.85808374440793e-10
5.129027673377623e-10
6.781106911934841e-11
3.253516668398153e-9
5.325312879243963e-8
2.0498536907723278e-7
2.545863538675104e-7
3.3342892784131517e-7
9.23297423748842e-9
1.2596468253055935e-8
1.2029122359733823e-8
3.0258375127643004e-8
1.369538040812281e-10
2.6220675171060916e-10
6.255643408057296e-10
1.8130325707061436e-10
1.694702132543822e-11
1.2994651218939293e-12
3.293774915297844e-11
1.6298456031385903e-11
1.4903751767918184e-11
4.2175479971445526e-13
7.235824345658172e-14
2.425412246486148e-15
1.1940811515139742e-9
2.149531292757997e-8
1.0479412334377282e-8
3.896345753552176e-9
1.6830020318061407e-8
1.6889102833816634e-9
1.317686383492997e-10
5.848895081653956e-10
4.4003101251608974e-10
9.536591203112917e-11
6.088564614636722e-12
1.286384801895025e-11
8.677105329852534e-12
1.4681447724804735e-12
2.2106780397002722e-14
1.9213301851485206e-12
1.8029227676144718e-12
1.3887191094042851e-13
9.956271569360251e-15
9.528113434954442e-16
3.035171107810589e-17
2.1250318850098254e-12
7.878908999027785e-12
5.11148413224725e-13
6.897524374191761e-15
1.291922180814647e-16
2.7569744938150726e-18
4.791362029449192e-20
