2.2984710947048517e-8
6.755544649292607e-7
3.204272559040893e-6
1.560253336932432e-5
1.0867565202000513e-6
2.0457695578728873e-5
4.133280109990338e-6
2.4730982014515128e-5
0.0002241414314685384
2.162864715492548e-5
0.000163029822452555
4.912253897448054e-5
0.0001575057729896701
4.676661494615035e-5
0.0005788755742749411
0.000332612359530797
0.00013327685076447535
0.0007823815817083763
1.4022326519024462e-5
0.0001357322031734385
0.00020113448753882483
3.415096112731192e-5
6.89116908573784e-5
0.0005792870948110588
0.0002676315598270018
0.00024869695081650774
0.00021097325290841411
0.0005293783240009461
0.0003868673465070203
0.0012878064688135575
0.0013698644323126687
0.001098848489042871
0.0018808760611185014
0.00022908582786434134
0.0006427344842657889
0.0005566281134685525
0.00018048757204455794
0.00031257365026512985
0.00045379609853847015
0.002025342829375093
0.0006968311220315711
0.0008430893816816484
0.0027362673827334262
0.0004586901433784989
0.0033179866994169274
0.0021802538699226197
0.0007958491140626912
0.0011517076589960755
0.0023001044267156536
0.0006826400368522616
0.004603749791209097
0.003000669472169816
0.00010408539001500203
0.0006325484478648413
0.00048666503934958924
0.0003747286872186524
9.843577555079384e-5
0.00014960715746368083
0.0007156416919767206
0.0013052784566878653
0.00038983982993584694
0.000257219610078844
0.000953566004764699
0.0022951471999465563
0.0011179068022702274
0.0015536970171584313
0.002385774079881159
0.0020933207950391496
0.0017549537179507209
0.0027006866668246705
0.0006039259241609131
0.00038817063059938756
0.000671626762192796
0.0018332254190063866
0.0028129424823648713
0.002078078301988939
0.0035765565192898826
0.0037993767605476484
0.0030170243175145516
0.005321685938605856
0.002726944057870446
0.0025345653381100325
0.0027449199465333545
0.0036476347932875926
0.0037879119728490853
0.006805097820452533
0.0045091846777242425
0.001972539915071382
0.002612403775022475
0.0015760443975595263
0.00047808402400801014
0.0001934999751104698
0.0004314279789864593
0.0012055316982534105
0.002667684692861121
0.00105243443918252
0.0017727732824926931
0.0037606062075043476
0.0024190004799210635
0.006279653853021858
0.0032808975756615398
0.0014550551406285347
0.0023286077710027884
0.005766228128539378
0.0033824487612774475
0.013760148233136038
0.006678373148689162
0.0021773509929569547
0.005112681681623771
0.00442648018810577
0.002973478927006425
0.0012329085551774474
0.0015610248896014138
0.004465264830463602
0.0016066486011106671
0.0060240997791793606
0.003296484895199707
0.000673294399632133
0.003127139170241114
0.0026902917060350373
0.002074058101724037
0.0003198887624145527
0.000497003217922471
0.0006030312286832557
0.000541643611542513
0.0002034579527783266
5.345538048189479e-5
0.00012883115484351137
0.0006082255044529089
0.001434488873281873
0.0003914523237554718
0.0001991463332298518
0.0009034341236510907
0.0017480081527569981
0.000987329873282356
0.0015834596751352003
0.002261382965554733
0.0021733450217079433
0.0016049417533435487
0.0033516502767631747
0.0004980718016592997
0.0003087204045368075
0.0008819290263423348
0.002307105378133751
0.003864157075060545
0.0018264600509111607
0.003246763249441622
0.005327816706894723
0.0032105560095396645
0.00807330714821468
0.0031720804105346326
0.002318116974312929
0.0034389908893239793
0.006216586595417746
0.004328495958089235
0.01385783062713987
0.005142040699377463
0.0036937223392364536
0.004495487817349604
0.0026258355605723606
0.0006779888915578018
0.0002869458901258292
0.0007079427675412268
0.002128048532265968
0.0051186927214452735
0.002309909020801611
0.004230906657690266
0.009001051619538169
0.004973058178905028
0.015767054839877517
0.006282979174154385
0.003067392875266159
0.0062083490775999865
0.012513942833924457
0.008257900341679785
0.043607634340478756
0.013850496068875982
0.006890875595731381
0.014131567786049477
0.006834212593523652
0.004593360429227134
0.0021327386320727074
0.004071861992607389
0.009940846918042446
0.004827853803063246
0.01561567393443223
0.006357011457038725
0.003621796346736947
0.007930885199466971
0.005583435284726927
0.0032689865082177337
0.003279937758369074
0.0033975351333831723
0.0026433378325246516
0.0006354776288655617
0.00013465009174791755
0.00010326687242663667
0.0004419849117296734
0.0010770823082979623
0.00538293128262173
0.0006946762568120665
0.002000851669049671
0.005594469867342483
0.002817246363044204
0.009778109746498984
0.004838395847194
0.0010607472471889936
0.0022668353837573666
0.0056839340799519356
0.0029379916690289126
0.01228834804545052
0.005704670719189048
0.002794882003002901
0.006316941181953826
0.0035821283462050294
0.002285996863486061
0.0009779203975805674
0.0016634510032652837
0.005794182603348102
0.001964127837644434
0.009279536985284472
0.0038887974909010766
0.0018683058981759158
0.00543659294658374
0.0037045392991982497
0.0027035689613150583
0.0011503896181753257
0.0021365096890599783
0.002171371498294587
0.0018515480439231387
0.0008137663564034916
0.00032224245742300413
0.001054803628095852
0.005462137603861342
0.001126254958612661
0.005033298322730622
0.002690845357269242
0.0006871917246768302
0.003905834260085297
0.002788526808356813
0.002054811364173372
0.0004921191870568218
0.0009861363549955717
0.0011067513943349256
0.0012559910169039393
0.0005584777573243581
0.00010480009709925278
0.00037756418845708413
0.0003841611350781168
0.0002450020177338559
0.00016520023738967314
2.1788697341912773e-5
5.053680469759284e-6
5.3956640232504744e-5
0.0001709289035637852
0.0002397507720162272
0.00010813929364363026
8.397373504293035e-5
0.0005578927784134536
0.001100545316211999
0.0005029086490952511
0.0009703712859921081
0.002720459435534803
0.001166347071360049
0.0019594906704787384
0.003274561560926716
0.00031086967761476223
8.75533429051716e-5
0.00044025283862001764
0.0014227706205046172
0.0006597872381397549
0.001535411022207788
0.0021390888066115097
0.0018517252603989674
0.001967497772013991
0.0037260940135299845
0.0006650247443831332
0.0017072258308297179
0.0026311260765533957
0.002839030582409258
0.0031873000067972556
0.006960455201738261
0.002229554733536395
0.002604722040145825
0.0036603052912502
0.0019572894207477882
0.00010280973614430369
8.616015011498209e-5
0.00029302058507496326
0.0015529421924641456
0.0010964115447032988
0.0011342922493983284
0.0028643188616713625
0.0019413557517117183
0.0027675676817579004
0.004853521356580909
0.0016035657617702074
0.0014785812182553238
0.0033549053890947994
0.0030318004919177755
0.0038975613338964065
0.008104866003182554
0.0033497068647067338
0.0032986784823185395
0.004234994095725528
0.0036918113706702104
0.0006767539584792777
0.0014157543099588144
0.0028033840516714175
0.0027961441593277302
0.002807356993282296
0.004856960792306972
0.002373899510754464
0.001959232024254375
0.003181641303523409
0.00302407989982812
0.00044771051137416283
0.0020452721541936426
0.001623237481373831
0.0017453374539107152
0.0002314027642576474
1.429719815444708e-5
3.627782414655397e-5
0.00017910349968110244
0.0013134005509472411
0.0010744885212278454
0.00033584913018892555
0.0020939594026598038
0.001697248038749458
0.0027177384735977907
0.004179356871300159
0.0015505091818614882
0.000704550606324095
0.00305138170156423
0.002293733277610347
0.003351540928552322
0.006001575754055469
0.0023480255238961713
0.002628173946378028
0.0033736857092108333
0.0027004879645779597
0.0011722177799136557
0.0007161866706376636
0.002147187861990956
0.0020335161125963515
0.0029269898956968887
0.004210995918907409
0.0017883640679144733
0.0021151240893113833
0.003229510082175775
0.003663332519952063
0.0008789315177234929
0.0027160477510410354
0.0022395160977920236
0.0023524085447946515
0.0011129852670434164
0.00014033987322581104
0.00021178929354450266
0.0013675039994676078
0.0010816387171311984
0.0016082419600569537
0.0021662206705981815
0.0012476470051576262
0.001409631159886326
0.0022854749831458638
0.0018204427496289327
0.00046263524621351597
0.00106821559193189
0.0016737699130120766
0.002212994070990639
0.0003774005088464387
4.7874991073173665e-5
0.00023720235781206564
0.0013829676219598997
0.0013080342630660447
0.0002721392939341119
2.2938743548802596e-5
1.167591038396266e-6
2.6704110925911594e-6
3.387365551449822e-5
0.00020577854857711068
0.00032700969859678574
6.764239880809197e-5
0.0006883006790114141
0.0009616056897116172
0.001392608771413493
0.0020973174635612983
0.0012759149865679482
5.872462850666012e-5
0.0006895027012911081
0.0010366597562328004
0.0014498803403853668
0.0029520687119477572
0.0014647938600342596
0.0016961703279544783
0.002254193470859669
0.002542916297738015
0.0007880957213283391
6.933332298607844e-5
0.00034311405324248117
0.0007001740011015493
0.0011474479224898191
0.0023152578623640264
0.0010267052504167535
0.0014720016073756742
0.0018304149144034454
0.0020263701927425897
0.0007130202444974485
0.0009496015792525284
0.0015950138724322507
0.0015590427609950422
0.0014139116340777498
0.00033825065951043434
3.4665870134710386e-5
0.00017942729203183804
0.0004382841596037691
0.0002888029788218826
0.0007193192523063293
0.0004348319170826029
0.0004285212475913711
0.000897187252240223
0.0006800634856477414
0.00031698317370998293
0.0005281175777144447
0.0008934827027895372
0.0009641949541865179
0.0005278297200961124
0.0001660153002142172
0.0001625539599811146
0.00058446244312054
0.0007159955485963641
0.0006201132824783076
0.0002497210569985776
1.69996838981912e-5
2.677176107022424e-6
3.640087216201484e-5
0.00010310224921557713
8.431145705150585e-5
0.0002702579561314144
0.00019074298109992153
8.75407198907457e-5
0.00030689937237900964
0.0004021255153193209
0.0001800980700124851
8.371491228938552e-5
0.0001994510957370656
0.0002572814168066052
0.00022142220555172742
5.139096843004201e-5
5.17929475917064e-5
0.00012256738053392113
0.00015661195326859418
7.129070786539539e-5
2.637933990418894e-5
3.2361797260608974e-6
4.929234861768498e-6
5.354414990025819e-5
0.00010210589225322287
3.721001591176605e-5
4.503600003972875e-6
6.614755169392097e-7
2.1146246811952517e-8
