2.2136140735757765e-17
1.104833057487766e-15
1.5942474718936412e-16
7.312388582631046e-14
9.431997854454379e-14
1.6750893042429263e-12
1.5124443111106834e-14
5.515700987812294e-15
7.747114226111299e-13
4.242359167344906e-13
1.0206514934449895e-11
3.285305366126138e-14
1.362215668325231e-12
9.483510603573679e-12
1.0775657792423487e-10
1.1415275587840299e-10
8.606830824309521e-10
7.543103610992846e-10
2.9407491530906422e-8
5.101461146814112e-8
7.593985576675641e-9
8.737682261959662e-13
5.719411470906121e-14
1.235696486907144e-12
6.437354207271607e-12
5.496346780335424e-11
3.4882907580755574e-12
5.1702045254289406e-11
5.196128444811529e-10
2.480352707238975e-9
2.63278206839025e-9
9.803787125240968e-9
2.695680936028987e-8
3.21418623374802e-8
5.497461492719701e-7
2.4669529249194367e-8
1.7122984234136902e-11
4.816558664509671e-10
7.422664132744221e-9
2.7425844038216148e-8
3.7087221427330836e-8
2.2312456930480142e-7
5.118546066349588e-7
2.3762682232151087e-6
1.9749818483818783e-5
1.8811304583442126e-6
4.2616628793582765e-9
1.56141495472736e-7
2.1832198570151903e-6
7.316321509176169e-6
8.544764464928907e-5
1.0021938071897388e-5
1.6790188870313434e-7
2.79014368199713e-6
1.0091242977562952e-7
1.3178108741377706e-8
8.687793465324804e-12
4.130989363657271e-13
5.314163280077811e-12
8.795288331621753e-11
2.792230048122181e-9
2.0473991302735058e-11
2.353662331956372e-10
6.415308974674185e-9
2.7530767913646065e-8
1.1583468277031804e-9
2.659581944850363e-8
6.956393953987038e-7
2.845681346751194e-7
1.5407606502121332e-5
3.0071007711774876e-7
7.944674622740138e-10
2.6771634502568122e-8
7.705612694558645e-7
4.5548918008867673e-7
6.939178289062378e-8
1.6177070291677915e-6
1.4310500815548361e-5
1.073594084270471e-5
0.00025795538403722187
2.8029071498101448e-5
2.520731178873276e-7
4.413995519829039e-6
0.00015939460275946483
6.0324939039071186e-5
0.002828258497639583
7.057225582805401e-5
7.48375349983722e-6
0.0004626025229509406
7.5668712012319764e-6
9.779741983025961e-8
9.842738343863127e-9
1.8890879439962146e-8
3.008725257343456e-7
2.4137520993384096e-6
1.3629530636213416e-7
8.366393148374923e-6
0.0001491367515782595
2.9031687543487035e-5
0.00039417226626496443
2.9399177210263137e-5
1.0227490177587704e-6
8.931364727178732e-5
0.0005454681576710561
0.004829456481430087
0.029671715810226092
0.005212335014286031
0.00011440946219043497
0.000584178931505012
6.337196827785732e-5
1.0519641478196476e-5
5.91982558462417e-8
1.999626244255957e-6
1.5706735006102245e-5
2.348397286735695e-5
0.0003461613173579565
2.9561587894623046e-5
2.3011491915557896e-5
0.0003024496349380114
2.2301961911465762e-5
2.165549205381952e-6
2.741796374891059e-7
2.1109720891723374e-6
2.7393413169592377e-7
2.9733492560098323e-8
8.994808944937635e-9
1.5110379253962601e-12
5.55580665701226e-12
9.852365281464089e-11
1.0292580960516782e-9
8.566794106294247e-8
6.27192662974161e-11
3.2610557726267016e-9
2.2070900691960456e-8
5.50934368737817e-7
2.326305527049685e-8
5.266303507540049e-7
2.7631250872936805e-5
1.8822822994558585e-6
9.61997134911234e-5
2.4818951276744133e-6
3.64166478313402e-9
2.6872148160847988e-8
7.16336504963682e-7
1.2863253063064834e-5
3.847111186557174e-7
1.4375170739731798e-5
0.00036024506286845136
0.00012771231202930098
0.002508656056404005
0.00039926780611884184
2.1379701091496313e-6
0.00015423173523915063
0.00043070588518570764
0.0005118815595872293
0.03779345384794602
0.000578643296409129
1.3207455504190774e-5
0.00039151146367384594
0.00037032488663556477
2.4674709651877462e-6
1.3838979718465685e-7
7.94421135167625e-7
2.8305806181234692e-5
9.681457112251202e-5
1.5192379516076161e-5
0.0003705585251879308
0.0027152678625557607
0.0003958529891502876
0.03718131252842025
0.00034544197290323187
9.230665103018558e-5
0.002477343147501807
0.036780686611162974
0.02943320545959615
0.5869110818037014
0.02920602250075676
0.001654320740384246
0.0379449060979634
0.0021936915124309204
8.134352917467856e-5
7.588195861473882e-6
0.00020280852359931529
0.0019725005835783504
0.0003684044697892294
0.03753660452972788
0.0004136134994006747
0.00019007461039470362
0.002552441698696183
0.00034657881850288244
2.314808376334254e-5
7.607976014471907e-6
0.0001005308488219127
1.3626187564535582e-5
9.415589363888703e-7
8.359072238643051e-8
1.649004181637205e-8
3.767827111724821e-7
2.1168791923086956e-6
8.707390091113293e-6
4.2059559003367373e-7
2.074455635960164e-5
0.0003694863850025973
1.736887482434715e-5
0.0021661174851837295
1.5905218290378707e-5
4.1640546179386435e-6
0.0004451401030864088
0.0003972527273827557
0.0006238863732000361
0.03962339540667946
0.0005569315773993016
1.4495065579614895e-5
0.00041670576624689494
0.00010415656603468035
1.8935099636627982e-6
1.3640341341944935e-6
4.201743434417721e-5
0.00029051979068668956
0.0004999208702965235
0.002847421294055621
0.00016447219321941834
2.053605198194829e-5
0.0003526747377903449
1.3001234328023155e-5
4.4011439288830964e-7
2.134759282368079e-6
2.3826404578447714e-5
6.850296557562414e-7
2.227710893042324e-8
7.944017970739634e-10
7.774294237750955e-8
1.8591862300699098e-6
8.609364221537931e-6
4.4493954480857686e-6
0.00010390068636947408
2.852510283354774e-6
3.2971975869200923e-7
1.826016118626362e-5
4.5009046578107086e-7
3.390544923370761e-8
3.0331231835538657e-7
8.465258155351826e-7
3.2454925302537525e-8
3.558880539306975e-9
9.507531061813981e-11
1.7676525779395544e-8
9.183596218447406e-8
2.5753506812686473e-9
6.34578910935562e-11
1.0599769892210093e-11
1.9121487481041555e-12
1.8748630191081792e-11
4.494632372373802e-12
1.8501701024418079e-10
1.025724140641519e-9
1.6023747133122756e-8
1.3795335842439686e-11
7.131389211658013e-10
1.754383336138791e-8
3.004700949333039e-7
1.7126960139791256e-9
1.7393549823802654e-7
1.7611893113167203e-6
6.696576752878513e-7
8.3429434381314e-6
2.558833635779388e-7
3.066340467996842e-10
8.553160095230702e-9
4.2374950784937615e-8
3.2300892117210654e-7
2.2944234441746554e-8
2.262805727088315e-6
2.376374807515135e-5
5.57418282011548e-5
0.00017788040339625642
2.4081469507627602e-5
3.491567064754249e-8
3.128207549656313e-6
1.551004956278543e-5
8.930066219719403e-5
0.0019075052012295307
0.0001132680530442788
1.3278312874427745e-6
1.4943814390906651e-5
6.572603222678771e-6
1.4730685037080876e-7
7.470029090328935e-9
1.8105121479927374e-7
4.985641576976058e-7
5.263896699416034e-6
2.0162732454349815e-7
1.6477944832907437e-5
0.0006246882315239004
3.037091662112579e-5
0.00035739375172769784
2.1852374022157965e-5
1.5556130156715905e-6
0.00010101867341565809
0.000594820047613896
0.005161309095762215
0.02905109365365882
0.004555611911731968
8.808729275284456e-5
0.0005111389580373429
5.4368425291440626e-5
6.866201373413938e-6
7.730128029985074e-8
3.3172478426895923e-6
1.6877713110679567e-5
3.2135655449737756e-5
0.00039499138685258954
2.7941693753658513e-5
7.03509589831281e-5
0.00013062194290276206
1.2266144538413074e-5
3.2895472400617507e-6
9.759227892063337e-7
1.8618922177999912e-6
2.701329988779141e-7
3.7964271189878044e-8
2.1584381174746542e-8
2.1099310286743958e-8
9.395208556347765e-8
4.536519198677801e-6
1.4478492538969899e-6
7.245983117783739e-7
5.736430425774192e-5
4.790345494815134e-5
4.733899362992876e-6
0.00043849065314389415
3.609859519869613e-6
5.992077771720518e-7
9.431744077639213e-6
0.0004372428075337208
9.735853422687388e-5
0.0024906796426991105
8.18215807753184e-5
2.895596978310269e-6
0.00011630011309875406
3.509078286911149e-6
1.55640506986592e-7
2.9894926766303055e-7
2.690389964435149e-5
2.2625608316663417e-5
1.5683508538166915e-5
0.0003730770249312464
8.165225569573034e-6
4.0770058952771915e-6
1.3243680165998283e-5
1.9054576398262404e-6
2.2835452529122537e-7
4.359090232563993e-7
5.925690388953708e-7
2.692316117453635e-8
1.0757864100312313e-8
6.199333705348753e-10
8.564007148216426e-8
3.706406698543472e-6
2.4666512096723866e-6
5.496992611863782e-7
2.6653993591076762e-5
3.2232425502418186e-7
5.028910986560968e-8
7.060225093519173e-7
6.137604798748408e-7
7.467185443460461e-9
1.7362742526845962e-8
2.9332321486460634e-8
5.945690511217605e-9
4.773990650564358e-10
9.237853703181347e-12
9.992579106614969e-10
1.075485779375358e-9
8.147456567536237e-11
5.68621979523462e-12
4.4554224404778787e-13
1.0418945226297985e-13
3.2196127280299054e-9
1.1302882884400988e-8
1.3711576729454056e-7
7.777390910495219e-8
6.20522067988378e-9
4.074366826184728e-7
1.5781219951480777e-6
9.620294039021451e-8
1.0070455416520669e-5
7.729602034662066e-8
1.2603293403037928e-8
7.835297156734202e-7
4.556190486245434e-6
1.6812841160356866e-6
0.00010156793305722298
1.0623485681740909e-6
3.740950880129768e-8
2.2956838878380815e-6
2.1819614885403218e-7
4.210406898894029e-9
5.625697222259723e-9
5.022696053474792e-7
3.4825879525675966e-7
2.4172124548346167e-7
2.114475066736607e-5
1.7357157033027325e-7
2.8319804411410624e-8
3.915882329928037e-7
8.818135706747454e-8
3.998815641440381e-8
2.5335131015703855e-9
2.141851427194383e-8
1.2512445669799723e-9
2.561094590855456e-9
1.4220733631228943e-10
1.1289246306579918e-8
8.976433197354066e-8
4.572921061528335e-7
1.5549744156067767e-7
8.399684203886133e-7
2.0536640253994858e-8
8.433262303818184e-9
3.1567906251433497e-8
2.351703367097569e-8
5.029420480370698e-10
6.679306701559332e-10
4.020291915846398e-9
2.3850476375931493e-10
4.403281322647815e-11
1.5122425597222563e-12
1.439239060984253e-10
1.1414642827842322e-10
5.618911934020054e-12
1.1235558430593338e-12
5.974565293292669e-13
1.9036918472982848e-14
3.2262117996340048e-9
2.2896800566572777e-8
1.851165338010577e-8
8.44955614853458e-9
1.0784355671702206e-7
4.771053161512863e-9
3.5720478997754257e-10
2.7432154069347437e-9
5.281414058328319e-10
1.3343497386256259e-11
1.2249022366066556e-11
6.389689559292552e-11
1.6868606724632614e-11
2.838294099600971e-12
2.7818265954494743e-14
2.799082084889315e-12
5.98498497408185e-12
4.2621589732170326e-13
5.0497013578211044e-14
4.866752015010809e-15
1.136978457157437e-16
1.6874923321673464e-11
1.562776266032654e-12
7.874596032131999e-12
7.874937938889127e-13
1.3576740946492209e-14
1.3146236884965794e-15
2.6790920750841628e-17
