1.1427733187079633e-20
6.123814994800821e-19
7.232329364102927e-18
2.1046132304350883e-15
3.4719507323326233e-13
1.9789917784576566e-12
2.1375180053138784e-18
6.296965511919589e-17
3.113752575994289e-14
6.84984936919988e-14
4.623459061944529e-13
8.877755579686227e-16
7.699511823036598e-14
2.17957918578846e-12
9.262735737901813e-12
2.920746425574048e-12
1.8832775729581116e-10
1.7827236182342165e-10
1.3036992284415403e-8
2.7779051203056624e-8
8.84703644893743e-9
1.2930583787449826e-16
1.7201624361052064e-15
2.690510408761693e-13
7.461407384599854e-13
6.818319810366794e-12
5.785736939822003e-14
2.6058503082327513e-12
5.0828404387775696e-11
2.648835909232264e-10
1.1534999775111293e-10
1.4430443847452898e-9
7.205460410753886e-9
4.376667271746083e-8
4.0112706281268717e-7
1.8331655808009485e-8
5.67313015656593e-12
1.7791222567754366e-11
6.899732148867687e-10
8.318900944611108e-9
8.429638522381189e-10
3.248789505066452e-8
1.3465948989504253e-7
2.220717347675591e-6
1.0234530034454829e-5
9.653980539731542e-7
6.98638128096505e-10
6.164569905932702e-8
1.00267900300291e-6
5.25974175285788e-6
5.181353025059613e-5
5.940389716361004e-6
7.371252573565742e-8
1.7813489123426422e-6
4.601786407334293e-8
4.787706594860192e-9
1.715620886278654e-14
4.990682273059627e-14
1.256139253183736e-11
1.1284604888276706e-11
6.482777008753783e-10
2.7484670646579626e-12
2.198294788898844e-11
6.425275617760743e-10
1.0097327399912555e-8
1.7645901166584638e-10
7.201794001784855e-9
2.179582815621912e-7
1.5380003417992534e-7
7.927139299396346e-6
1.515989127321972e-7
2.818977540225676e-10
2.383505157462397e-9
5.967630590493012e-8
2.064170297302285e-7
1.722606325790282e-8
4.253882255553374e-7
6.2893915820069165e-6
6.030466285526725e-6
0.00023461908590039968
1.6108177721812157e-5
5.1774010307234216e-8
2.1159673813177986e-6
9.545654990055706e-5
3.4500260050149314e-5
0.002093419572632226
4.426949881728471e-5
5.5874447462272365e-6
0.0003490638112174951
4.989133237778185e-6
5.0080810664686635e-8
1.365611120405863e-9
7.651410098143213e-9
1.0899547467202052e-7
9.343901280462545e-7
4.2934966752958195e-8
3.3093396142584346e-6
9.323873252760577e-5
1.6399166935673235e-5
0.00026945999144861217
1.6508352074723693e-5
5.375897797540734e-7
5.167922662562111e-5
0.0003882886720735095
0.0041234418878574935
0.027354247551617968
0.004104771941738624
6.410238713306733e-5
0.0004120153882446878
4.108321170496677e-5
6.465378327400906e-6
2.1580078332427567e-8
1.0712915280922768e-6
1.0160799621207865e-5
1.4423406122953591e-5
0.00026177926926520417
1.693609563751351e-5
1.2271439376023446e-5
0.00042220994601082273
1.6833968767207354e-5
5.822772572852124e-7
9.479230123615542e-8
2.0437590988242803e-6
1.566482753055818e-7
1.3993333431838427e-8
4.827597354721758e-9
8.53704770106118e-13
1.5801535173461241e-12
6.320894375285588e-12
1.9373110340527265e-10
3.1569965280158804e-8
6.8057682942493865e-12
2.327102682643993e-10
8.40742933174201e-9
3.6594797353634653e-7
4.074794967738829e-9
1.465533898445679e-7
1.013817526934334e-5
1.161351864237629e-6
6.278467335687068e-5
1.9346491993662252e-6
5.776374203629053e-10
1.0119335561044059e-8
3.8257760821199443e-7
6.283221380134078e-6
1.3754666836426352e-7
5.8777493915702325e-6
0.0001681957812887781
9.45079535091717e-5
0.0018805470985918539
0.00035607389028733636
1.1092893545282729e-6
9.617475835368431e-5
0.0003131484274333446
0.0003464993383762125
0.03421473386422619
0.00038538414837585865
7.954122783691441e-6
0.00027515851615726337
0.00032539944567529596
1.5145924683561186e-6
2.615985332662717e-8
4.291184260009022e-7
1.5610899225438223e-5
5.9374130847355626e-5
7.215995742626501e-6
0.00017486646730697803
0.0019913487090215272
0.00025916884549197504
0.03268779613254359
0.0002462649509253967
6.46607933825694e-5
0.0019322663821913966
0.03529418014483204
0.025584024188897152
0.6354201820327771
0.026817977225611554
0.001476475192539952
0.0362655557448444
0.0021203237092911383
5.332941368381408e-5
3.7723984189838974e-6
0.00017371270707754145
0.001655447662439166
0.00024332836942986489
0.03456482460227119
0.0002624072205028836
8.486917891065038e-5
0.0022112674552276996
0.00018954076117746666
6.5539713082660284e-6
3.2302241421510773e-6
6.388528880777029e-5
9.112995706110897e-6
4.2997300894708155e-7
3.073025881454103e-8
1.18642494591812e-8
6.171289480162688e-8
1.0140246065805586e-6
3.062950106748652e-6
1.2263853107509165e-7
1.1558315920330625e-5
0.00012052468253037525
8.910246525481255e-6
0.0014978507793667966
9.006355492951052e-6
2.2219568671951687e-6
0.00027679080355132147
0.00025868317021359615
0.00038622382470392304
0.033040636291368226
0.00035775077545160884
8.335313797030946e-6
0.000340177812214002
9.562239957316806e-5
9.816083769726536e-7
8.410728532844572e-7
2.1843147372417378e-5
0.00011539740268635802
0.00028343405585217466
0.002002309812381871
0.00010073254402887796
1.0500278269328473e-5
0.0002722614588921409
6.051152688074284e-6
1.3873868519975933e-7
1.9428214303220977e-6
1.334026064337176e-5
3.0499318239167363e-7
6.715094430440154e-9
1.9167095774471712e-10
3.739614276159259e-8
9.807199907587908e-7
3.2673075465103396e-6
2.4271811952615353e-6
6.075405026594906e-5
1.0733920004783754e-6
1.329127811592126e-7
9.76643919379373e-6
1.7802091038519548e-7
4.619588991671331e-9
4.944965292008047e-8
4.188753563181895e-7
1.0969619368137386e-8
2.1085720534895748e-10
7.739172801927465e-12
1.5884176942663366e-8
2.738950935488673e-8
6.09929021789152e-10
7.2241455617466585e-12
4.4008196626373e-13
1.6877907400931497e-12
1.2755142161231816e-12
5.680870351591369e-11
4.603613989432584e-11
1.3120483981492697e-10
1.5168108987021102e-8
3.001806237909434e-12
1.1883608236307253e-10
3.273548433270912e-9
4.737757938259068e-8
9.520797801137764e-10
1.206933914420174e-7
1.5486153419156987e-6
2.288745624568855e-7
3.310345303245773e-6
1.1479562065820965e-7
4.3134343702126256e-11
2.3869185278228744e-9
1.2906104082301147e-8
1.6065009939247535e-7
5.907338599282668e-9
1.3975598285840677e-6
1.2478844781162304e-5
2.7893792024269847e-5
0.00014348281679038775
1.670066831233191e-5
1.22006706634315e-8
1.253783833866222e-6
1.1863544541668618e-5
6.247447277555075e-5
0.0018927159904106464
7.949401228373717e-5
5.56746765990408e-7
8.495650099487583e-6
5.383157536203267e-6
8.010172303058253e-8
1.3020921972122993e-9
6.303979441609114e-8
1.7776027256666671e-7
2.860378032226904e-6
6.093348334794008e-8
6.603221735347333e-6
0.00042525443628106793
1.6236385664499527e-5
0.00023574729319320712
1.4727924845256672e-5
7.021693532587725e-7
5.28161157276179e-5
0.00043030331906660375
0.0037743978565595872
0.026041429739393804
0.004247951501596682
5.437459011153734e-5
0.00036322193769457097
3.495997862539657e-5
5.8509206960944195e-6
2.988859736985438e-8
1.5623254317659978e-6
9.502904986230604e-6
1.6853407452130683e-5
0.0002725201301794683
1.7040135271235154e-5
1.710237479226371e-5
8.856076570043819e-5
4.712861227995688e-6
1.4713386285752397e-6
2.548551217154205e-7
1.1575448786142851e-6
1.4055280552433516e-7
3.563288794559561e-8
8.162373783258068e-9
1.3007628186818516e-9
9.916900824147378e-9
2.3660440028189756e-7
6.975058493364372e-7
8.939854205189997e-8
4.731666879478914e-6
2.515541231590503e-5
1.2940663978776557e-6
0.0001300232453912004
8.762039027592643e-7
3.4193768791452594e-7
2.2439134181173733e-6
0.0002836190271755426
5.558492191141641e-5
0.0020561879917373534
5.2967523707207994e-5
1.2271985446776216e-6
7.541405091508712e-5
1.8628721078288195e-6
6.653322021271038e-8
5.1910224295620836e-8
3.946592829354865e-6
1.0036333116844859e-5
6.343956655318647e-6
0.0002459321900975791
4.069284770787891e-6
2.550161136720798e-6
5.943351181989123e-6
4.443580535705528e-7
2.804440152549843e-8
2.4280433845453677e-7
1.7045830324414623e-7
7.145873994854408e-9
1.4198319213441186e-9
1.0777541788318926e-10
3.940781828742611e-8
1.8008673881317947e-7
7.902532780073146e-7
1.8127029033447288e-7
1.9163641430606152e-5
1.388924806870021e-7
1.4307585664376124e-8
3.943429968677988e-7
5.865037495630592e-8
5.85056473205324e-10
3.3772848810567377e-9
9.156269848220674e-9
6.389734315929534e-10
5.4588685766590246e-11
1.6042218332692331e-12
1.2738133020882217e-10
2.0798341251642746e-10
1.2366441479762584e-11
7.776147188095305e-13
7.693331626715994e-14
3.2648186747557267e-13
7.63216270718904e-10
5.557629548487382e-10
6.8020046779076595e-9
2.2588360898844814e-8
1.2711545930850409e-9
3.7256435035383196e-8
6.483159860000307e-7
3.0031283642442714e-8
3.7370001253709775e-6
2.0205473338034395e-8
4.545448230218009e-9
2.518897838620696e-7
2.12268949040311e-6
7.241310003253382e-7
6.38853200798321e-5
5.059063800060829e-7
1.1922057042796599e-8
9.86242496376834e-7
5.2614075575143925e-8
6.949560247225433e-10
9.597021918857763e-10
6.762710578486827e-8
1.3122580870092715e-7
7.635623199416654e-8
9.708589995314278e-6
6.911438191465644e-8
8.77419160511835e-9
1.2730291098484902e-7
1.582322062021708e-8
7.011272582875274e-10
1.5234867093088655e-9
5.377780086559817e-9
1.9347784892225925e-10
1.2257966517159664e-10
3.1330364051672483e-12
6.79618502844489e-10
9.664298146017486e-9
5.178885998892405e-8
7.483226180164901e-8
3.3942099642824786e-7
6.3652701765672044e-9
3.137719418476721e-9
9.411920513976366e-9
1.882193221215155e-9
1.454559956563438e-11
1.6176141598326945e-10
2.4922148794182415e-10
1.880582681255648e-11
3.018848845699431e-12
6.487929776559888e-14
3.685589188493003e-11
6.989303077012456e-12
2.0524495209671875e-11
4.100747757658473e-13
2.1317788221195968e-14
1.5470301677167366e-15
5.606785334414291e-10
1.064324239107689e-9
2.0086535458811576e-8
8.45340458597489e-10
1.4225700446707572e-8
1.0101411980801595e-9
3.289679199118579e-11
3.8015497059061915e-10
2.3952190163189185e-10
3.963206254419883e-12
2.9401304866712323e-12
6.345949628441798e-12
2.299224271705391e-12
5.260048962788658e-14
6.740825585571662e-16
5.315066558734027e-11
1.6669413056584472e-12
6.526545909009719e-14
1.6983844158785353e-15
4.6498397086009325e-17
7.589953812134338e-18
1.1843097021675386e-12
2.29388517229582e-12
3.3843527386295934e-14
1.953207135153413e-16
2.2285703645719894e-18
8.186807700821286e-19
1.5268945262759813e-20
