1.3511873961361543e-12
1.6694167715201277e-11
1.1121110144931558e-10
2.5199643307483086e-9
1.0477902684124687e-9
2.012435723092615e-8
2.500217566565696e-10
1.1496539726264167e-9
4.402202975702233e-8
8.981074831485082e-9
6.957521569419108e-8
2.376533208031746e-8
1.6748239275534586e-8
1.7066858399534855e-7
7.996886198574092e-7
1.2389349348158458e-7
3.2237483622485216e-7
3.5820228810216405e-6
1.9077208531205747e-7
4.1811642450538566e-6
3.319500818305298e-7
4.089171929400505e-9
2.642973521213479e-8
5.193313997348363e-7
1.8048939784790315e-7
3.536337504775044e-7
1.0121522832255056e-6
2.3772690517495889e-7
1.3488335397838573e-6
2.3843666078693396e-6
9.177026548056165e-7
3.364062550126091e-6
1.0354366490436651e-5
4.339816453249335e-6
6.533626139382096e-5
2.3734263812000564e-6
6.368713565662684e-6
3.5122710822725465e-7
1.3834647032749929e-5
3.2342510438856686e-5
3.298233559506956e-6
1.459344692553533e-5
3.6280160074582744e-5
0.0002665577043537607
0.0005963776666689903
0.00018279495716280646
2.3818656382277025e-6
7.277821048850079e-6
5.402154578699072e-5
4.7883955544389764e-5
0.0007293368145959347
0.0001618461542928493
7.5003903649616445e-6
2.3143004620038322e-5
1.1344838454230228e-5
1.2599712407386537e-6
2.2976064142210543e-8
9.95071816092506e-8
2.396241127332049e-6
3.0784801265832757e-6
3.429408824633656e-6
1.5585235175140847e-6
4.3420849826963935e-6
1.1493782270368196e-5
2.4744294860794332e-5
7.38063308922406e-6
2.04508861962858e-5
7.06185749233817e-5
1.8567597030432945e-5
0.0001521411031274827
6.541782094472066e-6
7.441541253030915e-6
8.234236928785369e-6
4.923411502750221e-5
6.544683534402686e-5
0.00011402323288534751
0.0004203223978556697
0.0002931606065413022
0.0007362976467233297
0.002475560395252843
0.0003666710163748495
9.566554159609085e-5
0.0001413156488887741
0.0009038624975724916
0.00041098250038778297
0.006497693456371499
0.0005611425581626493
0.00012302019877886717
0.0008669211467273793
0.00010068999991152304
1.2092312232440293e-5
5.024783075410293e-6
1.8220068175331816e-5
3.9213425119553444e-5
7.099181754193516e-5
1.0764881708177715e-5
0.00019897716962338378
0.0008137973430022649
0.00017231333430407116
0.0016974892416022752
0.0002016882515527996
3.149677036863185e-5
0.0004059070184368392
0.002003265632901863
0.005731769671163215
0.03857434470799853
0.01080669977975925
0.001106887706439921
0.002426621783824634
0.0005587322831797393
0.0001631784644776381
1.2351226713076136e-5
5.194139149942181e-5
0.00021878995596929282
0.0001199773785776568
0.0015569813652412242
0.00020329580831813263
0.00012131551172107805
0.0007441919611882606
0.0003765906646196904
0.0002006477564073895
1.2115370015476519e-5
2.8016990622529987e-5
7.150597330714218e-6
2.9057590996742282e-6
3.6585153319785134e-7
2.983113570151455e-8
7.670799374653684e-8
1.1289491490977114e-6
3.694277019340897e-6
1.5668985008741283e-5
1.8733326531427086e-6
3.430691985002314e-6
1.456414576428773e-5
0.00013159284457675178
4.1851243669383976e-5
7.106107106551888e-5
0.0011173249549904518
3.935604533057578e-5
0.0009803839965631044
2.5447244594626046e-5
2.0040426979648427e-5
3.227852580592911e-5
8.002843223078143e-5
0.0002566217818399087
0.00010165511905808288
0.00031486654140462503
0.0038117549802268247
0.0010530725485316324
0.006314613019116373
0.0006758409597198089
6.378673163370393e-5
0.0009022966885080917
0.0018391683117011226
0.0017836511193021949
0.04735605799838425
0.0024358674457669416
0.00018085649954286453
0.0014955330148966352
0.0008436358158786027
2.2294043160008587e-5
9.810084496034487e-6
5.20058178474515e-5
0.000864438754899176
0.001057761757932387
0.0002490411785976672
0.004371344303755866
0.008179361510742802
0.0016934935019948837
0.047541448082747094
0.0015127508669790675
0.000902138559963055
0.007050893622987918
0.04641443201029924
0.03401689487667862
0.3306188743721895
0.03693303501924937
0.0063569575114972915
0.04715137280283073
0.0061727691469077575
0.0007249810248267605
0.000375782829625622
0.002249616606162821
0.0076333166179255
0.0015534800939352993
0.048558454051448874
0.0017564109133903266
0.0011746678698784099
0.006474103955491286
0.0026029466670920093
0.0006397708603951378
0.00037674992033890996
0.0010499859957701716
0.00016339917312562142
0.00011513182373594388
7.215919006691699e-6
7.422102834914599e-6
3.162629342935014e-5
0.0003580307737605083
0.00039802100928471707
9.76357742064028e-5
0.00036500713829043936
0.0020953860609931726
0.0002478111603271976
0.007286120290457891
0.0002181867396471399
5.4521423117949235e-5
0.000557309837263262
0.0018062337039343303
0.002571394300870787
0.04577296548802733
0.00194862195195712
0.0002426247964335281
0.0018216954020487555
0.000984300526618702
5.720232570245171e-5
0.0001603047667659801
0.0002733561178903922
0.0020757512650636033
0.00044631625092771295
0.00817300094335501
0.000775642093175576
0.0003399893522662036
0.0037796086121548588
0.0002940277708303058
3.7639198856221864e-5
0.0001491666731294817
0.001245212886287915
7.233193952614881e-5
1.0469131007575449e-5
3.596348304460704e-6
7.378751475782486e-5
0.00012507381427228728
0.0003806051372017972
4.4174155384783844e-5
0.001010312664301964
7.302991602709471e-5
4.661436638504916e-5
0.00023299789689524647
5.2643171026408446e-5
2.8127198931873565e-5
4.679812492743961e-5
0.00017257773600480215
2.8789335472121557e-5
2.317957138674884e-6
6.994522816425675e-7
1.192310510168412e-5
2.035288106106101e-5
4.5667009448735585e-6
4.514448192358849e-7
6.56718676576167e-8
1.7388266975943793e-8
2.9414445455363305e-8
3.015568251690573e-8
8.956471873064704e-7
3.566083198494677e-6
9.623666129832842e-6
4.384837656806199e-7
2.9804520719600657e-6
1.1815365614727343e-5
3.66773157677944e-5
3.504050380548034e-6
3.79458881480908e-5
0.00017518168858550524
2.667334341725038e-5
0.0003744835314472018
1.2133343944467847e-5
5.433315590175486e-6
3.3010540499141863e-6
1.623245724968119e-5
5.338300294484011e-5
1.3604001744851687e-5
9.010699691568955e-5
0.00038936933052707975
0.0003886280839714756
0.0011493089130688535
0.00011599820891949119
8.005905840277727e-6
7.385838684286941e-5
0.00024907339676129834
0.0006232046021247099
0.006472446590625358
0.0010139746192535553
4.643748990577457e-5
0.00018648630602087585
0.0001316687060966504
7.435975969808824e-6
1.9250956867171763e-6
2.4051608729293173e-5
4.966662012636814e-5
5.126231948162773e-5
1.0110777769192663e-5
0.0002809062838713608
0.0005147692492525767
0.00022093404479590415
0.0014879197951340793
0.00012029558261591142
7.002733426857441e-5
0.0006412886886623513
0.0026403500232812264
0.008983681348117738
0.03308988820443761
0.005690250054035791
0.0006100516178298304
0.0017554028743483755
0.00038883890727803023
4.8418224927954696e-5
2.5529822364429526e-5
9.37248627584656e-5
0.0002528738565405259
0.00022130403724025617
0.0017184962641995953
0.00017866585365997495
0.00044992695238796267
0.0011102551597031035
0.0007574731876004241
0.0002926733149384347
2.750439355644496e-5
4.120847661656282e-5
2.003458298174786e-5
5.556902680395433e-6
2.40624956860256e-7
1.4635919228647778e-5
2.8312496916388177e-5
0.0002086626200553079
0.00015378671861408826
5.8158783494012656e-6
0.00017582066917365045
0.00030907264253892183
8.654102805842085e-5
0.002339467179272152
5.236224088848431e-5
1.113755270487397e-5
9.667887126410544e-5
0.0005276584495710952
0.0006266065741084717
0.007166430003777613
0.000423447604710569
7.528927298024505e-5
0.0008893957699805668
0.00014650855745347943
7.071850829485815e-6
3.395055561606728e-5
0.0001686477390975887
0.0003579821032886692
0.0002655904519418494
0.004693365864342016
0.0001899634698775122
0.00010159132832650952
0.0003431737270563116
0.00047574144996294127
1.509310011352753e-5
4.5786649566632435e-5
0.00011313449386985928
2.4780417953111136e-5
3.217160505154501e-6
3.6943155333791947e-7
1.874351434547916e-5
0.00030433436535301175
0.0003354264467242827
5.683797143442051e-5
0.0009359309704930714
3.991772354283399e-5
1.6480874561933555e-5
7.574362732172368e-5
4.823481966877236e-5
1.172132275555925e-5
1.0152415815882955e-5
1.386591468535808e-5
1.2104873075362284e-5
1.3499240984822202e-6
1.1119214874386136e-7
2.79354082020121e-6
3.6928694932933326e-6
3.1135604782509747e-6
1.8086588599249053e-7
9.201240239660701e-9
1.0132180511833287e-9
2.5824183536845287e-5
3.2671641307684325e-5
1.7588752752205066e-5
7.068637920518019e-5
1.2801744414644422e-5
3.6930829040456274e-5
0.00012837676041574077
2.3130297541432038e-5
0.00037420288398047353
1.22766995407581e-5
1.4759154828333262e-6
1.1332464068279851e-5
4.899422143478019e-5
6.562430227523736e-5
0.0008623759863200078
3.2652871241322405e-5
7.732543931651327e-6
6.26933165115027e-5
0.00012871818758212016
2.6793992300085238e-6
1.3568501881450979e-5
5.801224151308232e-6
9.569273655011311e-5
9.740687458922316e-6
0.00023315111266835082
9.92575957818479e-6
1.4138141085550184e-5
9.441606516374277e-5
0.00012022263448402222
3.6388017926693753e-6
3.5692014006989217e-6
4.52026952006339e-5
7.718043079836349e-6
9.643983237886385e-7
1.036510501957331e-7
3.276430361179308e-5
2.9977168309991186e-5
3.091087934176599e-5
2.74165245986107e-5
4.789610072700589e-5
1.9139308102698493e-5
3.679064678330119e-6
4.203539443535028e-5
8.721314497729478e-6
3.657913237319225e-7
2.7676213696536234e-6
3.6367576974763644e-6
4.242914133143438e-6
2.392028238361102e-7
1.557115808918944e-8
8.827920636483344e-7
1.1970651937860629e-6
2.049237620505924e-6
4.7363617159416045e-7
5.4512680021358694e-8
3.338403434310987e-9
2.581965274314961e-5
1.611258556029107e-5
7.79631342024643e-6
1.92220469754826e-6
1.1297872364473699e-5
6.200141124243447e-6
5.888578794452178e-6
2.553770118979056e-5
9.963670644676516e-6
7.720282929743665e-6
4.6687706529244697e-7
2.2514856143662863e-6
2.0127424608971672e-6
1.3056630228966364e-6
2.6596737024884153e-8
2.9528074703695258e-8
7.629569087308249e-8
1.0641510093922504e-7
3.2414072639049173e-8
1.3650571843161042e-9
1.1103362568128721e-10
3.1908027057029725e-8
2.9015766433188304e-8
2.3350495276591055e-8
4.370578827039692e-9
2.5780076830219845e-10
1.6086466472027797e-11
1.4089651913704527e-12
