-1.600000000000000000e+01
-3.600000000000000000e+01
4.000000000000000000e+00
-2.000000000000000000e+01
-3.200000000000000000e+01
-4.800000000000000000e+01
-4.000000000000000000e+01
-5.200000000000000000e+01
-2.800000000000000000e+01
-2.400000000000000000e+01
-6.400000000000000000e+01
-4.400000000000000000e+01
-5.600000000000000000e+01
-8.000000000000000000e+00
0.000000000000000000e+00
-1.200000000000000000e+01
-6.000000000000000000e+01
-8.000000000000000000e+01
-6.800000000000000000e+01
-4.000000000000000000e+00
-7.600000000000000000e+01
-7.200000000000000000e+01
-8.400000000000000000e+01
1.200000000000000000e+01
-8.800000000000000000e+01
8.000000000000000000e+00
1.600000000000000000e+01
-9.600000000000000000e+01
-9.200000000000000000e+01
2.000000000000000000e+01
2.400000000000000000e+01
-1.000000000000000000e+02
-1.040000000000000000e+02
2.800000000000000000e+01
