-1.920000000000000000e+02
-1.840000000000000000e+02
-2.000000000000000000e+02
-1.760000000000000000e+02
-1.720000000000000000e+02
-1.800000000000000000e+02
-1.600000000000000000e+02
-1.480000000000000000e+02
-1.680000000000000000e+02
-1.880000000000000000e+02
-1.560000000000000000e+02
-1.520000000000000000e+02
-1.640000000000000000e+02
-1.360000000000000000e+02
-1.400000000000000000e+02
-1.320000000000000000e+02
-1.160000000000000000e+02
-1.240000000000000000e+02
-1.440000000000000000e+02
-1.280000000000000000e+02
-1.200000000000000000e+02
