1.997000000000000000e+03
5.683000000000000000e+03
1.071400000000000000e+04
7.502000000000000000e+03
4.501000000000000000e+03
9.228000000000000000e+03
6.246000000000000000e+03
1.046500000000000000e+04
9.573000000000000000e+03
7.823000000000000000e+03
1.086500000000000000e+04
3.996000000000000000e+03
1.571000000000000000e+03
8.210000000000000000e+02
7.050000000000000000e+02
1.840000000000000000e+02
1.173000000000000000e+03
3.130000000000000000e+03
2.572000000000000000e+03
4.030000000000000000e+02
7.800000000000000000e+01
1.800000000000000000e+02
3.780000000000000000e+02
8.000000000000000000e+01
3.000000000000000000e+00
1.900000000000000000e+01
1.000000000000000000e+00
1.700000000000000000e+01
3.900000000000000000e+01
4.000000000000000000e+01
7.000000000000000000e+00
1.000000000000000000e+00
3.000000000000000000e+00
1.000000000000000000e+00
1.000000000000000000e+00
