8.541000000000000000e+03
4.248000000000000000e+03
9.802000000000000000e+03
5.914000000000000000e+03
7.573000000000000000e+03
8.733000000000000000e+03
9.611000000000000000e+03
2.958000000000000000e+03
9.632000000000000000e+03
4.713000000000000000e+03
1.904000000000000000e+03
4.000000000000000000e+02
2.603000000000000000e+03
7.420000000000000000e+03
1.117000000000000000e+03
6.169000000000000000e+03
1.125000000000000000e+03
5.960000000000000000e+02
3.550000000000000000e+03
7.800000000000000000e+01
2.350000000000000000e+02
6.330000000000000000e+02
1.681000000000000000e+03
4.000000000000000000e+01
1.390000000000000000e+02
3.060000000000000000e+02
1.500000000000000000e+01
1.560000000000000000e+02
6.200000000000000000e+01
2.300000000000000000e+01
8.000000000000000000e+00
3.000000000000000000e+00
7.000000000000000000e+00
1.000000000000000000e+00
2.000000000000000000e+00
1.000000000000000000e+00
1.000000000000000000e+00
