2.646000000000000000e+03
3.858000000000000000e+03
9.301000000000000000e+03
1.036600000000000000e+04
5.694000000000000000e+03
9.535000000000000000e+03
1.021500000000000000e+04
8.079000000000000000e+03
2.084000000000000000e+03
1.474000000000000000e+03
3.116000000000000000e+03
7.434000000000000000e+03
6.353000000000000000e+03
1.071100000000000000e+04
4.695000000000000000e+03
4.420000000000000000e+02
1.260000000000000000e+03
4.050000000000000000e+02
7.350000000000000000e+02
8.300000000000000000e+02
2.000000000000000000e+02
2.280000000000000000e+02
8.600000000000000000e+01
1.030000000000000000e+02
3.300000000000000000e+01
6.400000000000000000e+01
2.000000000000000000e+00
1.900000000000000000e+01
1.300000000000000000e+01
1.100000000000000000e+01
4.000000000000000000e+00
1.000000000000000000e+00
2.000000000000000000e+00
1.000000000000000000e+00
