9.158000000000000000e+03
2.395000000000000000e+03
1.054500000000000000e+04
7.486000000000000000e+03
6.339000000000000000e+03
9.667000000000000000e+03
1.115600000000000000e+04
1.057900000000000000e+04
4.603000000000000000e+03
8.229000000000000000e+03
1.946000000000000000e+03
5.526000000000000000e+03
3.370000000000000000e+02
3.073000000000000000e+03
1.183000000000000000e+03
1.750000000000000000e+02
1.428000000000000000e+03
7.910000000000000000e+02
6.250000000000000000e+02
3.913000000000000000e+03
4.210000000000000000e+02
1.680000000000000000e+02
9.100000000000000000e+01
2.100000000000000000e+01
7.400000000000000000e+01
1.000000000000000000e+01
2.400000000000000000e+01
1.900000000000000000e+01
1.000000000000000000e+01
3.000000000000000000e+00
1.000000000000000000e+00
3.000000000000000000e+00
1.000000000000000000e+00
