9.199000000000000000e+03
6.100000000000000000e+03
9.459000000000000000e+03
7.718000000000000000e+03
1.090000000000000000e+04
5.813000000000000000e+03
1.048300000000000000e+04
1.073000000000000000e+04
7.964000000000000000e+03
4.394000000000000000e+03
1.680000000000000000e+02
1.553000000000000000e+03
2.000000000000000000e+03
1.146000000000000000e+03
3.008000000000000000e+03
4.018000000000000000e+03
9.250000000000000000e+02
2.517000000000000000e+03
8.100000000000000000e+01
4.220000000000000000e+02
6.620000000000000000e+02
2.800000000000000000e+01
1.850000000000000000e+02
8.300000000000000000e+01
3.450000000000000000e+02
4.200000000000000000e+01
7.000000000000000000e+00
1.300000000000000000e+01
9.000000000000000000e+00
2.000000000000000000e+01
3.000000000000000000e+00
3.000000000000000000e+00
2.000000000000000000e+00
