9.285000000000000000e+03
8.398000000000000000e+03
5.226000000000000000e+03
6.669000000000000000e+03
8.060000000000000000e+03
1.816000000000000000e+03
4.160000000000000000e+02
1.538000000000000000e+03
8.670000000000000000e+02
3.851000000000000000e+03
1.018100000000000000e+04
1.011800000000000000e+04
5.229000000000000000e+03
1.166000000000000000e+03
3.813000000000000000e+03
2.726000000000000000e+03
9.487000000000000000e+03
6.753000000000000000e+03
2.456000000000000000e+03
2.030000000000000000e+02
7.060000000000000000e+02
2.170000000000000000e+02
4.390000000000000000e+02
1.140000000000000000e+02
5.600000000000000000e+01
9.200000000000000000e+01
2.500000000000000000e+01
2.000000000000000000e+00
3.900000000000000000e+01
1.600000000000000000e+01
4.000000000000000000e+00
1.000000000000000000e+00
1.200000000000000000e+01
1.600000000000000000e+01
1.000000000000000000e+00
1.000000000000000000e+00
1.000000000000000000e+00
