1.293000000000000000e+03
2.065000000000000000e+03
7.880000000000000000e+03
6.247000000000000000e+03
9.116000000000000000e+03
1.320000000000000000e+02
1.021500000000000000e+04
5.826000000000000000e+03
1.017900000000000000e+04
7.607000000000000000e+03
4.508000000000000000e+03
3.249000000000000000e+03
4.142000000000000000e+03
9.198000000000000000e+03
1.063600000000000000e+04
1.730000000000000000e+03
4.020000000000000000e+02
5.240000000000000000e+02
9.190000000000000000e+02
2.130000000000000000e+02
2.735000000000000000e+03
2.700000000000000000e+01
2.160000000000000000e+02
7.310000000000000000e+02
8.400000000000000000e+01
3.500000000000000000e+01
5.000000000000000000e+01
1.800000000000000000e+01
1.000000000000000000e+00
5.000000000000000000e+00
1.000000000000000000e+00
1.000000000000000000e+01
1.000000000000000000e+00
4.000000000000000000e+00
1.000000000000000000e+00
