6.171000000000000000e+03
7.415000000000000000e+03
2.171000000000000000e+03
6.730000000000000000e+02
7.875000000000000000e+03
8.819000000000000000e+03
3.153000000000000000e+03
7.910000000000000000e+02
6.966000000000000000e+03
1.558000000000000000e+03
8.934000000000000000e+03
2.129000000000000000e+03
8.720000000000000000e+03
4.402000000000000000e+03
8.260000000000000000e+03
3.860000000000000000e+03
5.090000000000000000e+03
2.926000000000000000e+03
1.600000000000000000e+01
4.200000000000000000e+02
2.400000000000000000e+01
1.376000000000000000e+03
5.673000000000000000e+03
1.023000000000000000e+03
1.900000000000000000e+02
4.370000000000000000e+02
3.040000000000000000e+02
2.130000000000000000e+02
1.800000000000000000e+01
9.000000000000000000e+01
5.600000000000000000e+01
1.070000000000000000e+02
7.000000000000000000e+01
4.300000000000000000e+01
6.000000000000000000e+00
3.000000000000000000e+00
6.000000000000000000e+00
1.000000000000000000e+00
1.000000000000000000e+00
5.000000000000000000e+00
2.000000000000000000e+00
2.000000000000000000e+00
1.000000000000000000e+00
