9.734000000000000000e+03
6.473000000000000000e+03
1.049800000000000000e+04
5.545000000000000000e+03
4.681000000000000000e+03
1.010100000000000000e+04
8.274000000000000000e+03
1.877000000000000000e+03
3.167000000000000000e+03
1.073300000000000000e+04
8.717000000000000000e+03
7.180000000000000000e+03
2.703000000000000000e+03
1.136000000000000000e+03
1.057000000000000000e+03
6.480000000000000000e+02
3.982000000000000000e+03
1.756000000000000000e+03
3.030000000000000000e+02
6.200000000000000000e+02
2.820000000000000000e+02
1.550000000000000000e+02
6.000000000000000000e+01
7.700000000000000000e+01
5.600000000000000000e+01
1.220000000000000000e+02
1.400000000000000000e+01
1.000000000000000000e+00
1.900000000000000000e+01
1.600000000000000000e+01
2.000000000000000000e+00
2.000000000000000000e+00
1.000000000000000000e+00
5.000000000000000000e+00
2.000000000000000000e+00
1.000000000000000000e+00
