4.640000000000000000e+02
9.657000000000000000e+03
1.100700000000000000e+04
5.116000000000000000e+03
7.158000000000000000e+03
9.114000000000000000e+03
3.585000000000000000e+03
1.026000000000000000e+04
1.080600000000000000e+04
3.335000000000000000e+03
8.395000000000000000e+03
6.681000000000000000e+03
3.140000000000000000e+02
1.400000000000000000e+02
1.337000000000000000e+03
2.184000000000000000e+03
7.760000000000000000e+02
2.205000000000000000e+03
7.220000000000000000e+02
4.956000000000000000e+03
1.299000000000000000e+03
2.080000000000000000e+02
2.100000000000000000e+01
1.070000000000000000e+02
7.100000000000000000e+01
2.000000000000000000e+01
4.000000000000000000e+01
9.000000000000000000e+00
1.000000000000000000e+01
2.000000000000000000e+00
1.000000000000000000e+00
