6.587000000000000000e+03
3.751000000000000000e+03
5.810000000000000000e+03
7.273000000000000000e+03
1.696000000000000000e+03
3.281000000000000000e+03
6.708000000000000000e+03
5.475000000000000000e+03
7.029000000000000000e+03
2.437000000000000000e+03
1.962000000000000000e+03
1.137000000000000000e+03
6.210000000000000000e+02
2.828000000000000000e+03
5.050000000000000000e+02
6.149000000000000000e+03
7.196000000000000000e+03
3.765000000000000000e+03
8.500000000000000000e+01
1.620000000000000000e+02
3.530000000000000000e+02
1.401000000000000000e+03
8.280000000000000000e+02
5.200000000000000000e+01
2.160000000000000000e+02
4.761000000000000000e+03
6.220000000000000000e+03
4.400000000000000000e+03
4.272000000000000000e+03
1.620000000000000000e+03
1.353000000000000000e+03
1.900000000000000000e+01
2.700000000000000000e+01
1.200000000000000000e+01
7.000000000000000000e+00
1.000000000000000000e+00
1.000000000000000000e+00
