9.714000000000000000e+03
1.038800000000000000e+04
1.053600000000000000e+04
6.971000000000000000e+03
9.776000000000000000e+03
3.853000000000000000e+03
8.413000000000000000e+03
5.019000000000000000e+03
8.447000000000000000e+03
3.508000000000000000e+03
6.874000000000000000e+03
2.176000000000000000e+03
2.527000000000000000e+03
5.362000000000000000e+03
1.306000000000000000e+03
3.570000000000000000e+02
5.100000000000000000e+01
9.920000000000000000e+02
1.678000000000000000e+03
7.000000000000000000e+01
3.330000000000000000e+02
1.410000000000000000e+02
5.630000000000000000e+02
3.800000000000000000e+01
6.990000000000000000e+02
5.000000000000000000e+00
1.390000000000000000e+02
2.600000000000000000e+01
5.000000000000000000e+00
1.800000000000000000e+01
1.000000000000000000e+01
2.000000000000000000e+00
1.000000000000000000e+00
2.000000000000000000e+00
