3.514000000000000000e+03
6.793000000000000000e+03
6.343000000000000000e+03
6.863000000000000000e+03
2.627000000000000000e+03
8.120000000000000000e+02
5.542000000000000000e+03
5.461000000000000000e+03
7.451000000000000000e+03
7.261000000000000000e+03
4.764000000000000000e+03
4.520000000000000000e+03
2.648000000000000000e+03
6.181000000000000000e+03
3.368000000000000000e+03
1.178000000000000000e+03
2.930000000000000000e+02
1.863000000000000000e+03
2.080000000000000000e+02
2.197000000000000000e+03
9.310000000000000000e+02
1.448000000000000000e+03
7.449000000000000000e+03
4.029000000000000000e+03
1.980000000000000000e+03
2.570000000000000000e+02
1.229000000000000000e+03
7.090000000000000000e+02
5.790000000000000000e+02
3.930000000000000000e+02
2.400000000000000000e+01
4.680000000000000000e+02
1.300000000000000000e+02
8.400000000000000000e+01
5.800000000000000000e+01
1.520000000000000000e+02
3.000000000000000000e+01
9.200000000000000000e+01
1.300000000000000000e+01
2.800000000000000000e+01
7.000000000000000000e+00
1.000000000000000000e+00
1.000000000000000000e+01
8.000000000000000000e+00
2.000000000000000000e+00
2.000000000000000000e+00
