3.631000000000000000e+03
1.081900000000000000e+04
8.471000000000000000e+03
1.153000000000000000e+03
3.253000000000000000e+03
1.097300000000000000e+04
6.917000000000000000e+03
5.242000000000000000e+03
9.967000000000000000e+03
8.800000000000000000e+02
6.808000000000000000e+03
2.046000000000000000e+03
8.640000000000000000e+03
9.967000000000000000e+03
4.961000000000000000e+03
2.561000000000000000e+03
1.550000000000000000e+03
1.410000000000000000e+02
2.910000000000000000e+02
6.260000000000000000e+02
2.950000000000000000e+02
4.730000000000000000e+02
2.700000000000000000e+01
5.900000000000000000e+01
1.300000000000000000e+01
1.250000000000000000e+02
6.000000000000000000e+01
3.100000000000000000e+01
4.000000000000000000e+00
9.000000000000000000e+00
4.000000000000000000e+00
2.000000000000000000e+00
1.000000000000000000e+00
