4.562000000000000000e+03
3.306000000000000000e+03
2.290000000000000000e+02
5.700000000000000000e+01
9.120000000000000000e+02
4.703000000000000000e+03
5.801000000000000000e+03
6.944000000000000000e+03
5.410000000000000000e+03
7.179000000000000000e+03
6.339000000000000000e+03
2.986000000000000000e+03
2.134000000000000000e+03
6.376000000000000000e+03
6.815000000000000000e+03
3.952000000000000000e+03
3.840000000000000000e+03
7.356000000000000000e+03
1.557000000000000000e+03
1.468000000000000000e+03
4.320000000000000000e+02
2.327000000000000000e+03
9.130000000000000000e+02
5.228000000000000000e+03
1.358000000000000000e+03
2.702000000000000000e+03
1.350000000000000000e+02
1.150000000000000000e+02
5.820000000000000000e+02
3.590000000000000000e+02
7.350000000000000000e+02
2.840000000000000000e+02
1.896000000000000000e+03
1.900000000000000000e+01
5.760000000000000000e+02
1.200000000000000000e+01
7.500000000000000000e+01
1.910000000000000000e+02
6.000000000000000000e+01
4.000000000000000000e+01
1.000000000000000000e+00
1.800000000000000000e+01
8.000000000000000000e+00
2.000000000000000000e+00
4.000000000000000000e+00
2.000000000000000000e+00
