1.086600000000000000e+04
1.031700000000000000e+04
1.098400000000000000e+04
7.067000000000000000e+03
8.661000000000000000e+03
3.540000000000000000e+03
2.223000000000000000e+03
5.201000000000000000e+03
1.231000000000000000e+03
6.683000000000000000e+03
9.835000000000000000e+03
8.400000000000000000e+03
5.013000000000000000e+03
2.310000000000000000e+03
6.620000000000000000e+02
6.600000000000000000e+01
2.980000000000000000e+02
3.535000000000000000e+03
4.000000000000000000e+02
1.391000000000000000e+03
2.040000000000000000e+02
7.360000000000000000e+02
1.110000000000000000e+02
5.500000000000000000e+01
2.700000000000000000e+01
2.500000000000000000e+01
1.340000000000000000e+02
5.000000000000000000e+00
3.000000000000000000e+00
1.000000000000000000e+01
2.000000000000000000e+00
5.000000000000000000e+00
