6.680000000000000000e+03
5.057000000000000000e+03
1.033800000000000000e+04
1.002000000000000000e+04
7.015000000000000000e+03
3.798000000000000000e+03
1.059500000000000000e+04
2.058000000000000000e+03
1.250000000000000000e+03
1.652000000000000000e+03
9.923000000000000000e+03
2.591000000000000000e+03
7.900000000000000000e+01
5.463000000000000000e+03
5.660000000000000000e+02
8.361000000000000000e+03
3.439000000000000000e+03
8.477000000000000000e+03
6.380000000000000000e+02
3.270000000000000000e+02
3.130000000000000000e+02
1.420000000000000000e+02
1.600000000000000000e+01
1.300000000000000000e+02
9.530000000000000000e+02
2.400000000000000000e+01
3.000000000000000000e+00
4.000000000000000000e+00
4.600000000000000000e+01
3.300000000000000000e+01
4.000000000000000000e+00
1.000000000000000000e+00
1.000000000000000000e+00
1.000000000000000000e+00
1.000000000000000000e+00
1.000000000000000000e+00
