8.323000000000000000e+03
7.187000000000000000e+03
2.499000000000000000e+03
3.868000000000000000e+03
7.530000000000000000e+03
5.685000000000000000e+03
1.013600000000000000e+04
4.902000000000000000e+03
1.340000000000000000e+03
1.016000000000000000e+03
3.060000000000000000e+02
1.620000000000000000e+02
1.100000000000000000e+01
6.280000000000000000e+02
4.145000000000000000e+03
6.631000000000000000e+03
9.852000000000000000e+03
3.268000000000000000e+03
5.864000000000000000e+03
2.658000000000000000e+03
8.337000000000000000e+03
2.102000000000000000e+03
1.747000000000000000e+03
8.650000000000000000e+02
4.300000000000000000e+02
2.410000000000000000e+02
1.050000000000000000e+02
3.500000000000000000e+01
7.100000000000000000e+01
1.800000000000000000e+01
3.300000000000000000e+01
3.000000000000000000e+00
2.000000000000000000e+00
