1.056600000000000000e+04
5.996000000000000000e+03
9.270000000000000000e+03
4.211000000000000000e+03
7.820000000000000000e+03
4.498000000000000000e+03
2.919000000000000000e+03
9.030000000000000000e+03
6.199000000000000000e+03
2.819000000000000000e+03
7.579000000000000000e+03
1.020500000000000000e+04
1.072200000000000000e+04
3.800000000000000000e+01
1.120000000000000000e+02
1.769000000000000000e+03
1.105000000000000000e+03
5.210000000000000000e+02
8.700000000000000000e+01
1.900000000000000000e+03
3.900000000000000000e+02
9.800000000000000000e+02
7.090000000000000000e+02
2.720000000000000000e+02
8.000000000000000000e+00
6.100000000000000000e+01
1.800000000000000000e+02
1.600000000000000000e+01
1.100000000000000000e+01
1.000000000000000000e+00
1.000000000000000000e+00
2.000000000000000000e+00
2.000000000000000000e+00
1.000000000000000000e+00
