2.100000000000000000e+02
2.600000000000000000e+01
2.011000000000000000e+03
5.757000000000000000e+03
1.280000000000000000e+02
1.297000000000000000e+03
8.041000000000000000e+03
1.025300000000000000e+04
8.568000000000000000e+03
7.165000000000000000e+03
1.025200000000000000e+04
2.914000000000000000e+03
6.351000000000000000e+03
9.318000000000000000e+03
4.736000000000000000e+03
9.561000000000000000e+03
3.243000000000000000e+03
4.247000000000000000e+03
3.100000000000000000e+02
2.140000000000000000e+03
1.233000000000000000e+03
6.810000000000000000e+02
7.670000000000000000e+02
5.700000000000000000e+01
1.450000000000000000e+02
6.900000000000000000e+01
4.630000000000000000e+02
1.600000000000000000e+01
1.000000000000000000e+00
1.000000000000000000e+00
2.000000000000000000e+01
4.000000000000000000e+00
1.000000000000000000e+00
3.000000000000000000e+00
8.000000000000000000e+00
1.000000000000000000e+00
1.000000000000000000e+00
1.000000000000000000e+00
