7.361000000000000000e+03
6.230000000000000000e+03
5.110000000000000000e+03
1.984000000000000000e+03
8.420000000000000000e+03
4.418000000000000000e+03
8.415000000000000000e+03
5.398000000000000000e+03
8.049000000000000000e+03
6.326000000000000000e+03
7.205000000000000000e+03
2.605000000000000000e+03
3.908000000000000000e+03
8.161000000000000000e+03
1.307000000000000000e+03
2.852000000000000000e+03
1.115000000000000000e+03
4.310000000000000000e+02
4.200000000000000000e+01
1.953000000000000000e+03
7.260000000000000000e+02
5.340000000000000000e+02
3.615000000000000000e+03
4.120000000000000000e+02
1.480000000000000000e+03
7.680000000000000000e+02
3.100000000000000000e+01
8.400000000000000000e+01
2.280000000000000000e+02
2.000000000000000000e+02
2.720000000000000000e+02
6.900000000000000000e+01
1.140000000000000000e+02
2.500000000000000000e+01
3.000000000000000000e+00
1.050000000000000000e+02
1.000000000000000000e+01
5.000000000000000000e+00
1.000000000000000000e+01
1.400000000000000000e+01
3.000000000000000000e+00
1.000000000000000000e+00
1.000000000000000000e+00
