4.169000000000000000e+03
8.053000000000000000e+03
9.600000000000000000e+03
1.063200000000000000e+04
6.360000000000000000e+02
2.749000000000000000e+03
1.009100000000000000e+04
8.805000000000000000e+03
1.963000000000000000e+03
1.058400000000000000e+04
6.507000000000000000e+03
7.340000000000000000e+03
3.066000000000000000e+03
5.491000000000000000e+03
1.072000000000000000e+03
4.651000000000000000e+03
1.764000000000000000e+03
1.073000000000000000e+03
5.850000000000000000e+02
2.570000000000000000e+02
1.700000000000000000e+01
9.900000000000000000e+01
1.610000000000000000e+02
1.800000000000000000e+01
1.370000000000000000e+02
5.200000000000000000e+01
3.700000000000000000e+02
7.000000000000000000e+00
3.000000000000000000e+00
1.000000000000000000e+00
3.400000000000000000e+01
8.000000000000000000e+00
2.000000000000000000e+00
1.000000000000000000e+00
2.000000000000000000e+00
