1.060000000000000000e+04
5.073000000000000000e+03
1.005900000000000000e+04
1.067800000000000000e+04
9.997000000000000000e+03
6.923000000000000000e+03
2.152000000000000000e+03
5.104000000000000000e+03
5.400000000000000000e+01
6.802000000000000000e+03
8.340000000000000000e+02
3.662000000000000000e+03
3.503000000000000000e+03
8.709000000000000000e+03
2.413000000000000000e+03
2.460000000000000000e+02
8.637000000000000000e+03
3.260000000000000000e+02
1.523000000000000000e+03
3.100000000000000000e+01
1.090000000000000000e+02
1.186000000000000000e+03
6.590000000000000000e+02
8.000000000000000000e+00
1.330000000000000000e+02
3.000000000000000000e+00
7.100000000000000000e+01
4.660000000000000000e+02
2.500000000000000000e+01
4.000000000000000000e+00
7.000000000000000000e+00
1.000000000000000000e+00
1.000000000000000000e+00
1.000000000000000000e+00
