5.640000000000000000e+03
9.029000000000000000e+03
1.078900000000000000e+04
1.038400000000000000e+04
8.109000000000000000e+03
9.330000000000000000e+03
2.214000000000000000e+03
4.714000000000000000e+03
8.190000000000000000e+02
6.275000000000000000e+03
1.006000000000000000e+04
7.515000000000000000e+03
3.860000000000000000e+03
3.360000000000000000e+03
2.541000000000000000e+03
8.550000000000000000e+02
4.390000000000000000e+02
1.377000000000000000e+03
1.485000000000000000e+03
4.180000000000000000e+02
2.620000000000000000e+02
1.210000000000000000e+02
1.860000000000000000e+02
4.000000000000000000e+01
1.100000000000000000e+01
8.600000000000000000e+01
3.300000000000000000e+01
2.800000000000000000e+01
1.200000000000000000e+01
4.000000000000000000e+00
1.000000000000000000e+00
3.000000000000000000e+00
