1.070800000000000000e+04
1.032000000000000000e+04
8.049000000000000000e+03
1.097900000000000000e+04
9.114000000000000000e+03
9.862000000000000000e+03
1.688000000000000000e+03
4.100000000000000000e+01
5.190000000000000000e+02
6.368000000000000000e+03
5.560000000000000000e+03
2.967000000000000000e+03
3.150000000000000000e+02
4.346000000000000000e+03
7.410000000000000000e+03
4.109000000000000000e+03
1.735000000000000000e+03
2.741000000000000000e+03
9.600000000000000000e+02
6.020000000000000000e+02
9.700000000000000000e+02
2.310000000000000000e+02
1.320000000000000000e+02
1.090000000000000000e+02
7.900000000000000000e+01
1.500000000000000000e+01
3.500000000000000000e+01
1.000000000000000000e+00
7.000000000000000000e+00
1.000000000000000000e+01
1.400000000000000000e+01
3.000000000000000000e+00
1.000000000000000000e+00
