3.255000000000000000e+03
3.994000000000000000e+03
1.040400000000000000e+04
4.984000000000000000e+03
8.257000000000000000e+03
1.190900000000000000e+04
5.577000000000000000e+03
6.142000000000000000e+03
7.687000000000000000e+03
6.626000000000000000e+03
1.093100000000000000e+04
6.640000000000000000e+03
3.125000000000000000e+03
2.598000000000000000e+03
1.998000000000000000e+03
1.559000000000000000e+03
8.700000000000000000e+02
1.220000000000000000e+02
4.560000000000000000e+02
1.226000000000000000e+03
6.640000000000000000e+02
1.980000000000000000e+02
3.160000000000000000e+02
8.700000000000000000e+01
2.710000000000000000e+02
1.400000000000000000e+01
2.800000000000000000e+01
3.900000000000000000e+01
5.000000000000000000e+00
1.100000000000000000e+01
2.000000000000000000e+00
1.000000000000000000e+00
4.000000000000000000e+00
