8.688000000000000000e+03
1.000800000000000000e+04
3.571000000000000000e+03
1.107900000000000000e+04
1.395000000000000000e+03
1.005500000000000000e+04
7.036000000000000000e+03
6.824000000000000000e+03
5.073000000000000000e+03
2.080000000000000000e+03
1.081100000000000000e+04
5.004000000000000000e+03
8.733000000000000000e+03
3.363000000000000000e+03
8.160000000000000000e+02
5.960000000000000000e+02
1.211000000000000000e+03
3.080000000000000000e+02
2.274000000000000000e+03
2.290000000000000000e+02
5.400000000000000000e+01
4.450000000000000000e+02
1.280000000000000000e+02
1.900000000000000000e+01
5.400000000000000000e+01
6.000000000000000000e+00
1.900000000000000000e+01
1.060000000000000000e+02
1.000000000000000000e+00
3.000000000000000000e+00
8.000000000000000000e+00
2.000000000000000000e+00
1.000000000000000000e+00
