3.885000000000000000e+03
1.024500000000000000e+04
1.083100000000000000e+04
2.652000000000000000e+03
8.320000000000000000e+03
4.477000000000000000e+03
1.867000000000000000e+03
9.700000000000000000e+03
7.271000000000000000e+03
6.376000000000000000e+03
5.000000000000000000e+02
1.112200000000000000e+04
9.650000000000000000e+02
9.125000000000000000e+03
5.559000000000000000e+03
1.044000000000000000e+03
3.010000000000000000e+03
1.573000000000000000e+03
2.800000000000000000e+02
5.070000000000000000e+02
2.690000000000000000e+02
6.300000000000000000e+01
2.000000000000000000e+01
1.220000000000000000e+02
3.900000000000000000e+01
3.800000000000000000e+01
1.030000000000000000e+02
2.000000000000000000e+00
5.000000000000000000e+00
4.000000000000000000e+00
6.000000000000000000e+00
1.800000000000000000e+01
1.000000000000000000e+00
1.000000000000000000e+00
