2.853000000000000000e+03
8.262000000000000000e+03
9.775000000000000000e+03
9.169000000000000000e+03
6.906000000000000000e+03
6.570000000000000000e+03
8.271000000000000000e+03
5.459000000000000000e+03
9.322000000000000000e+03
2.408000000000000000e+03
3.688000000000000000e+03
9.735000000000000000e+03
5.188000000000000000e+03
8.430000000000000000e+02
4.045000000000000000e+03
1.931000000000000000e+03
4.640000000000000000e+02
2.940000000000000000e+02
1.519000000000000000e+03
2.050000000000000000e+02
1.311000000000000000e+03
4.190000000000000000e+02
8.500000000000000000e+01
8.880000000000000000e+02
9.400000000000000000e+01
1.470000000000000000e+02
5.200000000000000000e+01
1.000000000000000000e+01
3.600000000000000000e+01
2.400000000000000000e+01
5.000000000000000000e+00
6.000000000000000000e+00
1.000000000000000000e+00
1.100000000000000000e+01
4.000000000000000000e+00
