1.104700000000000000e+04
9.650000000000000000e+02
3.994000000000000000e+03
7.422000000000000000e+03
5.593000000000000000e+03
1.084100000000000000e+04
9.773000000000000000e+03
8.993000000000000000e+03
1.042700000000000000e+04
6.353000000000000000e+03
4.374000000000000000e+03
2.970000000000000000e+03
2.727000000000000000e+03
8.098000000000000000e+03
1.755000000000000000e+03
4.720000000000000000e+02
5.350000000000000000e+02
1.653000000000000000e+03
3.080000000000000000e+02
1.008000000000000000e+03
2.350000000000000000e+02
3.000000000000000000e+00
1.450000000000000000e+02
1.400000000000000000e+01
7.200000000000000000e+01
1.050000000000000000e+02
5.300000000000000000e+01
2.900000000000000000e+01
1.400000000000000000e+01
9.000000000000000000e+00
1.000000000000000000e+00
2.000000000000000000e+00
8.000000000000000000e+00
2.000000000000000000e+00
