5.271000000000000000e+03
7.162000000000000000e+03
1.107400000000000000e+04
8.404000000000000000e+03
8.858000000000000000e+03
3.788000000000000000e+03
1.031500000000000000e+04
9.950000000000000000e+03
1.066300000000000000e+04
3.159000000000000000e+03
1.898000000000000000e+03
4.800000000000000000e+02
2.544000000000000000e+03
9.470000000000000000e+02
1.045000000000000000e+03
4.814000000000000000e+03
1.520000000000000000e+03
6.582000000000000000e+03
5.780000000000000000e+02
1.320000000000000000e+02
2.450000000000000000e+02
2.490000000000000000e+02
1.430000000000000000e+02
2.300000000000000000e+01
4.700000000000000000e+01
5.000000000000000000e+01
2.900000000000000000e+01
7.000000000000000000e+00
1.000000000000000000e+00
6.000000000000000000e+00
1.200000000000000000e+01
1.000000000000000000e+00
1.000000000000000000e+00
1.000000000000000000e+00
1.000000000000000000e+00
