8.631000000000000000e+03
9.160000000000000000e+02
6.630000000000000000e+02
5.789000000000000000e+03
6.016000000000000000e+03
8.446000000000000000e+03
8.809000000000000000e+03
6.973000000000000000e+03
8.148000000000000000e+03
7.329000000000000000e+03
2.773000000000000000e+03
3.722000000000000000e+03
4.685000000000000000e+03
2.499000000000000000e+03
3.627000000000000000e+03
7.946000000000000000e+03
9.550000000000000000e+02
1.459000000000000000e+03
4.613000000000000000e+03
1.561000000000000000e+03
2.028000000000000000e+03
2.930000000000000000e+02
5.690000000000000000e+02
6.400000000000000000e+01
6.000000000000000000e+00
3.250000000000000000e+02
1.440000000000000000e+02
1.590000000000000000e+02
4.630000000000000000e+02
7.700000000000000000e+01
1.380000000000000000e+02
3.100000000000000000e+01
1.300000000000000000e+01
5.000000000000000000e+01
7.000000000000000000e+00
1.500000000000000000e+01
2.400000000000000000e+01
1.900000000000000000e+01
1.000000000000000000e+00
4.000000000000000000e+00
2.000000000000000000e+00
3.000000000000000000e+00
1.000000000000000000e+00
1.000000000000000000e+00
1.000000000000000000e+00
1.000000000000000000e+00
1.000000000000000000e+00
