8.818000000000000000e+03
1.099800000000000000e+04
1.011700000000000000e+04
5.710000000000000000e+02
5.453000000000000000e+03
4.539000000000000000e+03
3.932000000000000000e+03
9.698000000000000000e+03
8.155000000000000000e+03
6.410000000000000000e+03
1.077900000000000000e+04
7.491000000000000000e+03
1.616000000000000000e+03
3.089000000000000000e+03
1.049000000000000000e+03
2.637000000000000000e+03
1.057000000000000000e+03
8.100000000000000000e+01
1.928000000000000000e+03
2.770000000000000000e+02
5.700000000000000000e+02
1.800000000000000000e+01
1.700000000000000000e+02
3.100000000000000000e+02
2.200000000000000000e+01
1.180000000000000000e+02
5.100000000000000000e+01
3.000000000000000000e+01
4.000000000000000000e+00
4.000000000000000000e+00
1.000000000000000000e+00
1.000000000000000000e+00
5.000000000000000000e+00
1.000000000000000000e+00
