1.106800000000000000e+04
4.103000000000000000e+03
1.071300000000000000e+04
8.610000000000000000e+02
9.275000000000000000e+03
2.934000000000000000e+03
9.533000000000000000e+03
1.056200000000000000e+04
7.930000000000000000e+03
5.858000000000000000e+03
1.510000000000000000e+03
4.250000000000000000e+02
2.535000000000000000e+03
7.786000000000000000e+03
6.084000000000000000e+03
4.353000000000000000e+03
1.817000000000000000e+03
1.990000000000000000e+02
1.093000000000000000e+03
1.650000000000000000e+02
6.280000000000000000e+02
1.300000000000000000e+01
3.220000000000000000e+02
6.700000000000000000e+01
3.700000000000000000e+01
7.000000000000000000e+01
3.100000000000000000e+01
1.000000000000000000e+00
1.100000000000000000e+01
5.000000000000000000e+00
9.000000000000000000e+00
2.000000000000000000e+00
