5.981000000000000000e+03
1.091800000000000000e+04
1.065600000000000000e+04
1.080600000000000000e+04
5.962000000000000000e+03
7.767000000000000000e+03
4.249000000000000000e+03
1.576000000000000000e+03
9.599000000000000000e+03
7.953000000000000000e+03
2.849000000000000000e+03
7.400000000000000000e+01
1.770000000000000000e+03
9.442000000000000000e+03
4.066000000000000000e+03
2.645000000000000000e+03
5.530000000000000000e+02
1.470000000000000000e+02
2.860000000000000000e+02
1.930000000000000000e+02
8.580000000000000000e+02
4.320000000000000000e+02
1.026000000000000000e+03
8.600000000000000000e+01
3.800000000000000000e+01
5.000000000000000000e+00
4.000000000000000000e+00
3.800000000000000000e+01
5.000000000000000000e+00
1.200000000000000000e+01
1.000000000000000000e+00
1.000000000000000000e+00
1.000000000000000000e+00
1.000000000000000000e+00
