1.046300000000000000e+04
9.366000000000000000e+03
1.039200000000000000e+04
4.300000000000000000e+02
1.086400000000000000e+04
7.827000000000000000e+03
9.253000000000000000e+03
4.086000000000000000e+03
1.132000000000000000e+03
6.126000000000000000e+03
3.184000000000000000e+03
5.868000000000000000e+03
2.633000000000000000e+03
8.780000000000000000e+02
4.583000000000000000e+03
7.542000000000000000e+03
1.973000000000000000e+03
1.603000000000000000e+03
7.160000000000000000e+02
8.300000000000000000e+01
3.620000000000000000e+02
1.980000000000000000e+02
4.500000000000000000e+01
9.000000000000000000e+00
9.200000000000000000e+01
2.000000000000000000e+02
2.900000000000000000e+01
4.300000000000000000e+01
4.000000000000000000e+00
4.000000000000000000e+00
1.000000000000000000e+00
1.000000000000000000e+00
8.000000000000000000e+00
2.000000000000000000e+00
