8.872000000000000000e+03
1.060400000000000000e+04
1.038300000000000000e+04
5.700000000000000000e+03
7.682000000000000000e+03
4.286000000000000000e+03
9.368000000000000000e+03
7.985000000000000000e+03
4.243000000000000000e+03
6.193000000000000000e+03
1.014900000000000000e+04
2.875000000000000000e+03
1.815000000000000000e+03
3.033000000000000000e+03
1.969000000000000000e+03
7.230000000000000000e+02
1.168000000000000000e+03
9.980000000000000000e+02
4.160000000000000000e+02
6.120000000000000000e+02
1.130000000000000000e+02
2.240000000000000000e+02
1.000000000000000000e+01
2.740000000000000000e+02
5.600000000000000000e+01
4.900000000000000000e+01
1.240000000000000000e+02
7.000000000000000000e+00
3.100000000000000000e+01
1.600000000000000000e+01
3.000000000000000000e+00
1.400000000000000000e+01
3.000000000000000000e+00
1.000000000000000000e+00
1.000000000000000000e+00
