3.154000000000000000e+03
8.079000000000000000e+03
9.597000000000000000e+03
2.073000000000000000e+03
7.420000000000000000e+03
1.112700000000000000e+04
1.060300000000000000e+04
6.247000000000000000e+03
1.032600000000000000e+04
1.246000000000000000e+03
7.810000000000000000e+02
4.741000000000000000e+03
2.472000000000000000e+03
8.040000000000000000e+02
9.007000000000000000e+03
3.837000000000000000e+03
3.900000000000000000e+02
7.500000000000000000e+01
1.422000000000000000e+03
5.613000000000000000e+03
1.930000000000000000e+02
4.000000000000000000e+02
4.500000000000000000e+01
1.500000000000000000e+01
9.000000000000000000e+00
2.500000000000000000e+01
1.860000000000000000e+02
9.100000000000000000e+01
2.000000000000000000e+00
1.200000000000000000e+01
5.000000000000000000e+00
1.000000000000000000e+00
1.000000000000000000e+00
1.000000000000000000e+00
