3.020000000000000000e+02
7.032000000000000000e+03
1.061200000000000000e+04
9.984000000000000000e+03
1.091600000000000000e+04
5.040000000000000000e+03
2.241000000000000000e+03
8.353000000000000000e+03
6.639000000000000000e+03
5.234000000000000000e+03
8.370000000000000000e+02
1.016000000000000000e+04
3.363000000000000000e+03
1.287000000000000000e+03
1.416000000000000000e+03
8.965000000000000000e+03
3.581000000000000000e+03
4.330000000000000000e+02
2.207000000000000000e+03
1.500000000000000000e+02
6.950000000000000000e+02
1.020000000000000000e+02
2.300000000000000000e+01
6.000000000000000000e+00
2.530000000000000000e+02
8.900000000000000000e+01
4.200000000000000000e+01
6.000000000000000000e+00
2.200000000000000000e+01
1.000000000000000000e+00
2.000000000000000000e+00
6.000000000000000000e+00
1.000000000000000000e+00
