9.888000000000000000e+03
8.380000000000000000e+03
1.076500000000000000e+04
5.003000000000000000e+03
1.380000000000000000e+03
8.891000000000000000e+03
3.546000000000000000e+03
1.019400000000000000e+04
2.245000000000000000e+03
1.221000000000000000e+03
5.119000000000000000e+03
6.898000000000000000e+03
2.239000000000000000e+03
6.988000000000000000e+03
1.085600000000000000e+04
3.428000000000000000e+03
8.000000000000000000e+02
4.800000000000000000e+01
2.480000000000000000e+02
3.390000000000000000e+02
6.610000000000000000e+02
1.350000000000000000e+02
5.800000000000000000e+01
4.740000000000000000e+02
1.110000000000000000e+02
2.800000000000000000e+01
1.900000000000000000e+01
1.300000000000000000e+01
1.300000000000000000e+01
4.000000000000000000e+00
1.000000000000000000e+00
1.000000000000000000e+00
4.000000000000000000e+00
1.000000000000000000e+00
1.000000000000000000e+00
