7.721000000000000000e+03
1.696000000000000000e+03
4.282000000000000000e+03
3.650000000000000000e+02
8.395000000000000000e+03
8.788000000000000000e+03
5.434000000000000000e+03
2.857000000000000000e+03
8.752000000000000000e+03
7.688000000000000000e+03
3.957000000000000000e+03
8.489000000000000000e+03
6.616000000000000000e+03
6.509000000000000000e+03
5.207000000000000000e+03
1.610000000000000000e+02
7.970000000000000000e+02
5.650000000000000000e+02
2.438000000000000000e+03
3.219000000000000000e+03
6.480000000000000000e+02
1.927000000000000000e+03
3.750000000000000000e+02
2.220000000000000000e+02
1.179000000000000000e+03
1.192000000000000000e+03
4.400000000000000000e+01
8.300000000000000000e+01
1.490000000000000000e+02
7.900000000000000000e+01
9.000000000000000000e+00
6.300000000000000000e+01
1.600000000000000000e+01
7.000000000000000000e+00
1.200000000000000000e+01
3.200000000000000000e+01
7.000000000000000000e+00
1.000000000000000000e+00
1.000000000000000000e+00
3.000000000000000000e+00
4.000000000000000000e+00
7.000000000000000000e+00
2.000000000000000000e+00
1.000000000000000000e+00
1.000000000000000000e+00
