9.923000000000000000e+03
1.018000000000000000e+03
1.039700000000000000e+04
9.465000000000000000e+03
8.557000000000000000e+03
8.176000000000000000e+03
5.059000000000000000e+03
6.628000000000000000e+03
5.312000000000000000e+03
7.143000000000000000e+03
3.637000000000000000e+03
1.024600000000000000e+04
3.780000000000000000e+03
1.557000000000000000e+03
8.050000000000000000e+02
1.449000000000000000e+03
5.500000000000000000e+02
2.421000000000000000e+03
3.010000000000000000e+02
7.300000000000000000e+01
1.000000000000000000e+00
4.520000000000000000e+02
2.506000000000000000e+03
4.400000000000000000e+01
1.490000000000000000e+02
2.010000000000000000e+02
7.400000000000000000e+01
3.100000000000000000e+01
5.000000000000000000e+00
2.300000000000000000e+01
4.000000000000000000e+00
5.000000000000000000e+00
4.000000000000000000e+00
3.000000000000000000e+00
1.000000000000000000e+00
