4.367000000000000000e+03
6.227000000000000000e+03
7.678000000000000000e+03
1.604000000000000000e+03
2.448000000000000000e+03
3.348000000000000000e+03
6.615000000000000000e+03
4.233000000000000000e+03
2.150000000000000000e+02
5.029000000000000000e+03
7.423000000000000000e+03
7.023000000000000000e+03
5.277000000000000000e+03
5.766000000000000000e+03
3.405000000000000000e+03
2.705000000000000000e+03
7.465000000000000000e+03
7.199000000000000000e+03
6.410000000000000000e+02
2.710000000000000000e+02
8.760000000000000000e+02
1.416000000000000000e+03
5.210000000000000000e+02
1.809000000000000000e+03
6.270000000000000000e+02
1.220000000000000000e+02
2.123000000000000000e+03
1.104000000000000000e+03
9.000000000000000000e+01
1.062000000000000000e+03
1.120000000000000000e+02
3.810000000000000000e+02
6.900000000000000000e+01
1.810000000000000000e+02
4.030000000000000000e+02
4.000000000000000000e+00
4.400000000000000000e+01
4.000000000000000000e+01
1.700000000000000000e+01
8.000000000000000000e+00
5.000000000000000000e+00
2.000000000000000000e+01
1.800000000000000000e+01
4.000000000000000000e+00
4.000000000000000000e+00
1.000000000000000000e+00
