8.237000000000000000e+03
8.253000000000000000e+03
1.827000000000000000e+03
7.281000000000000000e+03
5.627000000000000000e+03
6.685000000000000000e+03
8.634000000000000000e+03
3.541000000000000000e+03
4.461000000000000000e+03
7.499000000000000000e+03
4.550000000000000000e+02
2.003000000000000000e+03
1.007000000000000000e+03
6.261000000000000000e+03
4.876000000000000000e+03
3.590000000000000000e+02
3.703000000000000000e+03
2.743000000000000000e+03
2.680000000000000000e+03
8.753000000000000000e+03
6.440000000000000000e+02
3.310000000000000000e+02
1.910000000000000000e+02
6.840000000000000000e+02
1.171000000000000000e+03
1.363000000000000000e+03
2.280000000000000000e+02
9.000000000000000000e+01
4.300000000000000000e+01
2.900000000000000000e+01
1.090000000000000000e+02
1.200000000000000000e+01
8.000000000000000000e+00
4.000000000000000000e+00
7.100000000000000000e+01
1.800000000000000000e+01
8.100000000000000000e+01
1.400000000000000000e+01
8.000000000000000000e+00
5.000000000000000000e+00
2.000000000000000000e+00
3.000000000000000000e+00
2.000000000000000000e+00
1.000000000000000000e+00
2.000000000000000000e+00
1.000000000000000000e+00
