8.417000000000000000e+03
5.238000000000000000e+03
8.603000000000000000e+03
4.978000000000000000e+03
1.020600000000000000e+04
6.704000000000000000e+03
2.340000000000000000e+02
9.678000000000000000e+03
1.062400000000000000e+04
3.550000000000000000e+03
1.060800000000000000e+04
7.300000000000000000e+01
2.407000000000000000e+03
1.436000000000000000e+03
6.946000000000000000e+03
3.661000000000000000e+03
2.400000000000000000e+03
7.310000000000000000e+02
1.339000000000000000e+03
4.600000000000000000e+02
8.970000000000000000e+02
3.400000000000000000e+02
1.850000000000000000e+02
3.200000000000000000e+01
6.900000000000000000e+01
1.210000000000000000e+02
4.000000000000000000e+00
1.400000000000000000e+01
1.300000000000000000e+01
2.200000000000000000e+01
5.000000000000000000e+00
5.000000000000000000e+00
