4.624000000000000000e+03
3.126000000000000000e+03
4.934000000000000000e+03
4.739000000000000000e+03
2.026000000000000000e+03
2.480000000000000000e+02
3.872000000000000000e+03
4.978000000000000000e+03
2.862000000000000000e+03
6.920000000000000000e+02
4.436000000000000000e+03
2.021000000000000000e+03
4.999000000000000000e+03
4.968000000000000000e+03
3.492000000000000000e+03
4.462000000000000000e+03
5.242000000000000000e+03
3.992000000000000000e+03
2.560000000000000000e+03
3.135000000000000000e+03
3.723000000000000000e+03
5.111000000000000000e+03
9.670000000000000000e+02
5.187000000000000000e+03
5.094000000000000000e+03
7.900000000000000000e+02
1.553000000000000000e+03
1.177000000000000000e+03
3.420000000000000000e+02
2.054000000000000000e+03
6.350000000000000000e+02
1.323000000000000000e+03
1.920000000000000000e+02
9.700000000000000000e+01
4.000000000000000000e+01
7.300000000000000000e+01
2.130000000000000000e+02
1.500000000000000000e+01
1.000000000000000000e+00
3.000000000000000000e+00
2.000000000000000000e+00
