6.034000000000000000e+03
1.069300000000000000e+04
1.031700000000000000e+04
2.872000000000000000e+03
2.560000000000000000e+02
7.574000000000000000e+03
9.239000000000000000e+03
1.046000000000000000e+03
1.065500000000000000e+04
4.287000000000000000e+03
1.762000000000000000e+03
7.885000000000000000e+03
5.954000000000000000e+03
2.899000000000000000e+03
9.475000000000000000e+03
1.901000000000000000e+03
9.400000000000000000e+01
4.232000000000000000e+03
6.520000000000000000e+02
3.330000000000000000e+02
9.430000000000000000e+02
9.000000000000000000e+01
1.490000000000000000e+02
5.180000000000000000e+02
6.000000000000000000e+00
4.000000000000000000e+01
1.100000000000000000e+01
1.800000000000000000e+01
4.700000000000000000e+01
4.000000000000000000e+00
6.000000000000000000e+00
4.000000000000000000e+00
2.000000000000000000e+00
1.000000000000000000e+00
1.000000000000000000e+00
