5.461000000000000000e+03
7.511000000000000000e+03
1.554000000000000000e+03
4.541000000000000000e+03
7.281000000000000000e+03
3.955000000000000000e+03
7.777000000000000000e+03
6.427000000000000000e+03
1.075000000000000000e+03
8.149000000000000000e+03
6.660000000000000000e+03
2.539000000000000000e+03
4.942000000000000000e+03
5.915000000000000000e+03
7.927000000000000000e+03
6.020000000000000000e+02
2.021000000000000000e+03
3.610000000000000000e+02
3.314000000000000000e+03
1.570000000000000000e+03
3.294000000000000000e+03
2.554000000000000000e+03
1.146000000000000000e+03
7.910000000000000000e+02
8.100000000000000000e+01
1.750000000000000000e+02
1.530000000000000000e+02
6.300000000000000000e+02
4.800000000000000000e+01
3.390000000000000000e+02
1.600000000000000000e+01
4.970000000000000000e+02
2.600000000000000000e+02
4.400000000000000000e+01
1.890000000000000000e+02
8.500000000000000000e+01
5.300000000000000000e+01
2.100000000000000000e+01
6.000000000000000000e+00
1.900000000000000000e+01
6.000000000000000000e+00
5.000000000000000000e+00
1.000000000000000000e+00
4.000000000000000000e+00
1.000000000000000000e+00
