8.410000000000000000e+03
1.071800000000000000e+04
1.003400000000000000e+04
6.575000000000000000e+03
3.147000000000000000e+03
8.872000000000000000e+03
5.351000000000000000e+03
2.456000000000000000e+03
3.834000000000000000e+03
1.109400000000000000e+04
7.113000000000000000e+03
4.825000000000000000e+03
4.940000000000000000e+02
1.026400000000000000e+04
1.887000000000000000e+03
5.470000000000000000e+02
1.529000000000000000e+03
8.490000000000000000e+02
1.115000000000000000e+03
6.000000000000000000e+01
2.590000000000000000e+02
1.080000000000000000e+02
2.310000000000000000e+02
1.200000000000000000e+02
2.100000000000000000e+01
1.500000000000000000e+01
4.700000000000000000e+01
1.000000000000000000e+01
5.000000000000000000e+00
1.000000000000000000e+00
3.000000000000000000e+00
4.000000000000000000e+00
1.000000000000000000e+00
1.000000000000000000e+00
