9.225000000000000000e+03
5.377000000000000000e+03
1.679000000000000000e+03
3.781000000000000000e+03
9.498000000000000000e+03
4.041000000000000000e+03
9.071000000000000000e+03
5.367000000000000000e+03
7.967000000000000000e+03
6.692000000000000000e+03
2.537000000000000000e+03
1.250000000000000000e+02
6.506000000000000000e+03
9.690000000000000000e+03
7.000000000000000000e+01
9.240000000000000000e+02
2.020000000000000000e+03
8.376000000000000000e+03
5.570000000000000000e+02
2.903000000000000000e+03
4.980000000000000000e+02
8.930000000000000000e+02
1.274000000000000000e+03
2.320000000000000000e+02
8.200000000000000000e+01
1.800000000000000000e+01
1.660000000000000000e+02
3.100000000000000000e+02
4.900000000000000000e+01
1.000000000000000000e+00
1.000000000000000000e+00
4.000000000000000000e+00
5.000000000000000000e+00
1.000000000000000000e+01
3.500000000000000000e+01
3.000000000000000000e+00
3.000000000000000000e+00
2.000000000000000000e+00
8.000000000000000000e+00
