2.527000000000000000e+03
9.667000000000000000e+03
1.027000000000000000e+03
3.642000000000000000e+03
7.213000000000000000e+03
7.690000000000000000e+03
1.689000000000000000e+03
4.839000000000000000e+03
9.976000000000000000e+03
6.309000000000000000e+03
8.664000000000000000e+03
1.788000000000000000e+03
9.753000000000000000e+03
2.710000000000000000e+02
3.760000000000000000e+02
5.556000000000000000e+03
9.058000000000000000e+03
4.173000000000000000e+03
6.520000000000000000e+02
1.102000000000000000e+03
2.766000000000000000e+03
2.180000000000000000e+02
5.690000000000000000e+02
1.250000000000000000e+02
1.160000000000000000e+02
6.000000000000000000e+01
3.700000000000000000e+01
1.500000000000000000e+01
7.600000000000000000e+01
2.100000000000000000e+01
1.200000000000000000e+01
1.000000000000000000e+00
2.000000000000000000e+00
4.000000000000000000e+00
1.000000000000000000e+00
4.000000000000000000e+00
1.000000000000000000e+00
