1.049200000000000000e+04
9.341000000000000000e+03
1.068600000000000000e+04
1.112000000000000000e+03
5.949000000000000000e+03
2.645000000000000000e+03
9.201000000000000000e+03
7.861000000000000000e+03
1.881000000000000000e+03
7.737000000000000000e+03
1.097300000000000000e+04
6.181000000000000000e+03
3.005000000000000000e+03
4.173000000000000000e+03
4.375000000000000000e+03
1.568000000000000000e+03
5.570000000000000000e+02
9.000000000000000000e+00
8.570000000000000000e+02
4.210000000000000000e+02
1.970000000000000000e+02
3.000000000000000000e+00
9.100000000000000000e+01
1.640000000000000000e+02
8.800000000000000000e+01
3.240000000000000000e+02
1.000000000000000000e+01
3.600000000000000000e+01
4.500000000000000000e+01
1.000000000000000000e+01
6.000000000000000000e+00
1.000000000000000000e+00
1.000000000000000000e+00
