9.851000000000000000e+03
8.289000000000000000e+03
8.877000000000000000e+03
2.278000000000000000e+03
1.031700000000000000e+04
6.585000000000000000e+03
2.176000000000000000e+03
1.072700000000000000e+04
3.332000000000000000e+03
3.611000000000000000e+03
5.260000000000000000e+03
1.068700000000000000e+04
7.201000000000000000e+03
7.680000000000000000e+02
5.009000000000000000e+03
1.338000000000000000e+03
1.400000000000000000e+02
7.690000000000000000e+02
1.060000000000000000e+02
1.369000000000000000e+03
2.540000000000000000e+02
3.600000000000000000e+02
4.670000000000000000e+02
2.100000000000000000e+01
7.400000000000000000e+01
3.100000000000000000e+01
7.600000000000000000e+01
3.000000000000000000e+00
1.000000000000000000e+01
4.000000000000000000e+00
7.000000000000000000e+00
1.000000000000000000e+00
1.000000000000000000e+00
1.000000000000000000e+00
