6.060000000000000000e+03
4.357000000000000000e+03
7.330000000000000000e+02
2.926000000000000000e+03
1.544000000000000000e+03
3.314000000000000000e+03
1.861000000000000000e+03
1.265000000000000000e+03
5.311000000000000000e+03
5.783000000000000000e+03
4.080000000000000000e+03
6.332000000000000000e+03
6.462000000000000000e+03
4.972000000000000000e+03
5.526000000000000000e+03
3.865000000000000000e+03
1.830000000000000000e+02
6.160000000000000000e+02
6.546000000000000000e+03
3.680000000000000000e+02
4.811000000000000000e+03
5.983000000000000000e+03
1.771000000000000000e+03
3.266000000000000000e+03
1.235000000000000000e+03
7.810000000000000000e+02
4.880000000000000000e+02
2.593000000000000000e+03
2.251000000000000000e+03
2.690000000000000000e+02
1.310000000000000000e+02
9.780000000000000000e+02
3.380000000000000000e+02
6.200000000000000000e+01
2.580000000000000000e+03
1.460000000000000000e+02
2.900000000000000000e+01
3.200000000000000000e+01
9.500000000000000000e+01
3.200000000000000000e+01
1.000000000000000000e+01
2.000000000000000000e+00
1.200000000000000000e+01
1.000000000000000000e+00
