1.038800000000000000e+04
7.160000000000000000e+03
6.696000000000000000e+03
8.093000000000000000e+03
3.870000000000000000e+02
5.303000000000000000e+03
9.729000000000000000e+03
1.015600000000000000e+04
1.049400000000000000e+04
8.974000000000000000e+03
4.949000000000000000e+03
1.483000000000000000e+03
3.348000000000000000e+03
2.308000000000000000e+03
1.378000000000000000e+03
3.728000000000000000e+03
2.402000000000000000e+03
2.180000000000000000e+02
8.930000000000000000e+02
1.460000000000000000e+02
2.400000000000000000e+01
4.850000000000000000e+02
7.240000000000000000e+02
3.900000000000000000e+01
7.800000000000000000e+01
2.710000000000000000e+02
3.700000000000000000e+01
7.600000000000000000e+01
5.000000000000000000e+00
1.400000000000000000e+01
1.000000000000000000e+00
6.000000000000000000e+00
5.000000000000000000e+00
1.000000000000000000e+00
1.000000000000000000e+00
