9.113000000000000000e+03
9.905000000000000000e+03
7.502000000000000000e+03
1.043400000000000000e+04
4.237000000000000000e+03
4.497000000000000000e+03
9.065000000000000000e+03
1.827000000000000000e+03
3.341000000000000000e+03
1.290000000000000000e+02
1.000100000000000000e+04
7.803000000000000000e+03
2.799000000000000000e+03
5.817000000000000000e+03
6.063000000000000000e+03
8.870000000000000000e+02
1.379000000000000000e+03
2.273000000000000000e+03
5.190000000000000000e+02
9.740000000000000000e+02
5.310000000000000000e+02
2.840000000000000000e+02
1.570000000000000000e+02
4.800000000000000000e+01
2.460000000000000000e+02
7.500000000000000000e+01
1.800000000000000000e+01
1.400000000000000000e+01
1.000000000000000000e+00
4.100000000000000000e+01
8.000000000000000000e+00
2.000000000000000000e+00
5.000000000000000000e+00
1.000000000000000000e+00
2.000000000000000000e+00
1.000000000000000000e+00
1.000000000000000000e+00
