7.908000000000000000e+03
9.599000000000000000e+03
1.792000000000000000e+03
7.474000000000000000e+03
4.475000000000000000e+03
1.077700000000000000e+04
1.015200000000000000e+04
1.065200000000000000e+04
4.830000000000000000e+02
5.889000000000000000e+03
2.796000000000000000e+03
2.840000000000000000e+03
9.780000000000000000e+02
6.162000000000000000e+03
9.179000000000000000e+03
4.229000000000000000e+03
1.734000000000000000e+03
1.730000000000000000e+02
2.700000000000000000e+02
3.570000000000000000e+02
6.510000000000000000e+02
1.093000000000000000e+03
4.500000000000000000e+01
1.500000000000000000e+01
4.400000000000000000e+01
9.900000000000000000e+01
9.800000000000000000e+01
1.500000000000000000e+01
7.000000000000000000e+00
1.000000000000000000e+00
2.000000000000000000e+00
5.000000000000000000e+00
5.000000000000000000e+00
1.000000000000000000e+00
