1.082800000000000000e+04
9.667000000000000000e+03
2.958000000000000000e+03
8.133000000000000000e+03
8.897000000000000000e+03
1.059400000000000000e+04
4.112000000000000000e+03
7.458000000000000000e+03
5.628000000000000000e+03
4.481000000000000000e+03
1.046200000000000000e+04
2.698000000000000000e+03
1.011000000000000000e+03
6.261000000000000000e+03
1.874000000000000000e+03
1.713000000000000000e+03
5.270000000000000000e+02
2.530000000000000000e+02
1.038000000000000000e+03
6.140000000000000000e+02
7.900000000000000000e+01
3.170000000000000000e+02
4.200000000000000000e+01
1.120000000000000000e+02
1.640000000000000000e+02
2.400000000000000000e+01
2.000000000000000000e+00
2.800000000000000000e+01
1.000000000000000000e+00
1.200000000000000000e+01
6.000000000000000000e+00
2.000000000000000000e+00
3.000000000000000000e+00
1.000000000000000000e+00
