1.351600000000000000e+04
7.622000000000000000e+03
2.005100000000000000e+04
4.867000000000000000e+03
6.073000000000000000e+03
1.628300000000000000e+04
4.200000000000000000e+03
1.051200000000000000e+04
6.522000000000000000e+03
1.571000000000000000e+03
3.282000000000000000e+03
2.257000000000000000e+03
1.087000000000000000e+03
7.270000000000000000e+02
3.180000000000000000e+02
5.220000000000000000e+02
2.060000000000000000e+02
5.800000000000000000e+01
1.080000000000000000e+02
2.000000000000000000e+01
1.410000000000000000e+02
1.100000000000000000e+01
3.600000000000000000e+01
4.000000000000000000e+00
2.000000000000000000e+00
3.000000000000000000e+00
1.000000000000000000e+00
