6.537000000000000000e+03
1.075500000000000000e+04
8.143000000000000000e+03
8.530000000000000000e+03
1.050000000000000000e+04
3.224000000000000000e+03
3.966000000000000000e+03
5.910000000000000000e+02
5.474000000000000000e+03
9.947000000000000000e+03
2.664000000000000000e+03
4.906000000000000000e+03
9.866000000000000000e+03
6.979000000000000000e+03
2.068000000000000000e+03
1.056000000000000000e+03
1.787000000000000000e+03
3.100000000000000000e+02
3.700000000000000000e+01
6.270000000000000000e+02
1.205000000000000000e+03
3.390000000000000000e+02
1.580000000000000000e+02
4.000000000000000000e+01
1.200000000000000000e+01
1.480000000000000000e+02
8.700000000000000000e+01
6.000000000000000000e+00
1.100000000000000000e+01
1.400000000000000000e+01
2.000000000000000000e+00
9.000000000000000000e+00
1.000000000000000000e+00
1.000000000000000000e+00
