6.135000000000000000e+03
1.031600000000000000e+04
9.417000000000000000e+03
1.054000000000000000e+04
7.937000000000000000e+03
4.167000000000000000e+03
9.485000000000000000e+03
5.891000000000000000e+03
1.080500000000000000e+04
1.781000000000000000e+03
1.685000000000000000e+03
7.566000000000000000e+03
2.912000000000000000e+03
4.404000000000000000e+03
9.700000000000000000e+02
1.049000000000000000e+03
3.800000000000000000e+01
1.910000000000000000e+02
2.815000000000000000e+03
2.270000000000000000e+02
1.060000000000000000e+02
6.380000000000000000e+02
3.010000000000000000e+02
4.920000000000000000e+02
1.300000000000000000e+01
2.300000000000000000e+01
5.600000000000000000e+01
2.000000000000000000e+00
8.000000000000000000e+00
1.600000000000000000e+01
2.000000000000000000e+00
8.000000000000000000e+00
1.000000000000000000e+00
2.000000000000000000e+00
1.000000000000000000e+00
