1.045000000000000000e+04
1.018900000000000000e+04
9.467000000000000000e+03
5.939000000000000000e+03
1.099800000000000000e+04
2.843000000000000000e+03
7.643000000000000000e+03
7.654000000000000000e+03
9.510000000000000000e+02
4.317000000000000000e+03
9.311000000000000000e+03
4.670000000000000000e+02
5.976000000000000000e+03
4.330000000000000000e+03
1.916000000000000000e+03
1.634000000000000000e+03
2.992000000000000000e+03
1.860000000000000000e+02
1.167000000000000000e+03
6.720000000000000000e+02
2.230000000000000000e+02
3.580000000000000000e+02
9.200000000000000000e+01
4.900000000000000000e+01
2.900000000000000000e+01
8.800000000000000000e+01
2.200000000000000000e+01
2.600000000000000000e+01
2.000000000000000000e+00
7.000000000000000000e+00
2.000000000000000000e+00
