6.651000000000000000e+03
1.006100000000000000e+04
8.070000000000000000e+03
9.942000000000000000e+03
3.565000000000000000e+03
9.503000000000000000e+03
9.463000000000000000e+03
5.028000000000000000e+03
5.350000000000000000e+03
4.080000000000000000e+03
8.409000000000000000e+03
6.947000000000000000e+03
2.276000000000000000e+03
1.888000000000000000e+03
2.890000000000000000e+03
2.340000000000000000e+02
1.470000000000000000e+02
1.229000000000000000e+03
1.394000000000000000e+03
7.930000000000000000e+02
4.010000000000000000e+02
8.050000000000000000e+02
6.900000000000000000e+01
1.900000000000000000e+02
4.120000000000000000e+02
7.000000000000000000e+01
5.200000000000000000e+01
1.000000000000000000e+00
2.400000000000000000e+01
1.400000000000000000e+01
1.000000000000000000e+00
1.300000000000000000e+01
1.600000000000000000e+01
6.000000000000000000e+00
5.000000000000000000e+00
1.000000000000000000e+00
