4.943000000000000000e+03
9.741000000000000000e+03
1.012300000000000000e+04
9.343000000000000000e+03
1.053200000000000000e+04
1.543000000000000000e+03
3.980000000000000000e+03
7.894000000000000000e+03
3.597000000000000000e+03
1.700000000000000000e+02
7.202000000000000000e+03
2.516000000000000000e+03
6.594000000000000000e+03
5.404000000000000000e+03
8.530000000000000000e+03
1.586000000000000000e+03
1.058000000000000000e+03
8.520000000000000000e+02
2.553000000000000000e+03
4.550000000000000000e+02
3.390000000000000000e+02
1.000000000000000000e+01
5.350000000000000000e+02
9.200000000000000000e+01
1.960000000000000000e+02
9.200000000000000000e+01
2.100000000000000000e+01
3.500000000000000000e+01
4.000000000000000000e+01
9.000000000000000000e+00
3.000000000000000000e+00
5.000000000000000000e+00
4.000000000000000000e+00
1.000000000000000000e+00
2.000000000000000000e+00
