8.863000000000000000e+03
1.042100000000000000e+04
4.649000000000000000e+03
1.046000000000000000e+04
3.236000000000000000e+03
2.030000000000000000e+03
1.005800000000000000e+04
9.535000000000000000e+03
8.133000000000000000e+03
7.242000000000000000e+03
5.590000000000000000e+03
4.145000000000000000e+03
2.744000000000000000e+03
1.990000000000000000e+02
6.322000000000000000e+03
6.450000000000000000e+02
1.126000000000000000e+03
1.838000000000000000e+03
1.250000000000000000e+02
5.800000000000000000e+02
1.107000000000000000e+03
2.930000000000000000e+02
9.100000000000000000e+01
3.830000000000000000e+02
2.500000000000000000e+01
5.000000000000000000e+00
3.400000000000000000e+01
1.000000000000000000e+01
4.800000000000000000e+01
4.900000000000000000e+01
6.000000000000000000e+00
5.000000000000000000e+00
1.000000000000000000e+00
2.000000000000000000e+00
