9.307000000000000000e+03
7.727000000000000000e+03
1.171000000000000000e+03
1.824000000000000000e+03
1.080500000000000000e+04
4.274000000000000000e+03
6.059000000000000000e+03
1.042400000000000000e+04
7.804000000000000000e+03
9.297000000000000000e+03
1.031800000000000000e+04
6.570000000000000000e+02
4.334000000000000000e+03
6.008000000000000000e+03
2.848000000000000000e+03
1.657000000000000000e+03
4.710000000000000000e+02
8.900000000000000000e+02
2.997000000000000000e+03
1.100000000000000000e+02
2.190000000000000000e+02
3.760000000000000000e+02
1.870000000000000000e+02
1.700000000000000000e+01
5.200000000000000000e+01
4.000000000000000000e+01
1.500000000000000000e+01
9.400000000000000000e+01
1.000000000000000000e+00
4.000000000000000000e+00
3.000000000000000000e+00
7.000000000000000000e+00
1.000000000000000000e+00
1.000000000000000000e+00
1.000000000000000000e+00
