6.924000000000000000e+03
8.649000000000000000e+03
9.926000000000000000e+03
8.561000000000000000e+03
5.299000000000000000e+03
6.747000000000000000e+03
1.274000000000000000e+03
1.062600000000000000e+04
3.600000000000000000e+03
2.560000000000000000e+02
1.536000000000000000e+03
1.079400000000000000e+04
9.711000000000000000e+03
1.300000000000000000e+02
3.330000000000000000e+02
3.437000000000000000e+03
2.375000000000000000e+03
6.880000000000000000e+02
5.206000000000000000e+03
2.140000000000000000e+03
6.800000000000000000e+01
5.090000000000000000e+02
9.070000000000000000e+02
1.410000000000000000e+02
7.700000000000000000e+01
1.900000000000000000e+01
5.000000000000000000e+00
7.000000000000000000e+00
4.000000000000000000e+00
3.500000000000000000e+01
9.000000000000000000e+00
5.000000000000000000e+00
1.000000000000000000e+00
1.000000000000000000e+00
