9.257000000000000000e+03
8.621000000000000000e+03
7.597000000000000000e+03
8.086000000000000000e+03
9.341000000000000000e+03
3.929000000000000000e+03
5.239000000000000000e+03
1.290000000000000000e+02
1.359000000000000000e+03
1.973000000000000000e+03
9.310000000000000000e+02
2.925000000000000000e+03
8.934000000000000000e+03
6.210000000000000000e+02
6.537000000000000000e+03
6.965000000000000000e+03
4.061000000000000000e+03
1.912000000000000000e+03
5.550000000000000000e+03
1.600000000000000000e+02
2.834000000000000000e+03
1.147000000000000000e+03
6.850000000000000000e+02
3.530000000000000000e+02
3.300000000000000000e+01
2.170000000000000000e+02
3.450000000000000000e+02
1.100000000000000000e+01
7.100000000000000000e+01
4.000000000000000000e+00
1.300000000000000000e+01
7.900000000000000000e+01
1.700000000000000000e+01
9.000000000000000000e+00
4.000000000000000000e+01
8.000000000000000000e+00
1.000000000000000000e+00
4.000000000000000000e+00
1.000000000000000000e+00
1.000000000000000000e+00
