2.869000000000000000e+03
7.175000000000000000e+03
6.260000000000000000e+03
8.080000000000000000e+03
2.163000000000000000e+03
7.770000000000000000e+03
7.872000000000000000e+03
5.430000000000000000e+03
7.048000000000000000e+03
2.071000000000000000e+03
6.095000000000000000e+03
3.955000000000000000e+03
4.515000000000000000e+03
3.462000000000000000e+03
2.809000000000000000e+03
8.275000000000000000e+03
1.566000000000000000e+03
5.064000000000000000e+03
8.290000000000000000e+02
4.910000000000000000e+02
1.336000000000000000e+03
8.890000000000000000e+02
6.400000000000000000e+01
1.163000000000000000e+03
1.770000000000000000e+02
6.800000000000000000e+02
2.520000000000000000e+02
2.920000000000000000e+02
4.630000000000000000e+02
1.490000000000000000e+02
3.390000000000000000e+02
1.360000000000000000e+02
8.300000000000000000e+01
2.500000000000000000e+01
3.000000000000000000e+01
2.000000000000000000e+00
5.500000000000000000e+01
2.600000000000000000e+01
1.100000000000000000e+01
3.000000000000000000e+00
1.300000000000000000e+01
9.000000000000000000e+00
1.000000000000000000e+00
2.000000000000000000e+00
1.000000000000000000e+00
