7.041000000000000000e+03
5.232000000000000000e+03
1.068400000000000000e+04
3.364000000000000000e+03
6.905000000000000000e+03
1.081200000000000000e+04
5.051000000000000000e+03
2.081000000000000000e+03
1.013000000000000000e+04
8.576000000000000000e+03
8.540000000000000000e+03
9.958000000000000000e+03
3.610000000000000000e+03
2.397000000000000000e+03
1.200000000000000000e+02
2.600000000000000000e+01
1.478000000000000000e+03
6.230000000000000000e+02
1.228000000000000000e+03
8.400000000000000000e+02
2.380000000000000000e+02
4.810000000000000000e+02
2.930000000000000000e+02
1.450000000000000000e+02
4.300000000000000000e+01
1.300000000000000000e+01
2.000000000000000000e+01
5.400000000000000000e+01
5.000000000000000000e+00
8.000000000000000000e+00
1.000000000000000000e+00
2.000000000000000000e+00
1.000000000000000000e+00
