1.086600000000000000e+04
1.077600000000000000e+04
4.346000000000000000e+03
6.121000000000000000e+03
7.858000000000000000e+03
2.959000000000000000e+03
7.686000000000000000e+03
3.882000000000000000e+03
9.380000000000000000e+03
5.668000000000000000e+03
1.117800000000000000e+04
9.506000000000000000e+03
1.841000000000000000e+03
1.111000000000000000e+03
2.529000000000000000e+03
1.512000000000000000e+03
2.040000000000000000e+02
3.230000000000000000e+02
6.320000000000000000e+02
3.950000000000000000e+02
8.300000000000000000e+01
1.390000000000000000e+02
1.800000000000000000e+01
3.000000000000000000e+01
8.160000000000000000e+02
7.400000000000000000e+01
3.800000000000000000e+01
4.000000000000000000e+00
5.000000000000000000e+00
1.400000000000000000e+01
1.000000000000000000e+00
5.000000000000000000e+00
