8.320000000000000000e+03
8.903000000000000000e+03
7.942000000000000000e+03
2.192000000000000000e+03
9.093000000000000000e+03
9.552000000000000000e+03
9.768000000000000000e+03
3.570000000000000000e+03
5.672000000000000000e+03
6.351000000000000000e+03
6.930000000000000000e+03
5.011000000000000000e+03
4.366000000000000000e+03
7.900000000000000000e+02
3.098000000000000000e+03
2.393000000000000000e+03
1.433000000000000000e+03
4.440000000000000000e+02
2.380000000000000000e+02
9.500000000000000000e+01
6.040000000000000000e+02
9.110000000000000000e+02
3.610000000000000000e+02
1.464000000000000000e+03
1.030000000000000000e+02
1.920000000000000000e+02
3.500000000000000000e+01
1.100000000000000000e+01
3.600000000000000000e+01
7.100000000000000000e+01
1.600000000000000000e+01
1.500000000000000000e+01
5.000000000000000000e+00
4.000000000000000000e+00
2.000000000000000000e+00
1.000000000000000000e+00
5.000000000000000000e+00
1.000000000000000000e+00
2.000000000000000000e+00
