5.968000000000000000e+03
1.084100000000000000e+04
9.429000000000000000e+03
1.103700000000000000e+04
4.178000000000000000e+03
7.785000000000000000e+03
7.788000000000000000e+03
2.933000000000000000e+03
1.854000000000000000e+03
1.058100000000000000e+04
1.541000000000000000e+03
6.045000000000000000e+03
4.138000000000000000e+03
9.515000000000000000e+03
2.563000000000000000e+03
1.064000000000000000e+03
2.750000000000000000e+02
8.350000000000000000e+02
8.200000000000000000e+01
1.960000000000000000e+02
4.110000000000000000e+02
6.070000000000000000e+02
1.800000000000000000e+01
3.700000000000000000e+01
1.670000000000000000e+02
2.000000000000000000e+00
3.100000000000000000e+01
5.900000000000000000e+01
4.000000000000000000e+00
1.100000000000000000e+01
2.000000000000000000e+00
1.000000000000000000e+00
1.000000000000000000e+00
1.000000000000000000e+00
