8.356000000000000000e+03
6.753000000000000000e+03
4.979000000000000000e+03
9.705000000000000000e+03
6.907000000000000000e+03
2.836000000000000000e+03
5.267000000000000000e+03
8.175000000000000000e+03
1.027400000000000000e+04
2.230000000000000000e+03
1.058000000000000000e+04
9.670000000000000000e+03
3.879000000000000000e+03
3.471000000000000000e+03
6.990000000000000000e+02
1.385000000000000000e+03
3.340000000000000000e+02
1.112000000000000000e+03
1.729000000000000000e+03
6.270000000000000000e+02
1.010000000000000000e+02
1.940000000000000000e+02
2.500000000000000000e+01
6.300000000000000000e+01
3.370000000000000000e+02
1.970000000000000000e+02
1.400000000000000000e+01
7.000000000000000000e+00
2.000000000000000000e+00
5.400000000000000000e+01
2.000000000000000000e+01
5.000000000000000000e+00
6.000000000000000000e+00
5.000000000000000000e+00
1.000000000000000000e+00
1.000000000000000000e+00
