2.497000000000000000e+03
7.220000000000000000e+03
5.386000000000000000e+03
1.118300000000000000e+04
4.621000000000000000e+03
1.085800000000000000e+04
1.014500000000000000e+04
6.476000000000000000e+03
8.290000000000000000e+03
8.950000000000000000e+03
1.854000000000000000e+03
9.990000000000000000e+03
5.070000000000000000e+02
3.091000000000000000e+03
3.766000000000000000e+03
1.605000000000000000e+03
1.097000000000000000e+03
9.530000000000000000e+02
1.180000000000000000e+02
3.110000000000000000e+02
5.800000000000000000e+01
4.600000000000000000e+01
2.570000000000000000e+02
5.230000000000000000e+02
1.200000000000000000e+02
1.400000000000000000e+01
2.600000000000000000e+01
2.000000000000000000e+00
2.500000000000000000e+01
4.000000000000000000e+00
5.000000000000000000e+00
1.000000000000000000e+00
1.000000000000000000e+00
