5.148000000000000000e+03
6.089000000000000000e+03
8.100000000000000000e+02
5.748000000000000000e+03
3.802000000000000000e+03
6.127000000000000000e+03
4.531000000000000000e+03
4.910000000000000000e+03
5.311000000000000000e+03
5.609000000000000000e+03
2.465000000000000000e+03
3.999000000000000000e+03
2.112000000000000000e+03
4.527000000000000000e+03
3.097000000000000000e+03
3.715000000000000000e+03
1.277000000000000000e+03
6.085000000000000000e+03
2.395000000000000000e+03
5.983000000000000000e+03
9.040000000000000000e+02
1.778000000000000000e+03
3.244000000000000000e+03
2.844000000000000000e+03
1.788000000000000000e+03
1.880000000000000000e+02
1.471000000000000000e+03
1.091000000000000000e+03
9.400000000000000000e+01
5.350000000000000000e+02
2.420000000000000000e+02
3.120000000000000000e+02
2.820000000000000000e+02
6.100000000000000000e+02
5.920000000000000000e+02
1.190000000000000000e+02
5.200000000000000000e+01
5.100000000000000000e+01
2.000000000000000000e+01
2.900000000000000000e+01
4.000000000000000000e+00
1.000000000000000000e+00
9.000000000000000000e+00
