9.139000000000000000e+03
9.205000000000000000e+03
2.669000000000000000e+03
6.056000000000000000e+03
8.513000000000000000e+03
9.336000000000000000e+03
7.523000000000000000e+03
8.339000000000000000e+03
1.880000000000000000e+02
5.790000000000000000e+03
7.263000000000000000e+03
3.650000000000000000e+03
4.858000000000000000e+03
3.179000000000000000e+03
4.413000000000000000e+03
3.920000000000000000e+02
2.022000000000000000e+03
1.283000000000000000e+03
1.274000000000000000e+03
7.530000000000000000e+02
1.907000000000000000e+03
7.620000000000000000e+02
5.660000000000000000e+02
2.010000000000000000e+02
7.000000000000000000e+01
3.220000000000000000e+02
7.400000000000000000e+01
1.130000000000000000e+02
1.900000000000000000e+01
4.100000000000000000e+01
1.100000000000000000e+01
2.900000000000000000e+01
1.300000000000000000e+01
2.000000000000000000e+00
1.400000000000000000e+01
2.000000000000000000e+00
4.000000000000000000e+00
2.000000000000000000e+00
2.000000000000000000e+00
1.000000000000000000e+00
