1.039000000000000000e+04
9.747000000000000000e+03
8.935000000000000000e+03
1.092100000000000000e+04
2.320000000000000000e+02
1.242000000000000000e+03
5.385000000000000000e+03
7.393000000000000000e+03
3.853000000000000000e+03
1.055700000000000000e+04
8.212000000000000000e+03
2.340000000000000000e+03
7.470000000000000000e+02
4.751000000000000000e+03
6.491000000000000000e+03
3.273000000000000000e+03
7.430000000000000000e+02
3.960000000000000000e+02
4.500000000000000000e+01
3.440000000000000000e+02
1.393000000000000000e+03
2.149000000000000000e+03
1.110000000000000000e+02
1.790000000000000000e+02
7.500000000000000000e+01
4.000000000000000000e+01
2.400000000000000000e+01
1.300000000000000000e+01
9.000000000000000000e+00
2.000000000000000000e+00
3.000000000000000000e+00
1.000000000000000000e+00
3.000000000000000000e+00
1.000000000000000000e+00
