3.797000000000000000e+03
8.674000000000000000e+03
2.418000000000000000e+03
5.432000000000000000e+03
1.462000000000000000e+03
7.177000000000000000e+03
1.050300000000000000e+04
1.072000000000000000e+04
8.147000000000000000e+03
1.004300000000000000e+04
4.935000000000000000e+03
6.512000000000000000e+03
8.890000000000000000e+02
4.720000000000000000e+02
9.512000000000000000e+03
3.470000000000000000e+03
4.070000000000000000e+02
1.431000000000000000e+03
1.530000000000000000e+02
2.336000000000000000e+03
8.080000000000000000e+02
1.910000000000000000e+02
2.420000000000000000e+02
5.000000000000000000e+00
3.300000000000000000e+01
7.300000000000000000e+01
8.100000000000000000e+01
1.500000000000000000e+01
3.500000000000000000e+01
6.000000000000000000e+00
1.000000000000000000e+01
8.000000000000000000e+00
2.000000000000000000e+00
1.000000000000000000e+00
