1.353000000000000000e+03
3.380000000000000000e+02
9.083000000000000000e+03
9.888000000000000000e+03
4.771000000000000000e+03
5.050000000000000000e+02
3.391000000000000000e+03
7.201000000000000000e+03
5.598000000000000000e+03
8.627000000000000000e+03
4.240000000000000000e+03
9.442000000000000000e+03
1.010400000000000000e+04
6.350000000000000000e+03
3.109000000000000000e+03
1.800000000000000000e+02
7.960000000000000000e+03
2.119000000000000000e+03
4.400000000000000000e+01
2.099000000000000000e+03
3.130000000000000000e+02
6.980000000000000000e+02
1.355000000000000000e+03
1.490000000000000000e+02
8.200000000000000000e+02
9.000000000000000000e+00
6.000000000000000000e+00
7.500000000000000000e+01
1.500000000000000000e+01
9.400000000000000000e+01
2.400000000000000000e+01
3.100000000000000000e+01
1.000000000000000000e+00
6.000000000000000000e+00
2.000000000000000000e+00
