1.379700000000000000e+04
1.363600000000000000e+04
7.415000000000000000e+03
7.336000000000000000e+03
1.096100000000000000e+04
7.983000000000000000e+03
5.237000000000000000e+03
7.599000000000000000e+03
1.341000000000000000e+03
3.233000000000000000e+03
2.424000000000000000e+03
1.760000000000000000e+03
6.135000000000000000e+03
3.747000000000000000e+03
4.086000000000000000e+03
9.690000000000000000e+02
6.960000000000000000e+02
3.480000000000000000e+02
4.900000000000000000e+01
1.880000000000000000e+02
2.720000000000000000e+02
1.210000000000000000e+02
5.300000000000000000e+02
7.400000000000000000e+01
2.800000000000000000e+01
9.000000000000000000e+00
3.000000000000000000e+00
1.200000000000000000e+01
7.000000000000000000e+00
2.000000000000000000e+00
1.000000000000000000e+00
1.000000000000000000e+00
