6.280000000000000000e+03
1.902000000000000000e+03
3.014000000000000000e+03
1.194000000000000000e+03
1.010400000000000000e+04
1.006200000000000000e+04
8.699000000000000000e+03
1.346000000000000000e+03
4.420000000000000000e+03
9.774000000000000000e+03
9.052000000000000000e+03
2.120000000000000000e+03
7.901000000000000000e+03
3.252000000000000000e+03
5.946000000000000000e+03
7.251000000000000000e+03
2.950000000000000000e+02
1.610000000000000000e+02
4.590000000000000000e+03
4.920000000000000000e+02
8.720000000000000000e+02
6.080000000000000000e+02
4.000000000000000000e+01
2.910000000000000000e+02
1.350000000000000000e+02
4.300000000000000000e+01
1.800000000000000000e+01
1.030000000000000000e+02
1.700000000000000000e+01
5.000000000000000000e+00
5.000000000000000000e+00
4.000000000000000000e+00
2.000000000000000000e+00
1.000000000000000000e+00
1.000000000000000000e+00
