8.456000000000000000e+03
6.050000000000000000e+02
1.099700000000000000e+04
7.062000000000000000e+03
3.605000000000000000e+03
1.005700000000000000e+04
8.673000000000000000e+03
1.001700000000000000e+04
6.763000000000000000e+03
4.843000000000000000e+03
2.072000000000000000e+03
1.119600000000000000e+04
5.291000000000000000e+03
3.196000000000000000e+03
1.106000000000000000e+03
1.445000000000000000e+03
2.389000000000000000e+03
1.500000000000000000e+01
1.380000000000000000e+02
5.400000000000000000e+01
2.660000000000000000e+02
8.660000000000000000e+02
2.170000000000000000e+02
4.400000000000000000e+02
1.220000000000000000e+02
4.800000000000000000e+01
1.700000000000000000e+01
2.200000000000000000e+01
1.600000000000000000e+01
2.000000000000000000e+00
2.000000000000000000e+00
2.000000000000000000e+00
