7.093000000000000000e+03
8.656000000000000000e+03
9.872000000000000000e+03
1.068700000000000000e+04
5.550000000000000000e+03
1.057600000000000000e+04
6.673000000000000000e+03
2.083000000000000000e+03
8.477000000000000000e+03
3.806000000000000000e+03
4.860000000000000000e+03
9.781000000000000000e+03
3.307000000000000000e+03
2.523000000000000000e+03
1.020000000000000000e+03
1.622000000000000000e+03
1.162000000000000000e+03
5.560000000000000000e+02
5.750000000000000000e+02
1.310000000000000000e+02
2.940000000000000000e+02
8.500000000000000000e+01
2.600000000000000000e+01
2.880000000000000000e+02
1.520000000000000000e+02
3.400000000000000000e+01
6.900000000000000000e+01
2.000000000000000000e+00
2.000000000000000000e+01
8.000000000000000000e+00
6.000000000000000000e+00
2.000000000000000000e+00
3.000000000000000000e+00
1.000000000000000000e+00
