4.671000000000000000e+03
1.095800000000000000e+04
9.470000000000000000e+02
7.271000000000000000e+03
8.224000000000000000e+03
1.070000000000000000e+04
9.145000000000000000e+03
1.017700000000000000e+04
1.889000000000000000e+03
9.749000000000000000e+03
1.044000000000000000e+03
6.449000000000000000e+03
3.037000000000000000e+03
3.889000000000000000e+03
5.544000000000000000e+03
1.581000000000000000e+03
2.800000000000000000e+02
2.670000000000000000e+03
5.360000000000000000e+02
5.320000000000000000e+02
2.590000000000000000e+02
1.280000000000000000e+02
1.330000000000000000e+02
5.900000000000000000e+01
5.200000000000000000e+01
7.000000000000000000e+00
3.100000000000000000e+01
4.000000000000000000e+00
1.900000000000000000e+01
1.000000000000000000e+00
8.000000000000000000e+00
1.000000000000000000e+00
4.000000000000000000e+00
1.000000000000000000e+00
