9.966000000000000000e+03
1.011500000000000000e+04
2.495000000000000000e+03
5.574000000000000000e+03
7.957000000000000000e+03
3.883000000000000000e+03
9.454000000000000000e+03
6.633000000000000000e+03
1.043900000000000000e+04
8.840000000000000000e+03
7.184000000000000000e+03
1.521000000000000000e+03
5.280000000000000000e+02
9.030000000000000000e+02
1.527000000000000000e+03
3.478000000000000000e+03
4.911000000000000000e+03
2.330000000000000000e+03
9.010000000000000000e+02
2.220000000000000000e+02
4.380000000000000000e+02
3.300000000000000000e+01
2.940000000000000000e+02
1.400000000000000000e+02
8.400000000000000000e+01
3.600000000000000000e+01
6.800000000000000000e+01
9.000000000000000000e+00
5.000000000000000000e+00
1.500000000000000000e+01
1.400000000000000000e+01
1.000000000000000000e+00
1.000000000000000000e+00
1.000000000000000000e+00
