1.003800000000000000e+04
8.871000000000000000e+03
7.550000000000000000e+02
2.315000000000000000e+03
1.081800000000000000e+04
7.090000000000000000e+03
3.587000000000000000e+03
9.855000000000000000e+03
8.397000000000000000e+03
1.060900000000000000e+04
1.317000000000000000e+03
5.332000000000000000e+03
2.330000000000000000e+03
6.477000000000000000e+03
4.310000000000000000e+02
4.903000000000000000e+03
3.480000000000000000e+03
8.180000000000000000e+02
1.610000000000000000e+02
1.280000000000000000e+02
2.300000000000000000e+02
1.437000000000000000e+03
3.300000000000000000e+01
3.850000000000000000e+02
6.400000000000000000e+01
6.600000000000000000e+01
5.000000000000000000e+00
3.400000000000000000e+01
9.000000000000000000e+00
9.000000000000000000e+00
1.300000000000000000e+01
2.000000000000000000e+00
1.000000000000000000e+00
