1.002400000000000000e+04
1.108400000000000000e+04
8.776000000000000000e+03
6.917000000000000000e+03
8.483000000000000000e+03
1.092900000000000000e+04
2.272000000000000000e+03
3.585000000000000000e+03
5.079000000000000000e+03
1.120000000000000000e+02
7.880000000000000000e+02
9.919000000000000000e+03
3.383000000000000000e+03
5.034000000000000000e+03
2.092000000000000000e+03
1.218000000000000000e+03
1.397000000000000000e+03
6.936000000000000000e+03
1.200000000000000000e+01
6.410000000000000000e+02
3.300000000000000000e+02
4.310000000000000000e+02
2.230000000000000000e+02
1.520000000000000000e+02
4.000000000000000000e+00
2.400000000000000000e+01
6.100000000000000000e+01
2.900000000000000000e+01
5.000000000000000000e+01
1.000000000000000000e+01
3.000000000000000000e+00
1.000000000000000000e+00
1.000000000000000000e+00
