1.992000000000000000e+03
1.101500000000000000e+04
6.177000000000000000e+03
1.054800000000000000e+04
9.514000000000000000e+03
1.069100000000000000e+04
7.885000000000000000e+03
5.704000000000000000e+03
3.938000000000000000e+03
3.026000000000000000e+03
9.264000000000000000e+03
4.454000000000000000e+03
7.629000000000000000e+03
8.170000000000000000e+02
2.534000000000000000e+03
6.570000000000000000e+02
1.810000000000000000e+02
1.196000000000000000e+03
1.553000000000000000e+03
4.450000000000000000e+02
3.200000000000000000e+02
1.980000000000000000e+02
7.800000000000000000e+01
7.100000000000000000e+01
5.000000000000000000e+00
1.700000000000000000e+01
2.800000000000000000e+01
1.000000000000000000e+00
7.000000000000000000e+00
4.000000000000000000e+01
1.000000000000000000e+01
1.000000000000000000e+00
2.000000000000000000e+00
2.000000000000000000e+00
