7.690000000000000000e+03
1.081000000000000000e+04
9.388000000000000000e+03
1.058100000000000000e+04
9.150000000000000000e+02
9.454000000000000000e+03
5.854000000000000000e+03
1.060900000000000000e+04
2.757000000000000000e+03
1.648000000000000000e+03
4.590000000000000000e+02
4.167000000000000000e+03
7.681000000000000000e+03
4.403000000000000000e+03
2.827000000000000000e+03
6.110000000000000000e+03
1.158000000000000000e+03
3.490000000000000000e+02
1.670000000000000000e+02
1.860000000000000000e+03
6.040000000000000000e+02
2.330000000000000000e+02
1.300000000000000000e+01
1.070000000000000000e+02
6.600000000000000000e+01
1.200000000000000000e+01
2.900000000000000000e+01
7.000000000000000000e+00
3.100000000000000000e+01
6.000000000000000000e+00
2.000000000000000000e+00
2.000000000000000000e+00
1.000000000000000000e+00
