1.015700000000000000e+04
1.032200000000000000e+04
2.956000000000000000e+03
7.382000000000000000e+03
9.377000000000000000e+03
1.055300000000000000e+04
1.087000000000000000e+03
3.900000000000000000e+01
4.476000000000000000e+03
6.323000000000000000e+03
8.179000000000000000e+03
5.682000000000000000e+03
3.037000000000000000e+03
8.812000000000000000e+03
4.311000000000000000e+03
1.158000000000000000e+03
1.924000000000000000e+03
7.200000000000000000e+02
1.832000000000000000e+03
2.010000000000000000e+02
3.820000000000000000e+02
1.230000000000000000e+02
2.420000000000000000e+02
1.150000000000000000e+02
5.150000000000000000e+02
1.400000000000000000e+01
4.300000000000000000e+01
1.800000000000000000e+01
6.000000000000000000e+00
2.000000000000000000e+00
5.000000000000000000e+00
1.000000000000000000e+00
2.000000000000000000e+00
1.000000000000000000e+00
3.000000000000000000e+00
