3.780000000000000000e+03
7.431000000000000000e+03
1.021900000000000000e+04
9.565000000000000000e+03
1.490000000000000000e+03
1.078900000000000000e+04
4.776000000000000000e+03
1.056300000000000000e+04
8.167000000000000000e+03
3.324000000000000000e+03
8.979000000000000000e+03
7.260000000000000000e+02
6.372000000000000000e+03
2.231000000000000000e+03
5.433000000000000000e+03
2.357000000000000000e+03
7.930000000000000000e+02
4.270000000000000000e+02
1.388000000000000000e+03
4.490000000000000000e+02
2.550000000000000000e+02
1.550000000000000000e+02
2.900000000000000000e+01
3.900000000000000000e+01
1.090000000000000000e+02
5.200000000000000000e+01
7.600000000000000000e+01
6.000000000000000000e+00
9.000000000000000000e+00
4.000000000000000000e+00
2.000000000000000000e+00
1.000000000000000000e+00
3.000000000000000000e+00
1.000000000000000000e+00
