9.021000000000000000e+03
3.257000000000000000e+03
6.359000000000000000e+03
9.442000000000000000e+03
1.056800000000000000e+04
7.265000000000000000e+03
1.019800000000000000e+04
3.919000000000000000e+03
2.445000000000000000e+03
5.772000000000000000e+03
1.099800000000000000e+04
1.910000000000000000e+02
4.717000000000000000e+03
8.021000000000000000e+03
1.328000000000000000e+03
3.920000000000000000e+02
2.092000000000000000e+03
1.470000000000000000e+03
8.220000000000000000e+02
7.550000000000000000e+02
5.500000000000000000e+01
2.080000000000000000e+02
1.000000000000000000e+00
4.290000000000000000e+02
1.000000000000000000e+00
7.400000000000000000e+01
1.110000000000000000e+02
3.500000000000000000e+01
2.300000000000000000e+01
5.000000000000000000e+00
1.000000000000000000e+01
8.000000000000000000e+00
6.000000000000000000e+00
1.000000000000000000e+00
1.000000000000000000e+00
