7.582000000000000000e+03
8.422000000000000000e+03
6.058000000000000000e+03
8.817000000000000000e+03
9.147000000000000000e+03
6.102000000000000000e+03
9.727000000000000000e+03
4.677000000000000000e+03
9.481000000000000000e+03
7.700000000000000000e+01
7.250000000000000000e+03
4.505000000000000000e+03
2.280000000000000000e+03
3.450000000000000000e+03
1.548000000000000000e+03
6.460000000000000000e+02
7.430000000000000000e+02
3.264000000000000000e+03
2.180000000000000000e+03
1.700000000000000000e+02
1.075000000000000000e+03
1.350000000000000000e+03
4.310000000000000000e+02
8.100000000000000000e+01
2.120000000000000000e+02
1.440000000000000000e+02
4.140000000000000000e+02
1.800000000000000000e+01
1.700000000000000000e+01
6.000000000000000000e+00
4.200000000000000000e+01
4.300000000000000000e+01
2.700000000000000000e+01
7.000000000000000000e+00
2.000000000000000000e+00
2.000000000000000000e+00
1.000000000000000000e+00
1.000000000000000000e+00
1.000000000000000000e+00
