5.858000000000000000e+03
7.251000000000000000e+03
1.876000000000000000e+03
3.067000000000000000e+03
1.028600000000000000e+04
1.030800000000000000e+04
9.214000000000000000e+03
7.891000000000000000e+03
9.847000000000000000e+03
4.582000000000000000e+03
8.930000000000000000e+03
3.073000000000000000e+03
6.396000000000000000e+03
4.215000000000000000e+03
1.331000000000000000e+03
8.020000000000000000e+02
2.031000000000000000e+03
1.240000000000000000e+02
1.061000000000000000e+03
5.600000000000000000e+01
1.600000000000000000e+01
6.500000000000000000e+01
2.300000000000000000e+02
2.630000000000000000e+02
1.400000000000000000e+02
4.120000000000000000e+02
6.030000000000000000e+02
5.000000000000000000e+00
2.700000000000000000e+01
9.000000000000000000e+00
1.700000000000000000e+01
8.000000000000000000e+00
4.000000000000000000e+00
1.000000000000000000e+00
1.000000000000000000e+00
