9.786000000000000000e+03
7.315000000000000000e+03
8.118000000000000000e+03
1.044800000000000000e+04
5.600000000000000000e+03
9.209000000000000000e+03
2.630000000000000000e+03
4.880000000000000000e+03
1.619000000000000000e+03
4.076000000000000000e+03
8.841000000000000000e+03
1.008100000000000000e+04
6.291000000000000000e+03
3.358000000000000000e+03
1.477000000000000000e+03
2.328000000000000000e+03
9.410000000000000000e+02
3.000000000000000000e+00
4.690000000000000000e+02
9.560000000000000000e+02
5.500000000000000000e+02
1.420000000000000000e+02
2.380000000000000000e+02
3.000000000000000000e+02
1.170000000000000000e+02
9.000000000000000000e+01
1.600000000000000000e+01
1.200000000000000000e+01
4.300000000000000000e+01
4.300000000000000000e+01
2.000000000000000000e+01
1.000000000000000000e+00
1.000000000000000000e+00
1.000000000000000000e+00
