4.269000000000000000e+03
9.479000000000000000e+03
1.092800000000000000e+04
5.940000000000000000e+03
9.323000000000000000e+03
1.043700000000000000e+04
2.789000000000000000e+03
7.585000000000000000e+03
2.781000000000000000e+03
1.717000000000000000e+03
9.650000000000000000e+02
7.923000000000000000e+03
1.060400000000000000e+04
1.806000000000000000e+03
4.368000000000000000e+03
4.630000000000000000e+02
6.070000000000000000e+02
6.008000000000000000e+03
9.850000000000000000e+02
1.750000000000000000e+02
3.300000000000000000e+02
2.280000000000000000e+02
3.000000000000000000e+01
7.800000000000000000e+01
1.500000000000000000e+01
4.400000000000000000e+01
9.300000000000000000e+01
4.000000000000000000e+00
1.200000000000000000e+01
9.000000000000000000e+00
3.000000000000000000e+00
1.000000000000000000e+00
1.000000000000000000e+00
