6.812000000000000000e+03
6.207000000000000000e+03
7.010000000000000000e+02
4.879000000000000000e+03
3.062000000000000000e+03
4.367000000000000000e+03
4.966000000000000000e+03
1.082000000000000000e+03
6.474000000000000000e+03
5.498000000000000000e+03
2.229000000000000000e+03
3.885000000000000000e+03
5.768000000000000000e+03
6.785000000000000000e+03
2.870000000000000000e+03
6.501000000000000000e+03
6.337000000000000000e+03
2.079000000000000000e+03
2.370000000000000000e+03
1.619000000000000000e+03
1.440000000000000000e+03
3.425000000000000000e+03
3.907000000000000000e+03
1.609000000000000000e+03
2.640000000000000000e+02
8.940000000000000000e+02
1.089000000000000000e+03
2.420000000000000000e+02
4.850000000000000000e+02
7.070000000000000000e+02
1.900000000000000000e+01
3.840000000000000000e+02
1.050000000000000000e+02
1.970000000000000000e+02
4.070000000000000000e+02
6.300000000000000000e+01
3.600000000000000000e+01
1.010000000000000000e+02
1.800000000000000000e+01
2.200000000000000000e+01
6.000000000000000000e+00
7.500000000000000000e+01
1.100000000000000000e+01
3.000000000000000000e+00
