1.857000000000000000e+03
6.630000000000000000e+02
1.067400000000000000e+04
4.164000000000000000e+03
8.847000000000000000e+03
8.199000000000000000e+03
6.347000000000000000e+03
2.871000000000000000e+03
1.898000000000000000e+03
1.041400000000000000e+04
5.571000000000000000e+03
1.019000000000000000e+04
9.542000000000000000e+03
7.474000000000000000e+03
4.536000000000000000e+03
3.034000000000000000e+03
5.260000000000000000e+02
1.006000000000000000e+03
2.690000000000000000e+02
3.410000000000000000e+02
1.074000000000000000e+03
1.620000000000000000e+02
2.000000000000000000e+01
1.140000000000000000e+02
5.200000000000000000e+01
7.800000000000000000e+01
3.900000000000000000e+01
1.700000000000000000e+01
5.000000000000000000e+00
2.000000000000000000e+00
5.000000000000000000e+00
2.000000000000000000e+00
7.000000000000000000e+00
