8.519000000000000000e+03
4.863000000000000000e+03
9.425000000000000000e+03
9.660000000000000000e+03
1.223000000000000000e+03
8.687000000000000000e+03
4.710000000000000000e+02
7.353000000000000000e+03
3.708000000000000000e+03
9.431000000000000000e+03
7.354000000000000000e+03
4.295000000000000000e+03
2.599000000000000000e+03
3.048000000000000000e+03
1.123000000000000000e+03
5.760000000000000000e+03
1.795000000000000000e+03
6.108000000000000000e+03
7.130000000000000000e+02
2.660000000000000000e+02
6.610000000000000000e+02
1.981000000000000000e+03
1.570000000000000000e+02
3.500000000000000000e+01
1.650000000000000000e+02
2.930000000000000000e+02
9.300000000000000000e+01
7.800000000000000000e+01
5.800000000000000000e+01
1.000000000000000000e+01
2.500000000000000000e+01
1.100000000000000000e+01
1.900000000000000000e+01
2.000000000000000000e+00
6.000000000000000000e+00
1.000000000000000000e+00
1.000000000000000000e+00
1.000000000000000000e+00
2.000000000000000000e+00
