3.410000000000000000e+02
6.297000000000000000e+03
4.615000000000000000e+03
1.054500000000000000e+04
9.086000000000000000e+03
9.742000000000000000e+03
1.052400000000000000e+04
8.178000000000000000e+03
1.963000000000000000e+03
5.656000000000000000e+03
2.401000000000000000e+03
1.109800000000000000e+04
7.532000000000000000e+03
3.057000000000000000e+03
1.462000000000000000e+03
3.919000000000000000e+03
4.080000000000000000e+02
6.620000000000000000e+02
7.970000000000000000e+02
1.128000000000000000e+03
3.400000000000000000e+01
1.580000000000000000e+02
9.600000000000000000e+01
1.710000000000000000e+02
3.200000000000000000e+01
6.500000000000000000e+01
1.200000000000000000e+01
7.000000000000000000e+00
4.000000000000000000e+00
3.000000000000000000e+00
5.000000000000000000e+00
1.000000000000000000e+00
1.000000000000000000e+00
