8.480000000000000000e+02
3.882000000000000000e+03
7.765000000000000000e+03
6.901000000000000000e+03
8.475000000000000000e+03
4.521000000000000000e+03
5.643000000000000000e+03
8.376000000000000000e+03
7.827000000000000000e+03
3.036000000000000000e+03
7.010000000000000000e+03
1.541000000000000000e+03
4.891000000000000000e+03
8.380000000000000000e+03
2.299000000000000000e+03
9.800000000000000000e+02
6.024000000000000000e+03
1.217000000000000000e+03
1.663000000000000000e+03
1.270000000000000000e+02
3.496000000000000000e+03
2.277000000000000000e+03
6.490000000000000000e+02
3.760000000000000000e+02
2.750000000000000000e+02
7.900000000000000000e+01
5.780000000000000000e+02
1.430000000000000000e+02
1.680000000000000000e+02
2.780000000000000000e+02
5.900000000000000000e+01
2.900000000000000000e+01
6.200000000000000000e+01
1.300000000000000000e+01
3.900000000000000000e+01
2.300000000000000000e+01
2.000000000000000000e+01
3.000000000000000000e+00
7.000000000000000000e+00
9.000000000000000000e+00
1.000000000000000000e+00
4.000000000000000000e+00
4.000000000000000000e+00
1.000000000000000000e+00
1.000000000000000000e+00
