2.994000000000000000e+03
7.428000000000000000e+03
9.706000000000000000e+03
8.725000000000000000e+03
9.651000000000000000e+03
8.814000000000000000e+03
3.320000000000000000e+03
1.014100000000000000e+04
5.976000000000000000e+03
3.560000000000000000e+02
7.450000000000000000e+03
1.894000000000000000e+03
1.151000000000000000e+03
4.409000000000000000e+03
4.714000000000000000e+03
5.560000000000000000e+02
2.373000000000000000e+03
6.162000000000000000e+03
1.645000000000000000e+03
9.900000000000000000e+02
2.970000000000000000e+02
1.390000000000000000e+02
6.200000000000000000e+01
2.230000000000000000e+02
8.900000000000000000e+01
5.990000000000000000e+02
7.000000000000000000e+00
6.000000000000000000e+01
2.200000000000000000e+01
1.200000000000000000e+01
2.400000000000000000e+01
5.000000000000000000e+00
2.000000000000000000e+00
2.000000000000000000e+00
1.000000000000000000e+00
1.000000000000000000e+00
