5.058000000000000000e+03
7.020000000000000000e+03
1.013000000000000000e+03
9.789000000000000000e+03
8.352000000000000000e+03
9.410000000000000000e+03
5.266000000000000000e+03
9.964000000000000000e+03
6.597000000000000000e+03
1.848000000000000000e+03
3.985000000000000000e+03
2.623000000000000000e+03
5.110000000000000000e+02
1.551000000000000000e+03
1.244000000000000000e+03
7.918000000000000000e+03
2.778000000000000000e+03
9.166000000000000000e+03
4.510000000000000000e+02
7.420000000000000000e+02
3.756000000000000000e+03
2.330000000000000000e+02
1.120000000000000000e+02
8.900000000000000000e+01
2.260000000000000000e+02
1.900000000000000000e+01
1.380000000000000000e+02
4.300000000000000000e+01
2.200000000000000000e+01
4.500000000000000000e+01
1.000000000000000000e+00
1.000000000000000000e+01
7.000000000000000000e+00
1.000000000000000000e+00
2.000000000000000000e+00
4.000000000000000000e+00
4.000000000000000000e+00
2.000000000000000000e+00
