1.295000000000000000e+03
2.285000000000000000e+03
1.025800000000000000e+04
7.254000000000000000e+03
1.079500000000000000e+04
6.689000000000000000e+03
4.870000000000000000e+03
2.155000000000000000e+03
1.117200000000000000e+04
3.604000000000000000e+03
8.914000000000000000e+03
7.270000000000000000e+02
1.308000000000000000e+03
3.380000000000000000e+03
5.357000000000000000e+03
9.826000000000000000e+03
8.038000000000000000e+03
7.430000000000000000e+02
3.300000000000000000e+02
6.000000000000000000e+01
1.830000000000000000e+02
3.810000000000000000e+02
7.000000000000000000e+01
8.400000000000000000e+01
1.700000000000000000e+01
1.620000000000000000e+02
6.000000000000000000e+00
2.100000000000000000e+01
2.000000000000000000e+00
9.000000000000000000e+00
1.000000000000000000e+00
1.000000000000000000e+00
3.000000000000000000e+00
