1.017000000000000000e+04
1.025600000000000000e+04
7.004000000000000000e+03
6.554000000000000000e+03
8.436000000000000000e+03
9.438000000000000000e+03
9.758000000000000000e+03
5.290000000000000000e+03
8.273000000000000000e+03
5.072000000000000000e+03
1.744000000000000000e+03
2.487000000000000000e+03
3.671000000000000000e+03
7.600000000000000000e+01
1.453000000000000000e+03
3.764000000000000000e+03
8.910000000000000000e+02
6.320000000000000000e+02
1.860000000000000000e+02
2.538000000000000000e+03
1.055000000000000000e+03
4.400000000000000000e+02
4.900000000000000000e+01
1.980000000000000000e+02
3.690000000000000000e+02
9.800000000000000000e+01
1.300000000000000000e+01
3.500000000000000000e+01
2.500000000000000000e+01
1.000000000000000000e+01
3.000000000000000000e+00
3.000000000000000000e+00
2.000000000000000000e+00
3.000000000000000000e+00
4.000000000000000000e+00
