4.945000000000000000e+03
1.074400000000000000e+04
3.470000000000000000e+02
6.657000000000000000e+03
1.039300000000000000e+04
7.091000000000000000e+03
9.972000000000000000e+03
5.351000000000000000e+03
9.655000000000000000e+03
8.400000000000000000e+03
1.665000000000000000e+03
8.599000000000000000e+03
3.821000000000000000e+03
2.031000000000000000e+03
6.730000000000000000e+02
3.345000000000000000e+03
2.598000000000000000e+03
1.480000000000000000e+02
1.031000000000000000e+03
1.210000000000000000e+03
3.460000000000000000e+02
5.900000000000000000e+02
8.200000000000000000e+01
5.500000000000000000e+01
3.600000000000000000e+01
1.340000000000000000e+02
3.000000000000000000e+01
1.100000000000000000e+01
2.000000000000000000e+01
9.000000000000000000e+00
4.000000000000000000e+00
4.000000000000000000e+00
2.000000000000000000e+00
1.000000000000000000e+00
