8.199000000000000000e+03
8.136000000000000000e+03
8.228000000000000000e+03
6.989000000000000000e+03
5.667000000000000000e+03
3.320000000000000000e+03
2.330000000000000000e+03
3.987000000000000000e+03
3.061000000000000000e+03
7.513000000000000000e+03
7.723000000000000000e+03
1.536000000000000000e+03
1.021000000000000000e+03
2.515000000000000000e+03
2.100000000000000000e+01
6.844000000000000000e+03
4.596000000000000000e+03
1.772000000000000000e+03
5.919000000000000000e+03
6.780000000000000000e+02
4.760000000000000000e+02
4.800000000000000000e+03
3.390000000000000000e+02
2.710000000000000000e+02
9.680000000000000000e+02
1.830000000000000000e+02
6.040000000000000000e+02
1.286000000000000000e+03
3.640000000000000000e+02
4.800000000000000000e+01
1.710000000000000000e+02
1.210000000000000000e+02
1.020000000000000000e+02
4.000000000000000000e+01
7.700000000000000000e+01
2.000000000000000000e+01
3.900000000000000000e+01
5.000000000000000000e+00
1.600000000000000000e+01
1.000000000000000000e+00
4.000000000000000000e+00
1.000000000000000000e+00
4.000000000000000000e+00
1.000000000000000000e+00
1.000000000000000000e+00
1.000000000000000000e+00
1.000000000000000000e+00
1.000000000000000000e+00
