6.040000000000000000e+03
3.141000000000000000e+03
7.567000000000000000e+03
2.043000000000000000e+03
1.288000000000000000e+03
4.473000000000000000e+03
1.004500000000000000e+04
8.933000000000000000e+03
8.020000000000000000e+02
1.010400000000000000e+04
9.151000000000000000e+03
4.367000000000000000e+03
1.838000000000000000e+03
6.027000000000000000e+03
2.958000000000000000e+03
7.746000000000000000e+03
1.043600000000000000e+04
2.740000000000000000e+02
2.630000000000000000e+02
1.009000000000000000e+03
5.410000000000000000e+02
5.400000000000000000e+01
1.590000000000000000e+02
4.700000000000000000e+02
1.140000000000000000e+02
5.400000000000000000e+01
1.900000000000000000e+01
8.000000000000000000e+00
1.300000000000000000e+01
1.600000000000000000e+01
7.000000000000000000e+00
3.200000000000000000e+01
3.000000000000000000e+00
1.000000000000000000e+00
2.000000000000000000e+00
1.000000000000000000e+00
1.000000000000000000e+00
