5.115000000000000000e+03
9.554000000000000000e+03
4.951000000000000000e+03
1.760300000000000000e+04
2.293500000000000000e+04
5.679000000000000000e+03
1.672300000000000000e+04
7.441000000000000000e+03
7.100000000000000000e+02
1.535000000000000000e+03
3.261000000000000000e+03
2.371000000000000000e+03
4.030000000000000000e+02
1.024000000000000000e+03
3.080000000000000000e+02
1.770000000000000000e+02
2.200000000000000000e+01
5.400000000000000000e+01
2.800000000000000000e+01
8.600000000000000000e+01
8.000000000000000000e+00
9.000000000000000000e+00
2.000000000000000000e+00
1.000000000000000000e+00
