6.152000000000000000e+03
9.051000000000000000e+03
5.796000000000000000e+03
9.444000000000000000e+03
8.208000000000000000e+03
7.584000000000000000e+03
2.305000000000000000e+03
4.785000000000000000e+03
3.521000000000000000e+03
1.688000000000000000e+03
7.181000000000000000e+03
4.651000000000000000e+03
3.419000000000000000e+03
9.233000000000000000e+03
2.398000000000000000e+03
8.796000000000000000e+03
1.428000000000000000e+03
7.650000000000000000e+02
7.050000000000000000e+02
1.040000000000000000e+03
3.010000000000000000e+02
5.300000000000000000e+01
9.500000000000000000e+01
1.370000000000000000e+02
2.190000000000000000e+02
1.130000000000000000e+02
4.000000000000000000e+01
4.130000000000000000e+02
2.800000000000000000e+01
3.950000000000000000e+02
1.600000000000000000e+01
9.000000000000000000e+00
3.000000000000000000e+00
1.200000000000000000e+01
7.000000000000000000e+00
1.000000000000000000e+00
3.000000000000000000e+00
1.000000000000000000e+00
1.000000000000000000e+00
2.000000000000000000e+00
1.000000000000000000e+00
