8.044000000000000000e+03
1.080000000000000000e+04
6.146000000000000000e+03
7.598000000000000000e+03
1.073900000000000000e+04
1.102100000000000000e+04
9.564000000000000000e+03
4.439000000000000000e+03
3.848000000000000000e+03
2.524000000000000000e+03
1.547000000000000000e+03
9.383000000000000000e+03
8.090000000000000000e+02
5.832000000000000000e+03
1.083000000000000000e+03
3.950000000000000000e+02
2.942000000000000000e+03
3.100000000000000000e+01
2.930000000000000000e+02
1.640000000000000000e+02
1.793000000000000000e+03
3.700000000000000000e+01
6.300000000000000000e+02
1.500000000000000000e+02
1.000000000000000000e+01
7.500000000000000000e+01
8.400000000000000000e+01
6.000000000000000000e+00
5.000000000000000000e+00
2.000000000000000000e+00
1.000000000000000000e+00
1.000000000000000000e+00
4.000000000000000000e+00
