8.112000000000000000e+03
6.907000000000000000e+03
6.948000000000000000e+03
6.138000000000000000e+03
7.292000000000000000e+03
7.972000000000000000e+03
6.201000000000000000e+03
1.325000000000000000e+03
3.511000000000000000e+03
4.321000000000000000e+03
2.435000000000000000e+03
2.947000000000000000e+03
8.508000000000000000e+03
4.906000000000000000e+03
1.983000000000000000e+03
2.447000000000000000e+03
5.449000000000000000e+03
2.052000000000000000e+03
1.599000000000000000e+03
4.874000000000000000e+03
3.500000000000000000e+02
1.560000000000000000e+02
8.480000000000000000e+02
6.960000000000000000e+02
4.480000000000000000e+02
2.340000000000000000e+02
1.047000000000000000e+03
1.060000000000000000e+02
4.800000000000000000e+01
2.500000000000000000e+01
2.000000000000000000e+00
8.100000000000000000e+01
2.000000000000000000e+01
1.100000000000000000e+01
1.000000000000000000e+00
