5.069000000000000000e+03
5.655000000000000000e+03
8.248000000000000000e+03
2.924000000000000000e+03
7.461000000000000000e+03
8.952000000000000000e+03
3.112000000000000000e+03
3.927000000000000000e+03
9.270000000000000000e+03
6.966000000000000000e+03
6.213000000000000000e+03
8.929000000000000000e+03
2.040000000000000000e+03
4.310000000000000000e+03
8.113000000000000000e+03
9.510000000000000000e+02
4.200000000000000000e+01
2.069000000000000000e+03
1.281000000000000000e+03
7.390000000000000000e+02
2.380000000000000000e+02
4.150000000000000000e+02
1.730000000000000000e+02
7.600000000000000000e+01
6.140000000000000000e+02
1.420000000000000000e+03
1.400000000000000000e+02
1.800000000000000000e+01
4.050000000000000000e+02
8.900000000000000000e+01
2.700000000000000000e+01
3.800000000000000000e+01
3.600000000000000000e+01
1.400000000000000000e+01
5.000000000000000000e+00
4.000000000000000000e+00
5.000000000000000000e+00
8.000000000000000000e+00
3.000000000000000000e+00
1.000000000000000000e+00
