5.839000000000000000e+03
5.130000000000000000e+02
2.589000000000000000e+03
1.218000000000000000e+03
8.129000000000000000e+03
9.512000000000000000e+03
5.950000000000000000e+03
4.770000000000000000e+03
7.418000000000000000e+03
4.629000000000000000e+03
9.199000000000000000e+03
8.701000000000000000e+03
8.482000000000000000e+03
1.440000000000000000e+03
8.500000000000000000e+02
7.134000000000000000e+03
3.597000000000000000e+03
1.740000000000000000e+03
3.538000000000000000e+03
2.252000000000000000e+03
2.400000000000000000e+02
1.120000000000000000e+02
3.270000000000000000e+02
4.600000000000000000e+02
5.900000000000000000e+01
7.940000000000000000e+02
2.120000000000000000e+02
8.000000000000000000e+00
1.200000000000000000e+02
2.500000000000000000e+01
1.400000000000000000e+01
5.500000000000000000e+01
4.300000000000000000e+01
1.800000000000000000e+01
6.000000000000000000e+00
4.000000000000000000e+00
1.000000000000000000e+00
1.000000000000000000e+00
1.000000000000000000e+00
