8.774000000000000000e+03
9.682000000000000000e+03
8.345000000000000000e+03
7.116000000000000000e+03
1.069700000000000000e+04
9.080000000000000000e+02
3.476000000000000000e+03
1.074600000000000000e+04
9.772000000000000000e+03
1.272000000000000000e+03
3.580000000000000000e+02
1.496000000000000000e+03
5.016000000000000000e+03
3.549000000000000000e+03
6.894000000000000000e+03
5.243000000000000000e+03
2.305000000000000000e+03
2.331000000000000000e+03
7.050000000000000000e+02
3.700000000000000000e+01
1.830000000000000000e+02
7.100000000000000000e+01
4.940000000000000000e+02
5.900000000000000000e+01
2.580000000000000000e+02
1.490000000000000000e+02
2.700000000000000000e+01
8.000000000000000000e+00
6.000000000000000000e+00
2.000000000000000000e+00
1.400000000000000000e+01
3.000000000000000000e+00
2.000000000000000000e+00
1.000000000000000000e+00
1.000000000000000000e+00
