1.641200000000000000e+04
3.757000000000000000e+03
2.563900000000000000e+04
2.183200000000000000e+04
5.630000000000000000e+03
8.410000000000000000e+03
4.689000000000000000e+03
2.326000000000000000e+03
7.120000000000000000e+03
6.240000000000000000e+02
1.050000000000000000e+03
3.980000000000000000e+02
1.555000000000000000e+03
2.440000000000000000e+02
1.550000000000000000e+02
7.100000000000000000e+01
9.000000000000000000e+00
2.100000000000000000e+01
1.700000000000000000e+01
3.600000000000000000e+01
2.000000000000000000e+00
2.000000000000000000e+00
1.000000000000000000e+00
