5.411000000000000000e+03
7.303000000000000000e+03
1.098600000000000000e+04
4.661000000000000000e+03
1.081100000000000000e+04
9.922000000000000000e+03
7.170000000000000000e+02
3.899000000000000000e+03
9.188000000000000000e+03
1.020300000000000000e+04
2.013000000000000000e+03
8.287000000000000000e+03
6.385000000000000000e+03
3.213000000000000000e+03
3.540000000000000000e+02
6.700000000000000000e+02
2.100000000000000000e+02
6.200000000000000000e+01
2.332000000000000000e+03
1.272000000000000000e+03
1.376000000000000000e+03
1.670000000000000000e+02
8.300000000000000000e+01
4.000000000000000000e+00
3.650000000000000000e+02
4.800000000000000000e+01
3.000000000000000000e+01
5.000000000000000000e+00
4.000000000000000000e+00
9.000000000000000000e+00
8.000000000000000000e+00
1.000000000000000000e+00
1.000000000000000000e+00
