1.000000000000000000e+04
5.164000000000000000e+03
1.058100000000000000e+04
7.028000000000000000e+03
8.619000000000000000e+03
9.693000000000000000e+03
1.052600000000000000e+04
2.454000000000000000e+03
5.470000000000000000e+02
3.685000000000000000e+03
3.541000000000000000e+03
4.030000000000000000e+02
4.960000000000000000e+03
1.390000000000000000e+02
2.218000000000000000e+03
6.836000000000000000e+03
3.200000000000000000e+01
1.322000000000000000e+03
8.327000000000000000e+03
1.586000000000000000e+03
9.510000000000000000e+02
7.170000000000000000e+02
1.300000000000000000e+01
1.790000000000000000e+02
2.920000000000000000e+02
6.500000000000000000e+01
6.300000000000000000e+01
1.200000000000000000e+01
3.300000000000000000e+01
6.000000000000000000e+00
4.000000000000000000e+00
1.000000000000000000e+00
1.000000000000000000e+00
2.000000000000000000e+00
