7.112000000000000000e+03
5.761000000000000000e+03
9.863000000000000000e+03
6.411000000000000000e+03
2.992000000000000000e+03
8.998000000000000000e+03
8.372000000000000000e+03
9.917000000000000000e+03
9.400000000000000000e+02
5.120000000000000000e+02
4.825000000000000000e+03
4.100000000000000000e+02
2.070000000000000000e+02
3.454000000000000000e+03
9.293000000000000000e+03
7.835000000000000000e+03
2.225000000000000000e+03
4.303000000000000000e+03
7.590000000000000000e+02
1.394000000000000000e+03
2.159000000000000000e+03
1.411000000000000000e+03
2.200000000000000000e+01
3.000000000000000000e+01
1.740000000000000000e+02
8.700000000000000000e+01
8.600000000000000000e+01
3.320000000000000000e+02
5.500000000000000000e+01
3.000000000000000000e+01
1.100000000000000000e+01
1.000000000000000000e+00
9.000000000000000000e+00
5.000000000000000000e+00
2.000000000000000000e+00
1.000000000000000000e+00
1.000000000000000000e+00
1.000000000000000000e+00
