1.005000000000000000e+03
4.682000000000000000e+03
3.495000000000000000e+03
1.656000000000000000e+03
2.031000000000000000e+03
3.951000000000000000e+03
5.350000000000000000e+03
5.188000000000000000e+03
4.449000000000000000e+03
5.304000000000000000e+03
5.211000000000000000e+03
5.492000000000000000e+03
4.957000000000000000e+03
4.953000000000000000e+03
4.116000000000000000e+03
5.099000000000000000e+03
2.920000000000000000e+03
2.910000000000000000e+02
6.680000000000000000e+02
4.738000000000000000e+03
4.003000000000000000e+03
2.616000000000000000e+03
4.970000000000000000e+02
2.993000000000000000e+03
1.186000000000000000e+03
3.680000000000000000e+02
1.279000000000000000e+03
4.094000000000000000e+03
1.513000000000000000e+03
2.884000000000000000e+03
2.178000000000000000e+03
4.450000000000000000e+02
9.100000000000000000e+01
1.750000000000000000e+02
6.300000000000000000e+01
4.000000000000000000e+00
1.200000000000000000e+01
3.700000000000000000e+01
6.000000000000000000e+00
