1.098400000000000000e+04
9.728000000000000000e+03
9.073000000000000000e+03
5.513000000000000000e+03
4.685000000000000000e+03
7.378000000000000000e+03
1.054000000000000000e+04
8.144000000000000000e+03
1.029800000000000000e+04
3.249000000000000000e+03
2.390000000000000000e+03
1.487000000000000000e+03
3.890000000000000000e+03
6.360000000000000000e+03
7.600000000000000000e+01
2.056000000000000000e+03
7.240000000000000000e+02
7.650000000000000000e+02
4.010000000000000000e+02
1.010000000000000000e+02
1.243000000000000000e+03
1.780000000000000000e+02
3.960000000000000000e+02
2.040000000000000000e+02
2.600000000000000000e+01
1.000000000000000000e+01
6.000000000000000000e+01
8.000000000000000000e+00
6.000000000000000000e+00
2.000000000000000000e+01
1.000000000000000000e+00
5.000000000000000000e+00
1.000000000000000000e+00
