6.010000000000000000e+03
1.044300000000000000e+04
6.078000000000000000e+03
7.580000000000000000e+03
9.248000000000000000e+03
9.226000000000000000e+03
1.036300000000000000e+04
1.092400000000000000e+04
2.752000000000000000e+03
1.615000000000000000e+03
7.802000000000000000e+03
1.271000000000000000e+03
4.416000000000000000e+03
3.055000000000000000e+03
4.172000000000000000e+03
6.440000000000000000e+02
1.948000000000000000e+03
1.900000000000000000e+02
3.600000000000000000e+02
4.750000000000000000e+02
1.800000000000000000e+01
5.000000000000000000e+01
1.200000000000000000e+01
8.910000000000000000e+02
8.600000000000000000e+01
2.050000000000000000e+02
1.150000000000000000e+02
1.000000000000000000e+01
3.100000000000000000e+01
3.000000000000000000e+00
2.000000000000000000e+00
2.000000000000000000e+00
1.000000000000000000e+00
2.000000000000000000e+00
