8.807000000000000000e+03
1.020300000000000000e+04
9.430000000000000000e+03
6.291000000000000000e+03
9.865000000000000000e+03
5.612000000000000000e+03
1.165000000000000000e+03
4.785000000000000000e+03
2.926000000000000000e+03
4.246000000000000000e+03
7.233000000000000000e+03
1.037100000000000000e+04
8.244000000000000000e+03
3.125000000000000000e+03
1.850000000000000000e+03
5.920000000000000000e+02
3.170000000000000000e+02
1.400000000000000000e+01
4.210000000000000000e+02
1.179000000000000000e+03
6.790000000000000000e+02
2.010000000000000000e+03
1.140000000000000000e+02
1.310000000000000000e+02
2.130000000000000000e+02
6.700000000000000000e+01
5.200000000000000000e+01
1.500000000000000000e+01
2.600000000000000000e+01
6.000000000000000000e+00
1.000000000000000000e+00
5.000000000000000000e+00
2.000000000000000000e+00
1.000000000000000000e+00
2.000000000000000000e+00
