9.138000000000000000e+03
1.068200000000000000e+04
9.760000000000000000e+03
1.094700000000000000e+04
7.537000000000000000e+03
1.033200000000000000e+04
6.168000000000000000e+03
4.323000000000000000e+03
8.800000000000000000e+02
8.032000000000000000e+03
5.730000000000000000e+02
2.840000000000000000e+02
5.863000000000000000e+03
4.226000000000000000e+03
2.759000000000000000e+03
1.660000000000000000e+03
1.060000000000000000e+03
1.758000000000000000e+03
2.866000000000000000e+03
1.580000000000000000e+02
2.250000000000000000e+02
4.630000000000000000e+02
2.700000000000000000e+01
7.100000000000000000e+01
9.000000000000000000e+00
1.200000000000000000e+02
1.200000000000000000e+01
4.000000000000000000e+01
1.700000000000000000e+01
6.000000000000000000e+00
3.000000000000000000e+00
1.000000000000000000e+00
