7.849000000000000000e+03
4.543000000000000000e+03
8.638000000000000000e+03
8.960000000000000000e+02
1.307000000000000000e+03
2.589000000000000000e+03
9.092000000000000000e+03
7.422000000000000000e+03
8.497000000000000000e+03
8.913000000000000000e+03
6.902000000000000000e+03
6.301000000000000000e+03
1.822000000000000000e+03
9.190000000000000000e+02
2.060000000000000000e+02
3.532000000000000000e+03
5.861000000000000000e+03
4.000000000000000000e+02
4.918000000000000000e+03
2.473000000000000000e+03
3.444000000000000000e+03
1.588000000000000000e+03
1.330000000000000000e+02
7.500000000000000000e+01
5.050000000000000000e+02
5.000000000000000000e+00
5.910000000000000000e+02
2.510000000000000000e+02
4.900000000000000000e+01
1.600000000000000000e+01
1.380000000000000000e+02
1.000000000000000000e+00
1.100000000000000000e+01
4.700000000000000000e+01
1.400000000000000000e+01
3.100000000000000000e+01
6.000000000000000000e+00
4.000000000000000000e+00
1.000000000000000000e+00
4.000000000000000000e+00
3.000000000000000000e+00
2.000000000000000000e+00
1.000000000000000000e+00
