4.385000000000000000e+03
3.673000000000000000e+03
1.396000000000000000e+03
8.140000000000000000e+02
1.791000000000000000e+03
3.292000000000000000e+03
5.225000000000000000e+03
5.856000000000000000e+03
4.745000000000000000e+03
5.057000000000000000e+03
5.533000000000000000e+03
5.009000000000000000e+03
3.758000000000000000e+03
4.168000000000000000e+03
5.645000000000000000e+03
3.119000000000000000e+03
4.077000000000000000e+03
5.665000000000000000e+03
6.720000000000000000e+02
5.058000000000000000e+03
5.871000000000000000e+03
3.011000000000000000e+03
1.152000000000000000e+03
2.140000000000000000e+03
1.867000000000000000e+03
5.690000000000000000e+02
2.591000000000000000e+03
2.191000000000000000e+03
5.800000000000000000e+02
2.610000000000000000e+02
1.050000000000000000e+02
4.250000000000000000e+02
1.770000000000000000e+02
2.300000000000000000e+01
6.900000000000000000e+01
3.000000000000000000e+00
2.200000000000000000e+01
3.000000000000000000e+00
2.000000000000000000e+00
