9.641000000000000000e+03
4.411000000000000000e+03
7.666000000000000000e+03
6.202000000000000000e+03
7.407000000000000000e+03
9.640000000000000000e+03
9.132000000000000000e+03
2.175000000000000000e+03
8.530000000000000000e+03
1.010900000000000000e+04
1.184000000000000000e+03
4.640000000000000000e+03
9.230000000000000000e+02
1.510000000000000000e+02
1.996000000000000000e+03
6.300000000000000000e+02
5.700000000000000000e+02
2.970000000000000000e+02
5.949000000000000000e+03
3.154000000000000000e+03
1.476000000000000000e+03
3.291000000000000000e+03
1.040000000000000000e+02
3.480000000000000000e+02
1.620000000000000000e+02
2.200000000000000000e+01
7.600000000000000000e+01
1.900000000000000000e+01
2.300000000000000000e+01
5.000000000000000000e+01
4.000000000000000000e+00
1.200000000000000000e+01
2.000000000000000000e+00
1.000000000000000000e+00
1.000000000000000000e+00
1.000000000000000000e+00
1.000000000000000000e+00
