9.319000000000000000e+03
6.960000000000000000e+02
1.071400000000000000e+04
1.017100000000000000e+04
9.202000000000000000e+03
1.037600000000000000e+04
6.044000000000000000e+03
6.070000000000000000e+03
7.672000000000000000e+03
4.346000000000000000e+03
1.181000000000000000e+03
7.786000000000000000e+03
1.743000000000000000e+03
9.360000000000000000e+02
1.947000000000000000e+03
3.050000000000000000e+03
4.255000000000000000e+03
2.810000000000000000e+03
4.960000000000000000e+02
2.280000000000000000e+02
4.080000000000000000e+02
2.100000000000000000e+02
1.130000000000000000e+02
3.300000000000000000e+01
9.300000000000000000e+01
1.700000000000000000e+01
3.900000000000000000e+01
3.100000000000000000e+01
7.000000000000000000e+00
1.000000000000000000e+00
4.000000000000000000e+00
1.000000000000000000e+00
1.000000000000000000e+00
