6.190000000000000000e+03
6.903000000000000000e+03
5.023000000000000000e+03
1.337000000000000000e+03
7.790000000000000000e+02
3.759000000000000000e+03
7.952000000000000000e+03
8.310000000000000000e+02
7.547000000000000000e+03
4.509000000000000000e+03
3.719000000000000000e+03
1.457000000000000000e+03
1.086000000000000000e+03
7.390000000000000000e+03
7.879000000000000000e+03
6.774000000000000000e+03
3.061000000000000000e+03
5.347000000000000000e+03
1.844000000000000000e+03
2.380000000000000000e+03
4.950000000000000000e+02
2.610000000000000000e+02
7.700000000000000000e+01
6.750000000000000000e+02
1.340000000000000000e+02
2.015000000000000000e+03
2.720000000000000000e+02
6.044000000000000000e+03
2.867000000000000000e+03
1.350000000000000000e+02
5.100000000000000000e+02
3.490000000000000000e+02
1.620000000000000000e+02
7.200000000000000000e+01
2.900000000000000000e+01
2.100000000000000000e+01
3.800000000000000000e+01
5.000000000000000000e+00
2.600000000000000000e+01
1.300000000000000000e+01
4.000000000000000000e+00
6.000000000000000000e+00
1.600000000000000000e+01
3.000000000000000000e+00
2.000000000000000000e+00
1.000000000000000000e+00
1.000000000000000000e+00
