1.026300000000000000e+04
6.983000000000000000e+03
1.016800000000000000e+04
6.698000000000000000e+03
8.394000000000000000e+03
8.288000000000000000e+03
9.574000000000000000e+03
9.576000000000000000e+03
5.308000000000000000e+03
2.224000000000000000e+03
5.013000000000000000e+03
2.733000000000000000e+03
3.801000000000000000e+03
3.689000000000000000e+03
1.147000000000000000e+03
1.804000000000000000e+03
1.407000000000000000e+03
6.660000000000000000e+02
7.960000000000000000e+02
3.570000000000000000e+02
1.690000000000000000e+02
3.540000000000000000e+02
6.300000000000000000e+01
2.170000000000000000e+02
1.060000000000000000e+02
2.700000000000000000e+01
9.900000000000000000e+01
3.000000000000000000e+01
1.200000000000000000e+01
4.000000000000000000e+00
2.000000000000000000e+00
4.000000000000000000e+00
1.400000000000000000e+01
5.000000000000000000e+00
1.000000000000000000e+00
1.000000000000000000e+00
1.000000000000000000e+00
1.000000000000000000e+00
1.000000000000000000e+00
