8.204000000000000000e+03
1.092600000000000000e+04
1.049600000000000000e+04
9.107000000000000000e+03
1.600000000000000000e+02
3.611000000000000000e+03
5.222000000000000000e+03
9.869000000000000000e+03
6.426000000000000000e+03
4.870000000000000000e+03
1.087300000000000000e+04
3.254000000000000000e+03
7.300000000000000000e+03
2.087000000000000000e+03
1.208000000000000000e+03
2.304000000000000000e+03
1.354000000000000000e+03
7.490000000000000000e+02
1.820000000000000000e+02
3.810000000000000000e+02
7.670000000000000000e+02
3.620000000000000000e+02
9.000000000000000000e+00
4.800000000000000000e+01
7.300000000000000000e+01
8.500000000000000000e+01
2.100000000000000000e+01
5.000000000000000000e+00
3.000000000000000000e+01
1.000000000000000000e+00
6.000000000000000000e+00
3.000000000000000000e+00
6.000000000000000000e+00
1.000000000000000000e+00
