5.068000000000000000e+03
4.880000000000000000e+03
3.040000000000000000e+02
7.059000000000000000e+03
1.082100000000000000e+04
6.909000000000000000e+03
2.248000000000000000e+03
8.788000000000000000e+03
1.004500000000000000e+04
9.926000000000000000e+03
2.229000000000000000e+03
1.104000000000000000e+04
8.489000000000000000e+03
3.471000000000000000e+03
3.500000000000000000e+03
6.810000000000000000e+02
1.363000000000000000e+03
4.240000000000000000e+02
8.150000000000000000e+02
5.200000000000000000e+01
1.218000000000000000e+03
2.500000000000000000e+02
1.790000000000000000e+02
1.060000000000000000e+02
6.400000000000000000e+01
1.600000000000000000e+01
1.300000000000000000e+01
1.000000000000000000e+00
5.000000000000000000e+00
1.000000000000000000e+00
1.800000000000000000e+01
1.500000000000000000e+01
1.000000000000000000e+00
1.000000000000000000e+00
