5.387000000000000000e+03
8.989000000000000000e+03
1.079000000000000000e+04
7.258000000000000000e+03
1.048600000000000000e+04
9.703000000000000000e+03
1.091300000000000000e+04
4.746000000000000000e+03
1.355000000000000000e+03
3.950000000000000000e+02
2.010000000000000000e+02
3.331000000000000000e+03
6.442000000000000000e+03
8.212000000000000000e+03
7.290000000000000000e+02
3.626000000000000000e+03
1.374000000000000000e+03
2.118000000000000000e+03
3.490000000000000000e+02
2.387000000000000000e+03
1.000000000000000000e+00
8.000000000000000000e+00
7.420000000000000000e+02
9.500000000000000000e+01
1.900000000000000000e+01
1.660000000000000000e+02
6.500000000000000000e+01
1.200000000000000000e+01
6.200000000000000000e+01
2.700000000000000000e+01
4.000000000000000000e+00
2.000000000000000000e+00
5.000000000000000000e+00
1.000000000000000000e+00
