4.789000000000000000e+03
6.580000000000000000e+03
9.628000000000000000e+03
1.035000000000000000e+04
2.744000000000000000e+03
4.046000000000000000e+03
7.294000000000000000e+03
1.036300000000000000e+04
8.344000000000000000e+03
5.395000000000000000e+03
2.059000000000000000e+03
9.333000000000000000e+03
6.990000000000000000e+02
8.558000000000000000e+03
1.317000000000000000e+03
3.316000000000000000e+03
4.000000000000000000e+02
6.540000000000000000e+02
1.974000000000000000e+03
1.154000000000000000e+03
1.220000000000000000e+02
2.040000000000000000e+02
1.440000000000000000e+02
3.290000000000000000e+02
5.100000000000000000e+01
2.500000000000000000e+01
3.000000000000000000e+01
1.200000000000000000e+01
6.000000000000000000e+01
1.400000000000000000e+01
4.000000000000000000e+00
4.000000000000000000e+00
4.000000000000000000e+00
