3.616000000000000000e+03
4.150000000000000000e+03
1.779000000000000000e+03
7.721000000000000000e+03
9.476000000000000000e+03
5.586000000000000000e+03
9.541000000000000000e+03
8.557000000000000000e+03
6.995000000000000000e+03
2.819000000000000000e+03
5.114000000000000000e+03
9.869000000000000000e+03
8.939000000000000000e+03
1.167000000000000000e+03
6.344000000000000000e+03
7.260000000000000000e+02
2.747000000000000000e+03
9.990000000000000000e+02
1.756000000000000000e+03
5.400000000000000000e+01
5.940000000000000000e+02
1.900000000000000000e+01
2.780000000000000000e+02
4.560000000000000000e+02
1.470000000000000000e+02
1.190000000000000000e+02
7.300000000000000000e+01
2.560000000000000000e+02
1.200000000000000000e+01
3.900000000000000000e+01
2.000000000000000000e+00
3.800000000000000000e+01
1.000000000000000000e+00
3.000000000000000000e+00
1.000000000000000000e+00
1.000000000000000000e+00
1.000000000000000000e+00
4.000000000000000000e+00
1.000000000000000000e+00
