2.743600000000000000e+04
1.567900000000000000e+04
2.687700000000000000e+04
7.086000000000000000e+03
3.666000000000000000e+03
6.306000000000000000e+03
1.089000000000000000e+03
2.020000000000000000e+02
2.872000000000000000e+03
5.787000000000000000e+03
6.670000000000000000e+02
3.560000000000000000e+02
1.737000000000000000e+03
3.900000000000000000e+01
6.000000000000000000e+01
1.600000000000000000e+01
1.000000000000000000e+00
3.000000000000000000e+00
1.100000000000000000e+02
1.000000000000000000e+01
1.000000000000000000e+00
