9.374000000000000000e+03
1.352000000000000000e+03
7.483000000000000000e+03
1.029800000000000000e+04
8.919000000000000000e+03
1.035600000000000000e+04
4.059000000000000000e+03
1.621000000000000000e+03
1.058700000000000000e+04
2.654000000000000000e+03
7.908000000000000000e+03
4.619000000000000000e+03
2.081000000000000000e+03
3.325000000000000000e+03
6.239000000000000000e+03
5.850000000000000000e+03
4.120000000000000000e+02
9.400000000000000000e+01
4.110000000000000000e+02
2.700000000000000000e+01
7.870000000000000000e+02
1.220000000000000000e+02
8.780000000000000000e+02
4.000000000000000000e+00
1.940000000000000000e+02
1.800000000000000000e+01
2.160000000000000000e+02
5.500000000000000000e+01
3.500000000000000000e+01
8.000000000000000000e+00
3.000000000000000000e+00
8.000000000000000000e+00
2.000000000000000000e+00
1.000000000000000000e+00
