9.820000000000000000e+03
6.386000000000000000e+03
7.452000000000000000e+03
9.836000000000000000e+03
1.006500000000000000e+04
4.026000000000000000e+03
5.629000000000000000e+03
2.510000000000000000e+02
8.743000000000000000e+03
7.749000000000000000e+03
1.019000000000000000e+03
2.820000000000000000e+03
8.992000000000000000e+03
1.045000000000000000e+03
4.823000000000000000e+03
3.574000000000000000e+03
3.350000000000000000e+02
2.481000000000000000e+03
4.780000000000000000e+02
1.714000000000000000e+03
1.830000000000000000e+02
1.621000000000000000e+03
5.670000000000000000e+02
3.400000000000000000e+01
1.900000000000000000e+01
9.800000000000000000e+01
5.700000000000000000e+01
1.070000000000000000e+02
1.400000000000000000e+01
3.400000000000000000e+01
2.000000000000000000e+00
1.000000000000000000e+01
2.000000000000000000e+00
2.000000000000000000e+00
9.000000000000000000e+00
1.000000000000000000e+00
1.000000000000000000e+00
1.000000000000000000e+00
