3.745000000000000000e+03
5.030000000000000000e+03
9.630000000000000000e+03
1.022300000000000000e+04
2.695000000000000000e+03
8.178000000000000000e+03
9.091000000000000000e+03
8.486000000000000000e+03
5.531000000000000000e+03
8.490000000000000000e+02
6.508000000000000000e+03
1.002600000000000000e+04
1.564000000000000000e+03
6.995000000000000000e+03
1.686000000000000000e+03
3.960000000000000000e+03
4.660000000000000000e+02
2.420000000000000000e+02
3.620000000000000000e+02
2.486000000000000000e+03
6.580000000000000000e+02
1.034000000000000000e+03
9.000000000000000000e+01
1.000000000000000000e+02
1.600000000000000000e+01
1.920000000000000000e+02
2.400000000000000000e+01
5.400000000000000000e+01
2.000000000000000000e+00
2.000000000000000000e+00
1.900000000000000000e+01
3.500000000000000000e+01
5.000000000000000000e+00
9.000000000000000000e+00
3.000000000000000000e+00
1.000000000000000000e+00
2.000000000000000000e+00
1.000000000000000000e+00
