2.188000000000000000e+03
7.394000000000000000e+03
1.053500000000000000e+04
9.956000000000000000e+03
9.156000000000000000e+03
1.029000000000000000e+04
4.011000000000000000e+03
1.686000000000000000e+03
4.650000000000000000e+02
5.679000000000000000e+03
7.959000000000000000e+03
3.375000000000000000e+03
6.285000000000000000e+03
9.021000000000000000e+03
1.464000000000000000e+03
2.590000000000000000e+02
4.800000000000000000e+03
8.010000000000000000e+02
2.712000000000000000e+03
8.720000000000000000e+02
4.890000000000000000e+02
2.090000000000000000e+02
1.310000000000000000e+02
9.200000000000000000e+01
2.900000000000000000e+01
3.200000000000000000e+01
6.700000000000000000e+01
1.500000000000000000e+01
9.000000000000000000e+00
1.000000000000000000e+01
3.000000000000000000e+00
4.000000000000000000e+00
1.000000000000000000e+00
1.000000000000000000e+00
