5.755000000000000000e+03
2.942000000000000000e+03
9.692000000000000000e+03
9.020000000000000000e+03
1.095000000000000000e+03
7.665000000000000000e+03
9.895000000000000000e+03
9.044000000000000000e+03
7.687000000000000000e+03
4.379000000000000000e+03
6.101000000000000000e+03
1.008700000000000000e+04
4.670000000000000000e+03
3.371000000000000000e+03
1.796000000000000000e+03
9.070000000000000000e+02
2.289000000000000000e+03
1.400000000000000000e+03
2.600000000000000000e+01
5.550000000000000000e+02
8.000000000000000000e+00
4.810000000000000000e+02
5.200000000000000000e+01
2.000000000000000000e+01
8.500000000000000000e+01
2.960000000000000000e+02
2.960000000000000000e+02
3.000000000000000000e+00
1.350000000000000000e+02
1.620000000000000000e+02
6.700000000000000000e+01
1.000000000000000000e+00
1.100000000000000000e+01
7.000000000000000000e+00
