1.025700000000000000e+04
2.257000000000000000e+03
8.745000000000000000e+03
9.721000000000000000e+03
1.041900000000000000e+04
8.350000000000000000e+03
9.632000000000000000e+03
5.124000000000000000e+03
3.643000000000000000e+03
5.210000000000000000e+03
6.831000000000000000e+03
6.700000000000000000e+03
3.200000000000000000e+01
1.300000000000000000e+03
2.646000000000000000e+03
3.880000000000000000e+02
3.765000000000000000e+03
7.090000000000000000e+02
3.540000000000000000e+02
1.616000000000000000e+03
1.910000000000000000e+02
1.030000000000000000e+03
6.300000000000000000e+02
9.800000000000000000e+01
1.720000000000000000e+02
5.400000000000000000e+01
2.100000000000000000e+01
7.700000000000000000e+01
7.000000000000000000e+00
7.000000000000000000e+00
1.000000000000000000e+00
8.000000000000000000e+00
5.000000000000000000e+00
