4.694000000000000000e+03
9.226000000000000000e+03
1.028900000000000000e+04
9.365000000000000000e+03
6.134000000000000000e+03
3.278000000000000000e+03
4.189000000000000000e+03
4.660000000000000000e+02
7.834000000000000000e+03
7.421000000000000000e+03
1.009300000000000000e+04
5.859000000000000000e+03
1.008200000000000000e+04
8.150000000000000000e+02
2.722000000000000000e+03
9.570000000000000000e+02
1.397000000000000000e+03
1.687000000000000000e+03
2.142000000000000000e+03
2.550000000000000000e+02
4.650000000000000000e+02
2.390000000000000000e+02
1.100000000000000000e+02
1.210000000000000000e+02
3.000000000000000000e+01
5.800000000000000000e+01
3.500000000000000000e+01
1.100000000000000000e+01
2.000000000000000000e+00
4.000000000000000000e+00
1.000000000000000000e+00
1.000000000000000000e+00
1.200000000000000000e+01
2.000000000000000000e+00
2.000000000000000000e+00
2.000000000000000000e+00
