1.719000000000000000e+03
1.446000000000000000e+03
3.525000000000000000e+03
4.182000000000000000e+03
2.787000000000000000e+03
5.579000000000000000e+03
5.146000000000000000e+03
4.297000000000000000e+03
3.272000000000000000e+03
5.660000000000000000e+02
2.311000000000000000e+03
3.933000000000000000e+03
4.931000000000000000e+03
5.704000000000000000e+03
3.136000000000000000e+03
2.317000000000000000e+03
4.837000000000000000e+03
5.582000000000000000e+03
5.352000000000000000e+03
5.523000000000000000e+03
5.627000000000000000e+03
4.290000000000000000e+02
2.046000000000000000e+03
4.581000000000000000e+03
9.240000000000000000e+02
2.270000000000000000e+02
3.687000000000000000e+03
9.120000000000000000e+02
1.730000000000000000e+03
1.273000000000000000e+03
3.310000000000000000e+02
9.090000000000000000e+02
5.590000000000000000e+02
2.550000000000000000e+02
9.100000000000000000e+01
1.110000000000000000e+02
5.000000000000000000e+00
1.100000000000000000e+01
3.500000000000000000e+01
5.200000000000000000e+01
5.800000000000000000e+01
2.000000000000000000e+00
