7.474000000000000000e+03
9.278000000000000000e+03
1.061300000000000000e+04
9.484000000000000000e+03
1.088900000000000000e+04
3.025000000000000000e+03
7.982000000000000000e+03
5.747000000000000000e+03
1.944000000000000000e+03
6.910000000000000000e+02
1.159000000000000000e+03
4.464000000000000000e+03
6.366000000000000000e+03
3.938000000000000000e+03
1.056100000000000000e+04
8.160000000000000000e+02
1.910000000000000000e+02
2.628000000000000000e+03
3.420000000000000000e+02
1.537000000000000000e+03
8.400000000000000000e+01
3.920000000000000000e+02
4.700000000000000000e+01
1.860000000000000000e+02
8.000000000000000000e+01
4.000000000000000000e+00
3.600000000000000000e+01
1.200000000000000000e+01
5.000000000000000000e+00
1.400000000000000000e+01
3.000000000000000000e+00
7.000000000000000000e+00
1.000000000000000000e+00
