2.119000000000000000e+03
4.279000000000000000e+03
4.572000000000000000e+03
5.175000000000000000e+03
3.941000000000000000e+03
4.690000000000000000e+03
4.876000000000000000e+03
5.395000000000000000e+03
3.326000000000000000e+03
5.123000000000000000e+03
4.465000000000000000e+03
2.374000000000000000e+03
4.809000000000000000e+03
5.046000000000000000e+03
3.972000000000000000e+03
1.768000000000000000e+03
2.766000000000000000e+03
1.250000000000000000e+02
2.409000000000000000e+03
2.840000000000000000e+03
8.560000000000000000e+02
3.192000000000000000e+03
5.176000000000000000e+03
5.231000000000000000e+03
3.671000000000000000e+03
1.910000000000000000e+02
1.503000000000000000e+03
1.449000000000000000e+03
7.190000000000000000e+02
5.980000000000000000e+02
8.980000000000000000e+02
3.350000000000000000e+02
1.241000000000000000e+03
1.230000000000000000e+02
2.080000000000000000e+02
4.160000000000000000e+02
1.000000000000000000e+01
6.100000000000000000e+01
1.200000000000000000e+01
3.500000000000000000e+01
5.000000000000000000e+00
