4.564000000000000000e+03
1.064800000000000000e+04
1.030000000000000000e+03
1.040100000000000000e+04
1.700000000000000000e+03
5.627000000000000000e+03
3.938000000000000000e+03
7.274000000000000000e+03
1.082000000000000000e+04
9.752000000000000000e+03
6.487000000000000000e+03
8.839000000000000000e+03
2.669000000000000000e+03
8.075000000000000000e+03
3.099000000000000000e+03
2.910000000000000000e+02
1.340000000000000000e+02
1.900000000000000000e+03
5.900000000000000000e+02
9.830000000000000000e+02
6.000000000000000000e+02
1.220000000000000000e+02
2.370000000000000000e+02
9.100000000000000000e+01
5.800000000000000000e+01
1.200000000000000000e+01
3.000000000000000000e+00
1.300000000000000000e+01
2.900000000000000000e+01
1.000000000000000000e+01
1.000000000000000000e+00
1.000000000000000000e+00
1.000000000000000000e+00
1.000000000000000000e+00
