4.330000000000000000e+02
1.013100000000000000e+04
1.045300000000000000e+04
7.677000000000000000e+03
5.934000000000000000e+03
1.007700000000000000e+04
7.694000000000000000e+03
9.166000000000000000e+03
8.020000000000000000e+02
6.002000000000000000e+03
3.100000000000000000e+03
2.114000000000000000e+03
9.238000000000000000e+03
4.454000000000000000e+03
4.321000000000000000e+03
1.026000000000000000e+03
5.240000000000000000e+02
1.210000000000000000e+02
1.783000000000000000e+03
2.290000000000000000e+02
1.288000000000000000e+03
2.886000000000000000e+03
7.000000000000000000e+00
5.100000000000000000e+01
1.070000000000000000e+02
2.480000000000000000e+02
6.300000000000000000e+01
3.000000000000000000e+01
1.000000000000000000e+00
2.000000000000000000e+01
7.000000000000000000e+00
1.000000000000000000e+01
1.000000000000000000e+00
2.000000000000000000e+00
