5.260000000000000000e+02
7.000000000000000000e+03
8.808000000000000000e+03
5.401000000000000000e+03
1.068900000000000000e+04
3.783000000000000000e+03
1.069500000000000000e+04
1.019800000000000000e+04
9.900000000000000000e+03
3.132000000000000000e+03
5.980000000000000000e+02
1.103000000000000000e+03
9.970000000000000000e+02
4.805000000000000000e+03
6.604000000000000000e+03
8.472000000000000000e+03
2.059000000000000000e+03
1.603000000000000000e+03
2.555000000000000000e+03
2.990000000000000000e+02
4.700000000000000000e+01
2.600000000000000000e+01
2.850000000000000000e+02
1.380000000000000000e+02
1.440000000000000000e+02
9.000000000000000000e+00
6.300000000000000000e+01
3.000000000000000000e+00
2.100000000000000000e+01
1.700000000000000000e+01
1.400000000000000000e+01
1.000000000000000000e+00
2.000000000000000000e+00
1.000000000000000000e+00
2.000000000000000000e+00
