5.412000000000000000e+03
4.580000000000000000e+03
5.706000000000000000e+03
5.641000000000000000e+03
6.219000000000000000e+03
6.086000000000000000e+03
6.064000000000000000e+03
4.542000000000000000e+03
4.980000000000000000e+03
2.848000000000000000e+03
9.730000000000000000e+02
3.607000000000000000e+03
6.271000000000000000e+03
4.967000000000000000e+03
3.013000000000000000e+03
6.311000000000000000e+03
2.912000000000000000e+03
4.080000000000000000e+03
2.487000000000000000e+03
1.745000000000000000e+03
1.015000000000000000e+03
3.134000000000000000e+03
2.081000000000000000e+03
8.560000000000000000e+02
6.640000000000000000e+02
1.419000000000000000e+03
1.176000000000000000e+03
4.550000000000000000e+02
2.110000000000000000e+02
1.080000000000000000e+02
3.010000000000000000e+02
4.000000000000000000e+01
2.000000000000000000e+00
2.000000000000000000e+01
1.100000000000000000e+01
5.800000000000000000e+01
5.000000000000000000e+00
