5.499000000000000000e+03
8.805000000000000000e+03
2.773000000000000000e+03
3.877000000000000000e+03
5.186000000000000000e+03
3.965000000000000000e+03
1.780000000000000000e+03
9.485000000000000000e+03
1.990000000000000000e+03
6.620000000000000000e+03
6.958000000000000000e+03
9.467000000000000000e+03
9.210000000000000000e+03
8.124000000000000000e+03
7.747000000000000000e+03
1.434000000000000000e+03
2.803000000000000000e+03
8.910000000000000000e+02
3.020000000000000000e+02
1.033000000000000000e+03
1.430000000000000000e+02
5.780000000000000000e+02
1.150000000000000000e+02
3.110000000000000000e+02
4.950000000000000000e+02
1.900000000000000000e+02
4.900000000000000000e+01
3.400000000000000000e+01
5.700000000000000000e+01
3.000000000000000000e+00
2.000000000000000000e+01
9.000000000000000000e+00
2.900000000000000000e+01
1.000000000000000000e+01
2.000000000000000000e+00
3.000000000000000000e+00
1.000000000000000000e+00
1.000000000000000000e+00
1.000000000000000000e+00
