8.638000000000000000e+03
2.260000000000000000e+03
1.680000000000000000e+03
5.700000000000000000e+02
8.889000000000000000e+03
6.191000000000000000e+03
6.621000000000000000e+03
8.600000000000000000e+03
7.786000000000000000e+03
3.102000000000000000e+03
8.043000000000000000e+03
4.490000000000000000e+02
1.030000000000000000e+02
7.271000000000000000e+03
5.587000000000000000e+03
4.257000000000000000e+03
5.054000000000000000e+03
1.351000000000000000e+03
3.993000000000000000e+03
2.105000000000000000e+03
3.172000000000000000e+03
1.182000000000000000e+03
8.330000000000000000e+02
1.580000000000000000e+02
2.430000000000000000e+02
8.440000000000000000e+02
2.000000000000000000e+01
7.900000000000000000e+01
3.910000000000000000e+02
1.140000000000000000e+02
2.250000000000000000e+02
4.000000000000000000e+01
1.400000000000000000e+01
7.000000000000000000e+00
6.000000000000000000e+00
5.200000000000000000e+01
2.000000000000000000e+01
3.400000000000000000e+01
2.000000000000000000e+00
6.000000000000000000e+00
1.000000000000000000e+00
5.000000000000000000e+00
1.000000000000000000e+00
1.000000000000000000e+00
