3.115000000000000000e+03
7.260000000000000000e+03
1.699100000000000000e+04
1.100200000000000000e+04
4.131000000000000000e+03
2.254000000000000000e+03
5.112000000000000000e+03
4.319000000000000000e+03
1.530000000000000000e+04
1.025000000000000000e+04
7.676000000000000000e+03
7.227000000000000000e+03
1.700000000000000000e+03
8.410000000000000000e+02
1.198000000000000000e+03
5.740000000000000000e+02
1.130000000000000000e+02
1.580000000000000000e+02
3.960000000000000000e+02
4.100000000000000000e+01
2.800000000000000000e+01
2.190000000000000000e+02
8.000000000000000000e+00
6.500000000000000000e+01
1.500000000000000000e+01
2.000000000000000000e+00
2.000000000000000000e+00
2.000000000000000000e+00
1.000000000000000000e+00
