1.092000000000000000e+03
8.272000000000000000e+03
1.018300000000000000e+04
1.069000000000000000e+04
7.196000000000000000e+03
1.098600000000000000e+04
6.598000000000000000e+03
9.847000000000000000e+03
5.650000000000000000e+02
3.123000000000000000e+03
5.468000000000000000e+03
4.591000000000000000e+03
9.116000000000000000e+03
5.500000000000000000e+01
3.886000000000000000e+03
2.556000000000000000e+03
9.110000000000000000e+02
1.916000000000000000e+03
1.130000000000000000e+02
5.090000000000000000e+02
1.130000000000000000e+02
2.680000000000000000e+02
1.568000000000000000e+03
2.620000000000000000e+02
6.000000000000000000e+00
4.200000000000000000e+01
2.800000000000000000e+01
2.000000000000000000e+01
2.000000000000000000e+00
1.000000000000000000e+00
6.000000000000000000e+00
7.000000000000000000e+00
2.000000000000000000e+00
2.000000000000000000e+00
