8.351000000000000000e+03
5.284000000000000000e+03
1.099600000000000000e+04
4.942000000000000000e+03
6.560000000000000000e+03
9.837000000000000000e+03
3.880000000000000000e+02
1.095000000000000000e+04
1.034300000000000000e+04
7.238000000000000000e+03
2.116000000000000000e+03
3.636000000000000000e+03
6.970000000000000000e+02
1.300000000000000000e+03
2.215000000000000000e+03
8.821000000000000000e+03
3.560000000000000000e+02
7.300000000000000000e+02
3.354000000000000000e+03
1.310000000000000000e+03
1.580000000000000000e+02
4.600000000000000000e+01
5.700000000000000000e+01
8.700000000000000000e+01
1.670000000000000000e+02
2.100000000000000000e+01
3.000000000000000000e+00
1.900000000000000000e+01
7.000000000000000000e+00
7.000000000000000000e+00
2.000000000000000000e+00
2.000000000000000000e+00
