8.616000000000000000e+03
6.760000000000000000e+03
9.293000000000000000e+03
7.930000000000000000e+03
5.630000000000000000e+03
7.822000000000000000e+03
2.608000000000000000e+03
6.570000000000000000e+02
8.721000000000000000e+03
5.052000000000000000e+03
9.175000000000000000e+03
3.779000000000000000e+03
1.571000000000000000e+03
2.321000000000000000e+03
5.290000000000000000e+02
3.329000000000000000e+03
1.682000000000000000e+03
1.012000000000000000e+03
4.290000000000000000e+03
4.380000000000000000e+02
6.458000000000000000e+03
7.600000000000000000e+01
1.117000000000000000e+03
9.200000000000000000e+01
2.980000000000000000e+02
2.470000000000000000e+02
1.790000000000000000e+02
2.500000000000000000e+01
1.360000000000000000e+02
7.100000000000000000e+01
3.100000000000000000e+01
2.000000000000000000e+01
1.100000000000000000e+01
6.000000000000000000e+00
5.000000000000000000e+00
8.000000000000000000e+00
4.000000000000000000e+00
1.000000000000000000e+00
