3.169000000000000000e+03
2.309000000000000000e+03
6.180000000000000000e+03
1.225000000000000000e+03
8.800000000000000000e+03
7.313000000000000000e+03
8.668000000000000000e+03
4.732000000000000000e+03
9.645000000000000000e+03
7.626000000000000000e+03
2.091000000000000000e+03
9.601000000000000000e+03
5.961000000000000000e+03
9.533000000000000000e+03
1.610000000000000000e+02
4.533000000000000000e+03
3.329000000000000000e+03
2.190000000000000000e+02
9.980000000000000000e+02
6.860000000000000000e+02
1.240000000000000000e+02
3.780000000000000000e+02
6.070000000000000000e+02
1.523000000000000000e+03
3.000000000000000000e+01
3.430000000000000000e+02
7.100000000000000000e+01
8.000000000000000000e+00
2.000000000000000000e+01
6.400000000000000000e+01
2.900000000000000000e+01
1.000000000000000000e+00
1.000000000000000000e+01
1.000000000000000000e+00
3.000000000000000000e+00
5.000000000000000000e+00
1.000000000000000000e+00
2.000000000000000000e+00
1.000000000000000000e+00
