1.097400000000000000e+04
5.135000000000000000e+03
4.840000000000000000e+02
8.480000000000000000e+02
8.613000000000000000e+03
4.810000000000000000e+03
3.674000000000000000e+03
6.821000000000000000e+03
8.613000000000000000e+03
9.894000000000000000e+03
3.310000000000000000e+03
1.024800000000000000e+04
2.443000000000000000e+03
6.967000000000000000e+03
5.850000000000000000e+02
1.991000000000000000e+03
1.094400000000000000e+04
1.219000000000000000e+03
1.494000000000000000e+03
5.600000000000000000e+01
2.750000000000000000e+02
5.800000000000000000e+01
2.130000000000000000e+02
1.230000000000000000e+02
1.240000000000000000e+02
3.000000000000000000e+01
8.000000000000000000e+00
2.400000000000000000e+01
3.000000000000000000e+00
1.100000000000000000e+01
1.000000000000000000e+00
3.000000000000000000e+00
3.000000000000000000e+00
1.000000000000000000e+00
