3.954000000000000000e+03
8.297000000000000000e+03
9.737000000000000000e+03
9.579000000000000000e+03
5.445000000000000000e+03
1.007200000000000000e+04
6.829000000000000000e+03
2.867000000000000000e+03
8.397000000000000000e+03
6.560000000000000000e+03
1.008000000000000000e+04
1.210000000000000000e+03
5.002000000000000000e+03
4.440000000000000000e+02
2.540000000000000000e+02
1.906000000000000000e+03
3.700000000000000000e+01
2.224000000000000000e+03
7.400000000000000000e+02
1.339000000000000000e+03
7.380000000000000000e+02
3.392000000000000000e+03
1.790000000000000000e+02
1.350000000000000000e+02
3.680000000000000000e+02
1.800000000000000000e+01
6.200000000000000000e+01
5.000000000000000000e+00
7.000000000000000000e+01
3.500000000000000000e+01
8.000000000000000000e+00
4.000000000000000000e+00
3.000000000000000000e+00
2.000000000000000000e+00
2.000000000000000000e+00
4.000000000000000000e+00
1.000000000000000000e+00
1.000000000000000000e+00
