7.325000000000000000e+03
2.398000000000000000e+03
1.085700000000000000e+04
8.344000000000000000e+03
1.031300000000000000e+04
1.085600000000000000e+04
9.033000000000000000e+03
5.507000000000000000e+03
3.729000000000000000e+03
6.390000000000000000e+03
9.830000000000000000e+03
4.764000000000000000e+03
3.245000000000000000e+03
7.270000000000000000e+02
1.339000000000000000e+03
1.610000000000000000e+02
3.400000000000000000e+02
2.084000000000000000e+03
3.830000000000000000e+02
1.266000000000000000e+03
1.850000000000000000e+02
6.590000000000000000e+02
6.400000000000000000e+01
2.300000000000000000e+01
2.700000000000000000e+01
8.900000000000000000e+01
8.000000000000000000e+00
3.600000000000000000e+01
3.000000000000000000e+00
1.000000000000000000e+00
1.000000000000000000e+01
3.000000000000000000e+00
1.000000000000000000e+00
