5.893000000000000000e+03
1.955000000000000000e+03
1.023800000000000000e+04
1.041500000000000000e+04
9.192000000000000000e+03
7.651000000000000000e+03
4.270000000000000000e+03
9.960000000000000000e+02
9.294000000000000000e+03
1.068700000000000000e+04
6.078000000000000000e+03
6.980000000000000000e+02
7.847000000000000000e+03
2.930000000000000000e+03
1.798000000000000000e+03
3.700000000000000000e+02
4.374000000000000000e+03
1.197000000000000000e+03
2.809000000000000000e+03
4.880000000000000000e+02
2.140000000000000000e+02
2.370000000000000000e+02
1.100000000000000000e+02
4.500000000000000000e+01
9.800000000000000000e+01
5.900000000000000000e+01
2.600000000000000000e+01
2.000000000000000000e+00
1.300000000000000000e+01
2.000000000000000000e+00
8.000000000000000000e+00
1.000000000000000000e+00
3.000000000000000000e+00
1.000000000000000000e+00
1.000000000000000000e+00
