9.284000000000000000e+03
9.643000000000000000e+03
1.163000000000000000e+03
1.079500000000000000e+04
4.579000000000000000e+03
1.052600000000000000e+04
5.596000000000000000e+03
1.087400000000000000e+04
1.965000000000000000e+03
3.186000000000000000e+03
8.116000000000000000e+03
6.261000000000000000e+03
7.505000000000000000e+03
3.859000000000000000e+03
6.610000000000000000e+02
1.448000000000000000e+03
7.570000000000000000e+02
3.890000000000000000e+02
1.730000000000000000e+02
3.500000000000000000e+02
2.470000000000000000e+03
6.000000000000000000e+01
1.700000000000000000e+02
8.400000000000000000e+01
1.400000000000000000e+01
1.000000000000000000e+00
3.200000000000000000e+01
7.000000000000000000e+00
4.000000000000000000e+00
2.400000000000000000e+01
1.000000000000000000e+00
1.000000000000000000e+00
2.000000000000000000e+00
