7.700000000000000000e+02
9.108000000000000000e+03
7.615000000000000000e+03
8.759000000000000000e+03
9.028000000000000000e+03
8.512000000000000000e+03
5.365000000000000000e+03
6.760000000000000000e+03
3.856000000000000000e+03
3.282000000000000000e+03
7.723000000000000000e+03
5.316000000000000000e+03
1.596000000000000000e+03
4.195000000000000000e+03
2.290000000000000000e+03
6.734000000000000000e+03
2.671000000000000000e+03
6.040000000000000000e+02
3.350000000000000000e+02
1.036000000000000000e+03
1.834000000000000000e+03
4.890000000000000000e+02
1.084000000000000000e+03
2.900000000000000000e+01
3.070000000000000000e+02
7.600000000000000000e+01
9.800000000000000000e+01
1.600000000000000000e+02
1.850000000000000000e+02
4.700000000000000000e+01
1.000000000000000000e+01
2.100000000000000000e+01
6.700000000000000000e+01
7.000000000000000000e+00
1.400000000000000000e+01
1.000000000000000000e+01
2.000000000000000000e+00
2.000000000000000000e+00
1.000000000000000000e+00
1.000000000000000000e+00
1.000000000000000000e+00
