4.742000000000000000e+03
1.007500000000000000e+04
1.091100000000000000e+04
5.146000000000000000e+03
1.560000000000000000e+03
8.820000000000000000e+03
1.092200000000000000e+04
7.108000000000000000e+03
6.665000000000000000e+03
1.003000000000000000e+04
8.465000000000000000e+03
3.294000000000000000e+03
1.974000000000000000e+03
5.730000000000000000e+02
3.727000000000000000e+03
2.477000000000000000e+03
5.070000000000000000e+02
2.750000000000000000e+02
1.109000000000000000e+03
8.620000000000000000e+02
2.970000000000000000e+02
1.240000000000000000e+02
2.600000000000000000e+01
1.430000000000000000e+02
6.800000000000000000e+01
1.800000000000000000e+01
5.500000000000000000e+01
6.000000000000000000e+00
2.000000000000000000e+00
5.000000000000000000e+00
4.000000000000000000e+00
7.000000000000000000e+00
1.000000000000000000e+00
1.000000000000000000e+00
1.000000000000000000e+00
