4.194000000000000000e+03
6.529000000000000000e+03
9.449000000000000000e+03
6.520000000000000000e+02
7.000000000000000000e+03
8.986000000000000000e+03
7.918000000000000000e+03
9.870000000000000000e+02
3.122000000000000000e+03
7.906000000000000000e+03
8.838000000000000000e+03
5.030000000000000000e+03
9.593000000000000000e+03
1.646000000000000000e+03
2.198000000000000000e+03
3.768000000000000000e+03
5.429000000000000000e+03
9.290000000000000000e+02
2.591000000000000000e+03
1.010000000000000000e+02
1.446000000000000000e+03
2.220000000000000000e+02
1.220000000000000000e+02
5.220000000000000000e+02
3.570000000000000000e+02
2.380000000000000000e+02
2.200000000000000000e+01
5.500000000000000000e+01
2.400000000000000000e+01
1.000000000000000000e+01
6.000000000000000000e+00
5.000000000000000000e+01
4.500000000000000000e+01
4.000000000000000000e+00
1.000000000000000000e+00
7.000000000000000000e+00
2.000000000000000000e+00
1.000000000000000000e+00
